0.0037771519594389895 0.05177370598324649 3.240010019604745 1.4126852045943066
-0.0035154558545762125 0.14111697826471237 3.0816869063994505 1.5660981208707854
0.004461658923390786 0.6472164792819669 2.8555389723707467 1.5333989320372887
0.00022193615437084212 0.38778053628397446 2.7998631864198953 1.0102465691253264
-0.0019663870449623646 0.3906978913937706 3.2493213254488498 2.0589619427081836
0.00943385918311719 0.100350456851878 2.82894844855947 1.33474543672911
0.00985416756887904 0.5100135218700439 3.2219197018934254 2.2997751493686103
0.007164298390237876 0.20460421764546588 2.7091548760520823 2.838532784665741
-0.004172402619547469 0.5985099797746264 3.0373982769547365 2.6775082150471263
0.00844691404879467 0.5538738599796273 3.224526634731867 2.679182536650413
-0.009195331924803537 0.3165076948680645 3.0926935967162956 2.61405962651305
0.009427806746394927 0.6385312622245398 3.2497383491734118 1.4081273338835154
0.0031092912081766098 0.41563428303410643 3.0155147996633467 1.1459393795334814
-0.0009465784698855723 0.5690878676317969 3.0203556271206184 1.3830706760870168
0.0026395873740190155 0.3037711967418861 3.142898707436677 1.0150778623396066
0.006092391818977975 0.17086239144140228 2.898693540217743 2.515966652193155
-0.005932423569961473 0.05749754682927448 3.217738562856348 1.9402068272552266
0.009684020967961143 0.17592288693244604 2.998031592521491 2.0134682696938073
-0.009948019179334092 0.687608321009092 2.844680222308172 1.4652826798897278
-0.00235874048239308 0.2892385764754839 2.780566383335027 1.7660844082431038
-0.006222570815317055 0.19004180301996904 2.895545051665849 1.1158688434749102
0.004006301975076807 0.5509217209333979 2.926698020684119 2.0851200337820237
0.0014055296582564602 0.691138384238708 2.9125877694590114 1.3824440360749608
-0.001662521458688488 0.40112061104263597 2.971386801359551 1.1823687379910355
0.0011627331022684342 0.6103229086331172 3.2323291258720794 2.0173180679154594
0.004561509284814087 0.05492166855848429 3.176345490141831 2.603015225398961
-0.0002379661197601966 0.4774113871379793 3.2486818991457 2.5233525961070375
-0.003100511035717083 0.027390964288829422 3.015262520686106 1.6029479925309185
0.0009125764861881236 0.3607708856043768 3.1750722118983545 1.3119988214267533
0.0022808497069867935 0.018152971811424362 2.9748795474781966 1.5498444321103906
0.005724489311106968 0.017529545900257015 3.2648158227441932 2.235446227434321
0.009007178318352732 0.24742778507258362 3.1596718584613086 1.9767738421827108
0.0033060445592020624 0.20821750899585334 2.800930250378007 1.4687183981291634
0.007027312088864003 0.06873889284032973 3.214152396977344 1.7138150847084148
0.0018922786942170578 0.64937103760805 3.245812403879038 2.524539359845567
0.009739663175823386 0.6944426916095697 3.0128508518383956 1.8733930237404095
0.005904499620573524 0.5531732206064396 3.281068553925285 2.7698000952322697
0.006797068397722822 0.39550952242432225 2.851497504234039 2.839063585596681
-0.0026144972496114508 0.21244450638223955 3.218951159458665 1.0907757489444578
-0.004599639621934079 0.25391511099630837 2.8429028210645493 1.425246972384683
0.0049286955176874436 0.4794391538506281 3.2101241621179297 1.6388915468168819
0.0004219923682360913 0.2683758230142894 2.8944223230764567 1.4498479537223508
-0.0022085851382690064 0.4621452526718448 3.1289396116849826 2.496167883515362
0.00929370348034217 0.5597581218411708 3.006453892048401 1.0468170602727467
-0.0035046197640523297 0.5384066755587807 2.978710176415806 1.2539582919145809
-0.005904674716706594 0.09829298755342787 3.0672378279844885 1.7564161515559462
0.001491097848373132 0.6629357364971717 2.833595143049894 1.3130275751613132
0.0017771973810651702 0.5889591410906783 3.071271844476057 1.7377083742454227
0.0020787597452335453 0.5924287619920496 2.9718345681819764 1.0988548375286051
0.0026850810192391916 0.5160766269268956 3.1862454476639166 1.5218433919742704
0.008640347888898725 0.6830357095156412 3.2842710107545043 2.618727358854068
0.0010242133582628104 0.034170209745368885 2.976010125424753 1.2036077662577822
-0.0057688159475763915 0.13014635450465364 2.9012061687179367 1.5792734144671126
0.0072793046376887355 0.5882610424629041 3.128490246131826 2.7122238693406295
0.00647150737668501 0.07529843682747672 3.0012339800796872 2.0705125000921756
0.0053762032378416305 0.3606521314916079 3.082186450342343 1.0967049368747115
0.007122722812283032 0.2782752338797877 2.977114559661578 1.5130306402831943
0.0011506685408306876 0.25173192815423817 2.8028533887453895 1.5751158143858874
0.001752011107207429 0.5437546637252122 3.0692924841801963 1.683799538327098
0.009347665931064463 0.3257154458124951 2.8355811447862687 1.2523148113458944
0.0038979001391462723 0.07937462898252495 3.2148997411478835 1.7147046575924814
0.00565375102363483 0.01143732116498164 3.238283721820156 1.504522122746483
0.001824664738109087 0.39725455881801763 3.0382797960729846 2.9139782802018743
0.009085742899378042 0.5133652243737372 3.2467284313771247 2.6842117978931532
-0.001389789420629818 0.31738901479620873 2.776429210799208 1.705979493448856
-0.007111673800645165 0.10716798396707503 3.278251056813565 1.6917678489340788
0.005034335423970537 0.6168591170778731 3.232981736875095 2.001548283950042
0.009602605749304187 0.6635241241344996 3.1642317256226717 2.445964282554942
0.0035052827942798946 0.30365351935781804 2.8358218370992194 2.7226053076984797
0.0001752662072754289 0.020230763440960364 2.7578108289171466 2.684514921794249
-0.008908151568959171 0.02054115879980955 2.7783590178016246 1.1046927185768591
-0.0025533175952787155 0.18658564305906478 2.7188319522745896 1.032349489098552
-0.003914297399330077 0.21912674574733482 2.8196362462169535 1.7227216764686064
0.004165705658742023 0.2038651046518728 2.9561264590922947 1.012711593679732
0.0007454646850926349 0.03846135477751486 2.7709691356993535 2.427690857530503
-0.004562818237777716 0.009209256127363563 3.2299547730629437 1.2031791483266203
-0.0004129903725281145 0.34709373008519984 2.88438697371738 1.8801426261146745
-0.006813421914265005 0.202394751253781 3.1339030730898836 2.290822955666089
0.007043362111828934 0.15236691307194605 3.0652930985106353 1.4484758311273114
0.009575693486941962 0.1992556196734691 2.8318110422975806 1.192822598268094
0.009870497213795229 0.39390400709022955 2.8013443122892845 1.1948433005077415
-0.004163598914655299 0.6860787719567587 3.176774166692576 2.5052838187610402
0.0059722793207611395 0.26514358316644865 2.825229003873536 2.548551430288137
-0.00624743250714227 0.3466616738971294 3.2053898861699976 1.996650987310169
-0.006551916759169342 0.379759654771119 3.054395483837621 1.2652690266448838
-0.0021147779096392866 0.586527751739795 3.0761512405241733 2.76909951274194
-0.00042559573018408764 0.250572689988469 3.092777644289596 1.0818196101240187
0.0029162406045668858 0.02397549796606907 3.196624180628424 2.5496629165970806
-0.0046348555016934795 0.6689407711500852 3.096675568513796 2.5146901346636126
-0.007630558706119975 0.0796172593549333 2.739185597755099 1.253383072426244
-0.0062108309986922084 0.02303754027812077 3.1055103156167765 2.5067418400810864
0.001485219669519539 0.6463276004398877 3.0385315773006822 2.2300551833735867
0.009650106042935602 0.4736061875422046 3.022007679726515 2.2042053751693857
0.0006451683644383205 0.6874343020757736 2.874774732172767 1.129804959461215
-0.0021308178603303835 0.18510115950859105 3.2266120617557985 1.072401732645129
-0.006018637047255018 0.1994141348858737 3.1918456189391633 2.4501878645951933
-0.004594328037235874 0.044501236339703765 3.028838105055034 1.868873146055106
-0.0035068047770675454 0.17865264225932842 3.0963124098819956 1.1546636293619554
0.00098337276782374 0.08406124211940397 2.9632103469710462 1.5333192560515456
8.818463015444582e-05 0.5628003503689342 3.0996385404123266 1.5011660351574945
-0.0019016000782878714 0.13330542588052674 2.7004613207516592 1.9638603269150345
0.008077893903435768 0.3208013406235998 3.105655717680808 2.2477474111633504
-0.007675852410556059 0.547518880726688 2.7972652894725525 1.811002178570771
0.0073595405506685484 0.15999223538442447 2.8614038952158762 1.534906610357485
-0.005039133824978927 0.1119245739423466 3.205204132177629 1.9823660855138694
0.006205727572372631 0.4263123667114664 2.8636199105448696 2.6802201756298323
-0.0004630018195532523 0.1012687232535983 2.7102856382910385 2.9973888450303012
0.0075603275713594445 0.14469321238892424 3.246091521138112 1.2749118263252053
0.0019283403614299248 0.1202046762347119 2.9045650332754294 2.8057321384382004
0.009636069577315118 0.18888409034262987 2.714883423234069 2.447189584591405
0.002124514042788706 0.6375730508510233 2.998341984424435 1.5141177562626447
0.009963234869597845 0.5285851386380357 3.2698452784268817 1.053614972517698
0.007955121270537945 0.04921007596585439 3.1412643576919503 1.0302826092808552
-0.003707272637588561 0.55586012209267 3.2519511234136984 2.1283949301418787
-0.0004925159284680947 0.023050167340505433 2.9455243603551087 1.3557767599061816
-0.0018745834649067736 0.4518342979054988 2.936411422463688 1.67075933278791
0.0070166293577965475 0.004931180486027864 2.720406630615839 1.4739811598083128
-0.0030524936254719293 0.1067228903742124 2.6934992577170593 1.834503658802612
-0.009938991924502556 0.5761102331299407 3.1598192231836064 1.0151113797708242
-0.001388470716203019 0.21090820284315176 2.9834289871702966 1.9285918770537729
-0.00450261176670662 0.4767267382789839 3.046885641648103 2.986051710311183
0.00032460925392807237 0.018226403752127078 2.754853579336917 2.420472520517028
0.00714378587649234 0.49526626681450703 2.7547309099374613 1.1163548318128345
-0.00603186809568219 0.36749784911980204 3.0717165072933823 1.4654324793072044
0.007157847325488693 0.29308472241183886 3.104780240250719 1.5203566037305873
-0.0070060362149126 0.1245266149799159 2.7474220980678146 1.0617042912094414
0.009262957788828454 0.10383587192288918 2.7228810278380147 1.4747710480841771
0.006063672903378656 0.11306684028264369 2.9057939337156578 1.5217543385160515
0.0028558843073394373 0.447601115078819 2.8761292746165967 2.3346540123294592
0.009600306691441565 0.6864169339373605 3.2535332428015353 2.9365291131645934
-0.002904605058568775 0.6343859278872059 3.1198110081284636 2.1713354654571484
-0.004302320367920453 0.12474953840147576 3.078648816145104 1.5245207386765542
-0.0012771719771944127 0.47093484128531415 3.049085051374103 1.5717107280035365
0.003961114082521618 0.11578356320377936 3.104239528713763 1.5803460634581672
-0.009333706814920614 0.29446851803757823 3.2135079914342715 2.9915939493380193
-0.0007972843123620205 0.6620047604763306 3.2087532240821885 1.468916703146928
0.009350442171631501 0.39851972380971296 3.126067357542251 1.6017292145550528
0.006458992521484829 0.5638566738541382 2.7821371491303557 1.6235544616947377
0.006010256628567941 0.6413268272059915 3.248718694780217 2.8898594099281327
-0.00019564660916994537 0.3658840113257893 3.1245110224631643 1.9930240992699786
-0.001780289587310579 0.5509720847824893 3.0587514838764456 2.7621087766379833
-0.006096142035919197 0.2438779120475429 2.7199170364969847 2.220995629333235
0.0018816670089912418 0.6293997058476597 2.881619383293688 2.4828566646821564
-0.0030674069414681868 0.5271150924049364 3.0611846112624312 2.8277929009648144
0.006570593209413579 0.5939560569055482 3.284941135922771 2.935002274327677
0.0052878034071522145 0.31380547524989205 3.1734019408683034 1.5570306908915172
0.006651732173476159 0.46391228315175687 3.2045445799020067 2.7862970349202696
0.00021074910558581015 0.11428465779782934 2.711506877510147 2.920591777651392
-0.00789365273942316 0.19305298549377775 3.1411809735545644 1.450779157104268
-0.00845954566648153 0.44856009395137114 3.0966244626760626 1.0936423101261552
-0.007289534703058409 0.5918237025848969 3.1007822587921456 2.423660094962738
0.008169456724486233 0.06462498043723171 2.7983145921090222 2.700734910491414
-0.006946999475387201 0.3811363206480165 2.9702873301944948 1.1175512379613708
-0.003447416379332026 0.2717505964498409 3.071392376890044 1.303130270433889
-0.0019663870449623646 0.3906978913937706 3.2493213254488498 2.0589619427081836
-0.009147191053840403 0.09311629617895556 3.007584411328824 2.7907882202781717
0.003040432919206248 0.3394767950507812 3.222141782296104 1.0593965490693142
0.00973799833306858 0.3506304347370586 2.8390747666556173 1.6976976746361059
-0.008129096447299434 0.5060011821807371 3.1703441112985686 1.5200323485436482
0.008383559986314928 0.2421494075247364 3.193016528970237 1.836938940286014
0.0018622083779042374 0.16155197821174927 2.870762458092609 2.6912809522837184
-0.001244278379882145 0.4903956075485811 2.981496694131406 2.7368317137055795
-0.0033423978090056415 0.5345142485716157 3.240671607729694 1.4968200104537381
0.0002395448411393478 0.6266450536096307 3.184436132369965 1.3746583659524185
0.0036382872921219664 0.21925067885634608 3.0064904628025992 2.5329797407294476
0.007209668485152786 0.1678858333031418 2.737662288740005 2.5857373526766083
-0.003012014758136548 0.44448347300133084 2.877535026736168 1.741355042897456
-0.003626248317959057 0.07604636263211528 3.0090206786088367 1.404756918070039
-0.008265260106118584 0.5584423924289154 3.2364846908613503 2.3310025726820935
-0.004002033843488153 0.09908502386767626 2.840229911096354 1.639666428879393
0.0041153200305678395 0.05266535749561052 3.2650549939428357 1.4082571122973953
0.00908128088755195 0.34303065680332584 2.7518311410630543 1.3930430495887889
0.009939433872153573 0.07880309144847009 2.7633353288380946 2.504582493575124
0.009023012536466231 0.2500743396032524 3.188903435385413 1.9649684893689203
-0.004994562613052009 0.5244078713126543 2.777692377437056 1.432077480064086
-0.004553482627403672 0.006292688336278607 3.0061649421310217 1.7508528374678938
0.0010512830562830798 0.39139145367486244 2.7615810728143835 2.78092456627942
-0.0064176322934763694 0.018406552878536486 2.9579675143285566 1.7690216536953365
0.009568065119710992 0.33329106739981235 2.887025006951727 1.6372760797070414
0.003401555127446233 0.687319159432159 3.1210528570480953 2.1825885717414364
-0.006420316653192804 0.31703824619981585 3.2084489212909224 1.9403160222312423
-0.0036270984542384186 0.56891591385861 2.826608039499278 1.119581552642257
8.287946497048627e-05 0.6993766850247287 3.2076842942292405 2.0474158528912274
-0.00876778484012497 0.0661373531873467 3.1485805179952786 1.693740580558258
0.00042783941485282566 0.580796782687721 3.1486751755983695 2.253149709568031
0.002961918432634213 0.10263541096409673 3.2148378148038623 1.352638070266201
0.002920273068806283 0.014513839693581526 2.988212116162482 1.474091143880051
0.004276933884870588 0.0997809519007315 3.2264020464547873 2.2493484185096433
0.009945482244480492 0.18185776092126316 2.842931992358239 1.0972318963755994
-0.008696509440262701 0.09554458495788827 2.989821116582607 2.2277984722419553
-0.008552272987896691 0.03862583036372175 3.196951228949911 1.0282458327082207
0.008932064389221903 0.6927079940316636 3.185220203234878 1.4994219574857244
-0.004068701446034133 0.38128013700357444 3.017941224438088 1.1458931664389356
0.009755440572006899 0.17002129466064653 2.8845850944212916 1.2764955561386508
-0.005119756402343021 0.2975969757330756 3.092560495838759 2.7227862044606956
0.00472191784864277 0.5845258191125695 3.270235798638182 1.5450365214568866
-0.007917250829468425 0.3537419093209857 3.196371979294577 1.390784099413759
0.004208444236475515 0.07755877432597441 3.262774905884469 1.0661553196537663
-0.0028753331403601028 0.08102394043237923 2.725635722106631 1.2203946387751334
-0.0021503945902600144 0.1996582020984138 3.0666607716526264 1.985035068188432
0.00633902646629864 0.5972378742482821 2.937310822620554 2.4449380814760664
-0.005795943124563241 0.31729962562770625 3.1785723705576117 2.517590156757968
0.00017610386855028876 0.3849525341669636 2.9349861978425915 1.6520064356235775
-0.0028134657537252357 0.44115379405075283 3.098298496749747 2.510414997372675
-0.0053400197740098 0.26687004245637935 3.181678427151458 1.7981978843347668
-0.004728708931037011 0.011559170591037532 2.8177943373575096 1.2425110821987095
0.0012116047306969737 0.43559631099557994 3.2295800075593157 2.360485803572929
0.00934757227131391 0.5737805139700288 3.0685237545027575 2.1314460127364616
-0.008603708533215501 0.483221823498424 2.755657293546642 1.9738941699694492
0.0008053173474403923 0.6282497305832594 2.8618879034486353 1.2769092690674142
-0.0007988518499424651 0.4452064776764412 3.0747868286153155 2.850116130055998
-0.004395790668710493 0.015329236443322403 3.2409143408657215 1.197288579586343
-0.005575871651889832 0.6173350730310353 2.84647628111029 1.5908119027188565
0.00042226295427082514 0.5807438318649256 3.148452293946875 2.2552125425337484
0.0066456924876421245 0.3102630122622069 3.2634532140559744 2.055246534391103
-0.0009297190278318252 0.0231452026114862 2.8362916765584445 2.4314581868697323
-0.008705659447511336 0.38624354781898873 3.243305183690677 1.1360316572727154
0.00968379040844627 0.5915808046714405 3.250785861404237 2.595867357159518
0.008370773418449199 0.6798720666346451 3.019182248275816 2.241552621313076
0.0029678432226518956 0.005524120888282122 2.874016719486844 2.992509683613659
-0.007988275191454801 0.47808800680096897 3.201349471580841 2.2853316972365345
0.002787811463856071 0.15365735467553 3.200621274125922 1.600401610626475
0.0056896712307770575 0.1397508664275296 3.2552910691331363 1.7972005834853038
-0.009131123291584659 0.020599481147135612 2.987811807065872 1.416279340068126
0.005762970275354445 0.01637507905720942 2.814561020677424 1.734179705760826
0.007658536010814433 0.5832066114103098 3.0203699702880007 2.1099522368877626
0.0063261858281289975 0.689078333659257 2.9840161403222627 1.862294421565041
0.004034545596142931 0.36670580715809875 2.8106881259569976 2.861438458348668
0.009584880203741035 0.18974295785708184 3.1888159157898905 2.6590434125294147
-0.0022207827064721786 0.1872762692132639 2.7308460604402924 2.6792950704851695
-0.0005841147302691632 0.22466883586233571 3.1119915023266085 1.1407720791241345
-0.0003316585777824654 0.4175644875238448 2.967839575229688 2.8914722651163873
-0.002555721748169935 0.5551014565351595 2.754011551886422 1.2991091497571052
0.0029103128100632127 0.3636074954278442 3.21956592464757 1.5790615138608786
0.004025546723095276 0.5171174748107508 2.9441186147315834 1.53957904756508
-0.0027318471471452902 0.38166567888844205 3.20651691886858 1.8015285182674574
0.002525802359285201 0.28450028241094283 2.817008909769184 1.4060954858182169
0.004557825252811355 0.6491431859405943 3.2689488891072216 2.507050348696407
0.0037529248906503204 0.5955294136658638 2.9940349568141866 1.3767855321900293
0.0014494740261952223 0.4843418824681702 3.2329634438046564 1.6073556667278412
0.009555383289956487 0.6340849366923003 3.2823461259044593 1.3832450991257055
-0.004483850532923656 0.16765693947374488 3.069480853021801 1.6520506263082644
-0.0011675687219350576 0.4322262686085225 2.960677448922292 1.135339372996344
-0.0037104456188902365 0.6299472750802659 3.1554652241093217 2.5016622258804677
-0.0001919827975380775 0.5112587635340771 3.139561459705245 1.5931815176742234
0.008497706271067565 0.4272857925222614 3.207536656186297 2.664775512930195
-0.0025490000608029747 0.21021519296619823 3.1272991056943815 2.3032899558230975
-0.005034734278245145 0.1478769474875466 3.098337781846327 2.596028960205102
-0.006737188704811495 0.5111844568574864 3.2059888347694736 1.7101758260436306
-0.006077477603417829 0.22317305420021383 3.2855101709447627 2.6142166592119036
-0.002422963473017861 0.5029643678666857 2.965682915487337 2.091861858340917
0.005651146870362963 0.6893948110310737 3.0365200310252773 1.8924425851078628
0.00685135408479917 0.46115351766797985 3.2106231217512917 2.805224154042464
0.007261152806892773 0.17989577511336075 2.791135194609994 1.1588708258317304
0.007985471060823635 0.33918905479339617 3.230339764228437 1.8857253160600138
-0.0009577343408186062 0.04320168364755228 2.7727838348153795 2.671662662177531
0.0032652507763578633 0.3125323853113653 3.154458523483858 1.2039707405485334
-0.0018835142404898535 0.29294562630452153 2.886407731637164 2.8090839031334522
0.0018435766970356015 0.5352379598286869 3.073016567461677 1.6478852973138558
-0.004799578818087543 0.35518059908988225 2.825346683285479 2.927277675045932
0.00016631621240074598 0.34742502565065614 2.8987412333203224 1.6636998819053763
0.004286144519690752 0.22056526953069627 2.8228353185152018 1.4075542750841128
0.005651851424645768 0.6871365915652219 3.038658174564885 1.8874002138216643
0.006659809538851218 0.6988689652695177 3.290560029575592 1.533759762589733
0.0006483697725146193 0.42282970751354076 2.975512448222891 1.0960867420739264
0.0024290633511408885 0.09103992689449758 3.2051304334836357 1.332104677965268
0.00743181076898311 0.4925465237495281 3.0058214139900485 2.010619911466521
-0.0037401297790088136 0.26964869469869834 3.2471394913570695 1.623364723406402
-0.0022602095028672327 0.16813089309533302 3.2872223055274263 1.8789684487428615
-0.009236235195870452 0.37734203137072336 2.740078541771636 2.1227986420000966
0.006169937958016725 0.08739740453325923 3.0149891896244108 1.67734368709544
0.006369878419804483 0.6135966203231826 3.0175092068540517 1.3653980763560636
-0.0012206505864850894 0.055447474294099464 2.8203673134517793 1.5668611488526678
-0.007759629292517493 0.37692249700224867 3.1920459257894014 1.4710786508006144
-0.0003316585777824654 0.4175644875238448 2.967839575229688 2.8914722651163873
0.004484979613204168 0.3572920603860807 2.892303977184254 2.708009554299258
0.0017838502455242277 0.1941356150832396 2.6955189952764806 1.615999534054254
0.002842934741206145 0.30538040911055286 3.123558089045609 1.289276547094936
0.007223312277586716 0.0383298731798547 2.854807858086923 1.4142960631274362
0.0098105026281418 0.629039388622638 3.0674567485985023 2.8507066572369277
-0.006046519373219742 0.10734948937172928 3.1749312141370782 2.997639784944726
-0.009980792925227923 0.056801274329756624 3.190522770952519 1.240263713831226
0.006458992521484829 0.5638566738541382 2.7821371491303557 1.6235544616947377
-0.008381157760012045 0.6089427234926331 2.8902484223879736 1.0632684525405
0.002054990393327928 0.5658225472142685 3.2816755367857335 1.5083507848657898
-0.0028489919940759166 0.3070977254691395 2.944244627752499 1.4854782662328512
-0.007297831751381944 0.24609814656825332 3.2722983236001797 2.939028296060126
-0.0009535183236188431 0.6231717657175633 2.8736077851586646 1.1123812546050393
0.0017924571218701007 0.13861053793448092 2.7732282474786674 1.605412842394439
0.003413063509030069 0.28723886770700846 2.97390688577136 2.971885235560247
-0.00469925652657701 0.518720028560531 2.7702929293088774 1.3406254338690546
0.007573454760212157 0.554515415555836 3.2081510132019404 2.985331917239292
-0.0015972877164153968 0.31835325461786185 2.8632208411613784 1.976540141141503
0.0062406163956376 0.5872606331576171 2.9246720280675613 1.5646395645713325
0.00046423195026579217 0.16403708863636257 3.1919780580144477 1.1298240840690812
-0.0016463793073340505 0.10918623826329721 3.228042153883795 1.553542063004183
-0.0035269475871169903 0.3919415867311906 3.0622381252022253 1.3899765623114815
-0.008438059070100106 0.3085628210559208 2.7452199620011393 2.491342699502694
0.003313408280149626 0.042963469168542545 2.737193684007229 1.8365092548642714
-0.006618934475727275 0.2209716571107637 3.22952210096108 2.2044321719354487
0.008031083268674154 0.18643876048810648 3.1843014277395447 2.0696488387175824
-0.009513181266676704 0.026427757703485433 3.284586758944494 1.8954329803379348
-0.0021419615412865455 0.3777210920997025 3.2404148181194232 2.0324536160196427
0.002782769641241517 0.3692536663211525 2.8178749856722227 2.12394169366729
-0.008908151568959171 0.02054115879980955 2.7783590178016246 1.1046927185768591
0.0005418779945998366 0.04277876712035983 2.790882988714319 2.652347851208741
0.00323971874717611 0.09817596889641811 3.240583540416818 2.0821890337976248
0.0030526328682555 0.563391746733994 3.197451950601088 1.5412078897125736
0.009182129045059512 0.6467750550458697 3.209306305874758 2.322754976177563
0.0036099574062160985 0.222424986161933 3.119490480921597 1.7674919481873865
-0.0015039158754786598 0.6753347449127797 2.7812664907003954 1.0866758870329214
0.0014866745924263548 0.5803159583416901 3.196912334521137 2.4127067232162025
0.0008489618120365427 0.3541081827361345 2.894837396168811 1.88392596230815
0.0009303972603382253 0.34744961264465923 2.9343418793691747 1.6151886431973372
-0.0071454305140795805 0.1369219940512169 3.2349575997216484 2.98190482630831
-0.0045304450064239075 0.15695220490196068 3.1981430809835922 1.43014947700933
-0.0059570198002716086 0.4407534721504638 2.9035779692383366 2.959549138236259
0.008335670967201133 0.6876120607903919 3.2555896016439636 2.5968654594311373
-0.006234573981145573 0.4288848785400847 3.0075382420081143 1.1743741277025421
0.00029994127032827514 0.0068110484420179085 2.7539012396153817 2.416356704268243
0.004453669822444632 0.01596772474997174 2.748583423805842 1.8252903283661732
0.009783535610310907 0.35878678014331655 3.072257756719396 1.7871967808834923
0.006784095313382836 0.6722519066820197 3.2815726659984 2.6813386056227744
-0.003755490012355516 0.08434157145043408 3.0310837903091383 2.2912263352295272
-0.0035702728783141157 0.03215257335211663 3.2069099762830287 2.643097166072938
0.003774405652046524 0.5181103203662604 3.109427935097995 1.654435801958203
0.009843111630695327 0.3342517863546022 3.232354834789469 2.861195770085434
0.00016454511183545788 0.6582247743079218 3.230139760969351 1.3914541526162254
0.00979567717858502 0.33845602714507805 3.2541729064703127 1.500233879824001
0.00846771152678073 0.25520668261022617 3.1903093587476237 1.8906733042519177
-0.009314435397171519 0.5522077962861407 3.1906438027683874 2.6818633431164116
-0.002144822999870527 0.20069335109088599 2.8386377151356124 1.8591015304609562
0.0066041272693120635 0.6997399235455978 3.18251625261886 1.3009641492046862
-0.008880198653170775 0.29390170067137167 3.057990013993418 1.917041328371119
0.0034655341026055475 0.49298631220099054 3.1444453598197555 1.5112798433402488
0.004143697623866855 0.20025190803592774 3.012108771480854 1.0080953273597983
-0.00014697194384990456 0.4632274132349544 3.2658053869383115 1.882995022742385
0.003150452283054162 0.5735707136724242 2.9553123772608236 2.2053881606724466
0.0022697732136438982 0.5692979014195033 2.9734646314865363 2.9489477104673516
0.0023145987643782024 0.1401768247244698 3.2638823112737847 1.3790934257172733
-0.008240554989792242 0.13018003814142062 2.7950982838053835 2.4480265328784023
0.0012661118433828773 0.0028497614082070855 2.96902957536908 1.1969965657407728
0.00671892900899938 0.08218097202773633 3.19391527145902 1.084533058707371
0.009270714943024005 0.23381434848883287 2.7046173157534144 2.500904502488797
-0.0004244615243161956 0.043148072925653064 2.8222604157630777 2.28692586846369
0.006399502091118367 0.01562149018882611 2.8066379102919248 1.5460404832967682
0.003642465663474001 0.22121717670620777 2.7282487759518017 1.6428370430442116
-0.0004129903725281145 0.34709373008519984 2.88438697371738 1.8801426261146745
0.0017816702029924219 0.39103493751076995 2.9693945998748537 1.7230655286494672
-0.002988051046754569 0.14543491162655453 3.0846789334885445 1.0950593304744567
-0.007558490139796745 0.365575686708261 2.731457587843909 2.595664662753981
0.009461940345848428 0.5003215800742329 3.2174180693819823 2.2649627327649844
-0.007056237282433071 0.36327831471223176 2.7782622048873304 2.595548945619682
0.0018656088710266657 0.3228021166172762 3.139648788445711 2.355506131830828
-0.005423853310515697 0.4114893106513182 3.0336434238205436 1.1203836936269518
0.003384580971412257 0.5901851726946519 3.2524605034717378 1.3480144755449768
-0.0031285155119697428 0.18995261495230964 2.7229885926873356 1.062918614688172
0.004069940707576608 0.6955196556220344 3.15427172438364 1.8315236956790388
-0.0025439333731553816 0.15719443375097028 2.7143345106132677 1.3788001841899207
-0.0002522148332753174 0.12545026910723872 3.189022407103689 1.1092986322752618
0.0043107102908170394 0.5590623123252931 3.2606093438589734 2.371538074249269
-0.004271658104796447 0.21865689373275787 3.1358786492350554 2.5497692193510777
-0.004788824716127404 0.326995786216477 3.1540924608050447 2.98136147879851
0.008732801192858753 0.213151818338228 3.1049990601644213 1.346522832911492
0.00032825635255216554 0.49680874628828453 3.2152836032389995 1.468506343941656
-0.00498988528092547 0.604073600162987 3.079716933255405 1.199822819633915
0.007818776933333495 0.2827201314544369 3.197884356235024 1.1464703052507317
0.006593364393181814 0.2884333841376707 2.937249534045067 1.094900790866956
-0.005763812832909392 0.4948502025956554 3.1942437418865453 1.1291548629376438
-0.007218629311586681 0.6236163734613551 3.281058428988287 2.8346771831304878
-0.002067482790607639 0.029064756890380128 2.937170021189176 1.6480728168404426
-0.00047159049922815537 0.38611526756239284 2.9781122690917314 2.0869127540334587
0.008140465845634421 0.6729264237208455 3.0477148061662103 2.305410914641567
-0.004705214800665238 0.3528273047956473 3.002492602868 2.150215137513456
-0.007204513678523174 0.4743376372026608 3.1792704753260677 1.1289344252777165
0.003421733925359445 0.24233186330297352 2.923479911207152 2.1246858209299253
-0.00544362261835108 0.2589924061570279 3.147687564685469 2.4321913040317362
-0.003017181529138848 0.10887818843950584 2.6933981867621566 1.8399740974896173
-0.007524274196887845 0.1659924755221851 3.2577346469746153 2.5252413011747947
0.0002928209629644166 0.24504208814629364 2.8284990768600586 1.621465146215907
0.002466548177312835 0.49073390002185013 2.8524256993196158 1.2602471508975486
0.009959724094629719 0.3210261542641026 3.28724650567968 2.1800714013829747
0.0007882663567858124 0.2682846019528981 3.1222692910496717 2.2206910636727475
0.0036013424449706376 0.6835779919896261 2.9761130713547836 1.8816947299516822
-0.0012874804717246408 0.09788746354442587 3.2566025544125323 2.8857272055920475
0.0034410957782401433 0.5570437624252822 3.287990484646079 1.6864773665641617
-0.004224124345180993 0.46599911540993916 3.282615663258471 2.330020011195442
0.00801740573440465 0.6917887288775174 2.892825337071652 2.0000863713272565
0.006712973109584406 0.06412844412509211 2.9373547560920765 1.2700402398000463
-0.0026872871950254546 0.04843330955534836 2.700145790009017 2.546349171814522
0.008539394753543464 0.1739344055112111 2.865969123070175 2.293778382154821
0.007014652632302663 0.658765945711504 2.8887990188461337 1.983547657718793
-0.003751324957378767 0.1315537730835099 3.056098496142952 1.5342882265490765
-0.007066346925314583 0.42925233605689295 2.7616966239079437 2.1299771918199246
-0.006256197343566108 0.0544944219489607 2.980291007163291 1.6397707333054732
-0.0010574284863383802 0.4841112784947225 2.9641207321782836 2.21466743348568
-0.006556496185257526 0.24857641069744954 2.9111382878501932 2.390702274978933
0.005158479142620354 0.4870880584761061 3.1641830289181074 2.861635896238197
-0.007987503424389045 0.06629522706808996 2.8753264446601663 2.3480615850511315
-0.005331897263936486 0.08548911749408028 3.1784217588482346 1.7613975757016278
0.007872794151861458 0.047471861528517734 3.171444736167089 2.1119093870310626
-0.008452997060249512 0.1699529604470001 3.1239017332192387 1.4726076273627657
0.0045746776274008675 0.6019747233849766 3.107037594464576 2.13591370790824
-0.003644866450749926 0.4015998545250046 3.019332014384186 1.1794587799774225
-0.005160847619265229 0.5632800625868116 2.8310182369133248 1.8360288268006784
0.007792899537043395 0.6355917694116121 3.2230103262456637 2.6125849719206338
0.0003846790054937684 0.43072745582226746 2.9427476893108353 1.6975563235112143
-0.00701494565461322 0.037732720233601996 2.8586628900978233 2.4538531140786386
-0.006108597083338093 0.1637377189773232 2.8363068762013 2.625182849089376
0.00991685087273825 0.6414200831906229 3.078736945174246 2.9153601339249007
0.0030093291225411043 0.4530438710960916 3.105911953737297 1.3998279696447187
-6.026094982899445e-05 0.28182525293546185 3.193459813082554 2.236345214967291
0.004195567733154852 0.6698967713388014 2.9943204091714457 2.334891235894988
-0.007632679123228096 0.20732382513124353 2.7886239421209136 1.3449110464950247
0.0015624194416694569 0.33615628942551756 3.092369128882995 2.5256735522974805
-0.0016861254777087824 0.16698786414651062 3.2228077011324405 1.190403621330756
-0.00544508559736856 0.019671337249970153 3.2660697585148126 2.6798124849090286
0.006423475185390841 0.07981083083510887 2.9574771295437983 1.9626724535838629
0.00022719843245473485 0.6347804505660183 3.103494727411252 2.0339633721139023
0.0048522447130380335 0.5735268737077275 2.774855558717661 2.9234349686356045
-0.00390281397244869 0.5549662732071758 3.0316694606464343 2.743542581079379
-0.004610810064291331 0.4063330677839381 3.0082838992264502 1.0708169537785546
0.007877077851048773 0.20956391747177072 2.9649008070851077 2.7502281564683857
-8.96975084086675e-05 0.6433479375718489 3.117149603031102 2.520515400193772
-0.003980277740724367 0.1197474145178451 2.9772012319945103 2.9211376846707733
-0.006447597257431718 0.6325246020376014 3.1463845768555787 1.0042555902979189
-0.009565412152105109 0.40786732605126425 2.720539251550777 2.377192086008466
-4.145068621307264e-05 0.0547250812163772 2.973415804557034 1.6083766274670226
0.0034329621141633805 0.15055878114134527 2.773841645074467 1.7244975583517261
-0.008055371098221227 0.29266059640893494 3.068472464989456 2.2417612451065847
-0.005319515936219193 0.3295609027276419 2.783506720084692 1.4133897681397956
-0.00689818395188714 0.22576300718880782 3.190945106950388 1.4094140758744669
0.007946537358069512 0.07107926454908935 2.747091760043243 1.2513073515750675
0.001980963743901513 0.6166935846437778 3.246093174878192 2.2673309159375243
-0.0025553403219209904 0.25771697545008837 3.2708258438074824 1.2478556795439102
-3.421038482833479e-05 0.314447072775581 3.2587955581408057 1.2186002142503323
0.00815911295197556 0.03166871221539447 3.184767107919535 2.0764605407281636
-0.005373338862683751 0.4201669043095799 2.99096595687536 1.6375105225917361
0.0036281496440408764 0.2454478489708892 3.192765514080914 1.7241334166886957
0.0011863433061310314 0.18700565590331214 3.153197855809978 1.4574265433118347
0.007922047886961915 0.4194798671057571 3.0657874100599924 1.4903745237512076
-0.005956998816408734 0.39454989752925124 2.954822919865804 2.747773473487644
-0.0032020859854882365 0.3832745966579686 3.2695367601956753 1.8343569186698614
-0.00737286381489179 0.5479920679673931 3.218888982941737 2.6203775199166643
0.005197916757138178 0.007252063398058395 3.2565228561207356 1.3582666360758204
0.005469056849406487 0.09011188074653986 3.2909442295795475 1.9491451502895667
0.004060857470614399 0.3480461141641964 3.1850346697156677 1.4312870152087163
0.002075293946290472 0.5537420882891614 2.979924127174556 2.9226531852307227
-0.008811839654490795 0.2927586922670896 3.128831094518498 2.9961045005261644
-0.003243261785800925 0.20208906861156817 3.1810937524852045 1.1490371882476544
0.0011554921338598053 0.5476520501484943 3.211422895062149 2.669097503679883
-0.008385268820662033 0.2627130033845873 2.726168708332933 1.723956286239949
-0.0003212214906961417 0.0918005045759186 3.1847169698064466 2.3096143775314837
0.002001924456356715 0.30589357572443615 2.9719676046836208 2.808806926654227
-0.00580840828666033 0.6622673871924156 2.7275522690000913 1.7580550789045355
0.007666567645761898 0.17634410799375272 2.705733352015273 1.315739509154773
-0.009310026702445209 0.0021930320835377715 3.198600537453304 1.188805085477787
0.0016383723808592356 0.01971744033559819 3.2620733748841655 2.712390489442046
-0.007598304652961608 0.5249443395014205 3.175855150070318 2.528636585908807
-0.0005595254798628352 0.18936843624489563 2.9538421839378275 1.9865555772910979
-0.001122103202247357 0.12977036091714866 3.2758737284642354 1.3903759638679367
0.0028962179717308633 0.05866180509344321 3.2585819711946646 1.6792615775850979
-0.0086499039985635 0.13942752210514853 3.0182899907786376 2.860474658855817
0.0014387486091198502 0.4633746269178196 2.7722751509228822 1.218233811096691
0.0006574948220773157 0.26083936752025916 2.8364123952458025 1.6294883038044186
-0.007017451546252074 0.4168892034160994 2.740621546877815 2.1234711290874215
-0.007204101234630874 0.6058282600080018 3.135343528313661 2.205361375936989
-0.008638515159051969 0.4417489312077801 3.185490954453187 1.0476882844462978
0.004027504884464859 0.12182664423610925 3.045837411467842 1.5222214572655726
-0.008046993761398526 0.4591976854535116 3.1713650367338957 1.0357360365883128
-0.0002207087949311487 0.25092327921276575 3.0497262676763475 1.2070856926552462
0.00240188148171988 0.39429363131621376 3.04190330818505 2.9742078030330195
0.001301993646939654 0.34847479454069696 3.156819457977317 1.2459372753038458
-0.0097827536413331 0.5156203831090512 2.9910657650060246 2.268433598533411
0.0025768086297410925 0.33710943081982003 2.715473768839785 1.3347995883155555
-0.005865744191574204 0.35213363240752615 3.0539575349959835 2.802413106820075
0.005476414968393859 0.5306070330181486 2.918309606192827 1.5697205685970173
-0.00948612298645777 0.5240683521142044 3.0008052137986905 2.23206184793991
0.0025824311879063915 0.20171381722678713 3.1340741515588104 1.2789135438465529
0.00422688113360178 0.6789091930872234 3.2298936603228845 1.4854939404511067
0.001491338735319047 0.6623918747651854 3.249490464415882 2.202605116273802
-0.006152470246076569 0.026937099397811748 3.221362845825588 1.0053645345686044
-0.009075988096783746 0.17683901323642248 2.8869949957113534 1.0183387722239312
-0.0014383665153568726 0.35695824467265896 3.1444687336922006 1.711379490665949
-0.006256197343566108 0.0544944219489607 2.980291007163291 1.6397707333054732
0.006980795502739311 0.1598975919301162 2.784208163700151 1.2180187344819438
-0.0010835642884415523 0.3143499419004738 3.261035797523367 2.391791271786582
0.004352724315309722 0.4986489029783959 3.1932771296967766 1.5682985048135765
0.009933488797507922 0.5064123047887535 3.234994649909686 1.2872640480440765
-0.0003053587787998817 0.21831796218824856 2.79677685097799 2.738870334312943
0.002567314158448228 0.5832138991854453 3.1055876771540665 2.186153374785406
0.0038806626760925084 0.1918944963652176 3.0456906306026155 1.1434936595924916
-0.00014462402091263305 0.07758872471317399 3.102720840558617 1.1453489886058974
-0.003846770582262067 0.5541489490757031 3.0175829036363027 2.631644759445968
-0.001388848160754603 0.47282602484650754 2.8869186354298324 2.4126014825967976
-0.0011577026308498585 0.38747168327563464 3.235278992487529 1.9328949046847606
-0.003048043933090618 0.521116847587056 3.252589207756347 2.082668366648058
0.008621737367633074 0.2862155765924211 2.752809013229522 2.6712992499044157
-0.00545370352380339 0.03570728960100949 2.711214256853885 1.0735639960486107
-0.0020156353308018607 0.1791137938092191 2.9381956784683374 2.292114774996281
0.004159863662574475 0.028512094926650078 3.197606491391219 1.6228625233364125
-0.0014252506880353842 0.4932311577667796 2.9040413852698514 2.253579103315468
-0.0025280237797828857 0.4513720403415721 3.1016859897360165 2.4962306229825986
0.0037241383192443767 0.6132878263800952 3.2362268662043747 2.4627605584677097
-0.0048125574182996496 0.3228162038076028 3.154434179682518 2.9632692040313695
-0.0003316585777824654 0.4175644875238448 2.967839575229688 2.8914722651163873
0.003444781930321366 0.19267646250238946 3.282984242012073 1.9665672007669857
-0.0035140680263588374 0.14594909765999087 2.9286960128112844 2.1573600721540154
-0.0017521659572868739 0.30484981707712877 2.809287793923507 1.9344719888039588
0.0010711046254175622 0.5404373430572517 3.2113776504191383 2.649212320114029
0.0052971160780984705 0.17063985921685515 2.8924329267258693 2.9401343294372655
0.005799839091500954 0.5539753604454533 3.277703519969813 2.7677597900635598
-0.005769731075109991 0.221762016138203 2.9774070594371227 2.0748742289329165
0.008933995990173338 0.07397303716942083 3.0840887082778488 1.0300296293489142
-0.0023613646045662216 0.53049654108944 2.987953801019258 2.32587750513858
0.006115823523469651 0.2873699802765065 2.8323533229876485 2.50349863417217
0.006085252406996909 0.09705277291892968 3.275124295695165 1.072143500803111
0.004641600179705182 0.05635434713610399 3.2578665543405694 2.0751434096785535
-0.008683047613221754 0.33753091536587587 3.126167851357682 1.29353105828728
0.00167137724135079 0.0023685086662677546 3.289968834666662 1.084033130449422
-0.006727147024048032 0.31159317463395764 2.863984601724619 1.196295743362407
-0.005806091789602777 0.6138565230744991 2.973203002875801 1.923642893301998
0.007823648072447235 0.4581638980958152 2.7810353948220827 2.077487381097126
-0.006319765727219569 0.2639754176280452 3.1067330682557412 1.929022536211797
0.0015367162749403665 0.20745254346243835 2.698765053889672 1.63327830466516
-0.0014792272184086961 0.32883959132112234 3.0251278462522504 1.293598287902914
0.004447483019678389 0.046671305626384496 3.091653333975419 2.33973515208949
-0.0038167399889312715 0.4758446793229679 3.166346097594693 1.9836734510897835
-0.0060513145763212 0.6753293834379088 2.710069122091495 1.7701329782849968
-0.004442234872598866 0.0162542419102486 3.2305187057017264 1.2101579607761273
-0.0007044836185567836 0.21446711740234992 2.7175964383704563 1.3129464699052575
-1.1955434129030593e-05 0.3374185668283303 3.1252974204691903 2.896402828942268
-0.008871995762688403 0.01828889881579715 3.2480759765304295 2.0261348566181705
-0.0019663870449623646 0.3906978913937706 3.2493213254488498 2.0589619427081836
0.003172233565819048 0.011569199708610145 3.1119508158623344 1.4948975435331835
0.009415569549929975 0.3981320404404135 2.842956439559471 2.695809646955544
-0.00258053682892414 0.14096635071119243 3.2032642376489644 2.5574221650447373
0.008871519436225564 0.2567882753711899 3.1824263589398907 1.8704284774934372
-0.0026470893346890543 0.4750254296741652 3.060011968217552 2.4909971162307096
0.0022897844986598265 0.10727640812291764 2.989963000097198 1.441023029464863
-0.004253516692795334 0.3493780793583693 3.2510463676581685 1.7959236044229394
0.009218010519211168 0.40097236167854 3.2339379665202617 2.3646914806800083
-0.007755042303623819 0.1787526104948293 3.2729173845825614 2.570612140554008
0.0057513673463586365 0.6750904652148018 2.979209418147443 1.8226713455184627
0.00016767624594326517 0.34397726549650476 3.2006881217059804 1.7870162557383205
-0.0012401856407349464 0.12933738458962102 3.116940644900928 2.538450382460789
0.006514407468252763 0.692008952851857 2.9941628856858062 2.145433677112746
-0.0009212959310439388 0.02367348896177101 2.834802425018401 2.4364271386898304
0.006299013960984716 0.03754856045262617 3.021886888108008 2.3697076961348973
-0.005783367250170783 0.012716134510975419 2.781029849555613 2.7768618684861357
0.007045741878684692 0.24745055795396048 3.0972923594552073 1.1284130437764792
0.002435669906909746 0.14042577712152898 3.1838445277121585 1.3607226091174212
0.005876828069504346 0.014150709513191473 2.950633612463436 1.4110289064113726
-0.0019405309514615456 0.5807932820563205 3.010962629746449 1.3659970425636452
-0.0026793006543694535 0.1408220612445374 3.194921508637584 2.56196917958932
-0.007181446307697318 0.040353569147251356 3.0642420761557694 2.468124818159666
0.009722181108175276 0.5531592651934552 3.179168229899838 1.4969857511782652
-0.009292170991119625 0.6093279031414097 3.2567915234342513 2.6400975949939776
0.006722369160102467 0.26308420551392797 3.2517898461894514 1.3994250249097515
0.0016230676839869688 0.14099234146471915 2.7152719102467273 1.4039989676253934
-0.0056789988935588235 0.5913778396115517 3.280121611802318 2.7073289749404124
0.0070123748866328835 0.19977648557095193 3.0867545208749925 1.0716460211808125
-0.001997396240768768 0.46711883926025977 3.1335514345166953 2.4678268875405083
-0.0031278097166761577 0.19762969965581612 2.7512706420907196 1.000574853508905
0.0033369124351936104 0.24863148956230102 2.870729947871087 2.136390558949078
-0.0006833413869904966 0.10567203510544307 2.742246227458741 2.95345517501124
0.009454824585302573 0.1273235249795246 2.7241723034144316 2.636071765490693
0.005491349363232761 0.04952028581715288 2.856375152492549 1.9522238994351808
0.0005937876945728412 0.20279210236177064 2.9806456117275886 2.4589483579383895
-0.0031375964223675414 0.6639464865794369 3.1859932975794076 2.5536397030292015
-0.0047221696188054045 0.5836611378096285 2.8747912025491607 1.9191776860702432
0.006721946899663022 0.32840422147494175 3.285129477695424 2.6012950446958847
-0.006571483276463942 0.1677795240813581 2.8521347572725535 2.6134835118715047
0.003050392199308585 0.4104117163858088 3.041049087284744 1.8118073413847278
0.008410916328725239 0.20272556098763717 3.1754041517230447 2.2952082734146195
-0.008674366178709673 0.4765598642767459 3.2111537584308083 1.3250468293609743
0.00910203374589753 0.42387673139476617 2.8224826804781435 2.209300638529371
0.008889038629079775 0.3942923825303557 2.846391666555654 1.7841299265468187
-0.009546758616699654 0.0442623316555954 3.222020297790566 1.009709515594303
0.004876122582610616 0.23116731380878489 2.7409293469117695 1.3911327343598034
0.006062316275193876 0.6335982287718339 2.8743558555628255 1.9677761313252868
0.002852091768286556 0.01141931058207335 2.9416800631170608 1.0301622575638867
-0.007334533756993198 0.2853832686828117 3.203881148489559 2.0131474209762357
-0.003943522259055222 0.0026514774356797277 2.9553676845054064 2.8472877967635863
-0.003313366669914837 0.11709549940149235 2.774634109832737 2.442602660405305
0.0036948508674623176 0.5980676699774585 2.881688533514014 1.3712028454704839
0.0020115331992407496 0.5032068302483028 3.2040252488789362 1.5266279919431693
-0.00520442695359166 0.08721268175390673 2.8446206655676396 2.5824116871992664
-0.007239598406822078 0.019649495014902596 2.85952384660073 2.5130556868860916
-0.005439510820010734 0.5731174723944408 2.765119014175597 1.3664547671342397
-0.0022600432883983987 0.5993696091147012 2.8623175966379506 1.134106029432152
0.0002842460621429808 0.6617935018342544 3.2064064737251226 2.01864132839098
-0.005595625007844917 0.01515331556882322 3.2293786776167033 1.85510043722581
-0.0020239242342031142 0.3010268109884854 2.803443647830053 1.9265122646006954
-0.006848188513645388 0.35665863241552653 3.0870142509440734 2.920305191201921
-0.008124027416457683 0.5314637440477151 3.0390427076394513 2.159173736546572
0.004460279699482006 0.5616497966479241 3.2720619402411097 2.376563567209116
0.0023161706101964205 0.05623366012265918 2.7539435514084074 1.6683351866252827
-0.0008060354854487321 0.15491436554123844 2.717884043770083 1.116793350869854
-0.008651343811210148 0.13169542239523319 3.1842457956296637 1.1441553668248419
-0.0066864527417706595 0.6823411459476814 3.1545147719910744 1.3503823345460582
-0.0075827866185961545 0.021954435595110344 2.8566478680589955 2.428077093059939
-0.005495629545375833 0.2833410926575846 3.1967720265239943 1.776957247997225
0.0003053419200691465 0.2600496810421631 2.719724621423802 1.6337038285180807
-0.008751593691975163 0.013266189897473246 3.177927699457917 1.2379382537573838
-0.0026616733068700717 0.03859351710464459 3.2664365013251513 2.5418699022010016
-0.005641820540974775 0.40031908949030315 3.23626798970564 2.7807984016782337
0.008599603472991518 0.5768559185398787 2.8614580308268653 2.7883211353926254
0.007530734055804471 0.07193635074344151 3.0899825209192655 2.122664131614093
-0.006313582153440972 0.2544894134556929 3.1116433707354436 1.9007971545805369
0.009197635930908277 0.557962986528056 3.01883535402691 1.0060073795791808
0.007828809793774939 0.39849453707012317 2.849585494583679 2.8193063304416865
0.007872134444625324 0.454598679506104 2.9923246348758825 1.689546346450109
-0.00017393242956524873 0.5710974086614146 3.287537432892762 1.5117270647465162
0.0010404172095223067 0.6565167441139815 3.155318838976918 2.1468707593364424
-0.00414324498919582 0.1692260293973052 3.143902330490176 1.490216304071401
0.004009196092030673 0.6983715671563951 3.036894213485901 2.427031701012381
-0.0023051100230887193 0.5837594862266783 3.266813482132881 2.9701527358422366
-0.008611851756044729 0.5937232312619461 2.9638567512949416 2.1302633577928876
-0.00986233560453498 0.6849904432913614 2.8452682983993527 1.468942343264507
-0.008767245768572374 0.3267377159476248 3.223849444431753 2.683155090660173
-0.003032355901522346 0.10871465792126266 2.6926833127012193 1.83967443129613
-0.002208555486166016 0.11415110260713657 3.249197916176299 2.382604491197217
-0.0003446135802183531 0.29711634481704347 2.817348075960032 1.7300682185708705
0.009377605150863852 0.2080250654523294 3.2409753607358036 1.9216983919448813
0.007120716633150512 0.642746105937197 2.9139079071357545 1.9047829850971056
-0.004684106342442219 0.11810035386928536 2.9012919473262677 2.7817367534796356
-0.00302380147275233 0.6062649159521742 2.77550943397167 1.1987400085101396
-0.002386438290125888 0.1305547510306731 3.2726372890617137 1.0970242287507328
-0.00043621447810131015 0.5722635319142167 3.0037031299201633 1.7084825995869717
-0.006268770422355527 0.280595030820891 3.0286878968568622 2.118368479208919
0.007296965642366373 0.5382131886681475 2.9989060064956203 2.348435443980143
0.0017395133930954495 0.06504361496028976 3.238328922595281 2.0191111350298554
-0.0038262284837167924 0.3881657613720939 2.888381811491823 1.1257149852825268
0.005779607914832739 0.01183700879872468 2.808050903013323 1.743799188245282
0.007068912898017218 0.20649885554084735 3.1520369358945874 2.929153458936729
-0.008680183837410493 0.6535024251626811 2.901590329155552 1.3137988983309117
0.004195567733154852 0.6698967713388014 2.9943204091714457 2.334891235894988
-4.2757717175160226e-05 0.6346338150321835 3.117396260889273 2.5284610045349627
0.007278034699466484 0.5741625265111722 2.985733522172817 2.3312997321246822
0.009291388257147475 0.3042804679847113 2.920495213048792 1.8188406028287039
-0.00466303923535121 0.47165387983208457 2.9312901253119223 1.2322317222528758
-0.009888632721865721 0.5714073007201551 2.9018450612226148 1.2709860730803495
0.0024461319949572475 0.6959354123294623 2.9450002691392494 1.7707145889971936
0.009126058785496778 0.6190542172894947 3.233217576639375 2.9366244202661114
-0.00017132010302788915 0.5665484930623337 3.032775991896087 1.3915244065759187
-0.004380464068491427 0.2825888264444978 3.2049732355354186 1.7852922625808234
0.007999529327128267 0.12718295708515867 2.8988181813669143 1.3935224111835547
0.00032839748496061184 0.16284882933257733 3.227948574126457 1.0568942111064026
-0.006826446195065087 0.11819778619998855 2.8549338651303966 1.248134706252465
0.0016163793291037853 0.37246513262215036 3.0773194472080707 1.3501780258111955
-0.0021429299101431085 0.6272827000616483 2.881279440684691 2.8660532128605407
-0.005366617653776073 0.28034549746080084 3.1756231398283457 1.8074631472352798
-0.001064792020968622 0.45355328328866534 3.067931802531956 2.9436021248395834
0.006770765558687469 0.666672229209035 3.2313209983512974 2.9091752236795334
0.0022051763840530898 0.6922716912164626 2.9529374259621095 1.7949850653277644
0.006835166863847575 0.6928815777407503 3.0226797703187134 1.285397843052646
-0.008611321201310343 0.09450124066678814 2.963309333680881 1.5686469305219946
-0.005598690919157681 0.22452167751587562 2.7462742581785475 2.4361064225142637
0.0023454476006294156 0.5719565325910759 2.974511905890415 2.930498228920019
-0.0077945909222502125 0.2251211862706668 3.222462639273039 2.9155856977397208
-4.145068621307264e-05 0.0547250812163772 2.973415804557034 1.6083766274670226
0.005192662999189437 0.5271374817988672 2.9451191666241217 1.1785370620741298
0.001589144184122149 0.3578881546538729 2.906590465858752 1.3755311783537878
0.009945482244480492 0.18185776092126316 2.842931992358239 1.0972318963755994
0.007416891927741137 0.6716006219464772 3.124542317432549 2.242027377280187
0.0034330352340565225 0.17380845007778062 3.160700598500337 1.2718511739230838
-0.006553379604122861 0.168758195089675 2.8529562548223137 2.6138760173312177
-0.007390623678970606 0.31051872321740026 3.2729735826645463 1.2347731334708556
-0.008601980830856008 0.27294138697324766 3.2078198738556583 2.731331429429596
0.009961019522999843 0.15547759625891974 2.695476021724102 2.566695245987241
0.00031796863316405164 0.6953160735369741 3.2072572585225316 1.1026202588426754
0.00029126632665703073 0.2818896171273398 3.1301121430303382 1.4235097727394543
-0.004433920131742533 0.02109284769237435 3.0192891003040803 1.790108685253985
-0.00048602356794103744 0.06365666386808028 2.9669864571145346 1.6296264888127034
-0.006918158739038977 0.06833477826925327 3.0656510356254776 2.3689895185361887
0.005049773419000118 0.361121117934449 2.880986148060037 2.738763475297675
-0.0019116355984583914 0.5064947630669645 3.10015270137903 2.6619496533475298
-0.0013787440313172816 0.06092216933813893 2.9524214421793493 1.501244504102134
0.0013761506411483623 0.3700059749104954 2.922060424905052 1.321655175478209
-0.007689190989690636 0.36239755463815193 3.251785389819692 1.972632343050035
-0.004083032223472413 0.5996794097806998 3.2083742113080964 2.5532976863929133
-0.005950661138560869 0.41961039445145426 3.0011055219246225 2.7206639916712776
9.277949620876188e-05 0.09656886169634687 3.1963560352272467 2.3387627335118193
0.009226494416640653 0.6771060145466558 3.057170136286905 2.8101469969377346
-0.001819469041928399 0.356326337622554 3.024235701223654 1.7374878954170354
-0.003696905411961956 0.5523728637933698 3.251957208548061 2.1320847136369014
0.008380962255210535 0.13528555179864965 3.219084715790392 1.689454166018111
-2.257924995819824e-05 0.23272473791529943 2.758423972736278 1.8526659704043142
0.0001523349955602927 0.22565701800788307 3.15139500869603 1.0597378150781431
0.0017804080620213106 0.5414037411693543 3.044116487755396 2.3531551523218885
0.009279782249049219 0.661994215704728 3.2570556643211312 2.927467112885121
7.45786028909152e-05 0.5065774291329527 2.960791465697267 1.0504280144596019
0.005205899345453028 0.0962272939852455 3.2213646850729973 1.8913920503366137
0.0036620217537442854 0.3214056999059508 3.1737095806108684 1.0394299757082068
0.004312098253462074 0.589683464214839 2.9817081506759324 1.2835594078365267
-0.009512245617154434 0.16835005730440022 2.938542332347332 1.739447625728236
0.005853660708251964 0.13151056758818508 2.705005688072641 2.0985416695050017
-0.0036784676248262545 0.5422962556165264 2.981953777987807 1.2414355148251972
-0.0010411116351767304 0.09925268138382737 3.2330610612799995 1.5524716124017135
0.008137081843252899 0.41372691468185907 3.248848144074459 2.490257398123727
-0.009291157464321808 0.5771687151014174 3.144895394825696 1.0968427347681042
0.0017675062930173095 0.6519366818478368 3.2597949280429415 2.4959698514313993
0.008555216002852934 0.14208316958191894 3.2139166146463434 1.649302834529126
0.005136401321971069 0.6292734393730903 3.2390007581049542 1.9678850002893757
0.003153027047121393 0.0718320104716601 3.0240067566229105 2.6129999887737148
-0.008600650729990804 0.6032266207392902 2.926745158069897 1.0521275330325133
-0.0007955220396108171 0.459341599609331 2.7538695065538605 2.199868181504911
0.0048460475252238636 0.23808873215095278 2.767205782314275 2.7500942621757307
0.005764112124630259 0.3588716190436843 3.2043782331985438 2.318341638002116
-0.005800347655949251 0.03802772198216253 3.2840661723083184 2.766493927113026
-0.000512548612756749 0.04097941826603091 2.778687520210212 1.219873909296839
0.008862514626520317 0.3386896604189202 3.1528073402901757 1.6173581729506867
0.007546714814513223 0.28257033713828983 2.955215224274282 1.739232375547022
-0.0028079038658621854 0.028830824986666545 2.743545154220409 2.395197459593581
0.005255534377267324 0.02589634118013663 2.829268342884147 1.9035669733010756
0.00038809719174299605 0.3513971297734153 3.1438686118955235 1.1028179272549625
-0.009025473384404062 0.5079639035159954 3.1830198214953525 1.4865203260541613
-0.005023474564798302 0.47504823279597175 2.834592866260181 1.5448238781765613
0.002238758517141849 0.08462332239272269 2.911235242627904 1.421921230996586
-0.002717234127630435 0.5803075283773894 3.248428421222487 2.7595201634383155
0.009075953063372133 0.6899385687438095 3.2234287591124073 2.636882913892473
0.0015988468361235045 0.5583396727475186 2.9393817409960095 2.6886925809059483
-0.0021801935770709383 0.5669501660440263 3.1571637030741955 1.268405374532966
-0.005618418440463461 0.1548407863173457 3.1847380492776174 2.6905315394445575
-0.0006295115087146808 0.1140808689958811 3.1945913747205816 2.3703872899442313
0.008480555414310267 0.1475685720889269 2.88826075609363 1.6978377015350672
-0.0007852688097680868 0.167005880033202 2.716279389178072 1.227749667908169
0.005542218893395843 0.06692578817101019 3.266170515710762 2.173768089623019
0.003504906996362253 0.6867129932439097 2.9900153917541323 2.1568716788483586
0.0002519913348015129 0.6529224363924837 3.230589566963373 1.4327301102010397
-0.002282701579576358 0.1203448279085134 3.159583964793215 1.2474206502896754
9.974355968470159e-05 0.24732204354468956 3.0638491719214573 1.2603931593489182
-0.00533551260754561 0.3352219214298159 3.0980685131144643 2.797938519058998
0.0035050849012213214 0.6688668197846965 3.0331415180677355 2.1898503590902703
-0.005606349959214848 0.4944563820327794 3.098054222067332 2.7572173534636084
0.005808983501241104 0.35973174575210587 2.7579905700112306 1.5155492578554037
0.005783673710213488 0.29944752157755683 2.9317253809377903 1.619632589592186
-0.006878110727640506 0.3925915502705368 3.0340700124068807 2.498519190633032
0.007123044225877566 0.5264407967464981 3.2801656355375255 2.8364295599907536
0.006404437043053579 0.28323617328188033 2.8338778423445388 2.5600167308473756
0.002399135516517133 0.015601651391275673 2.971925988267836 1.5354781716946808
0.00991433716654242 0.17692064094017138 2.8482838392021224 1.1315311153964118
0.0065218572914855335 0.6060302022178368 3.1264037078675027 1.3177738902616865
-0.0054094603540386105 0.5038031615445198 3.2018406389534952 1.7317444933482111
-0.008551640946982821 0.36195509522487423 3.19059015487893 2.6331396880355378
-0.00614367040539527 0.1506518570272124 2.7390742983820124 1.6053940141259455
-0.0026023853799219104 0.3249544773958436 2.91208904082188 1.3744430073177665
-0.00194546812140291 0.6632545949589789 2.7904486511627877 2.4763707447531393
-0.006360537871271771 0.294942991189705 3.1305867730029435 2.8275587178417037
-0.002790431682617782 0.43520456649985395 2.8286772456883793 1.127720242377282
0.007920704185906336 0.6792859103334612 2.8216229847923993 1.3818368298965402
8.287946497048627e-05 0.6993766850247287 3.2076842942292405 2.0474158528912274
-0.0094524517958678 0.2658377412613539 3.1366931442987367 1.8613455273825807
-0.005638671607871185 0.2893022040083341 3.2008834130698625 2.8755482567532065
-0.005911012698533985 0.21459661072718733 2.7309642775766085 2.4403334774213525
0.0036260240250114498 0.5390293720586553 3.08129627348991 1.5906826911970315
0.005873116791128001 0.40985693218125 2.835580544120456 2.427098458158999
-0.006144271764102498 0.46751286624636607 3.1821236113201197 1.7606245209060014
0.00019562217879752334 0.14268467379200056 3.2225336726786944 2.556476300024035
0.003651053036492915 0.12211372338881088 3.0271145381478735 2.937983256714367
-0.00036352350828331315 0.26753062007589545 3.138070455470049 1.092692301732433
0.004899309258056714 0.190541619369689 3.1746553343253465 1.2726631033761389
0.0016239330137340826 0.5998142779049777 3.1387154047630377 1.9005207405734752
-0.00845639778205454 0.5734903962161311 3.146433615326973 1.0927008514341374
-0.0017350964443444417 0.6588446660289844 3.06279620929606 1.9434291615893704
-0.007712513269511794 0.1889678820133705 2.931492558607694 1.2827140854856496
0.006707342183635222 0.2850878673335693 2.752078995937572 2.151116269793274
0.008432563717280267 0.26830181296844374 2.7700082171884817 2.65000208204677
0.009686172749242312 0.32862163095922947 2.943422964328924 2.6411595298355155
-0.009177408560322533 0.01409361829729247 2.8571015356539986 2.537022971037297
0.001943360801575947 0.6309303994917193 3.2430736004704706 2.494214132255304
0.0029678432226518956 0.005524120888282122 2.874016719486844 2.992509683613659
-0.007008499013275738 0.4109010213657406 2.8468989866160666 1.0999513283934121
0.007011547890738908 0.06913542129410133 3.2149486906610742 1.706392529306072
0.00635136094249442 0.6799175452253051 3.1775630245950337 1.0766506070735504
0.009101349802169327 0.03293319757172569 2.8664283841946805 1.5712645631054027
-0.0052132794617841816 0.011452840356273836 3.253249767652332 2.7237628417061854
0.005582461368922042 0.6788340979953429 3.2848221580274357 2.029029998720596
0.0022859842836255887 0.35323990408502354 3.1805721965821805 1.0953818863993148
0.009676127907112808 0.47518818886875835 3.2144292702331665 1.0143395896641476
0.008506896063579673 0.08581551434921708 3.220411315455717 2.3306896717397234
-0.0010553074786845218 0.4656689794499552 2.922536881179754 1.668570434253878
0.00879667065904204 0.3631487330141585 2.8618341760806394 1.6591166163019853
-0.004027210531005615 0.30290294619723895 2.6974092672136605 2.722251599169465
-0.0015904133066062635 0.606082858121249 3.149708171766864 1.2160355868270072
-0.0009223782170298348 0.32975486475470595 2.881396241802299 1.5268610635017779
-0.007211659525548233 0.17481685119011928 3.011146771009005 2.722333739492604
-0.00267516770628179 0.03166491499688873 2.7636308106553584 2.3627159914439826
-0.006323016674671317 0.19482006477038935 3.1057582064482485 1.446634642955964
-0.0020560621459656883 0.10275411884812768 3.179658431906696 1.2576971345381425
0.004436803343357255 0.23023734270142118 2.708407529379406 2.781836462191588
0.0067210714285924015 0.4849915896505293 3.0098091762181043 2.3128432663442573
-0.0045876066458289825 0.19957953515209992 3.0565566488741434 1.4723437103871175
0.002317574911281029 0.5688271992909051 2.9695829732112142 2.9539985778347906
-0.005972448191155261 0.625968172100799 3.1796172087824925 2.2971541518370384
-0.00825764063971197 0.6968316052142067 2.902394970018393 1.0050977337115408
-0.003837769843321087 0.39419308257109725 2.8418746797477406 1.2206301397014576
0.004239611658954392 0.17082971711754988 3.16289724572307 1.2527739006660228
0.004470359894842205 0.4566092983446911 3.2882328579597946 1.3294390309851782
-0.004978658758663993 0.1658603640628742 3.0341742053874294 1.3644320233671003
0.0062734727306867095 0.08451836563236798 3.27777407234641 1.936510738923285
0.003243895610475122 0.28955144868339444 3.2210589246418673 1.1139999390606243
-0.007707783601080102 0.02025788340784962 2.982754098821543 2.934400237592305
0.004669797360956895 0.031784252696976184 3.2542393070016087 1.7110150180684423
0.008862514626520317 0.3386896604189202 3.1528073402901757 1.6173581729506867
-0.006048604510853263 0.4943725317427662 3.085163428536964 2.5399514786082094
-0.005067870757664211 0.527908894612695 2.7361941654597723 1.1792511941908201
-0.0066522696657546135 0.31332259737538937 2.7129382932348096 2.171152838429239
0.0006723833169934743 0.544713619513354 3.127047661091171 2.221407873153263
-0.0020303082613010795 0.6289748435459053 2.7965024735807082 1.0772239158943875
0.0017410229069634853 0.16431016590122424 3.1221256848273224 2.0176682910973116
0.002090705138534412 0.6806745934471967 2.8299454856719595 1.4427300102444909
0.0017863048892148984 0.037553080326375055 2.809799978296571 2.903205092175737
-0.004002432016828825 0.3009332309325903 3.146967277888719 1.9880138735897097
-0.005223031647705224 0.006607291200944804 2.9336469260766798 1.490706481393777
-0.004587515958254245 0.5535448022401994 3.192369773673165 2.6078694667009388
-0.002067482790607639 0.029064756890380128 2.937170021189176 1.6480728168404426
-0.007467532766285858 0.536119829121841 3.088812573168568 2.0210799447525165
-0.005618418440463461 0.1548407863173457 3.1847380492776174 2.6905315394445575
0.005133652869271279 0.24979489437117772 3.0532120056103014 1.0875564276375798
-0.00810066509472778 0.5471135694266465 3.0625525108852383 1.779586231672196
-0.0047584110133618565 0.518157019668367 2.744900250420014 1.16007728099423
0.005759681306853154 0.5541400036570165 3.277565388740184 2.759433511413245
0.006290639354129027 0.3150202631289823 3.023638230600688 1.9548243588177523
-0.005843682668137722 0.6565831896641348 2.7272116419667176 1.7629304102328243
-0.0005874620048726669 0.12083321808450609 2.864207219072311 2.987111725566979
-0.0063816232684503 0.16766496257135632 2.8461471524982644 2.623766989602645
0.002874999443465937 0.22149977632971507 3.123431520105276 1.7892474373005196
-0.0069793775533841355 0.3744931300648187 3.2465475382223232 2.8297511324746134
0.0014873347036338518 0.21080996640580155 2.974054745945126 1.847910580508123
-0.008630824338474079 0.4632545657573477 3.1352708489215892 1.210932421998234
-0.005319347946245564 0.19874137641068268 3.1630299287222927 1.7200868713820694
0.001814149448381246 0.2697637865546505 2.7794749245040262 2.698308038759974
-0.0004948142399319104 0.05874344768028861 2.97255619432019 1.6163521987516527
0.007301283415123377 0.43418151183817083 2.7599693108236836 1.2891711468011962
-0.005576487565967527 0.5282712281192176 2.897367128263217 1.9284235794862643
0.0005375904569621088 0.12109541316115946 2.7487062206266235 2.8291885124350453
0.0007346807950280414 0.002373108339067842 2.69650020152821 2.0281334703061655
0.007272636495778972 0.40982483635530215 2.7417963681151547 1.2124385064706544
-0.003694558661322488 0.5074518027633986 3.0376522614362527 2.7659454397262135
0.006655375644120804 0.1584253001710778 2.9114724131610545 1.3036600927086424
-0.00364898378980304 0.14679732686159228 3.142699033727751 1.4330733818372419
-0.0013741132030483274 0.34813549475000055 2.9519664454123165 1.8487857400776853
-0.00235874048239308 0.2892385764754839 2.780566383335027 1.7660844082431038
0.00023732535395847455 0.3520312013730743 3.139827006698601 1.3526810910733895
-0.009573795763316444 0.25375327093756417 3.1519913659855545 1.883267987589512
-0.00609967743716512 0.28621068215973233 3.2224117750848467 2.995848989731222
0.008007409521156538 0.6607751460557099 3.1838029964682466 2.327018110209093
-0.00687015335392269 0.2944382358221901 3.2829999016427203 1.3153618025493865
0.007487943353994005 0.10763114310316091 3.0154538659676953 1.4884679004303638
-0.0018181004665990235 0.1853641330980472 2.771912942894747 2.8585325297293602
0.008591193789938171 0.2065138280041639 2.712020534600717 2.5081490447345507
-0.0014096869009214107 0.46553149154656653 3.200040779246203 2.5722358873783784
0.00032372987851826945 0.5022824936003482 3.108212749142793 2.284353885754031
-0.0021533373493806294 0.2224055563137471 2.8610402634254792 1.8636001404095506
0.008132023792927084 0.6334103004801948 3.1007254623203413 2.267723953573419
0.00948190953626577 0.5018798888445107 3.1795201410664573 2.2893958488921546
-0.0020507593516473055 0.35397073116075967 3.2332809080596676 2.0470143767798197
0.0015279501674556925 0.18730773957659452 3.1033214287095197 1.9645780122095273
-0.0050232449191627265 0.620976378202163 2.9249900486759444 1.400668923752747
-0.008191707491621621 0.4805153734713341 3.000545269377472 2.2044960624000396
-0.0004320402660181726 0.3437130484233237 3.154764528248526 1.0517728705343268
-0.0005649972078247112 0.34735483964877234 2.846237726967727 2.002605502586884
0.005244518540971292 0.15019730673841755 2.7430251772817487 1.125008836006576
-0.003429707812917392 0.34055721137714334 3.2902086422714425 1.7947970560789936
0.0036035057135342516 0.6917923189056285 3.0021459159006367 2.3811398805590653
0.00927560447487033 0.07941915792964249 2.844492811458684 1.0276683697230553
-0.0028280855034361107 0.07081148424292688 3.2230875098092926 2.417644457362788
-0.006797215410100069 0.5336875119483688 2.895161321292417 1.240996594346479
-0.005467598018918961 0.18315554792537075 3.193665892800175 2.868989954801203
-0.007849694720250351 0.040182436539457314 2.995741993643693 2.843745417674501
0.002101119307735667 0.4434146893370674 2.785123222185866 2.076941813175509
0.0070123748866328835 0.19977648557095193 3.0867545208749925 1.0716460211808125
-0.006983614472704829 0.5222814008228673 2.9290584142714393 1.2265896082192005
0.009958083807104261 0.43794427809060504 3.2442811573281567 1.5398829642639311
-0.006729375582767006 0.6922798817104417 3.0999000692838603 2.074766933819436
0.003999478813159716 0.45146456038379423 2.890417808156575 2.167772798763945
0.003442073936724485 0.24213641021117954 2.776398532657834 2.8699792670370057
0.003756501132816392 0.1498407158062905 3.19280666071588 1.2483705972384345
-0.0035575026337336616 0.052400913320273856 3.2214163277777312 2.5926399849412056
0.0037974792992880747 0.18413695832917698 3.279467917913371 1.9542649995613437
-0.005059950157871605 0.46189959183336216 3.1266857854792267 2.1437240752634743
0.0015641370798472852 0.5456462476405511 2.991074672780318 1.4504139924489674
0.000516887374539881 0.3440082265008886 3.0873864015995016 2.5755968541581797
0.004633961404552358 0.10400959566933536 2.773073359698517 1.1929137597898798
0.00509445006004809 0.35077878109732585 3.0762567605321953 1.1353789058812083
-0.008552272987896691 0.03862583036372175 3.196951228949911 1.0282458327082207
0.0009110625770148983 0.5454941215074663 2.915363053565634 1.7195447231714103
-0.0005444474934427415 0.5526425128808985 3.1696571634871518 2.2861608339457464
-0.00018352524603664107 0.351759266994392 2.9705208992078713 1.8782339581594845
0.008171582220465847 0.19722001964906757 2.7397984930084087 2.767518856844008
0.008841904868259639 0.24597516253260743 3.157750055917447 1.9814181076387274
0.0028858264760112133 0.6029665837078657 3.2375131243694115 2.5187646793540264
0.007348936292078873 0.567318280345077 2.96623617046922 2.419238274464557
0.0002748461840440426 0.2520516403383791 2.870942586997314 2.960806069787718
-0.0035140680263588374 0.14594909765999087 2.9286960128112844 2.1573600721540154
0.0036849275497518328 0.613309309271795 2.847308957533149 1.5328190386128964
0.0002395448411393478 0.6266450536096307 3.184436132369965 1.3746583659524185
0.00889090282757017 0.27419119951046905 2.87376109489253 2.5090661669515177
-0.005551088938945049 0.6874289983114387 2.848660327591974 1.5234096220522175
0.0065718626883194695 0.6063298965622484 2.876624243711924 1.9614598383256068
-0.0039363002120912935 0.5300828735088745 2.994357313598671 2.891028105694393
-0.008124703033757529 0.11063153534573161 2.7812947480527246 2.4942065007594683
-0.007747431171075467 0.06779197190754938 2.826648540598675 1.4613048178580683
-0.007693913958573684 0.4769969593189356 2.9866849515764216 2.3871482299676607
0.006501776277909953 0.35158568013027064 3.2011699546833072 1.6230550287794747
0.0053043944945666745 0.315855554648474 2.9918623403956377 1.635565410085025
-0.0021827471666014796 0.11201702902913063 3.100570350363967 2.610048147819109
-0.0018874223290986153 0.18395312004256498 2.9302506600630918 2.6538714901951392
0.0016267450686804337 0.5143921261201717 2.9456109948984412 2.177847067775257
0.008922744466033071 0.06312048984108998 3.0063012681328924 1.2533046145558684
-0.009997379573896174 0.14449635445442277 2.9508464688081175 1.7172784758656203
0.007576980461302734 0.3552121117145368 2.8240292006852137 1.298565947358636
-0.006055154848436033 0.5258989300987614 3.2273831106005204 2.6824358238486647
0.004687830659418139 0.033376513762168825 3.25200455909878 1.7076821620438065
-0.0035260408628248353 0.0997673779927406 3.0908353907862507 2.1131027367305193
0.0011206395352225873 0.26330528615759025 2.82027976592269 1.9942881530467058
0.0047666298000087 0.08302049289496477 2.739998541004125 1.2325812740891626
-0.004392280391162143 0.0929079350138681 2.7571542827186466 1.282996029455667
0.005132583974592987 0.6240714882351132 3.0316486501433784 1.2703732992305656
0.009180803284761023 0.580799246243866 3.151178192236522 1.473666906024111
-0.004008507799669426 0.4183153535436568 3.2221869013177225 2.227289407149043
-0.004878682794736542 0.4133787613161972 3.212259617993603 1.7612641465331942
-0.004997620834284478 0.6104434941978323 2.8789875592343357 1.5507568962315192
0.0015279501674556925 0.18730773957659452 3.1033214287095197 1.9645780122095273
-0.004800266529918603 0.09654186394260661 3.2741417772396146 2.5730010381471455
0.0027077645287581368 0.5245559540477596 3.2895616315874725 1.8167873450648266
0.004677920170287176 0.010227660853486503 2.8257289896233155 1.401674704350505
-0.0029100474636436406 0.35765357373408124 3.047973104561158 1.0806767365225274
0.007049461056569782 0.31670779782545333 3.211719084733989 2.000916773198882
-0.0018834951840405586 0.24212413538885066 3.1823354502768857 1.506983664976075
0.009899344087698042 0.1821082813578417 2.7617597534110825 1.7184074617956417
0.008902701579868038 0.39349917489530134 2.860487012499087 2.089130102792803
-0.00011912976102195199 0.6808387448869289 3.1060057685928357 2.0917099616883084
-0.004647417949790897 0.08001748902243416 3.079759913550894 2.827460530969064
0.0009050165796412107 0.5537405679683051 3.2809420131600406 1.5811872191748158
-0.004885508818292238 0.229229688796258 3.159764139538911 2.6777862690501464
-0.0053588926955139326 0.39613210433410845 3.241154516947483 1.5964431698268022
-0.0013604485208092384 0.4969455142995274 2.886682388817059 2.4454353173226995
0.0006800682021803192 0.5293124707620405 3.010064164523878 2.69177336358136
-0.008037233901158406 0.1219650960750327 2.894340970654352 1.6015348631570967
-0.009167842502222363 0.36307213796287063 3.2336839540178617 1.3375436507806935
0.004175452504008449 0.21883053558679444 2.6934246273730524 2.790314576139561
0.004786386092498409 0.024632432642779367 2.9116964285909575 1.7934181006542471
-0.0014067412059995633 0.1131924142040889 3.124148501458788 2.5517074909125084
-0.0035369641252787735 0.04618186507946656 3.148774044750804 2.949381511696047
-0.0005294792444618772 0.5939685703606621 2.859576520563274 1.0455036444758978
-0.0017884462278983104 0.2555873263287057 3.058406494988564 1.052353886476823
0.007681431137360447 0.42148881844471775 2.85216559690207 2.9272176411994044
0.0027671712005984 0.0173810853379697 3.183364845037171 1.297008546864281
-0.0035878887801147437 0.1269595174343875 2.9254086020238383 1.9860275716833304
0.0015695011104119349 0.6420789922473644 2.838637368327403 1.3306529643857632
0.0022950040174829064 0.07512753044616893 2.7618030047348148 1.6615846108271748
0.002024478787076096 0.2947982358766228 2.747960145761557 2.8712417996867075
0.007496920200059492 0.5133224307585419 3.068363938114758 1.7899509772749662
0.007052809112294601 0.1754458025545858 2.871552892706124 1.5334433899669773
-0.006543732586279761 0.6557044713226555 3.149926743743002 2.1717477961223492
0.0007400374976433309 0.33218120017619385 3.0811976371931737 2.5594591114280876
-0.0015748863737945259 0.35033571664621443 2.9097096221122865 1.2129629837307623
0.006214175090817649 0.6334921100869852 3.240581544647404 2.5976768356864195
0.007002410349211463 0.265394365207774 3.1361312834406685 1.1308846836320092
-0.0014764044023295791 0.1561056275387473 3.279743961204713 1.2599862647390845
-0.00829470737462596 0.1348951291729272 2.794957974728554 2.478237268598374
-0.00045653722919628513 0.025905364579833612 2.772549481888334 1.223192510127793
-0.0021530050166983453 0.5067356458012457 3.016996345221477 1.975308693141589
0.009754662998407344 0.37545940299931696 3.075127060000179 1.7615709023911572
-0.005467983358526324 0.36365634696013954 3.232113373098811 1.723501738319194
0.00649573435927853 0.5400565034653898 2.99953164890819 2.4029827371741734
0.004561462599874003 0.10491573329177087 2.777277965787531 1.1917191683828072
-0.00629575489648665 0.15092399272581628 3.2256596358333147 1.7531114853772518
-0.007990313816482708 0.05737800331152717 3.2851739570685785 1.8904003029673015
0.00194844150710751 0.20815123510914368 2.69707992604117 1.6479631100419057
0.002433038951327595 0.3657916856822844 3.0772872385068997 2.98878021373655
-0.004932453406600295 0.2811983268124676 3.2004306123662425 1.7953892714443498
-0.0037401297790088136 0.26964869469869834 3.2471394913570695 1.623364723406402
0.0028525865871744218 0.6462078508486059 2.923548278358201 1.7539925483114707
0.007998343187998358 0.15166676065118093 2.817514329445816 1.7487973998682136
-0.0017395724267403132 0.09257815331623387 3.244708709261355 1.15392816863432
-0.002749556660275189 0.23900113476329557 2.8685312309598276 1.7412436192377445
-0.003288358186468209 0.22674083629041608 3.206235710361596 1.578677207470138
-0.007330068827438618 0.2345097865883864 3.1998632532754483 2.5868542375067634
0.008945487426445919 0.2468953671397835 3.1285075297045664 1.8204481707169808
-0.0042696063093466425 0.5994119160937168 2.9201491453710844 1.4704039453383768
0.0017145602444134764 0.13875582520751922 3.0743462093744673 1.9688459881139448
-0.00036601854052065196 0.592203664781323 3.195345057733163 1.4304243670215522
0.003140774897691908 0.37995525495667437 2.934182003678857 1.2306029146048845
0.003330720653693898 0.5542195032410643 3.2835785292363746 1.6947976579233424
0.0012701566421410649 0.17870220619673088 2.97458511042609 1.4801474801983496
0.003949642684560952 0.06794265051120651 3.1696281771031036 2.459253620789366
-0.00485565266846821 0.5761661682925429 3.0961470597415626 2.173394537859378
-0.003748436756547684 0.1431128115615347 3.13572160412867 1.6602429830660534
-0.007900906799352809 0.40777987446081243 3.2082315090709494 2.77541310909831
-0.0029787246166502373 0.5124555699876846 3.0357364373099442 2.9060345973975936
-0.005979522615383368 0.09457614064397651 2.7912875730291757 2.3383527278314795
0.006846530562459017 0.584268398724524 3.003758056193014 2.4764762830251827
-0.008818984889804597 0.20049293058283546 2.882123767124319 2.720127138138687
0.00592907254560615 0.5124138546021704 3.2721820854531414 2.0854515343711415
0.0015054040793963685 0.19597906502145632 2.8430206508628197 2.5269352492576913
0.0009994375827348974 0.6925303904023099 2.905657092092773 2.268739402040048
