10.000000 45.137177 41.438923 49.215725 38.425059 52.891685 36.269037 55.972439
10.139395 45.135692 41.437940 49.214185 38.424195 52.890169 36.268222 55.970686
10.280732 45.134187 41.436944 49.212624 38.423320 52.888633 36.267395 55.968909
10.424040 45.132613 41.435902 49.210991 38.422404 52.887026 36.266530 55.967050
10.569346 45.130975 41.434817 49.209292 38.421451 52.885354 36.265631 55.965115
10.716676 45.129314 41.433718 49.207569 38.420485 52.883659 36.264718 55.963154
10.866061 45.127631 41.432603 49.205823 38.419505 52.881940 36.263793 55.961165
11.017528 45.125882 41.431445 49.204009 38.418488 52.880156 36.262833 55.959101
11.171107 45.124050 41.430232 49.202109 38.417422 52.878285 36.261826 55.956937
11.326826 45.122192 41.429002 49.200182 38.416341 52.876389 36.260805 55.954743
11.484715 45.120308 41.427755 49.198228 38.415245 52.874466 36.259770 55.952518
11.644806 45.118367 41.426469 49.196214 38.414115 52.872484 36.258703 55.950225
11.807128 45.116317 41.425112 49.194088 38.412922 52.870391 36.257577 55.947804
11.971713 45.114239 41.423736 49.191932 38.411713 52.868270 36.256435 55.945350
12.138593 45.112131 41.422340 49.189746 38.410486 52.866118 36.255277 55.942861
12.307798 45.109976 41.420913 49.187510 38.409232 52.863918 36.254092 55.940315
12.479362 45.107683 41.419394 49.185131 38.407897 52.861577 36.252832 55.937607
12.653318 45.105358 41.417854 49.182720 38.406544 52.859203 36.251554 55.934861
12.829698 45.103000 41.416293 49.180274 38.405172 52.856796 36.250259 55.932077
13.008537 45.100607 41.414708 49.177792 38.403887 52.854353 36.248943 55.929250
13.189869 45.098042 41.413010 49.175131 38.402513 52.851735 36.247534 55.926221
13.373729 45.095441 41.411287 49.172433 38.401120 52.849079 36.246104 55.923149
13.560151 45.092804 41.409540 49.169698 38.399708 52.846387 36.244655 55.920035
13.749172 45.090130 41.407770 49.166924 38.398276 52.843657 36.243185 55.916877
13.940828 45.087279 41.405880 49.163966 38.396748 52.840745 36.241617 55.913509
14.135156 45.084369 41.403954 49.160948 38.395190 52.837775 36.240018 55.910073
14.332192 45.081420 41.402000 49.157889 38.393610 52.834764 36.238397 55.906589
14.531975 45.078429 41.400019 49.154786 38.392008 52.831710 36.236753 55.903057
14.734543 45.075262 41.397921 49.151501 38.390311 52.828477 36.235011 55.899317
14.939935 45.072008 41.395765 49.148126 38.388568 52.825154 36.233222 55.895474
15.148189 45.068709 41.393580 49.144704 38.386801 52.821786 36.231409 55.891578
15.359347 45.065364 41.391363 49.141234 38.385009 52.818370 36.229570 55.887627
15.573448 45.061848 41.389034 49.137586 38.383124 52.814780 36.227636 55.883473
15.790533 45.058209 41.386622 49.133811 38.381175 52.811064 36.225635 55.879176
16.010645 45.054519 41.384178 49.129984 38.379197 52.807296 36.223606 55.874818
16.233824 45.050778 41.381699 49.126103 38.377193 52.803476 36.221549 55.870400
16.460115 45.046874 41.379112 49.122053 38.375100 52.799489 36.219401 55.865788
16.689560 45.042804 41.376415 49.117832 38.372919 52.795334 36.217163 55.860982
16.922204 45.038678 41.373681 49.113552 38.370708 52.791120 36.214894 55.856109
17.158090 45.034495 41.370908 49.109212 38.368465 52.786848 36.212593 55.851167
17.397264 45.030160 41.368036 49.104716 38.366142 52.782422 36.210209 55.846048
17.639773 45.025610 41.365020 49.099995 38.363702 52.777775 36.207705 55.840674
17.885662 45.020996 41.361962 49.095209 38.361229 52.773063 36.205167 55.835224
18.134978 45.016318 41.358861 49.090356 38.358721 52.768285 36.202594 55.829699
18.387770 45.011507 41.355672 49.085366 38.356141 52.763372 36.199947 55.824017
18.644085 45.006419 41.352299 49.080088 38.353413 52.758176 36.197147 55.818008
18.903974 45.001261 41.348879 49.074736 38.350647 52.752907 36.194309 55.811915
19.167485 44.996030 41.345411 49.069310 38.347842 52.747565 36.191430 55.805737
19.434669 44.990691 41.341872 49.063772 38.344978 52.742112 36.188492 55.799431
19.705578 44.985003 41.338100 49.057871 38.341927 52.736302 36.185362 55.792712
19.980263 44.979236 41.333784 49.051888 38.338833 52.730411 36.182187 55.785900
20.258777 44.973389 41.329259 49.045822 38.335696 52.724438 36.178968 55.778994
20.541173 44.967459 41.324671 49.039671 38.332515 52.718381 36.175705 55.771990
20.827506 44.961106 41.319754 49.033080 38.329106 52.711891 36.172207 55.764486
21.117830 44.954659 41.314764 49.026392 38.325646 52.705305 36.168657 55.756871
21.412202 44.948123 41.309705 49.019611 38.322138 52.698627 36.165058 55.749150
21.710676 44.941605 41.304576 49.012736 38.318581 52.691857 36.161409 55.741322
22.013311 44.936284 41.299118 49.005420 38.314796 52.684652 36.157525 55.732993
22.320165 44.930847 41.293540 48.997945 38.310928 52.677291 36.153557 55.724482
22.631296 44.925334 41.287885 48.990366 38.307005 52.669826 36.149533 55.715852
22.946764 44.919745 41.282151 48.982681 38.303028 52.662258 36.145452 55.707102
23.266629 44.913839 41.276093 48.974563 38.298826 52.654263 36.141141 55.697859
23.590953 44.907761 41.269859 48.966210 38.294501 52.646035 36.136705 55.688348
23.919798 44.901599 41.263538 48.957739 38.290116 52.637692 36.132206 55.678704
24.253227 44.895351 41.257128 48.949151 38.285669 52.629233 36.127645 55.668925
24.591304 44.888797 41.250406 48.940145 38.281005 52.620362 36.122860 55.658671
24.934094 44.882003 41.243439 48.930811 38.276170 52.611167 36.117901 55.648043
25.281661 44.875116 41.236375 48.921347 38.271268 52.601844 36.112872 55.637268
25.634074 44.867908 41.229212 48.911751 38.266298 52.592392 36.107773 55.626342
25.991399 44.857769 41.221754 48.901761 38.261121 52.582550 36.102464 55.614967
26.353705 44.847186 41.213969 48.891333 38.255717 52.572277 36.096921 55.603094
26.721062 44.836457 41.206076 48.880761 38.250238 52.561860 36.091301 55.591056
27.093539 44.825578 41.198072 48.870041 38.244682 52.551299 36.085602 55.578851
27.471208 44.814334 41.189799 48.858961 38.238939 52.540383 36.079711 55.566235
27.854142 44.802516 41.181102 48.847315 38.232899 52.528907 36.073517 55.552975
28.242413 44.790533 41.172283 48.835507 38.226776 52.517271 36.067237 55.539530
28.636097 44.778383 41.163342 48.823534 38.220567 52.504220 36.060869 55.525898
29.035269 44.765917 41.154167 48.811249 38.214195 52.490597 36.054335 55.511910
29.440005 44.752722 41.144453 48.798245 38.207447 52.476177 36.047414 55.497103
29.850382 44.739344 41.134603 48.785060 38.200604 52.461556 36.040397 55.482090
30.266481 44.725778 41.124616 48.771691 38.193666 52.446731 36.033283 55.466868
30.688379 44.715245 41.114444 48.758073 38.186599 52.431630 36.026035 55.451363
31.116158 44.706438 41.103596 48.743556 38.179060 52.415533 36.018305 55.434833
31.549901 44.697508 41.092597 48.728837 38.171415 52.399212 36.010467 55.418074
31.989689 44.688455 41.081445 48.713913 38.163665 52.382663 36.002519 55.401081
32.435608 44.679274 41.070137 48.698780 38.155806 52.365884 35.994461 55.383851
32.887743 44.669463 41.058058 48.682621 38.147406 52.347966 35.985850 55.365451
33.346180 44.659489 41.045779 48.666194 38.138868 52.329752 35.977096 55.346747
33.811008 44.649376 41.033328 48.649539 38.130211 52.311285 35.968220 55.327783
34.282315 44.639122 41.020705 48.632651 38.121433 52.292560 35.959220 55.308554
34.760192 44.627143 41.007315 48.614745 38.112118 52.272707 35.949672 55.288166
35.244730 44.609664 40.993611 48.596420 38.102583 52.252389 35.939898 55.267299
35.736022 44.591942 40.979716 48.577147 38.092916 52.231788 35.929988 55.246142
36.234163 44.573973 40.965627 48.557202 38.083114 52.210899 35.919940 55.224690
36.739248 44.555056 40.950790 48.536205 38.072786 52.188909 35.909354 55.202106
37.251373 44.535564 40.935500 48.514570 38.062142 52.166252 35.898445 55.178836
37.770637 44.516794 40.919997 48.492634 38.051349 52.143278 35.887383 55.155241
38.297139 44.502508 40.904278 48.470392 38.040405 52.119985 35.876167 55.131318
38.830980 44.487566 40.887842 48.447142 38.028958 52.095637 35.864436 55.106310
39.372263 44.467953 40.870790 48.423026 38.017078 52.070382 35.852262 55.080370
39.921091 44.446014 40.853500 48.398573 38.005032 52.044775 35.839919 55.054068
40.477570 44.423719 40.835968 48.373780 37.992819 52.017866 35.827403 55.027399
41.041805 44.403446 40.817768 48.348046 37.980134 51.989300 35.814406 54.999719
41.613906 44.381592 40.798757 48.321176 37.966879 51.959476 35.800827 54.970815
42.193981 44.358487 40.779481 48.293931 37.953440 51.929236 35.787058 54.941509
42.782142 44.335060 40.759937 48.268338 37.939813 51.898574 35.773097 54.911794
43.378502 44.310913 40.740440 48.242275 37.925762 51.866975 35.758702 54.881169
43.983175 44.285531 40.722608 48.212276 37.910979 51.833768 35.743560 54.848981
44.596276 44.264642 40.704527 48.181858 37.895989 51.800099 35.728207 54.816344
45.217924 44.243878 40.686195 48.151016 37.880791 51.765961 35.712640 54.783252
45.848238 44.222623 40.667427 48.123544 37.865231 51.731023 35.696703 54.749384
46.487337 44.200118 40.647555 48.097786 37.848750 51.694074 35.679826 54.713559
47.135345 44.177299 40.627405 48.071668 37.832039 51.656610 35.662714 54.677234
47.792386 44.154162 40.606974 48.045187 37.815095 51.618624 35.645363 54.640403
48.458586 44.129383 40.586206 48.012996 37.797871 51.580014 35.627726 54.602966
49.134073 44.101508 40.564071 47.978003 37.779505 51.538929 35.608925 54.563118
49.818975 44.076247 40.541626 47.942523 37.760884 51.497271 35.589861 54.522715
50.513425 44.048109 40.518869 47.906548 37.742002 51.455033 35.570532 54.481749
51.217554 44.019578 40.495795 47.870071 37.722858 51.412206 35.550934 54.440212
51.931499 43.989250 40.471254 47.831334 37.702487 51.366738 35.530087 54.396100
52.655396 43.958373 40.446267 47.791899 37.680329 51.320452 35.508861 54.351194
53.389384 43.927065 40.420933 47.751915 37.655248 51.273521 35.487339 54.305661
54.133603 43.895322 40.395245 47.711373 37.629818 51.225935 35.465518 54.259494
54.888196 43.863797 40.368116 47.668620 37.602969 51.175768 35.442470 54.210807
55.653308 43.833787 40.340317 47.624826 37.575459 51.124383 35.418851 54.160935
56.429085 43.803358 40.312130 47.580421 37.548791 51.072281 35.394903 54.110367
57.215676 43.772505 40.283551 47.535397 37.524548 51.019454 35.370621 54.059095
58.013231 43.740149 40.253579 47.488245 37.499116 50.964142 35.345153 54.005398
58.821904 43.706784 40.222672 47.439653 37.472886 50.907150 35.318888 53.950061
59.641849 43.672954 40.191334 47.390384 37.444682 50.849364 35.292258 53.893953
60.473224 43.636027 40.159559 47.340429 37.413709 50.790771 35.265256 53.837062
61.316188 43.588836 40.126466 47.288465 37.381455 50.729838 35.237131 53.777884
62.170903 43.546564 40.092130 47.234605 37.347994 50.666693 35.207947 53.716545
63.037532 43.506815 40.053869 47.179993 37.314067 50.602669 35.178356 53.654351
63.916241 43.464132 40.013006 47.124621 37.279667 50.537751 35.148353 53.591290
64.807198 43.424827 39.970757 47.067403 37.244087 50.470683 35.117314 53.526126
65.710575 43.376613 39.926688 47.007769 37.206958 50.400804 35.084913 53.458210
66.626545 43.322277 39.882004 46.947305 37.169311 50.329950 35.052060 53.389347
67.555283 43.267183 39.839580 46.885997 37.131139 50.258108 35.018749 53.319524
68.496967 43.210608 39.796902 46.824033 37.091919 50.184358 34.984519 53.247835
69.451778 43.151316 39.747082 46.760587 37.050760 50.107125 34.948579 53.172729
70.419898 43.092574 39.696568 46.696257 37.009026 50.028816 34.912139 53.096576
71.401513 43.039100 39.642496 46.640700 36.966711 49.949415 34.875190 53.019362
72.396811 42.994785 39.590462 46.584367 36.923514 49.868399 34.837468 52.940569
73.405984 42.941136 39.536468 46.524960 36.877937 49.783162 34.797645 52.857627
74.429223 42.877915 39.481721 46.464725 36.831725 49.696738 34.757267 52.773528
75.466726 42.813812 39.425430 46.391039 36.784869 49.609108 34.716326 52.688257
76.518692 42.749411 39.367951 46.310874 36.737332 49.520209 34.674789 52.601749
77.585321 42.685811 39.307074 46.226172 36.688218 49.428328 34.630714 52.510292
78.666818 42.621325 39.249762 46.140926 36.640786 49.340179 34.586025 52.417560
79.763391 42.557591 39.188437 46.057466 36.592692 49.250800 34.540713 52.323535
80.875249 42.502975 39.126257 45.972842 36.543928 49.160176 34.494769 52.228200
82.002606 42.428858 39.066873 45.883927 36.492469 49.064903 34.446297 52.127988
83.145678 42.348650 39.011033 45.801371 36.440025 48.967852 34.396900 52.025908
84.304684 42.274495 38.943935 45.728195 36.386850 48.869449 34.346813 51.922406
85.479845 42.194279 38.874716 45.634411 36.332934 48.769674 34.296029 51.817460
86.671388 42.126799 38.802328 45.563483 36.276422 48.665471 34.242812 51.707872
87.879540 42.048407 38.735239 45.480389 36.213563 48.558819 34.188288 51.595712
89.104533 41.968922 38.670577 45.382956 36.147382 48.450680 34.133003 51.481988
90.346602 41.887380 38.605015 45.284164 36.080280 48.345661 34.076948 51.366680
91.605985 41.804540 38.536781 45.181618 36.010491 48.241065 34.018592 51.247023
92.882923 41.718331 38.466533 45.076206 35.938672 48.133515 33.958503 51.124041
94.177660 41.630920 38.392285 44.969040 35.865851 48.024466 33.897577 50.999345
95.490446 41.540034 38.323087 44.858620 35.792016 47.913896 33.835801 50.872910
96.821531 41.445037 38.248392 44.744682 35.727526 47.799753 33.771891 50.742477
98.171170 41.356089 38.171151 44.627130 35.661560 47.681936 33.705786 50.607935
99.539623 41.260151 38.092833 44.507938 35.594673 47.562477 33.638759 50.471518
100.927151 41.162875 38.007640 44.387086 35.526855 47.441352 33.570798 50.333198
102.334021 41.067490 37.919047 44.263061 35.446821 47.319682 33.500904 50.191274
103.760502 40.959305 37.826101 44.142219 35.359072 47.188242 33.428319 50.044452
105.206867 40.854236 37.733969 44.022710 35.270100 47.057687 33.354723 49.895584
106.673394 40.750255 37.639000 43.893198 35.179887 46.925312 33.280100 49.744640
108.160363 40.640970 37.542906 43.760932 35.087674 46.790089 33.203777 49.590509
109.668060 40.531609 37.442419 43.623753 34.991766 46.649732 33.124247 49.430725
111.196773 40.426324 37.347082 43.484661 34.894521 46.507545 33.043608 49.268713
112.746796 40.330796 37.252215 43.343631 34.804670 46.363123 32.961845 49.104443
114.318425 40.228348 37.155682 43.200211 34.723638 46.216364 32.878635 48.937403
115.911962 40.112481 37.054937 43.055222 34.638843 46.063802 32.791698 48.764032
117.527712 39.989615 36.952788 42.900252 34.552865 45.909112 32.703550 48.588245
119.165984 39.862553 36.837885 42.747129 34.465689 45.752266 32.614173 48.410008
120.827094 39.718476 36.715275 42.584620 34.377298 45.593234 32.523550 48.229286
122.511358 39.581456 36.607216 42.427875 34.284723 45.428003 32.428822 48.041880
124.219100 39.439681 36.493486 42.268259 34.179923 45.260380 32.332712 47.851770
125.950646 39.296760 36.381313 42.105021 34.070516 45.090421 32.235261 47.659009
127.706330 39.145279 36.258002 41.940791 33.959583 44.918093 32.136452 47.463562
129.486487 39.002725 36.140715 41.771089 33.844504 44.740127 32.033822 47.262091
131.291459 38.850616 36.006322 41.598349 33.727355 44.559103 31.929324 47.057222
133.121590 38.707297 35.863766 41.430711 33.607466 44.375555 31.823369 46.849497
134.977233 38.571904 35.728386 41.249746 33.488137 44.200898 31.715938 46.638877
136.858742 38.404421 35.582836 41.067416 33.363915 44.026441 31.605002 46.422909
138.766479 38.257872 35.434415 40.885914 33.237137 43.848531 31.491733 46.202987
140.700809 38.110004 35.283926 40.689153 33.108592 43.640744 31.376886 45.979999
142.662102 37.960075 35.131338 40.498042 32.978256 43.419924 31.260437 45.753903
144.650734 37.794332 34.975071 40.302573 32.844511 43.201032 31.140818 45.523105
146.667087 37.607958 34.815541 40.099081 32.720460 42.992275 31.018453 45.288007
148.711546 37.422788 34.653788 39.901041 32.582640 42.780607 30.894382 45.049632
150.784505 37.244699 34.489779 39.697477 32.439074 42.565989 30.768582 44.807934
152.886359 37.063674 34.337313 39.496058 32.292485 42.347403 30.639940 44.562085
155.017512 36.854480 34.195351 39.298925 32.142654 42.124621 30.508227 44.311891
157.178372 36.663696 34.042145 39.071283 32.001968 41.879826 30.374678 44.058209
159.369353 36.469117 33.871118 38.854572 31.861815 41.639023 30.239267 43.800991
161.590875 36.304637 33.698345 38.644313 31.714867 41.433275 30.101308 43.540008
163.843365 36.115493 33.519486 38.404693 31.554096 41.200416 29.960089 43.275025
166.127252 35.916556 33.348689 38.173522 31.388676 40.960456 29.816902 43.006348
168.442976 35.711747 33.179620 37.953847 31.216431 40.717150 29.671719 42.733926
170.790980 35.519497 32.986580 37.704536 31.058038 40.470445 29.528027 42.457879
173.171713 35.313907 32.786514 37.457260 30.903538 40.220263 29.385505 42.178667
175.585633 35.108814 32.596356 37.236697 30.720470 39.966595 29.240996 41.895563
178.033202 34.884506 32.397074 37.005203 30.543234 39.709390 29.094473 41.608512
180.514888 34.652482 32.200262 36.781735 30.377878 39.448697 28.945810 41.317643
183.031168 34.431046 31.999988 36.524470 30.196814 39.180147 28.793838 41.025028
185.582523 34.210043 31.802159 36.281855 30.013141 38.918816 28.639748 40.728335
188.169442 33.973535 31.591166 36.043527 29.827244 38.648322 28.483510 40.427507
190.792422 33.740685 31.384665 35.803042 29.633546 38.384459 28.325094 40.122484
193.451965 33.510784 31.176583 35.567573 29.456475 38.110966 28.163826 39.817328
196.148581 33.285020 30.971922 35.310251 29.279639 37.819674 28.000273 39.508163
198.882786 33.073401 30.774143 35.075337 29.100338 37.513836 27.820396 39.194687
201.655104 32.815210 30.561510 34.793500 28.918538 37.204245 27.635964 38.876843
204.466067 32.583813 30.344442 34.524760 28.734448 36.930266 27.450015 38.559814
207.316213 32.342130 30.129147 34.261468 28.547848 36.658807 27.261716 38.239565
210.206088 32.087121 29.912309 33.987855 28.358647 36.378415 27.070791 37.914851
213.136247 31.841248 29.679088 33.714208 28.166808 36.080081 26.877206 37.585612
216.107251 31.581337 29.448364 33.452173 27.973215 35.782131 26.682600 37.257742
219.119669 31.336272 29.202982 33.152136 27.772030 35.482124 26.486056 36.928052
222.174078 31.080236 28.967840 32.874899 27.553033 35.177935 26.286773 36.593765
225.271064 30.840935 28.733030 32.581235 27.330984 34.870264 26.084712 36.254819
228.411221 30.573529 28.479400 32.295415 27.108459 34.592348 25.881915 35.917311
231.595149 30.303539 28.214132 32.019492 26.884933 34.288594 25.677961 35.580041
234.823460 30.037535 27.969712 31.726564 26.648736 33.964448 25.477966 35.238070
238.096772 29.770782 27.740810 31.455838 26.408125 33.680361 25.275498 34.891333
241.415712 29.496482 27.498727 31.156915 26.167285 33.357777 25.072071 34.545540
244.780916 29.245508 27.247707 30.880974 25.927306 33.064569 24.868324 34.202726
248.193029 28.979944 27.011188 30.596404 25.687510 32.720816 24.661738 33.855134
251.652705 28.707373 26.752011 30.295336 25.458951 32.400085 24.452271 33.502696
255.160607 28.436433 26.515876 29.979556 25.229323 32.058098 24.241606 33.150106
258.717408 28.160000 26.267921 29.697657 25.001515 31.752187 24.032087 32.803895
262.323788 27.876939 25.982038 29.377510 24.770531 31.453078 23.819647 32.452857
265.980440 27.596422 25.738414 29.061850 24.518729 31.128425 23.604246 32.096926
269.688063 27.309928 25.486587 28.755767 24.222373 30.781595 23.387067 31.739129
273.447368 27.023766 25.242412 28.485491 23.981740 30.444956 23.172933 31.391707
277.259076 26.745953 24.993100 28.180696 23.748841 30.103624 22.955814 31.039441
281.123917 26.448174 24.743803 27.896193 23.515935 29.757535 22.735668 30.682266
285.042632 26.153414 24.478988 27.612404 23.278990 29.407538 22.512799 30.336325
289.015972 25.884022 24.227434 27.323127 23.043212 29.084518 22.295298 30.023723
293.044698 25.601593 23.967781 27.028933 22.798795 28.746305 22.074765 29.706764
297.129582 25.330372 23.717384 26.734925 22.553029 28.403241 21.851158 29.385387
301.271407 25.035935 23.444426 26.437121 22.306415 28.055395 21.598497 29.059530
305.470967 24.767099 23.171870 26.147553 22.073215 27.722752 21.353236 28.743320
309.729067 24.487148 22.921482 25.858610 21.838505 27.387466 21.105944 28.424113
314.046522 24.193936 22.659398 25.557581 21.591590 27.047506 20.855206 28.100457
318.424160 23.907038 22.368024 25.257704 21.343064 26.702807 20.600972 27.772289
322.862820 23.626794 22.086182 24.973016 21.104992 26.374825 20.368748 27.453172
327.363353 23.351485 21.824998 24.678802 20.866688 26.077040 20.142043 27.133456
331.926620 23.063059 21.575947 24.382009 20.625063 25.774576 19.912177 26.809284
336.553498 22.770167 21.314366 24.087823 20.347483 25.450465 19.659784 26.480593
341.244871 22.474624 21.065010 23.787432 20.077084 25.135378 19.389609 26.142977
346.001639 22.211781 20.816058 23.491680 19.835086 24.821969 19.129755 25.801377
350.824714 21.928126 20.551413 23.201688 19.561161 24.505524 18.886306 25.473881
355.715021 21.649068 20.284372 22.882997 19.305352 24.200086 18.639464 25.162096
360.673495 21.371402 20.024395 22.591321 19.057231 23.893003 18.399067 24.855159
365.701088 21.108216 19.779830 22.313915 18.809990 23.594528 18.164423 24.552409
370.798763 20.818812 19.536065 22.037709 18.572953 23.291892 17.926508 24.233104
375.967497 20.534804 19.272191 21.738691 18.332558 22.985037 17.685277 23.908318
381.208280 20.256441 19.020720 21.454010 18.080427 22.681891 17.448377 23.587560
386.522116 19.983210 18.774728 21.166081 17.834110 22.386937 17.220140 23.275637
391.910025 19.708993 18.524865 20.879805 17.579921 22.087872 16.988721 22.959366
397.373038 19.431181 18.268189 20.591809 17.323246 21.784638 16.754076 22.638686
402.912203 19.163118 18.007948 20.297249 17.082237 21.474912 16.521416 22.319523
408.528580 18.902473 17.767838 20.019833 16.855504 21.180343 16.300284 22.012737
414.223247 18.636258 17.528038 19.751289 16.625611 20.887339 16.074997 21.701674
419.997295 18.373776 17.280936 19.472528 16.392512 20.590251 15.833058 21.386275
425.851829 18.100822 17.029113 19.181840 16.158670 20.292016 15.590921 21.069622
431.787973 17.850564 16.789776 18.917004 15.933926 20.009020 15.365973 20.768911
437.806863 17.587318 16.542960 18.654560 15.708311 19.722080 15.137890 20.464008
443.909653 17.333079 16.292033 18.388458 15.483504 19.422796 14.906627 20.154855
450.097513 17.067273 16.045175 18.111124 15.248301 19.115065 14.672260 19.841517
456.371628 16.816659 15.817644 17.852166 15.028015 18.840024 14.457594 19.547628
462.733201 16.568450 15.588446 17.585018 14.804659 18.561149 14.239936 19.249642
469.183451 16.319905 15.361414 17.316092 14.578190 18.278386 14.019244 18.947502
475.723614 16.063805 15.126959 17.046734 14.354969 17.991682 13.795475 18.641150
482.354943 15.823560 14.899968 16.790732 14.148752 17.720910 13.588026 18.351684
489.078709 15.583176 14.672523 16.535774 13.942050 17.449206 13.380458 18.061199
495.896201 15.336711 14.439571 16.276241 13.725150 17.173414 13.169997 17.766665
502.808725 15.087347 14.214122 16.013091 13.500401 16.890673 12.956601 17.468026
509.817606 14.855982 13.992267 15.758667 13.288251 16.621091 12.756018 17.183291
516.924187 14.616771 13.772306 15.508384 13.080469 16.353593 12.558031 16.903757
524.129830 14.382856 13.551056 15.252900 12.874945 16.082366 12.357285 16.620525
531.435916 14.145850 13.334632 14.998912 12.666557 15.807359 12.153741 16.333344
538.843844 13.918004 13.113505 14.744532 12.467068 15.542607 11.959713 16.056881
546.355035 13.689972 12.906110 14.501091 12.272165 15.282955 11.770689 15.785749
553.970928 13.460914 12.692712 14.260094 12.074545 15.019684 11.579030 15.510837
561.692982 13.230727 12.475313 14.013938 11.872783 14.752744 11.384699 15.232094
569.522678 13.007058 12.267615 13.769043 11.672982 14.493138 11.196866 14.960988
577.461515 12.788827 12.064027 13.536390 11.480109 14.241589 11.016137 14.698270
585.511016 12.566274 11.857436 13.300889 11.286502 13.986533 10.832889 14.431891
593.672722 12.346723 11.649835 13.061906 11.092126 13.729131 10.647086 14.161798
601.948197 12.126884 11.445548 12.824846 10.898748 13.479493 10.465066 13.896328
610.339029 11.916529 11.256565 12.600301 10.714514 13.238909 10.291975 13.642249
618.846824 11.703242 11.051456 12.373362 10.526589 12.991007 10.116470 13.384628
627.473213 11.486982 10.850963 12.143259 10.332441 12.739649 9.938520 13.123415
636.219849 11.268983 10.649304 11.916023 10.143965 12.490081 9.761935 12.863882
645.088409 11.066468 10.460038 11.698264 9.972331 12.254919 9.595886 12.618709
654.080591 10.862108 10.275469 11.478952 9.792807 12.016480 9.427522 12.370119
663.198120 10.653750 10.081709 11.256583 9.611237 11.774717 9.256811 12.118064
672.442742 10.446539 9.889153 11.035585 9.428650 11.533128 9.085313 11.864805
681.816229 10.248851 9.710423 10.827169 9.259263 11.306000 8.925812 11.628875
691.320378 10.049695 9.525988 10.614842 9.087224 11.079777 8.764087 11.389656
700.957009 9.853813 9.335048 10.402306 8.911945 10.848435 8.600107 11.147103
710.727970 9.648261 9.143298 10.191221 8.734223 10.609405 8.433842 10.901169
720.635132 9.463285 8.973039 9.990588 8.569876 10.392345 8.280083 10.674223
730.680395 9.272626 8.792804 9.785267 8.403714 10.172910 8.124625 10.444788
740.865683 9.079989 8.612982 9.582527 8.234049 9.950416 7.967001 10.212154
751.192949 8.889767 8.428594 9.375511 8.061926 9.724821 7.807180 9.976278
761.664172 8.703281 8.263005 9.175634 7.901998 9.514595 7.657506 9.756495
772.281357 8.518897 8.089712 8.982355 7.739286 9.304943 7.508089 9.541861
783.046540 8.335795 7.916199 8.789912 7.574306 9.093144 7.356590 9.326012
793.961785 8.149796 7.734433 8.591313 7.412795 8.878167 7.202978 9.107153
805.029181 7.972811 7.565882 8.402340 7.261725 8.685268 7.057410 8.900810
816.250851 7.797324 7.399692 8.218846 7.111710 8.485777 6.913951 8.697916
827.628946 7.621203 7.239409 8.031189 6.949323 8.283291 6.768492 8.492194
839.165644 7.443259 7.071234 7.841030 6.795997 8.080939 6.621006 8.283605
850.863158 7.274002 6.909365 7.653072 6.647425 7.888471 6.479641 8.084457
862.723729 7.110712 6.751767 7.472609 6.497916 7.705129 6.342190 7.883754
874.749630 6.944641 6.589126 7.296196 6.340595 7.512291 6.202823 7.688341
886.943166 6.775434 6.426703 7.117607 6.189486 7.313972 6.061513 7.490866
899.306672 6.609333 6.269748 6.943025 6.042853 7.131913 5.924522 7.300423
911.842520 6.455139 6.123518 6.771086 5.905372 6.962232 5.792217 7.119176
924.553110 6.296241 5.974106 6.600904 5.763820 6.782329 5.651455 6.935403
937.440879 6.131844 5.821506 6.430784 5.619183 6.603784 5.508730 6.749068
950.508296 5.977070 5.670258 6.260092 5.477228 6.429279 5.369055 6.567074
963.757866 5.830017 5.531019 6.098958 5.341520 6.268085 5.237987 6.397079
977.192128 5.680611 5.388813 5.941331 5.203637 6.105550 5.105092 6.224713
990.813657 5.530107 5.245605 5.783803 5.063734 5.936672 4.970344 6.049945
1004.625062 5.378849 5.103329 5.626508 4.925252 5.765827 4.836717 5.876864
1018.628990 5.238928 4.973595 5.480538 4.795379 5.611043 4.713659 5.718465
1032.828126 5.098594 4.835754 5.330116 4.662817 5.459666 4.588886 5.557859
1047.225190 4.957335 4.702454 5.183214 4.533706 5.304119 4.462374 5.395014
1061.822941 4.810232 4.566620 5.031445 4.401758 5.147153 4.335098 5.231268
1076.624177 4.683091 4.442307 4.891504 4.280985 5.012745 4.220276 5.089224
1091.631734 4.551488 4.314287 4.755416 4.160437 4.875321 4.098550 4.950140
1106.848489 4.417220 4.185456 4.617048 4.034993 4.729895 3.972230 4.809118
1122.277356 4.283145 4.054087 4.474559 3.912227 4.584477 3.844149 4.666130
1137.921294 4.163118 3.939011 4.345309 3.803178 4.456458 3.730424 4.537660
1153.783300 4.042712 3.824368 4.217331 3.687003 4.328190 3.616210 4.408521
1169.866413 3.919617 3.706496 4.088432 3.571554 4.198133 3.500404 4.277581
1186.173716 3.795716 3.588452 3.958672 3.450678 4.065768 3.382866 4.144817
1202.708335 3.682592 3.484812 3.839947 3.345098 3.945753 3.277328 4.024123
1219.473437 3.571895 3.377062 3.724312 3.242542 3.827712 3.173415 3.905088
1236.472235 3.457670 3.267737 3.605164 3.139699 3.708757 3.068054 3.784543
1253.707987 3.340710 3.157525 3.486815 3.030968 3.587384 2.961224 3.662562
1271.183997 3.234014 3.058031 3.375852 2.934834 3.479414 2.863645 3.549685
1288.903612 3.131720 2.960907 3.269465 2.841666 3.373364 2.769836 3.440666
1306.870230 3.030527 2.864679 3.160540 2.745877 3.264860 2.674456 3.330128
1325.087292 2.923590 2.765121 3.049399 2.647113 3.157374 2.575556 3.218048
1343.558290 2.826683 2.672834 2.949504 2.555866 3.057980 2.483958 3.113345
1362.286764 2.735382 2.583832 2.855089 2.470004 2.959668 2.398263 3.014505
1381.276303 2.642410 2.495512 2.759016 2.383176 2.863814 2.311373 2.914287
1400.530545 2.547060 2.404986 2.661978 2.294507 2.766624 2.223272 2.812672
1420.053182 2.457504 2.318652 2.567763 2.213291 2.674028 2.140098 2.716064
1439.847953 2.375971 2.239977 2.483588 2.136333 2.587033 2.064332 2.627052
1459.918652 2.292553 2.161021 2.398127 2.059130 2.498170 1.987510 2.536799
1480.269127 2.206919 2.077879 2.310786 1.981431 2.408408 1.909617 2.445289
1500.903276 2.125098 1.999145 2.225045 1.906386 2.321249 1.834550 2.356690
1521.825053 2.050512 1.929189 2.149207 1.839487 2.242381 1.768057 2.277160
1543.038469 1.976509 1.858419 2.073866 1.771655 2.162575 1.700849 2.196521
1564.547589 1.900758 1.786472 1.995205 1.702878 2.083876 1.632966 2.116029
1586.356534 1.828093 1.715632 1.918182 1.634096 2.004574 1.566080 2.036708
1608.469483 1.763362 1.655321 1.850131 1.574064 1.935259 1.508443 1.966183
1630.890676 1.697919 1.594145 1.781375 1.512780 1.864977 1.450002 1.894675
1653.624407 1.632186 1.531160 1.712608 1.450967 1.793716 1.390746 1.822170
1676.675035 1.565674 1.466539 1.642606 1.388797 1.723514 1.331012 1.749049
1700.046975 1.509429 1.413289 1.584448 1.336775 1.663529 1.281057 1.686980
1723.744708 1.453018 1.357997 1.525555 1.284029 1.601917 1.230406 1.624045
1747.772774 1.394460 1.303123 1.465052 1.230547 1.538904 1.179048 1.560233
1772.135779 1.334873 1.246658 1.403681 1.176320 1.476012 1.126975 1.496899
1796.838391 1.284224 1.199327 1.351858 1.130531 1.422005 1.083026 1.442664
1821.885343 1.234661 1.152787 1.300805 1.085370 1.369058 1.039425 1.388734
1847.281437 1.184559 1.105589 1.248907 1.039685 1.315374 0.995216 1.334053
1873.031539 1.133170 1.057004 1.195132 0.993560 1.260629 0.950391 1.278610
1899.140582 1.088096 1.014836 1.149014 0.953595 1.211769 0.911661 1.230025
1925.613572 1.044714 0.973874 1.104014 0.915080 1.164557 0.874373 1.183015
1952.455581 1.000909 0.933304 1.058151 0.875757 1.117033 0.836565 1.135350
1979.671753 0.956164 0.891915 1.012340 0.835742 1.069209 0.798230 1.087020
2007.267304 0.916607 0.854060 0.971056 0.800206 1.026186 0.764275 1.043749
2035.247521 0.879457 0.819175 0.933021 0.767054 0.985973 0.732582 1.003064
2063.617768 0.841788 0.784341 0.893873 0.733454 0.945450 0.700447 0.961812
2092.383480 0.803636 0.748655 0.854050 0.699384 0.904115 0.667864 0.919984
2121.550171 0.768988 0.715678 0.818064 0.668702 0.866268 0.638248 0.881665
2151.123430 0.737474 0.686028 0.784990 0.641055 0.831752 0.611466 0.846694
2181.108924 0.705084 0.656394 0.751489 0.613022 0.796755 0.584311 0.811236
2211.512400 0.672722 0.626362 0.717821 0.584598 0.761270 0.556777 0.775283
2242.339683 0.642690 0.598115 0.686101 0.558025 0.727979 0.531073 0.741540
2273.596682 0.615945 0.572958 0.658113 0.534585 0.698539 0.508564 0.711676
2305.289387 0.588867 0.547970 0.629684 0.510774 0.668413 0.485741 0.681395
2337.423871 0.561390 0.522635 0.600923 0.486630 0.638201 0.462600 0.650693
2370.006292 0.535016 0.497952 0.573427 0.463455 0.608964 0.440399 0.621142
2403.042894 0.512652 0.476836 0.549714 0.443775 0.583871 0.421576 0.595794
2436.540009 0.490082 0.455714 0.525532 0.423608 0.558412 0.402492 0.570094
2470.504055 0.467279 0.434213 0.501256 0.403157 0.532679 0.383141 0.544035
2504.941542 0.444656 0.413033 0.477353 0.382986 0.507526 0.364053 0.518294
2539.859069 0.425872 0.395560 0.457528 0.366449 0.486600 0.348388 0.496904
2575.263327 0.406827 0.377883 0.437381 0.349681 0.465227 0.332504 0.475216
2611.161101 0.387514 0.359882 0.416882 0.332680 0.443415 0.316399 0.453226
2647.559271 0.367772 0.341743 0.396126 0.315442 0.421526 0.300069 0.430929
2684.464811 0.352138 0.327104 0.379358 0.301745 0.403962 0.287080 0.412965
2721.884795 0.336198 0.312346 0.362464 0.287865 0.386165 0.273917 0.394762
2759.826392 0.320067 0.297245 0.345252 0.273799 0.368119 0.260572 0.376305
2798.296876 0.303783 0.282043 0.327775 0.259658 0.349755 0.247040 0.357590
2837.303617 0.290322 0.269536 0.313373 0.248035 0.334535 0.235932 0.342076
2876.854090 0.277207 0.257294 0.299372 0.236665 0.319623 0.225069 0.326873
2916.955876 0.263876 0.244881 0.285163 0.225136 0.304503 0.214054 0.311458
2957.616659 0.250402 0.232286 0.270599 0.213447 0.289173 0.202885 0.295829
2998.844231 0.238868 0.221601 0.258256 0.203533 0.276094 0.193422 0.282487
3040.646493 0.228015 0.211440 0.246573 0.194171 0.263709 0.184489 0.269849
3083.031457 0.216982 0.201173 0.234718 0.184677 0.251136 0.175431 0.257035
3126.007243 0.205850 0.190799 0.222675 0.175062 0.238356 0.166247 0.244043
3169.582089 0.196035 0.181677 0.212108 0.166644 0.227129 0.158214 0.232616
3213.764344 0.187092 0.173391 0.202452 0.158966 0.216858 0.150893 0.222155
3258.562476 0.177991 0.164901 0.192697 0.151153 0.206474 0.143470 0.211549
3303.985070 0.168800 0.156308 0.182886 0.143254 0.196001 0.135943 0.200794
3350.040830 0.160470 0.148617 0.173995 0.136119 0.186506 0.129147 0.191046
3396.738582 0.153127 0.141788 0.166115 0.129835 0.178086 0.123165 0.182422
3444.087276 0.145682 0.134860 0.158077 0.123462 0.169529 0.117100 0.173677
3492.095985 0.138133 0.127819 0.149927 0.117002 0.160854 0.110950 0.164810
3540.773909 0.131070 0.121216 0.142319 0.110978 0.152750 0.105219 0.156526
3590.130377 0.125061 0.115644 0.135835 0.105853 0.145822 0.100346 0.149441
3640.174847 0.118968 0.109975 0.129320 0.100656 0.138798 0.095404 0.142274
3690.916911 0.112790 0.104217 0.122672 0.095386 0.131675 0.090394 0.135010
3742.366291 0.106837 0.098679 0.116262 0.090318 0.124817 0.085576 0.128015
3794.532847 0.101946 0.094123 0.110982 0.086149 0.119148 0.081616 0.122225
3847.426577 0.096957 0.089527 0.105628 0.081922 0.113400 0.077600 0.116354
3901.057617 0.091899 0.084870 0.100200 0.077635 0.107572 0.073529 0.110401
3955.436245 0.086892 0.080249 0.094813 0.073383 0.101788 0.069490 0.104494
4010.572881 0.082908 0.076560 0.090505 0.070000 0.097158 0.066279 0.099763
4066.478092 0.078868 0.072809 0.086137 0.066570 0.092464 0.063023 0.094967
4123.162591 0.074771 0.069006 0.081708 0.063092 0.087705 0.059722 0.090103
4180.637241 0.070618 0.065150 0.077217 0.059565 0.082880 0.056375 0.085172
4238.913057 0.067350 0.062122 0.073674 0.056795 0.079073 0.053748 0.081277
4298.001206 0.064073 0.059084 0.070119 0.054017 0.075255 0.051114 0.077369
4357.913012 0.060750 0.056005 0.066516 0.051201 0.071383 0.048443 0.073407
4418.659956 0.057381 0.052883 0.062861 0.048345 0.067458 0.045735 0.069389
4480.253680 0.054633 0.050338 0.059874 0.046019 0.064250 0.043530 0.066102
4542.705986 0.051980 0.047884 0.056989 0.043775 0.061152 0.041403 0.062927
4606.028844 0.049290 0.045395 0.054064 0.041499 0.058010 0.039246 0.059707
4670.234388 0.046563 0.042869 0.051092 0.039191 0.054825 0.037059 0.056443
4735.334923 0.044258 0.040735 0.048574 0.037243 0.052131 0.035213 0.053677
4801.342924 0.042115 0.038754 0.046231 0.035432 0.049625 0.033498 0.051103
4868.271040 0.039942 0.036746 0.043856 0.033596 0.047084 0.031759 0.048492
4936.132098 0.037739 0.034709 0.041448 0.031733 0.044508 0.029996 0.045845
5004.939103 0.035810 0.032928 0.039338 0.030100 0.042250 0.028455 0.043525
5074.705239 0.034082 0.031333 0.037447 0.028638 0.040224 0.027075 0.041442
5145.443878 0.032331 0.029716 0.035528 0.027155 0.038170 0.025675 0.039330
5217.168576 0.030553 0.028077 0.033584 0.025652 0.036087 0.024256 0.037189
5289.893076 0.028944 0.026599 0.031821 0.024292 0.034199 0.022971 0.035247
5363.631317 0.027552 0.025316 0.030296 0.023117 0.032566 0.021862 0.033566
5438.397428 0.026141 0.024019 0.028750 0.021926 0.030911 0.020737 0.031860
5514.205739 0.024710 0.022704 0.027182 0.020719 0.029232 0.019596 0.030131
5591.070777 0.023371 0.021472 0.025713 0.019588 0.027657 0.018528 0.028510
5669.007271 0.022251 0.020444 0.024485 0.018646 0.026339 0.017638 0.027155
5748.030158 0.021117 0.019402 0.023241 0.017690 0.025003 0.016735 0.025780
5828.154581 0.019966 0.018345 0.021979 0.016721 0.023648 0.015819 0.024386
5909.395895 0.018853 0.017321 0.020757 0.015783 0.022336 0.014933 0.023036
5991.769669 0.017954 0.016496 0.019770 0.015028 0.021276 0.014219 0.021945
6075.291689 0.017043 0.015658 0.018770 0.014261 0.020202 0.013494 0.020838
6159.977960 0.016120 0.014806 0.017755 0.013485 0.019112 0.012760 0.019716
6245.844712 0.015196 0.013954 0.016741 0.012708 0.018024 0.012026 0.018595
6332.908400 0.014476 0.013290 0.015949 0.012103 0.017173 0.011454 0.017718
6421.185709 0.013744 0.012617 0.015146 0.011490 0.016310 0.010874 0.016828
6510.693555 0.013003 0.011935 0.014333 0.010868 0.015435 0.010286 0.015927
6601.449093 0.012250 0.011245 0.013507 0.010237 0.014548 0.009689 0.015012
6693.469713 0.011660 0.010704 0.012857 0.009742 0.013850 0.009221 0.014293
6786.773051 0.011074 0.010166 0.012212 0.009251 0.013158 0.008757 0.013579
6881.376986 0.010480 0.009621 0.011559 0.008753 0.012456 0.008286 0.012855
6977.299650 0.009877 0.009069 0.010897 0.008249 0.011744 0.007809 0.012121
7074.559423 0.009385 0.008617 0.010357 0.007837 0.011162 0.007419 0.011520
7173.174944 0.008916 0.008187 0.009841 0.007444 0.010607 0.007048 0.010948
7273.165113 0.008441 0.007751 0.009318 0.007046 0.010044 0.006671 0.010368
7374.549090 0.007959 0.007309 0.008788 0.006643 0.009473 0.006290 0.009779
7477.346305 0.007551 0.006933 0.008338 0.006301 0.008988 0.005966 0.009279
7581.576458 0.007176 0.006589 0.007925 0.005987 0.008543 0.005669 0.008821
7687.259522 0.006796 0.006240 0.007506 0.005669 0.008092 0.005369 0.008356
7794.415750 0.006411 0.005885 0.007081 0.005347 0.007634 0.005064 0.007884
7903.065679 0.006072 0.005574 0.006708 0.005064 0.007232 0.004795 0.007469
8013.230128 0.005772 0.005298 0.006377 0.004813 0.006876 0.004558 0.007102
8124.930211 0.005469 0.005019 0.006043 0.004560 0.006515 0.004318 0.006730
8238.187331 0.005162 0.004736 0.005703 0.004302 0.006150 0.004075 0.006353
8353.023195 0.004882 0.004478 0.005393 0.004068 0.005816 0.003853 0.006009
8469.459808 0.004643 0.004258 0.005129 0.003868 0.005532 0.003664 0.005715
8587.519485 0.004400 0.004036 0.004862 0.003665 0.005244 0.003472 0.005418
8707.224849 0.004154 0.003810 0.004590 0.003460 0.004951 0.003277 0.005116
8828.598841 0.003922 0.003597 0.004335 0.003266 0.004676 0.003094 0.004831
8951.664721 0.003731 0.003421 0.004124 0.003107 0.004448 0.002943 0.004597
9076.446073 0.003538 0.003244 0.003910 0.002946 0.004218 0.002790 0.004359
9202.966809 0.003342 0.003063 0.003694 0.002782 0.003985 0.002635 0.004118
9331.251175 0.003150 0.002888 0.003482 0.002622 0.003757 0.002484 0.003883
9461.323756 0.002998 0.002748 0.003314 0.002495 0.003576 0.002364 0.003696
9593.209478 0.002843 0.002606 0.003144 0.002366 0.003392 0.002242 0.003506
9726.933615 0.002687 0.002462 0.002971 0.002236 0.003205 0.002118 0.003313
9862.521795 0.002529 0.002317 0.002796 0.002104 0.003018 0.001993 0.003119
10000.000000 0.002408 0.002206 0.002662 0.002003 0.002873 0.001898 0.002970
