10.000000 0.285689 0.084967 0.523922 0.012883 0.632292 0.002208 0.661897
10.139395 0.286112 0.085237 0.525648 0.012917 0.633423 0.002210 0.663041
10.280732 0.286532 0.085505 0.527240 0.012938 0.634521 0.002211 0.664101
10.424040 0.287195 0.085769 0.528287 0.012958 0.635588 0.002213 0.664962
10.569346 0.287915 0.086029 0.529304 0.012977 0.636625 0.002215 0.665790
10.716676 0.288619 0.086287 0.530292 0.012997 0.637632 0.002217 0.666588
10.866061 0.289308 0.086541 0.531566 0.013016 0.638610 0.002219 0.667356
11.017528 0.289981 0.086792 0.532315 0.013036 0.639560 0.002220 0.668094
11.171107 0.290640 0.086989 0.533088 0.013062 0.640482 0.002222 0.668805
11.326826 0.291284 0.087133 0.533966 0.013088 0.641377 0.002224 0.669489
11.484715 0.291913 0.087273 0.534956 0.013113 0.642247 0.002226 0.670147
11.644806 0.292529 0.087408 0.536435 0.013138 0.643091 0.002227 0.670781
11.807128 0.293130 0.087540 0.537531 0.013163 0.643910 0.002229 0.671390
11.971713 0.293718 0.087668 0.538406 0.013187 0.644705 0.002231 0.671975
12.138593 0.294293 0.087853 0.538947 0.013210 0.645477 0.002232 0.672539
12.307798 0.294854 0.088068 0.539404 0.013234 0.646226 0.002234 0.673081
12.479362 0.295415 0.088280 0.539829 0.013257 0.646953 0.002236 0.673602
12.653318 0.296186 0.088488 0.540239 0.013280 0.647659 0.002237 0.674103
12.829698 0.296948 0.088693 0.540795 0.013302 0.648343 0.002239 0.674585
13.008537 0.297700 0.088894 0.541375 0.013324 0.649007 0.002240 0.675049
13.189869 0.298443 0.089092 0.542077 0.013346 0.649651 0.002242 0.675494
13.373729 0.299018 0.089287 0.542689 0.013367 0.650410 0.002243 0.675923
13.560151 0.299166 0.089478 0.543417 0.013388 0.651362 0.002245 0.676334
13.749172 0.299302 0.089666 0.543848 0.013408 0.652292 0.002246 0.676730
13.940828 0.299434 0.089851 0.544328 0.013429 0.652874 0.002248 0.677111
14.135156 0.299916 0.090032 0.544723 0.013448 0.653860 0.002249 0.677477
14.332192 0.300234 0.090211 0.545054 0.013468 0.654704 0.002251 0.677828
14.531975 0.300657 0.090386 0.545375 0.013487 0.655262 0.002252 0.678166
14.734543 0.301070 0.090558 0.545684 0.013506 0.655869 0.002254 0.678491
14.939935 0.301501 0.090727 0.545982 0.013525 0.656625 0.002255 0.678803
15.148189 0.302162 0.090894 0.546270 0.013543 0.657456 0.002257 0.679103
15.359347 0.302660 0.091057 0.546903 0.013561 0.658244 0.002258 0.679392
15.573448 0.302977 0.091217 0.547709 0.013579 0.658994 0.002259 0.679669
15.790533 0.303131 0.091374 0.548500 0.013609 0.659727 0.002261 0.679935
16.010645 0.303511 0.091529 0.549139 0.013647 0.660442 0.002262 0.680191
16.233824 0.303882 0.091681 0.549424 0.013685 0.660701 0.002264 0.680484
16.460115 0.304169 0.091830 0.549629 0.013722 0.660934 0.002265 0.680819
16.689560 0.304449 0.091976 0.549826 0.013759 0.661207 0.002266 0.681141
16.922204 0.304767 0.092120 0.550016 0.013796 0.661752 0.002268 0.681453
17.158090 0.305299 0.092261 0.550669 0.013832 0.662281 0.002269 0.681753
17.397264 0.305409 0.092359 0.551022 0.013858 0.662797 0.002270 0.682043
17.639773 0.305809 0.092388 0.551163 0.013866 0.663346 0.002271 0.682323
17.885662 0.306411 0.092415 0.551319 0.013874 0.663939 0.002273 0.682593
18.134978 0.307006 0.092441 0.552220 0.013881 0.664517 0.002274 0.682854
18.387770 0.307555 0.092467 0.552911 0.013889 0.665081 0.002275 0.683105
18.644085 0.307797 0.092528 0.553866 0.013896 0.665632 0.002276 0.683348
18.903974 0.308034 0.092688 0.554629 0.013903 0.666170 0.002277 0.683582
19.167485 0.308265 0.092845 0.554763 0.013909 0.666443 0.002279 0.683808
19.434669 0.308489 0.093000 0.554893 0.013915 0.666653 0.002280 0.684025
19.705578 0.308708 0.093153 0.555018 0.013921 0.666855 0.002281 0.684236
19.980263 0.308921 0.093304 0.555139 0.013927 0.667242 0.002282 0.684438
20.258777 0.309189 0.093452 0.555831 0.013933 0.667623 0.002283 0.684634
20.541173 0.309424 0.093570 0.556531 0.013939 0.667993 0.002284 0.684823
20.827506 0.309538 0.093636 0.557219 0.013944 0.668353 0.002285 0.685025
21.117830 0.309719 0.093698 0.557896 0.013949 0.668703 0.002287 0.685243
21.412202 0.309906 0.093726 0.558563 0.013954 0.669043 0.002288 0.685453
21.710676 0.310088 0.093753 0.559218 0.013959 0.669374 0.002289 0.685707
22.013311 0.310265 0.093779 0.559862 0.013963 0.669696 0.002290 0.686082
22.320165 0.310437 0.093804 0.560495 0.013968 0.670009 0.002291 0.686447
22.631296 0.310605 0.093828 0.561118 0.013972 0.670313 0.002292 0.686802
22.946764 0.310769 0.093852 0.561731 0.013976 0.670609 0.002293 0.687147
23.266629 0.310928 0.093875 0.562333 0.013980 0.670897 0.002294 0.687483
23.590953 0.311083 0.093897 0.562925 0.013987 0.671177 0.002295 0.687810
23.919798 0.311234 0.093919 0.563507 0.013998 0.671449 0.002296 0.688128
24.253227 0.311381 0.093939 0.564080 0.014008 0.671713 0.002297 0.688437
24.591304 0.311524 0.093959 0.564643 0.014017 0.671970 0.002298 0.688738
24.934094 0.311663 0.093979 0.565196 0.014027 0.672220 0.002299 0.689031
25.281661 0.311799 0.093998 0.565740 0.014036 0.672463 0.002300 0.689316
25.634074 0.311931 0.094016 0.566274 0.014046 0.672699 0.002301 0.689593
25.991399 0.312059 0.094034 0.566800 0.014055 0.672929 0.002301 0.689863
26.353705 0.312185 0.094051 0.567316 0.014064 0.673152 0.002302 0.690125
26.721062 0.312303 0.094068 0.567824 0.014072 0.673369 0.002303 0.690381
27.093539 0.312369 0.094084 0.568003 0.014081 0.673580 0.002304 0.690629
27.471208 0.312433 0.094100 0.568036 0.014089 0.673785 0.002305 0.690870
27.854142 0.312495 0.094115 0.568211 0.014098 0.673984 0.002306 0.691105
28.242413 0.312555 0.094129 0.568557 0.014106 0.674180 0.002307 0.691334
28.636097 0.312869 0.094143 0.568586 0.014114 0.674681 0.002308 0.691556
29.035269 0.312972 0.094157 0.568615 0.014122 0.675172 0.002308 0.691772
29.440005 0.313073 0.094170 0.568642 0.014129 0.675653 0.002309 0.691982
29.850382 0.313171 0.094183 0.569042 0.014137 0.675945 0.002310 0.692187
30.266481 0.313267 0.094196 0.569519 0.014144 0.676044 0.002311 0.692386
30.688379 0.313360 0.094208 0.569782 0.014151 0.676085 0.002312 0.692579
31.116158 0.313450 0.094220 0.570206 0.014158 0.676123 0.002312 0.692767
31.549901 0.313659 0.094231 0.570510 0.014165 0.676161 0.002313 0.692950
31.989689 0.313916 0.094242 0.570601 0.014172 0.676197 0.002314 0.693128
32.435608 0.314169 0.094252 0.570690 0.014179 0.676232 0.002315 0.693301
32.887743 0.314418 0.094263 0.570776 0.014186 0.676265 0.002315 0.693470
33.346180 0.314663 0.094273 0.571023 0.014192 0.676445 0.002316 0.693633
33.811008 0.314904 0.094282 0.571498 0.014207 0.676627 0.002317 0.693793
34.282315 0.315141 0.094292 0.571516 0.014224 0.676804 0.002318 0.693948
34.760192 0.315375 0.094301 0.571533 0.014241 0.676976 0.002318 0.694098
35.244730 0.315604 0.094309 0.571550 0.014258 0.677144 0.002319 0.694245
35.736022 0.315830 0.094318 0.571566 0.014275 0.677244 0.002320 0.694387
36.234163 0.315985 0.094326 0.571582 0.014291 0.677324 0.002320 0.694525
36.739248 0.316004 0.094334 0.571597 0.014307 0.677401 0.002321 0.694660
37.251373 0.316065 0.094342 0.571611 0.014323 0.677477 0.002322 0.694791
37.770637 0.316382 0.094349 0.571625 0.014339 0.677550 0.002322 0.694918
38.297139 0.316464 0.094356 0.571859 0.014354 0.677620 0.002323 0.695042
38.830980 0.316515 0.094363 0.572274 0.014370 0.677689 0.002324 0.695163
39.372263 0.316564 0.094370 0.572779 0.014385 0.677755 0.002324 0.695280
39.921091 0.316612 0.094377 0.572823 0.014399 0.677820 0.002325 0.695393
40.477570 0.316659 0.094383 0.572876 0.014414 0.677919 0.002325 0.695504
41.041805 0.316704 0.094389 0.573118 0.014428 0.678216 0.002326 0.695612
41.613906 0.316749 0.094395 0.573320 0.014443 0.678508 0.002327 0.695716
42.193981 0.316819 0.094401 0.573328 0.014456 0.678794 0.002327 0.695818
42.782142 0.316836 0.094406 0.573336 0.014470 0.679074 0.002328 0.695917
43.378502 0.316874 0.094412 0.573343 0.014484 0.679212 0.002328 0.696013
43.983175 0.316914 0.094417 0.573400 0.014497 0.679323 0.002329 0.696107
44.596276 0.316953 0.094422 0.573787 0.014510 0.679432 0.002330 0.696198
45.217924 0.316990 0.094427 0.574169 0.014523 0.679538 0.002330 0.696286
45.848238 0.317027 0.094432 0.574510 0.014536 0.679641 0.002331 0.696372
46.487337 0.317063 0.094436 0.574559 0.014548 0.679742 0.002331 0.696456
47.135345 0.317097 0.094441 0.574640 0.014561 0.679840 0.002332 0.696537
47.792386 0.317131 0.094445 0.574920 0.014573 0.679936 0.002332 0.696616
48.458586 0.317164 0.094449 0.575195 0.014585 0.680246 0.002333 0.696693
49.134073 0.317196 0.094453 0.575465 0.014597 0.680584 0.002333 0.696768
49.818975 0.317227 0.094457 0.575730 0.014608 0.680917 0.002334 0.696840
50.513425 0.317355 0.094461 0.575991 0.014620 0.681244 0.002334 0.696911
51.217554 0.317495 0.094465 0.576247 0.014631 0.681565 0.002335 0.696980
51.931499 0.317633 0.094468 0.576499 0.014642 0.681881 0.002335 0.697046
52.655396 0.317768 0.094472 0.576687 0.014653 0.682192 0.002336 0.697111
53.389384 0.317902 0.094475 0.576693 0.014664 0.682497 0.002336 0.697174
54.133603 0.318033 0.094478 0.576700 0.014674 0.682598 0.002337 0.697236
54.888196 0.318162 0.094481 0.576705 0.014685 0.682613 0.002337 0.697295
55.653308 0.318288 0.094484 0.576822 0.014695 0.682628 0.002337 0.697353
56.429085 0.318413 0.094487 0.577187 0.014705 0.682643 0.002338 0.697410
57.215676 0.318536 0.094490 0.577548 0.014715 0.682657 0.002338 0.697465
58.013231 0.318656 0.094493 0.577788 0.014725 0.682670 0.002339 0.697518
58.821904 0.318775 0.094495 0.577929 0.014734 0.682683 0.002339 0.697570
59.641849 0.318892 0.094498 0.578067 0.014744 0.682696 0.002340 0.697620
60.473224 0.319006 0.094501 0.578202 0.014753 0.682708 0.002340 0.697669
61.316188 0.319119 0.094503 0.578334 0.014762 0.682720 0.002340 0.697717
62.170903 0.319230 0.094505 0.578464 0.014771 0.682731 0.002341 0.697763
63.037532 0.319340 0.094508 0.578591 0.014780 0.682742 0.002341 0.697808
63.916241 0.319447 0.094510 0.578715 0.014789 0.682752 0.002342 0.697852
64.807198 0.319553 0.094512 0.578837 0.014798 0.682762 0.002342 0.697894
65.710575 0.319657 0.094514 0.578956 0.014806 0.682772 0.002342 0.697936
66.626545 0.319759 0.094516 0.579073 0.014815 0.682781 0.002343 0.697976
67.555283 0.319859 0.094518 0.579209 0.014823 0.682790 0.002343 0.698015
68.496967 0.319958 0.094520 0.579391 0.014831 0.682799 0.002343 0.698053
69.451778 0.320055 0.094521 0.579569 0.014839 0.682808 0.002344 0.698090
70.419898 0.320151 0.094523 0.579744 0.014847 0.682816 0.002344 0.698126
71.401513 0.320245 0.094525 0.579916 0.014855 0.682960 0.002345 0.698161
72.396811 0.320337 0.094526 0.580005 0.014862 0.683113 0.002345 0.698194
73.405984 0.320428 0.094528 0.580015 0.014870 0.683263 0.002345 0.698227
74.429223 0.320517 0.094530 0.580025 0.014877 0.683411 0.002346 0.698260
75.466726 0.320561 0.094531 0.580034 0.014884 0.683556 0.002346 0.698291
76.518692 0.320569 0.094533 0.580115 0.014891 0.683698 0.002346 0.698321
77.585321 0.320576 0.094534 0.580208 0.014898 0.683837 0.002347 0.698350
78.666818 0.320583 0.094535 0.580219 0.014905 0.683974 0.002347 0.698379
79.763391 0.320589 0.094537 0.580223 0.014912 0.684109 0.002347 0.698407
80.875249 0.320596 0.094538 0.580226 0.014919 0.684241 0.002347 0.698434
82.002606 0.320602 0.094539 0.580229 0.014926 0.684370 0.002348 0.698460
83.145678 0.320608 0.094540 0.580232 0.014932 0.684497 0.002348 0.698486
84.304684 0.320614 0.094541 0.580235 0.014938 0.684622 0.002348 0.698511
85.479845 0.320620 0.094542 0.580237 0.014945 0.684744 0.002349 0.698535
86.671388 0.320625 0.094544 0.580240 0.014951 0.684864 0.002349 0.698558
87.879540 0.320631 0.094545 0.580242 0.014957 0.684982 0.002349 0.698581
89.104533 0.320636 0.094546 0.580245 0.014963 0.685098 0.002350 0.698603
90.346602 0.320641 0.094547 0.580247 0.014969 0.685211 0.002350 0.698625
91.605985 0.320646 0.094565 0.580249 0.014975 0.685323 0.002350 0.698646
92.882923 0.320651 0.094601 0.580252 0.014980 0.685432 0.002350 0.698666
94.177660 0.320655 0.094636 0.580254 0.014986 0.685539 0.002351 0.698686
95.490446 0.320660 0.094671 0.580256 0.014992 0.685645 0.002351 0.698706
96.821531 0.320664 0.094705 0.580258 0.014997 0.685748 0.002351 0.698724
98.171170 0.320668 0.094739 0.580260 0.015002 0.685849 0.002351 0.698742
99.539623 0.320672 0.094772 0.580261 0.015008 0.685949 0.002352 0.698760
100.927151 0.320676 0.094805 0.580410 0.015013 0.685960 0.002352 0.698777
102.334021 0.320680 0.094837 0.580518 0.015018 0.685964 0.002352 0.698794
103.760502 0.320684 0.094869 0.580525 0.015023 0.685968 0.002352 0.698810
105.206867 0.320688 0.094900 0.580564 0.015028 0.685971 0.002353 0.698826
106.673394 0.320691 0.094931 0.580590 0.015033 0.685975 0.002353 0.698842
108.160363 0.320694 0.094962 0.580596 0.015038 0.686044 0.002353 0.698857
109.668060 0.320698 0.094992 0.580602 0.015042 0.686163 0.002353 0.698871
111.196773 0.320701 0.095021 0.580608 0.015047 0.686281 0.002353 0.698885
112.746796 0.320704 0.095051 0.580614 0.015052 0.686394 0.002354 0.698899
114.318425 0.320707 0.095080 0.580619 0.015056 0.686397 0.002354 0.698912
115.911962 0.320710 0.095108 0.580625 0.015061 0.686398 0.002354 0.698925
117.527712 0.320713 0.095136 0.580630 0.015065 0.686399 0.002354 0.698938
119.165984 0.320715 0.095164 0.580635 0.015069 0.686400 0.002355 0.698950
120.827094 0.320718 0.095191 0.580640 0.015073 0.686400 0.002355 0.698962
122.511358 0.320721 0.095218 0.580645 0.015078 0.686401 0.002355 0.698974
124.219100 0.320723 0.095244 0.580650 0.015082 0.686402 0.002355 0.698985
125.950646 0.320725 0.095270 0.580654 0.015086 0.686402 0.002355 0.698996
127.706330 0.320728 0.095296 0.580659 0.015090 0.686403 0.002356 0.699006
129.486487 0.320730 0.095322 0.580663 0.015094 0.686403 0.002356 0.699017
131.291459 0.320732 0.095347 0.580667 0.015097 0.686404 0.002356 0.699027
133.121590 0.320734 0.095371 0.580671 0.015101 0.686404 0.002356 0.699037
134.977233 0.320736 0.095396 0.580675 0.015105 0.686405 0.002356 0.699046
136.858742 0.320738 0.095420 0.580679 0.015109 0.686405 0.002356 0.699055
138.766479 0.320740 0.095443 0.580682 0.015112 0.686406 0.002357 0.699064
140.700809 0.320742 0.095467 0.580686 0.015116 0.686406 0.002357 0.699073
142.662102 0.320744 0.095490 0.580689 0.015119 0.686407 0.002357 0.699081
144.650734 0.320746 0.095512 0.580692 0.015123 0.686407 0.002357 0.699090
146.667087 0.320747 0.095527 0.580696 0.015126 0.686408 0.002357 0.699098
148.711546 0.320749 0.095527 0.580699 0.015129 0.686408 0.002357 0.699106
150.784505 0.320751 0.095528 0.580702 0.015132 0.686408 0.002358 0.699113
152.886359 0.320752 0.095528 0.580705 0.015136 0.686409 0.002358 0.699120
155.017512 0.320754 0.095529 0.580708 0.015138 0.686409 0.002358 0.699128
157.178372 0.320755 0.095529 0.580710 0.015138 0.686409 0.002358 0.699135
159.369353 0.320757 0.095530 0.580713 0.015138 0.686410 0.002358 0.699141
161.590875 0.320758 0.095530 0.580715 0.015139 0.686410 0.002358 0.699148
163.843365 0.320759 0.095531 0.580718 0.015139 0.686410 0.002359 0.699154
166.127252 0.320761 0.095531 0.580720 0.015139 0.686481 0.002359 0.699161
168.442976 0.320762 0.095531 0.580723 0.015140 0.686599 0.002359 0.699167
170.790980 0.320763 0.095532 0.580725 0.015140 0.686602 0.002359 0.699172
173.171713 0.320764 0.095532 0.580727 0.015140 0.686605 0.002359 0.699178
175.585633 0.320765 0.095533 0.580729 0.015141 0.686608 0.002359 0.699184
178.033202 0.320766 0.095533 0.580731 0.015141 0.686612 0.002359 0.699189
180.514888 0.320768 0.095533 0.580733 0.015141 0.686614 0.002360 0.699194
183.031168 0.320769 0.095534 0.580735 0.015142 0.686617 0.002360 0.699199
185.582523 0.320770 0.095534 0.580737 0.015142 0.686620 0.002360 0.699204
188.169442 0.320771 0.095534 0.580739 0.015142 0.686623 0.002360 0.699209
190.792422 0.320771 0.095535 0.580741 0.015143 0.686626 0.002360 0.699214
193.451965 0.320772 0.095535 0.580743 0.015143 0.686628 0.002360 0.699218
196.148581 0.320773 0.095535 0.580744 0.015143 0.686766 0.002360 0.699223
198.882786 0.320774 0.095536 0.580746 0.015143 0.686882 0.002360 0.699227
201.655104 0.320775 0.095536 0.580747 0.015144 0.686889 0.002361 0.699231
204.466067 0.320776 0.095536 0.580749 0.015144 0.686895 0.002361 0.699235
207.316213 0.320777 0.095536 0.580750 0.015144 0.686901 0.002361 0.699239
210.206088 0.320777 0.095537 0.580752 0.015144 0.686907 0.002361 0.699243
213.136247 0.320778 0.095537 0.580753 0.015145 0.686913 0.002361 0.699247
216.107251 0.320779 0.095537 0.580755 0.015145 0.686919 0.002361 0.699251
219.119669 0.320779 0.095537 0.580756 0.015145 0.686924 0.002361 0.699254
222.174078 0.320780 0.095538 0.580757 0.015145 0.686930 0.002361 0.699257
225.271064 0.320781 0.095538 0.580758 0.015145 0.686935 0.002361 0.699261
228.411221 0.320781 0.095538 0.580760 0.015146 0.686940 0.002362 0.699264
231.595149 0.320782 0.095538 0.580761 0.015146 0.686946 0.002362 0.699267
234.823460 0.320783 0.095538 0.580762 0.015146 0.686950 0.002362 0.699270
238.096772 0.320783 0.095539 0.580763 0.015146 0.686955 0.002362 0.699273
241.415712 0.320784 0.095539 0.580764 0.015146 0.686960 0.002362 0.699276
244.780916 0.320784 0.095539 0.580765 0.015147 0.686964 0.002362 0.699279
248.193029 0.320785 0.095539 0.580766 0.015147 0.686969 0.002362 0.699282
251.652705 0.320785 0.095539 0.580767 0.015147 0.686973 0.002362 0.699284
255.160607 0.320786 0.095539 0.580768 0.015147 0.686977 0.002362 0.699287
258.717408 0.320786 0.095540 0.580769 0.015147 0.686982 0.002362 0.699289
262.323788 0.320787 0.095540 0.580769 0.015147 0.686986 0.002363 0.699292
265.980440 0.320787 0.095540 0.580770 0.015148 0.686989 0.002363 0.699294
269.688063 0.320788 0.095540 0.580771 0.015148 0.686993 0.002363 0.699297
273.447368 0.320788 0.095540 0.580772 0.015148 0.686997 0.002363 0.699299
277.259076 0.320788 0.095540 0.580773 0.015148 0.687001 0.002363 0.699301
281.123917 0.320789 0.095540 0.580773 0.015148 0.687004 0.002363 0.699303
285.042632 0.320789 0.095541 0.580774 0.015148 0.687007 0.002363 0.699305
289.015972 0.320790 0.095541 0.580775 0.015148 0.687011 0.002363 0.699307
293.044698 0.320790 0.095541 0.580776 0.015148 0.687014 0.002363 0.699309
297.129582 0.320790 0.095541 0.580776 0.015149 0.687017 0.002363 0.699311
301.271407 0.320791 0.095541 0.580777 0.015149 0.687020 0.002363 0.699313
305.470967 0.320791 0.095541 0.580777 0.015149 0.687023 0.002363 0.699315
309.729067 0.320791 0.095541 0.580778 0.015149 0.687026 0.002363 0.699316
314.046522 0.320792 0.095541 0.580779 0.015149 0.687029 0.002364 0.699318
318.424160 0.320792 0.095541 0.580779 0.015149 0.687032 0.002364 0.699320
322.862820 0.320792 0.095542 0.580780 0.015149 0.687035 0.002364 0.699321
327.363353 0.320792 0.095542 0.580780 0.015149 0.687037 0.002364 0.699323
331.926620 0.320793 0.095542 0.580781 0.015149 0.687040 0.002364 0.699324
336.553498 0.320793 0.095542 0.580781 0.015150 0.687042 0.002364 0.699326
341.244871 0.320793 0.095542 0.580782 0.015150 0.687045 0.002364 0.699327
346.001639 0.320794 0.095542 0.580782 0.015150 0.687047 0.002364 0.699329
350.824714 0.320794 0.095542 0.580783 0.015150 0.687049 0.002364 0.699330
355.715021 0.320794 0.095542 0.580783 0.015150 0.687052 0.002364 0.699331
360.673495 0.320794 0.095542 0.580783 0.015150 0.687054 0.002364 0.699332
365.701088 0.320794 0.095542 0.580784 0.015150 0.687056 0.002364 0.699334
370.798763 0.320795 0.095542 0.580784 0.015150 0.687058 0.002364 0.699335
375.967497 0.320795 0.095542 0.580785 0.015150 0.687065 0.002364 0.699336
381.208280 0.320795 0.095542 0.580785 0.015150 0.687076 0.002364 0.699337
386.522116 0.320795 0.095543 0.580785 0.015150 0.687086 0.002365 0.699338
391.910025 0.320795 0.095543 0.580786 0.015150 0.687097 0.002365 0.699339
397.373038 0.320796 0.095543 0.580786 0.015151 0.687107 0.002365 0.699340
402.912203 0.320796 0.095543 0.580786 0.015151 0.687117 0.002365 0.699341
408.528580 0.320796 0.095543 0.580787 0.015151 0.687127 0.002365 0.699342
414.223247 0.320796 0.095543 0.580787 0.015151 0.687137 0.002365 0.699343
419.997295 0.320796 0.095543 0.580787 0.015151 0.687146 0.002365 0.699344
425.851829 0.320796 0.095543 0.580788 0.015151 0.687155 0.002365 0.699345
431.787973 0.320797 0.095543 0.580788 0.015151 0.687165 0.002365 0.699346
437.806863 0.320797 0.095543 0.580788 0.015151 0.687173 0.002365 0.699347
443.909653 0.320797 0.095543 0.580788 0.015151 0.687182 0.002365 0.699348
450.097513 0.320797 0.095543 0.580789 0.015151 0.687191 0.002365 0.699349
456.371628 0.320797 0.095543 0.580789 0.015151 0.687199 0.002365 0.699349
462.733201 0.320797 0.095543 0.580789 0.015151 0.687207 0.002365 0.699350
469.183451 0.320797 0.095543 0.580789 0.015151 0.687215 0.002365 0.699351
475.723614 0.320798 0.095543 0.580790 0.015151 0.687223 0.002365 0.699352
482.354943 0.320798 0.095543 0.580790 0.015151 0.687231 0.002365 0.699352
489.078709 0.320798 0.095543 0.580790 0.015151 0.687239 0.002365 0.699353
495.896201 0.320798 0.095543 0.580790 0.015151 0.687246 0.002365 0.699354
502.808725 0.320798 0.095543 0.580790 0.015152 0.687253 0.002366 0.699354
509.817606 0.320798 0.095543 0.580791 0.015152 0.687260 0.002366 0.699355
516.924187 0.320798 0.095544 0.580791 0.015152 0.687267 0.002366 0.699356
524.129830 0.320798 0.095544 0.580791 0.015152 0.687274 0.002366 0.699356
531.435916 0.320798 0.095544 0.580791 0.015152 0.687281 0.002366 0.699357
538.843844 0.320798 0.095544 0.580791 0.015152 0.687287 0.002366 0.699357
546.355035 0.320799 0.095544 0.580792 0.015152 0.687294 0.002366 0.699358
553.970928 0.320799 0.095544 0.580792 0.015152 0.687300 0.002366 0.699358
561.692982 0.320799 0.095544 0.580792 0.015152 0.687306 0.002366 0.699359
569.522678 0.320799 0.095544 0.580792 0.015152 0.687311 0.002366 0.699359
577.461515 0.320799 0.095544 0.580792 0.015152 0.687311 0.002366 0.699360
585.511016 0.320799 0.095544 0.580792 0.015152 0.687312 0.002366 0.699360
593.672722 0.320799 0.095544 0.580792 0.015152 0.687312 0.002366 0.699361
601.948197 0.320799 0.095544 0.580793 0.015152 0.687312 0.002366 0.699361
610.339029 0.320799 0.095544 0.580793 0.015152 0.687312 0.002366 0.699362
618.846824 0.320799 0.095544 0.580793 0.015152 0.687313 0.002366 0.699362
627.473213 0.320799 0.095544 0.580793 0.015152 0.687313 0.002366 0.699362
636.219849 0.320799 0.095544 0.580793 0.015152 0.687313 0.002366 0.699363
645.088409 0.320799 0.095544 0.580793 0.015152 0.687313 0.002366 0.699363
654.080591 0.320799 0.095544 0.580793 0.015152 0.687313 0.002366 0.699364
663.198120 0.320800 0.095544 0.580793 0.015152 0.687313 0.002366 0.699364
672.442742 0.320800 0.095544 0.580794 0.015152 0.687314 0.002366 0.699364
681.816229 0.320800 0.095544 0.580794 0.015152 0.687314 0.002366 0.699365
691.320378 0.320800 0.095544 0.580794 0.015152 0.687314 0.002366 0.699365
700.957009 0.320800 0.095544 0.580794 0.015152 0.687314 0.002366 0.699365
710.727970 0.320800 0.095544 0.580794 0.015152 0.687314 0.002366 0.699366
720.635132 0.320800 0.095544 0.580794 0.015152 0.687314 0.002366 0.699366
730.680395 0.320800 0.095544 0.580794 0.015152 0.687315 0.002367 0.699366
740.865683 0.320800 0.095544 0.580794 0.015152 0.687315 0.002367 0.699367
751.192949 0.320800 0.095544 0.580794 0.015152 0.687315 0.002367 0.699367
761.664172 0.320800 0.095544 0.580794 0.015152 0.687315 0.002367 0.699367
772.281357 0.320800 0.095544 0.580794 0.015153 0.687315 0.002367 0.699367
783.046540 0.320800 0.095544 0.580794 0.015153 0.687315 0.002367 0.699368
793.961785 0.320800 0.095544 0.580795 0.015153 0.687315 0.002367 0.699368
805.029181 0.320800 0.095544 0.580795 0.015153 0.687315 0.002367 0.699368
816.250851 0.320800 0.095544 0.580795 0.015153 0.687316 0.002367 0.699368
827.628946 0.320800 0.095544 0.580795 0.015153 0.687316 0.002367 0.699369
839.165644 0.320800 0.095544 0.580795 0.015153 0.687316 0.002367 0.699369
850.863158 0.320800 0.095544 0.580795 0.015153 0.687316 0.002367 0.699369
862.723729 0.320800 0.095544 0.580795 0.015153 0.687316 0.002367 0.699369
874.749630 0.320800 0.095544 0.580795 0.015153 0.687316 0.002367 0.699369
886.943166 0.320800 0.095544 0.580795 0.015153 0.687319 0.002367 0.699370
899.306672 0.320800 0.095544 0.580795 0.015153 0.687321 0.002367 0.699370
911.842520 0.320800 0.095544 0.580795 0.015153 0.687323 0.002367 0.699370
924.553110 0.320800 0.095544 0.580795 0.015153 0.687326 0.002367 0.699370
937.440879 0.320801 0.095544 0.580795 0.015153 0.687328 0.002367 0.699370
950.508296 0.320801 0.095544 0.580795 0.015153 0.687330 0.002367 0.699371
963.757866 0.320801 0.095544 0.580795 0.015153 0.687332 0.002367 0.699371
977.192128 0.320801 0.095544 0.580795 0.015153 0.687334 0.002367 0.699371
990.813657 0.320801 0.095544 0.580795 0.015153 0.687336 0.002367 0.699371
1004.625062 0.320801 0.095544 0.580795 0.015153 0.687338 0.002367 0.699371
1018.628990 0.320801 0.095544 0.580795 0.015153 0.687340 0.002367 0.699371
1032.828126 0.320801 0.095544 0.580796 0.015153 0.687342 0.002367 0.699372
1047.225190 0.320801 0.095544 0.580796 0.015153 0.687343 0.002367 0.699372
1061.822941 0.320801 0.095544 0.580796 0.015153 0.687345 0.002367 0.699372
1076.624177 0.320801 0.095544 0.580796 0.015153 0.687347 0.002367 0.699372
1091.631734 0.320801 0.095544 0.580796 0.015153 0.687349 0.002367 0.699372
1106.848489 0.320801 0.095544 0.580796 0.015153 0.687350 0.002367 0.699372
1122.277356 0.320801 0.095544 0.580796 0.015153 0.687352 0.002367 0.699372
1137.921294 0.320801 0.095544 0.580796 0.015153 0.687354 0.002367 0.699372
1153.783300 0.320801 0.095544 0.580796 0.015153 0.687355 0.002367 0.699373
1169.866413 0.320801 0.095544 0.580796 0.015153 0.687357 0.002367 0.699373
1186.173716 0.320801 0.095544 0.580796 0.015153 0.687358 0.002367 0.699373
1202.708335 0.320801 0.095544 0.580796 0.015153 0.687360 0.002367 0.699373
1219.473437 0.320801 0.095544 0.580796 0.015153 0.687361 0.002367 0.699373
1236.472235 0.320801 0.095544 0.580796 0.015153 0.687363 0.002367 0.699373
1253.707987 0.320801 0.095544 0.580796 0.015153 0.687364 0.002367 0.699373
1271.183997 0.320801 0.095544 0.580796 0.015153 0.687365 0.002367 0.699373
1288.903612 0.320801 0.095544 0.580796 0.015153 0.687367 0.002367 0.699373
1306.870230 0.320801 0.095544 0.580796 0.015153 0.687368 0.002367 0.699374
1325.087292 0.320807 0.095544 0.580796 0.015153 0.687369 0.002367 0.699374
1343.558290 0.320815 0.095544 0.580796 0.015153 0.687370 0.002367 0.699374
1362.286764 0.320824 0.095544 0.580796 0.015153 0.687372 0.002367 0.699374
1381.276303 0.320832 0.095544 0.580796 0.015153 0.687373 0.002368 0.699374
1400.530545 0.320840 0.095544 0.580796 0.015153 0.687374 0.002368 0.699374
1420.053182 0.320848 0.095544 0.580796 0.015153 0.687375 0.002368 0.699374
1439.847953 0.320856 0.095544 0.580796 0.015153 0.687376 0.002368 0.699374
1459.918652 0.320864 0.095544 0.580796 0.015153 0.687377 0.002368 0.699374
1480.269127 0.320872 0.095544 0.580796 0.015153 0.687378 0.002368 0.699374
1500.903276 0.320880 0.095544 0.580796 0.015153 0.687380 0.002368 0.699374
1521.825053 0.320887 0.095544 0.580796 0.015153 0.687381 0.002368 0.699374
1543.038469 0.320894 0.095544 0.580796 0.015153 0.687382 0.002368 0.699374
1564.547589 0.320902 0.095544 0.580796 0.015153 0.687383 0.002368 0.699374
1586.356534 0.320909 0.095544 0.580796 0.015153 0.687384 0.002368 0.699375
1608.469483 0.320916 0.095544 0.580796 0.015153 0.687384 0.002368 0.699375
1630.890676 0.320923 0.095545 0.580796 0.015153 0.687385 0.002368 0.699375
1653.624407 0.320930 0.095545 0.580796 0.015153 0.687386 0.002368 0.699375
1676.675035 0.320937 0.095545 0.580796 0.015153 0.687387 0.002368 0.699375
1700.046975 0.320943 0.095545 0.580796 0.015153 0.687388 0.002368 0.699375
1723.744708 0.320950 0.095545 0.580796 0.015153 0.687389 0.002368 0.699375
1747.772774 0.320956 0.095545 0.580796 0.015153 0.687390 0.002368 0.699375
1772.135779 0.320963 0.095545 0.580796 0.015153 0.687391 0.002368 0.699375
1796.838391 0.320969 0.095545 0.580796 0.015153 0.687391 0.002368 0.699375
1821.885343 0.320975 0.095545 0.580796 0.015153 0.687392 0.002368 0.699375
1847.281437 0.320982 0.095545 0.580796 0.015153 0.687393 0.002368 0.699375
1873.031539 0.320988 0.095545 0.580796 0.015153 0.687394 0.002368 0.699375
1899.140582 0.320994 0.095545 0.580796 0.015153 0.687394 0.002368 0.699375
1925.613572 0.320999 0.095545 0.580796 0.015153 0.687395 0.002368 0.699375
1952.455581 0.321005 0.095545 0.580796 0.015153 0.687396 0.002368 0.699375
1979.671753 0.321011 0.095545 0.580796 0.015153 0.687397 0.002368 0.699375
2007.267304 0.321017 0.095545 0.580797 0.015153 0.687397 0.002368 0.699375
2035.247521 0.321022 0.095545 0.580797 0.015153 0.687398 0.002368 0.699375
2063.617768 0.321026 0.095545 0.580797 0.015153 0.687399 0.002368 0.699375
2092.383480 0.321026 0.095545 0.580797 0.015153 0.687399 0.002368 0.699375
2121.550171 0.321026 0.095545 0.580797 0.015153 0.687400 0.002368 0.699376
2151.123430 0.321026 0.095545 0.580797 0.015153 0.687400 0.002368 0.699376
2181.108924 0.321026 0.095545 0.580797 0.015153 0.687401 0.002368 0.699376
2211.512400 0.321026 0.095545 0.580797 0.015153 0.687402 0.002368 0.699376
2242.339683 0.321026 0.095545 0.580797 0.015153 0.687402 0.002368 0.699376
2273.596682 0.321026 0.095545 0.580797 0.015153 0.687403 0.002368 0.699376
2305.289387 0.321026 0.095545 0.580797 0.015153 0.687403 0.002368 0.699376
2337.423871 0.321026 0.095545 0.580797 0.015153 0.687404 0.002368 0.699376
2370.006292 0.321026 0.095545 0.580797 0.015153 0.687404 0.002368 0.699376
2403.042894 0.321026 0.095545 0.580797 0.015153 0.687405 0.002368 0.699376
2436.540009 0.321026 0.095545 0.580797 0.015153 0.687405 0.002368 0.699376
2470.504055 0.321026 0.095545 0.580797 0.015153 0.687406 0.002368 0.699376
2504.941542 0.321026 0.095545 0.580797 0.015153 0.687406 0.002368 0.699376
2539.859069 0.321026 0.095545 0.580797 0.015153 0.687407 0.002368 0.699376
2575.263327 0.321026 0.095545 0.580797 0.015153 0.687407 0.002368 0.699376
2611.161101 0.321026 0.095545 0.580797 0.015153 0.687408 0.002368 0.699376
2647.559271 0.321026 0.095545 0.580797 0.015153 0.687408 0.002368 0.699376
2684.464811 0.321026 0.095545 0.580797 0.015153 0.687409 0.002368 0.699376
2721.884795 0.321026 0.095545 0.580797 0.015153 0.687409 0.002368 0.699376
2759.826392 0.321026 0.095545 0.580797 0.015153 0.687409 0.002368 0.699376
2798.296876 0.321026 0.095545 0.580797 0.015153 0.687410 0.002368 0.699376
2837.303617 0.321026 0.095545 0.580797 0.015153 0.687410 0.002368 0.699376
2876.854090 0.321026 0.095545 0.580797 0.015153 0.687411 0.002368 0.699376
2916.955876 0.321026 0.095545 0.580797 0.015153 0.687411 0.002368 0.699376
2957.616659 0.321026 0.095545 0.580797 0.015153 0.687411 0.002368 0.699376
2998.844231 0.321026 0.095545 0.580797 0.015153 0.687412 0.002368 0.699376
3040.646493 0.321026 0.095545 0.580797 0.015153 0.687412 0.002368 0.699376
3083.031457 0.321026 0.095545 0.580797 0.015153 0.687412 0.002368 0.699376
3126.007243 0.321026 0.095545 0.580797 0.015153 0.687413 0.002368 0.699376
3169.582089 0.321026 0.095545 0.580797 0.015153 0.687413 0.002368 0.699376
3213.764344 0.321026 0.095545 0.580797 0.015153 0.687413 0.002368 0.699376
3258.562476 0.321026 0.095545 0.580797 0.015153 0.687414 0.002368 0.699376
3303.985070 0.321026 0.095545 0.580797 0.015153 0.687414 0.002368 0.699376
3350.040830 0.321026 0.095545 0.580797 0.015153 0.687414 0.002368 0.699376
3396.738582 0.321026 0.095545 0.580797 0.015153 0.687415 0.002368 0.699376
3444.087276 0.321026 0.095545 0.580797 0.015153 0.687415 0.002368 0.699376
3492.095985 0.321026 0.095545 0.580797 0.015153 0.687415 0.002368 0.699376
3540.773909 0.321026 0.095545 0.580797 0.015153 0.687416 0.002368 0.699376
3590.130377 0.321026 0.095545 0.580797 0.015153 0.687416 0.002368 0.699376
3640.174847 0.321026 0.095545 0.580797 0.015153 0.687416 0.002368 0.699376
3690.916911 0.321026 0.095545 0.580797 0.015153 0.687416 0.002368 0.699376
3742.366291 0.321026 0.095545 0.580797 0.015153 0.687417 0.002368 0.699376
3794.532847 0.321026 0.095545 0.580797 0.015153 0.687417 0.002368 0.699376
3847.426577 0.321026 0.095545 0.580797 0.015153 0.687417 0.002368 0.699376
3901.057617 0.321026 0.095545 0.580797 0.015153 0.687417 0.002368 0.699376
3955.436245 0.321026 0.095545 0.580797 0.015153 0.687418 0.002368 0.699376
4010.572881 0.321026 0.095545 0.580797 0.015153 0.687418 0.002368 0.699376
4066.478092 0.321026 0.095545 0.580797 0.015153 0.687418 0.002368 0.699376
4123.162591 0.321026 0.095545 0.580797 0.015153 0.687418 0.002368 0.699376
4180.637241 0.321026 0.095545 0.580797 0.015153 0.687419 0.002368 0.699376
4238.913057 0.321026 0.095545 0.580797 0.015153 0.687419 0.002368 0.699376
4298.001206 0.321026 0.095545 0.580797 0.015153 0.687419 0.002368 0.699376
4357.913012 0.321026 0.095545 0.580797 0.015153 0.687419 0.002368 0.699376
4418.659956 0.321026 0.095545 0.580797 0.015153 0.687419 0.002368 0.699376
4480.253680 0.321026 0.095545 0.580797 0.015153 0.687420 0.002368 0.699376
4542.705986 0.321026 0.095545 0.580797 0.015153 0.687420 0.002368 0.699376
4606.028844 0.321026 0.095545 0.580797 0.015153 0.687420 0.002368 0.699376
4670.234388 0.321026 0.095545 0.580797 0.015153 0.687420 0.002368 0.699376
4735.334923 0.321026 0.095545 0.580797 0.015153 0.687420 0.002368 0.699376
4801.342924 0.321026 0.095545 0.580797 0.015153 0.687421 0.002368 0.699376
4868.271040 0.321026 0.095545 0.580797 0.015153 0.687421 0.002368 0.699376
4936.132098 0.321026 0.095545 0.580797 0.015153 0.687421 0.002368 0.699376
5004.939103 0.321026 0.095545 0.580797 0.015153 0.687421 0.002368 0.699376
5074.705239 0.321026 0.095545 0.580797 0.015153 0.687421 0.002368 0.699376
5145.443878 0.321026 0.095545 0.580797 0.015153 0.687421 0.002368 0.699376
5217.168576 0.321026 0.095545 0.580797 0.015153 0.687422 0.002368 0.699376
5289.893076 0.321026 0.095545 0.580797 0.015153 0.687422 0.002368 0.699377
5363.631317 0.321026 0.095545 0.580797 0.015153 0.687422 0.002368 0.699377
5438.397428 0.321026 0.095545 0.580797 0.015153 0.687422 0.002368 0.699377
5514.205739 0.321026 0.095545 0.580797 0.015153 0.687422 0.002368 0.699377
5591.070777 0.321026 0.095545 0.580797 0.015153 0.687422 0.002368 0.699377
5669.007271 0.321026 0.095545 0.580797 0.015153 0.687422 0.002368 0.699377
5748.030158 0.321026 0.095545 0.580797 0.015153 0.687423 0.002368 0.699377
5828.154581 0.321026 0.095545 0.580797 0.015153 0.687423 0.002368 0.699377
5909.395895 0.321026 0.095545 0.580797 0.015153 0.687423 0.002368 0.699377
5991.769669 0.321026 0.095545 0.580797 0.015153 0.687423 0.002368 0.699377
6075.291689 0.321026 0.095545 0.580797 0.015153 0.687423 0.002368 0.699377
6159.977960 0.321026 0.095545 0.580797 0.015153 0.687423 0.002368 0.699377
6245.844712 0.321026 0.095545 0.580797 0.015153 0.687423 0.002368 0.699377
6332.908400 0.321026 0.095545 0.580797 0.015153 0.687423 0.002368 0.699377
6421.185709 0.321026 0.095545 0.580797 0.015153 0.687424 0.002368 0.699377
6510.693555 0.321026 0.095545 0.580797 0.015153 0.687424 0.002368 0.699377
6601.449093 0.321026 0.095545 0.580797 0.015153 0.687424 0.002368 0.699377
6693.469713 0.321026 0.095545 0.580797 0.015153 0.687424 0.002368 0.699377
6786.773051 0.321026 0.095545 0.580797 0.015153 0.687424 0.002368 0.699377
6881.376986 0.321026 0.095545 0.580797 0.015153 0.687424 0.002368 0.699377
6977.299650 0.321026 0.095545 0.580797 0.015153 0.687424 0.002368 0.699377
7074.559423 0.321026 0.095545 0.580797 0.015153 0.687424 0.002368 0.699377
7173.174944 0.321026 0.095545 0.580797 0.015153 0.687424 0.002368 0.699377
7273.165113 0.321026 0.095545 0.580797 0.015153 0.687425 0.002368 0.699377
7374.549090 0.321026 0.095545 0.580797 0.015153 0.687425 0.002368 0.699377
7477.346305 0.321026 0.095545 0.580797 0.015153 0.687425 0.002368 0.699377
7581.576458 0.321026 0.095545 0.580797 0.015153 0.687425 0.002368 0.699377
7687.259522 0.321026 0.095545 0.580797 0.015153 0.687425 0.002368 0.699377
7794.415750 0.321026 0.095545 0.580797 0.015153 0.687425 0.002368 0.699377
7903.065679 0.321026 0.095545 0.580797 0.015153 0.687425 0.002368 0.699377
8013.230128 0.321026 0.095545 0.580797 0.015153 0.687425 0.002368 0.699377
8124.930211 0.321026 0.095545 0.580797 0.015153 0.687425 0.002368 0.699377
8238.187331 0.321026 0.095545 0.580797 0.015153 0.687425 0.002368 0.699377
8353.023195 0.321026 0.095545 0.580797 0.015153 0.687425 0.002368 0.699377
8469.459808 0.321026 0.095545 0.580797 0.015153 0.687425 0.002368 0.699377
8587.519485 0.321026 0.095545 0.580797 0.015153 0.687426 0.002368 0.699377
8707.224849 0.321026 0.095545 0.580797 0.015153 0.687426 0.002368 0.699377
8828.598841 0.321026 0.095545 0.580797 0.015153 0.687426 0.002368 0.699377
8951.664721 0.321026 0.095545 0.580797 0.015153 0.687426 0.002368 0.699377
9076.446073 0.321026 0.095545 0.580797 0.015153 0.687426 0.002368 0.699377
9202.966809 0.321026 0.095545 0.580797 0.015153 0.687426 0.002368 0.699377
9331.251175 0.321026 0.095545 0.580797 0.015153 0.687426 0.002368 0.699377
9461.323756 0.321026 0.095545 0.580797 0.015153 0.687426 0.002368 0.699377
9593.209478 0.321026 0.095545 0.580797 0.015153 0.687426 0.002368 0.699377
9726.933615 0.321026 0.095545 0.580797 0.015153 0.687426 0.002368 0.699377
9862.521795 0.321026 0.095545 0.580797 0.015153 0.687426 0.002368 0.699377
10000.000000 0.321026 0.095545 0.580797 0.015153 0.687426 0.002368 0.699377
