119071698848366784.000000 37.838566 1.620126 1619.539892 90.909744 1.849484 12382.903588
886671899228779264.000000 28.885920 1.876136 189.688069 17.848044 1.781223 22205.267596
2339058606648722.000000 38.773016 1.243029 1875.267760 380.911718 1.604491 3367.687297
6613126622717472.000000 19.857768 1.405793 2027.839749 285.840790 1.543240 3883.430249
2092762528090936.000000 9.978068 1.853315 936.810244 872.596976 1.947747 2221.672282
2117794303585142.500000 1.682406 -0.324941 317.719384 945.592995 1.698419 1862.686291
12727711737061582.000000 6.808499 1.058540 1919.271145 379.516681 2.021110 3755.229680
207509763908454.406250 12.432487 0.213262 57.312204 91.284617 1.614264 1082.418737
4720252570164411.000000 0.767167 -0.306319 18.416639 4808.892954 1.728541 2678.719424
9168477094424434.000000 5.848978 1.526445 2274.812514 977.182467 2.080289 3280.925480
4560316324705395.000000 62.568499 1.314007 2197.879158 446.758765 1.859635 4941.568055
33359617201499.089844 64.382877 -0.351347 11.839685 30.497656 1.570015 968.850050
1417414558029822.250000 5.385699 1.462973 14.232344 1796.954493 1.298139 1738.687137
779578112451377.125000 69.079804 1.502554 693.689579 160.845432 1.538077 2838.992412
3591924587452337.000000 33.791959 1.842823 1786.592178 1347.719810 2.012963 3717.642609
317361894926834.062500 76.771426 0.563146 485.683446 85.640037 1.830487 2184.025583
346945590048441.000000 39.707096 0.215482 767.448094 36.465988 1.809912 1796.526808
340319466880168.937500 54.472422 1.326622 269.526410 170.955513 1.725603 1983.595952
556976883052872.187500 90.783739 0.954105 428.747070 23.825394 1.645455 2797.561120
94139068600602.640625 63.074640 0.432389 20.873390 66.724911 1.601636 1359.371517
4147901828394908.500000 54.357059 1.491453 2316.370953 2591.963854 1.806529 4561.626985
2927849360514713.000000 1.774949 1.128231 483.383712 789.141645 1.973001 2070.385579
1402767992850952448.000000 29.920122 1.077877 1204.333934 11.154851 1.530565 26156.699161
183376677975903.781250 61.210636 0.301009 925.339390 44.492591 1.691775 1680.137593
159031128924152.843750 65.950916 1.528745 119.712434 189.789569 1.467957 1644.328124
2429474850046815.000000 10.449777 1.910523 822.684182 3738.111427 1.272617 2359.299147
177950873877708.593750 31.220516 0.943377 130.775540 82.571355 1.707873 1331.797964
2894984685095705.000000 27.849443 1.115648 1921.226947 3018.383340 1.797206 3257.488099
4408586745732752.000000 92.886937 0.856531 2249.987413 93.566729 2.031864 5621.679644
35172446826993668.000000 24.028856 1.638802 237.204429 37.473986 1.859147 7163.395985
3634300440063710.000000 3.243231 0.473063 2639.261933 2091.667837 2.057165 2249.718887
2828453561006485.000000 6.719791 1.498643 1213.133718 2712.593977 1.696966 2269.286500
81252457799463.765625 44.203969 1.036872 25.648286 26.267841 1.747337 1147.097045
157848527538359.593750 86.502575 0.064820 60.311117 45.486080 1.901112 1805.854594
184346060564933.093750 24.481183 1.364296 247.570299 130.706936 1.443135 1251.216620
2596212641191587.500000 1.077846 1.476422 632.287819 1110.464745 1.567085 2074.984843
6919960619335208960.000000 16.856033 1.468444 622.156553 25.709262 1.689565 37679.129802
1844392048761498880.000000 37.740671 1.750755 1076.635516 31.672944 1.567578 30841.852218
970873404383992.375000 4.940117 1.387544 263.329070 381.400054 1.679201 1513.960516
4191666098255725.500000 62.037545 1.258050 2509.364592 3809.678684 1.480682 4790.469179
348342146712352.250000 79.676189 1.423144 292.343899 56.904459 1.584508 2282.880098
109368615605224.671875 52.624054 0.080288 22.650667 76.777252 1.583553 1342.826291
131584452736119.031250 10.392776 -0.380406 363.847470 51.999794 1.671089 891.542266
4081507174370032.000000 9.406503 1.514550 1802.426354 3082.248828 1.821709 2740.100331
42746879025751.953125 57.885382 1.329313 28.741625 48.090528 1.617629 1014.292702
1405342302518831.000000 13.961335 0.988503 729.651688 251.312782 1.855131 2107.942339
21486574223638806528.000000 64.254155 1.947624 1522.022154 28.512701 1.623403 83612.124811
1323905939657120.750000 67.760861 1.749741 977.852034 387.391933 1.617011 3364.289936
24965229769617.011719 96.899248 1.093871 72.446054 13.076677 1.453852 1017.523818
770544934984357.250000 96.435644 1.187297 567.786626 53.733965 1.671502 3186.212042
1247887879550811648.000000 25.321969 1.151060 864.411928 15.741862 1.587996 23908.722020
116539135796859.531250 30.430603 0.420525 12.762208 26.925415 1.757286 1147.341555
3606648307628595.500000 28.075858 0.914762 2200.503357 2677.496950 1.743120 3513.803993
3784337194103790.000000 77.369069 1.093851 454.481259 11.469145 1.583940 5003.413489
479193935361188.250000 60.847162 1.650240 434.232980 298.769026 1.653787 2309.433875
2064877906709534.750000 1.801033 1.480695 13.661070 2861.434096 1.404811 1841.936422
1068959866785655.750000 34.879864 1.741366 617.322940 286.410855 1.690051 2507.192323
40435998000393.398438 35.139871 -0.116926 500.144631 34.751624 1.588715 843.630414
136431776640379.156250 26.449560 0.141508 794.511052 99.181807 1.493171 1158.325659
2472712125445127.500000 92.264716 0.994170 2448.850553 275.824090 1.687654 4624.879623
108313546935198336.000000 32.291285 1.856432 1648.376651 157.998882 2.003570 11406.617362
138247839431069872.000000 34.812224 1.674940 1603.292558 101.856061 1.957989 12671.204677
7658266327165480.000000 0.452845 0.315178 2332.978168 3519.750479 2.473071 3576.804234
106269732287495.671875 37.811458 0.050518 386.146070 47.956822 1.687459 1191.943215
189574219753841.843750 55.255591 0.391525 28.733729 95.959750 1.670711 1640.088386
263057551370191.156250 70.664838 0.773796 161.075681 13.423747 1.708073 1992.318171
233646106829851.937500 48.273442 1.102703 107.364641 25.392347 1.702537 1679.805406
142898768252045.125000 74.328151 0.134661 1573.218631 80.661134 1.564608 1654.883131
285289144416998.562500 74.957342 1.969274 291.124865 212.643229 1.652579 2090.015858
39454486980720184.000000 62.480536 1.872953 123.958088 12.861326 1.769794 10139.577805
2652965780853361.000000 7.704720 1.888341 914.904061 1376.775070 2.032810 2278.423218
1535012047158218240.000000 47.695632 1.510827 2750.349693 49.324042 1.683923 31334.558656
915898249838440.375000 36.516991 1.598467 640.043765 662.999210 1.657562 2416.531542
564756530541064.125000 13.495231 0.521073 225.784250 168.723326 1.806859 1542.256659
28172039189392436.000000 49.429507 1.872205 137.760474 16.453903 1.736815 8365.008928
206584785747156704.000000 39.881051 1.958766 2354.649981 155.505413 1.841681 15135.546003
3021445072862130.500000 99.434543 1.863646 1471.776025 1450.860337 2.286501 5080.685449
2519217801726235.000000 11.291061 0.662207 1889.116533 447.669193 1.931536 2431.064647
2126335887283677.750000 54.243848 1.546298 1260.465374 2138.912237 1.705202 3648.201837
13557534956621832.000000 62.988489 1.544957 2744.389177 243.078231 1.770321 7122.004322
1044840756679762.875000 79.058708 0.901490 1411.702035 218.069045 1.717505 3283.168033
823168707796030.875000 76.453187 1.109464 464.016374 13.194637 1.422052 2996.366706
31432812656321.925781 84.113252 0.062813 394.095155 14.707741 1.686604 1043.984648
144714710712942.500000 66.478343 0.463073 158.124039 104.420969 1.699119 1597.867710
22571893454016.523438 39.685390 -0.285235 110.800226 18.407754 1.611399 722.423515
3273406310666952.500000 0.825405 -0.439507 12.802880 4735.201892 1.966562 2338.306717
4450217087326673.500000 12.899532 1.901711 1911.878074 2995.653935 2.265575 3034.652031
2825528169789319.000000 11.322001 1.925822 1173.644957 4369.915307 1.388759 2527.474917
211393749251079.812500 7.616839 0.455792 11.451214 94.458702 1.479271 978.272195
1927717411926260.500000 16.611936 1.738760 885.084070 850.803988 2.115583 2451.168486
4417637022179530.000000 22.192756 1.359496 2567.000185 1395.639989 2.143530 3504.717506
54887557624296.078125 99.602925 1.690158 49.827453 24.425436 1.677962 1336.421042
4219364105793436.500000 52.705164 1.917181 2033.936771 1911.879714 2.133907 4539.747729
7028639321294443.000000 8.429999 1.660504 2394.223300 4586.754656 1.634465 3209.600861
917418790080379.750000 3.468857 1.491040 237.644042 331.927225 1.701114 1429.161560
3569872719153610.000000 3.428103 0.444607 1820.311221 3897.695047 2.892621 2245.742270
2121868649012834.750000 15.458781 1.834195 271.281480 103.504411 1.824087 2482.863178
10191030651043516416.000000 17.621988 1.855354 90.206819 10.640486 1.810226 43389.680871
56234828010636017664.000000 3.531837 0.606542 331.888532 14.077546 1.876421 56434.780197
134500199861866.687500 73.106790 1.420708 144.101178 43.525074 1.566836 1612.328868
2990459067396186.500000 0.887708 -0.090402 20.330368 1523.088729 2.072759 2239.941397
1880577172772178.250000 96.433229 1.960977 1258.662826 923.015735 1.843121 4289.780957
5156992870772608.000000 71.119412 1.663421 2920.427440 2438.028686 2.024351 5384.202269
2384491812546852.000000 2.722268 -0.386793 291.309274 1274.121908 1.741830 1935.703962
200353081373047.937500 43.785077 0.099724 612.394893 53.060418 1.835067 1544.843706
167954086780215.562500 54.177629 1.679556 102.494305 166.925778 1.595390 1564.651411
2184340089483047.000000 21.412905 1.018737 1844.338221 1849.395751 1.843276 2742.838620
163978005983641.781250 17.696116 0.672614 29.662217 68.425357 1.643098 1096.667023
5944473548563301.000000 14.981481 1.953825 1632.993779 767.209358 2.005277 3471.517140
222718415573574.687500 45.428481 0.059829 496.194475 99.367488 1.794542 1619.989787
683028847847205.750000 88.117277 1.007705 1204.489141 140.470637 1.517029 2962.380529
20677596273051.750000 79.938159 0.086111 172.927034 14.986764 1.599727 891.571855
129220479952234880.000000 59.767563 0.849116 1959.144423 13.016800 1.791316 14828.336979
5010499939954984.000000 0.460753 0.681754 64.430900 2112.514433 2.355843 3089.875002
218339274004849.062500 29.280822 0.501890 25.007777 54.910340 1.833256 1397.644764
100395162314248.687500 46.287117 0.370196 21.711146 79.326115 1.617839 1249.892950
2610639352364876.000000 60.665941 0.803297 2906.782337 573.543290 1.887833 4059.470400
8077216697687813.000000 0.250536 -0.010431 28.605866 1727.145381 2.150537 4418.154733
2428515495672285.500000 11.878440 1.376048 1128.640300 983.877930 1.945504 2430.584039
987654662734976.125000 33.648030 1.888752 516.821131 243.124571 1.802191 2414.197370
7006335844212628.000000 18.551413 1.786446 2909.237343 2257.748580 2.024466 3884.157526
26220155424319240.000000 51.861780 1.791332 92.956207 11.452217 1.744680 8300.761224
10998874125286894.000000 8.192035 1.774128 2957.593853 1982.955385 2.724002 3704.758213
4413065064852628.000000 75.972595 1.919742 1881.086897 1622.960368 2.167451 5232.467930
7506793215517911.000000 6.630639 1.039455 685.106403 91.597057 1.520368 3134.502792
3651356008749780.500000 91.608655 1.863788 1715.205443 3533.348188 1.457351 5252.980345
113191872234225.625000 72.919386 1.294946 67.585742 25.385766 1.714366 1520.864515
2083161552372799.750000 3.062783 -0.487790 170.420451 545.491714 1.880126 1861.718923
408855717166846.875000 81.428738 0.523995 1472.755329 66.396517 1.663788 2426.863353
84142258393811.453125 68.326480 -0.072884 1700.615379 105.033644 1.492738 1346.515207
126870785752528.593750 37.857687 1.467972 18.150299 56.846861 1.696784 1264.962874
1507146144108132352.000000 25.853870 1.974084 133.268888 16.085799 1.792574 25620.840111
1359306008778681.750000 59.266245 1.432838 979.906479 227.647688 1.647442 3239.608052
1967929171769445.500000 91.131021 1.312310 1181.798724 285.557318 1.990026 4266.808206
27590875276153.800781 82.172032 0.740706 21.883972 18.236131 1.691769 991.262293
4432145186898182.000000 89.899699 1.433945 1977.791664 309.032197 1.826996 5565.487362
4099415751580694.500000 49.661020 1.759211 2381.461164 1904.617308 2.331371 4406.742476
453190753115319.437500 56.503417 0.668219 1048.077661 95.655934 1.619369 2209.802653
4377533752027807232.000000 28.390116 1.614395 1130.437830 33.580796 1.643189 37609.781705
182439735440635.031250 16.462459 -0.063212 217.445932 41.598731 1.711508 1114.322246
3328064742925630.500000 1.304497 -0.249125 19.169381 4086.781035 1.973319 2205.351127
4480222264251804.500000 95.805037 1.933485 2126.597211 1808.270898 2.319732 5715.747379
5177978858598156.000000 0.211100 -0.036668 56.104929 4721.374088 2.804681 4060.937924
3315644632154193.000000 1.224587 -0.362797 16.053131 4505.488546 1.979586 2216.873796
15998960798306000896.000000 16.931463 1.322125 658.953755 19.804639 1.690427 49883.211909
876744464373180.125000 30.309950 1.834217 371.788328 161.354455 1.778078 2245.381416
21363488122959.656250 24.596951 -0.259317 155.957543 15.591485 1.572599 610.878414
10246909984584212.000000 29.056756 1.422830 54.288396 10.777989 1.785477 5029.461611
3844351287370857472.000000 40.179956 1.907102 224.276145 15.027397 1.838933 40206.619311
5578902769607355.000000 35.440063 1.412223 2840.374136 1655.943632 2.234358 4371.119316
2855050675098349.500000 77.047857 1.297475 1182.945329 70.019016 1.571609 4548.121765
207422753546913.593750 30.445364 0.439443 116.460627 22.587116 1.746545 1390.656140
5091379842810231.000000 36.633757 1.476094 2429.980761 1024.921314 2.114047 4285.164973
2503635707816813.000000 7.057082 0.542470 2308.517512 3772.222720 1.404337 2198.171857
2092762528090936.000000 9.978068 1.853315 936.810244 872.596976 1.947747 2221.672282
42386356811411336.000000 28.221062 1.605299 1264.932588 97.947957 1.705467 8001.493852
768587298702237.625000 15.161132 1.936667 548.990906 467.690359 1.763532 1760.881142
2081323250323476.750000 55.588738 1.861535 1268.097996 1291.005347 1.742332 3652.692533
3397376971703360.500000 40.744668 1.548241 1984.207592 1089.477654 1.841706 3876.012284
4619819112147079.000000 12.684401 1.651440 1896.006695 3759.932007 1.690293 3060.012770
4414983393919621.500000 8.718672 1.839740 1454.370362 741.031206 2.027053 2767.882204
4697996212780177.000000 0.677343 -0.111122 25.900721 2914.115459 1.971245 2744.657418
864616911493512.625000 14.087997 -0.001055 2296.203200 26.006510 1.800720 1796.959944
3082887208822421.500000 1.325924 0.564518 724.718256 3779.551498 1.859335 2146.501797
2110076769158852.000000 12.603716 0.529429 2217.166522 2065.405067 1.928696 2352.886033
375591571684012.250000 16.090870 -0.260713 78.122994 60.217353 1.788536 1408.940202
126901333052289.906250 43.323319 0.430095 18.848068 81.245828 1.631529 1322.064936
4695520466988112.000000 79.144818 1.573765 2571.774603 1845.721952 2.093647 5420.085754
5889161393900257.000000 86.429852 1.318382 1926.498545 86.365374 1.622870 6032.384745
1606758295446932.750000 27.990125 1.731150 732.062593 979.510336 1.873030 2681.143222
4073550444265681.000000 37.525842 1.900476 1720.090011 3813.475545 1.502096 4009.095337
6599671513911137.000000 55.726466 1.948105 2941.425228 1412.101124 1.677241 5370.832827
202025524730607.375000 39.921399 0.091093 255.551466 75.456429 1.758589 1502.832511
3519302181078244.000000 3.034133 1.566560 1196.379217 3324.807381 1.697582 2216.039873
11492059452029290.000000 0.783079 1.365785 1877.004733 1502.826973 1.904224 3589.229167
3582265742606387.000000 15.390189 1.920315 426.932364 157.274943 1.938957 2952.964304
143708899998241.843750 71.063613 1.900729 18.887242 96.859437 1.578322 1631.912955
1279805189102819.250000 34.385348 1.856973 763.790291 407.376477 1.868809 2650.170405
1367025783519135.500000 74.123648 1.702054 1120.285466 708.569035 1.690526 3509.618000
93345690703765.078125 38.066475 0.939697 14.239759 98.241469 1.450138 1144.004862
104499291861492.484375 60.307716 0.508337 70.024191 75.461477 1.685367 1385.806123
22708718763021189120.000000 80.479105 1.927330 1024.384649 21.821632 1.731255 92207.447437
69289484673680.484375 72.412778 1.534521 137.415993 87.054752 1.460812 1288.166338
2769022341814585.000000 5.650130 0.680295 1333.142551 568.846360 2.010507 2189.351249
25881548354789.699219 95.425033 0.408670 106.939236 32.696029 1.508744 1024.101355
95349578611639904.000000 41.652068 1.644239 1238.745713 71.317989 1.815688 11864.375191
23408440731577668.000000 21.716712 1.669753 188.699162 31.448554 1.761279 6071.794803
3360407568094536.500000 11.775129 0.751192 2688.202398 2430.351004 2.171594 2702.840722
9922293090739556.000000 66.381638 1.548815 2091.814190 198.452775 1.713416 6536.615492
5022377642899304.000000 10.230157 1.417269 1892.548410 923.864694 2.179028 2991.105236
2683066846726221.500000 66.301407 1.831981 1632.811157 1457.766984 1.965619 4225.153724
1424584279591219.250000 24.392981 1.742043 891.025840 1005.276854 1.827638 2471.068159
548523540020100.500000 44.837163 1.187038 557.780668 183.752142 1.617069 2178.217954
2518758838916455.500000 2.063305 -0.310143 63.701091 1032.893752 1.627727 1962.352021
53598009527403912.000000 89.734667 1.663660 1730.494812 74.866823 1.803437 12766.150953
179293793146914.218750 26.925532 -0.424343 88.990605 105.821503 1.587396 1275.636515
315936571831637.500000 28.217689 0.453493 24.771545 97.350912 1.855537 1562.954876
3220185905600511.500000 18.289262 1.315925 1722.031137 2387.587016 1.622136 2985.710311
1723296189493091328.000000 43.414752 1.609240 2755.488330 65.982551 1.740109 31563.594734
1533339691499802.250000 15.556861 1.859683 729.144830 611.527018 1.933095 2231.769654
220176224792879.843750 97.124475 1.872790 151.300561 154.525902 1.758914 2104.051174
4632692685460631.000000 25.484470 0.830026 2690.403249 257.564400 1.950949 3709.155938
76710315733978.531250 58.329006 0.205472 18.817922 45.940763 1.648141 1235.814981
146450262637499.843750 14.669249 -0.163419 434.484942 55.000266 1.706974 1004.625910
127336778439612.921875 21.590530 0.452583 44.399870 17.451329 1.639753 1066.055054
119565919800177.234375 68.344853 0.046910 38.760664 44.567138 1.806803 1513.967764
3802888098438105.000000 6.373140 1.444235 1105.562395 592.548597 1.918252 2481.686133
2001846225541422.750000 5.034952 1.254289 563.969861 349.869028 1.803642 1931.990021
4241596478071732.500000 58.383747 1.942760 2102.474992 1405.964437 2.119032 4709.616071
4616045744216159.000000 10.622781 1.569722 2328.421189 3329.040775 1.673537 2933.098394
275593455067565.000000 24.183157 0.688408 19.371088 13.680176 1.737361 1425.491881
179401517879375488.000000 38.736230 1.947136 2205.934075 158.974899 1.839158 14304.070689
2430333506230311.000000 74.833287 0.935536 2864.477640 44.292313 1.506606 4266.007047
26498002110433.648438 94.502619 0.419579 104.278651 33.240507 1.509456 1028.535281
76539213998814.484375 72.395929 -0.247393 19.193906 23.490465 1.840868 1331.502007
6453722083473081.000000 61.647498 1.723873 132.849714 14.706608 1.691832 5519.543851
115604259643427.656250 98.291066 0.997756 34.559419 55.220338 1.796107 1704.818801
4197806161093188.000000 5.246078 1.497372 756.892604 344.800965 1.838114 2487.298827
5627732255323832.000000 35.863328 1.888519 2553.750052 2963.038581 2.115018 4400.523253
169544782058578.250000 25.850354 1.205182 24.677314 49.122900 1.837926 1236.759575
142639246716154.031250 26.192280 1.382250 41.732767 49.693853 1.724830 1172.167416
507333796680181.375000 35.396994 1.792686 339.541083 281.920647 1.789990 1964.892719
1572974347691933.250000 16.313322 1.129368 994.004365 923.866983 1.671845 2279.394684
1323169217549274.000000 42.287373 1.878357 727.092848 594.932070 1.950371 2865.305858
2439309095585228.500000 62.968887 0.973280 2536.653782 664.932681 1.970643 4020.227647
2821521177334555.000000 2.740521 1.303502 792.155532 593.916661 1.768456 2047.966748
231701311241160.250000 68.356720 1.993860 19.383006 199.920816 1.451482 1887.629553
171073695310893.187500 67.761240 1.973836 183.490552 181.162319 1.607468 1700.864184
180152118766096.156250 39.061035 0.674120 241.480378 38.962344 1.601886 1436.288349
3760803192142813.000000 55.730438 1.754313 1551.286828 485.348805 1.842755 4452.852609
2954485018917383.500000 52.585423 1.840066 1369.097928 685.912331 2.087802 4028.171132
4268935636019210.000000 0.649346 -0.066185 11.337702 3157.325328 1.930757 2683.537893
4447788351167428.500000 8.294162 1.540439 1890.981801 1671.908371 1.841653 2746.476369
3309125789233150.000000 2.354103 0.260657 959.972550 4603.535572 1.282583 2150.221523
69866927059532.765625 76.732062 0.237303 12.984418 55.495800 1.549746 1318.512376
903843584562453.375000 6.395212 1.568374 95.234620 313.344997 1.699738 1538.141559
457617430687002432.000000 18.004015 1.080151 724.973544 25.917739 1.713417 15513.313423
3298883440875090.500000 73.070377 1.094016 1858.101144 66.665680 1.582849 4683.729967
999092712567615.500000 78.214797 1.148992 1089.706535 181.011504 1.599690 3222.193009
161762791269686.406250 84.055567 1.626258 40.748707 121.769684 1.554377 1801.989990
37908036122397.015625 67.633211 -0.392349 16.179421 33.101525 1.561898 1028.563814
426074170036160.375000 17.242926 0.393190 106.396971 60.025923 1.854527 1497.037229
279618429341306.562500 55.335754 0.824309 609.055895 87.549853 1.504471 1867.861173
197689384105126.656250 8.635569 0.615777 19.335216 65.454249 1.515622 980.927899
108303847750215.750000 83.586850 1.827847 49.612140 111.487555 1.541736 1573.270292
341104112952701.000000 36.937956 0.868559 485.413542 115.044594 1.574323 1745.045922
1075126907700556.625000 42.870221 1.121063 812.202354 323.920643 1.884360 2685.822180
84774099404486.703125 22.642357 -0.094049 188.486743 20.136766 1.669880 943.804206
4408131487036542.000000 10.701345 1.161964 1897.063357 3967.554586 1.944366 2893.260645
877530216746079.250000 30.510260 1.249378 32.431241 15.952992 1.861777 2250.656990
4800241036582869.000000 27.094614 1.795056 2038.469659 944.867404 2.101818 3823.418293
5076160038207570.000000 5.886115 1.726607 1890.555322 4561.856234 1.576425 2696.794931
19418960883658.226562 23.991833 -0.294250 148.722935 14.243952 1.564462 587.392663
13415654240673736.000000 40.918081 1.549314 2582.860253 403.300953 2.042157 6134.955921
26193587463598.191406 52.387272 0.096647 23.815186 19.485409 1.609243 832.637228
121857176110727.093750 33.424109 1.162196 15.679622 37.483177 1.762466 1199.324307
1907480740083491.500000 44.412192 1.835159 1047.987493 668.747953 1.910004 3289.659981
229659398258309.375000 15.332970 1.281184 16.376953 63.391910 1.671993 1180.707475
132357321845412.421875 26.741178 0.126100 771.363743 102.161336 1.489798 1150.490330
94348004650192.046875 13.990871 1.212192 18.152634 53.564699 1.549873 857.187395
71334507867245.781250 62.716886 -0.017278 16.774629 52.191286 1.588750 1236.868329
46169482444411.843750 53.691601 1.108930 10.947200 31.331510 1.641163 1014.236579
5510100536822281.000000 6.760423 1.701177 1873.750933 4356.060767 1.597287 2837.205807
36621947013151.828125 78.333635 -0.493877 15.551216 31.578498 1.560161 1070.939259
3060956798472252.000000 1.151798 1.548874 14.801150 4673.015677 1.273858 2173.747991
122111449199268304.000000 39.311094 1.642629 1286.974485 69.773262 1.829983 12642.946751
4209454904926605.500000 42.875361 1.882015 1984.477093 2326.206632 2.128292 4233.339849
3628454424044751.500000 52.841070 1.902768 955.018964 229.792658 1.751578 4320.856307
17328395636917268.000000 33.503137 1.891080 2158.321726 382.349393 1.998120 6264.652644
6666673772486103.000000 69.107904 1.864317 2602.299995 1380.606822 2.170824 5806.433351
283372154174258.500000 43.169289 0.916728 208.872511 121.333375 1.831910 1725.993217
547903040320119.312500 95.952364 0.956041 913.524511 137.016739 1.588622 2838.682918
5159112367178436.000000 28.159072 1.396481 2329.603338 1260.531148 2.188525 3962.732970
300128220861637.000000 18.709053 0.427767 15.055296 75.988955 1.739735 1362.249970
4268935636019210.000000 0.649346 -0.066185 11.337702 3157.325328 1.930757 2683.537893
802744489084468864.000000 38.722401 1.965009 617.197619 34.921773 1.646663 23568.199224
3680541787273522688.000000 4.429361 0.714795 1103.750340 37.487384 1.756781 23278.694197
5665422474331256.000000 54.768110 1.883387 2420.891108 1037.338413 2.015709 5074.235062
2196747097697700.500000 2.767395 -0.358568 139.610142 1240.291347 1.915357 1884.828814
111720413189379.390625 42.348585 0.119930 298.242804 86.218345 1.532486 1257.621901
16822986499294.978516 71.154734 -0.449162 40.155922 12.219990 1.619270 798.667839
1648501415242386.250000 72.022148 1.714086 948.226049 783.926623 1.960130 3697.858083
453190753115319.437500 56.503417 0.668219 1048.077661 95.655934 1.619369 2209.802653
2513691643932307.500000 69.744832 1.370026 331.230569 35.167771 1.783245 4208.334610
2156816953238834.250000 2.984294 0.345025 498.458524 1155.615080 1.971593 1880.510135
133100940307797.328125 67.726813 0.182549 535.399081 29.405337 1.788462 1564.077507
23401065459563.300781 67.378078 0.135017 16.698687 12.403071 1.655142 874.630273
35157757926489309184.000000 79.424037 1.686132 968.020434 11.079849 1.628562 106168.876821
3742480578165021.000000 59.099567 1.484487 2425.936397 1939.921597 1.984802 4536.124193
36950924057170.937500 59.667908 0.124135 461.855857 17.229163 1.622661 976.353265
6728750927179542.000000 0.381146 1.156506 1327.213952 2239.550691 2.069888 3606.700983
33378895645284.734375 91.782666 -0.189975 178.991469 22.728037 1.678567 1099.115195
3895676660842163.500000 97.915117 1.910110 1861.999814 1749.391323 2.379735 5498.892354
2467568247113278.500000 28.845062 1.007594 2265.711295 310.087713 1.652666 3122.018977
197647435326378.843750 21.691348 0.721100 28.386171 77.161461 1.737886 1235.975666
2770741058682782.500000 39.458067 0.916683 2677.581291 1163.160944 1.686452 3583.621634
387226522704625.312500 55.302208 1.159704 459.428847 111.696553 1.601477 2081.554026
9310269890272224.000000 9.782334 1.599266 2429.159485 830.656076 1.966944 3637.957988
2992376873457976.500000 59.953639 1.039269 2915.055564 1209.092508 2.036826 4231.101747
606420049063228.250000 32.456996 1.495331 24.148444 13.779099 1.852534 2028.709335
44462919625270.710938 91.352779 -0.168412 11.561688 21.932964 1.719721 1207.297562
207388187309431.093750 63.739859 0.776528 103.884764 10.512297 1.690153 1775.252769
1729312261598296.500000 8.781744 1.727144 824.322695 811.435244 1.801220 2028.215096
68067097073317.687500 31.232455 0.429883 117.982452 33.536087 1.572823 966.872641
2652965780853361.000000 7.704720 1.888341 914.904061 1376.775070 2.032810 2278.423218
4294933439075532.500000 13.719746 1.273396 2274.162606 1702.558327 2.214490 3045.518578
2065909203955919.250000 4.238799 0.728611 873.199861 1130.626948 1.979331 1910.412600
780220666266365.625000 95.243357 1.173146 544.958441 46.186531 1.656027 3185.063680
124920476202731.765625 99.465907 0.218028 546.761992 80.918945 1.579717 1757.027483
41714431798711792.000000 50.670107 1.842259 1170.858026 69.504869 1.607839 9614.337310
6795041356044216.000000 7.119332 1.934025 1962.457805 4261.572756 1.728370 3071.161084
33898022578222.359375 37.861278 0.597723 20.867299 12.283100 1.605857 814.758078
3766413072054157.000000 96.017890 1.539330 2294.792354 871.072270 1.870233 5398.826435
94422080988046.687500 54.477072 0.126651 19.879888 60.364436 1.582049 1293.783026
54001208404225.742188 61.698136 0.283721 45.061952 21.189961 1.776764 1120.876626
75351323851982144.000000 61.839265 1.760974 1111.385954 79.325757 1.994625 12535.187130
316361820308969.750000 9.750666 1.230221 18.794937 103.186502 1.631494 1177.484382
861838679672452480.000000 15.986570 1.101213 1031.522487 34.950518 1.752710 18551.444202
66961103995807.859375 58.517344 -0.430067 30.960193 29.905899 1.722714 1182.383188
28319489735447896.000000 51.703017 1.823324 93.000101 11.424132 1.763056 8507.792058
2549944391504704.500000 64.122722 1.410336 1827.331725 1528.220572 2.002864 4105.954832
4560361511904452.000000 56.234714 1.532782 2341.049555 2744.670114 2.364551 4763.033458
756089812865582336.000000 26.126127 1.133422 743.973300 16.318515 1.689487 20422.228925
26386443589967.750000 51.105722 -0.422701 328.692489 22.482354 1.704166 827.702114
4935739770201851.000000 12.305443 1.196993 2821.156265 1134.664167 2.164045 3105.138265
461154545217369.312500 84.460725 1.049148 223.914668 13.590341 1.620003 2559.514100
568655405084464.125000 27.258592 0.465233 892.715007 97.420334 1.689980 1881.239038
3595984676379457.000000 1.088360 0.346513 674.074002 4636.728787 1.806636 2310.031958
154390342749878.656250 56.469497 0.615936 25.367932 90.564564 1.648919 1543.039867
4551520758942895.000000 13.074140 1.702058 1984.336050 3979.090462 1.695280 3067.712316
8220502320940225.000000 35.154924 1.357745 2805.923171 456.598487 1.739309 4961.218305
4975384257165454.000000 0.747287 0.250773 53.221248 1207.032102 2.064671 2740.423860
26430259838594.035156 57.312072 0.046694 15.294276 32.163932 1.524244 861.146834
1080701420060702.375000 51.418795 0.984507 830.926122 447.236024 1.967640 2858.992710
1842706749614857.750000 39.010731 1.904610 1151.032418 878.848629 1.791106 3116.487713
562019359045027.000000 19.867769 0.423774 213.285561 328.679695 1.822331 1707.623596
1418757309153126.750000 16.657366 0.776176 133.509006 34.278427 1.747564 2214.694786
1911091112256475.000000 7.456703 1.316564 738.666018 534.156796 1.898830 2029.674257
5816117795820300.000000 0.588074 0.024583 68.991117 3851.932168 2.807687 3045.059369
8911466537981489.000000 41.085966 1.187628 478.660114 25.586316 1.656497 5360.099552
13331025406142060.000000 1.097308 1.679950 287.348790 313.357704 1.850995 3571.387443
119808045746999.093750 32.230023 0.438925 11.200239 23.492949 1.771327 1178.958855
180958008266678720.000000 58.430770 0.817719 2050.542900 11.888840 1.788275 16460.966273
257298272748591.593750 17.754663 -0.317388 62.689112 93.199771 1.705380 1275.513517
16384182768277954.000000 49.809000 1.809016 91.273529 14.241723 1.804344 7000.364320
208805794066200.906250 91.598269 -0.333718 92.287910 89.611174 1.783700 2023.721524
1509208809498287616.000000 5.322895 0.672749 683.747259 35.300559 1.859448 17723.737340
3021445072862130.500000 99.434543 1.863646 1471.776025 1450.860337 2.286501 5080.685449
888815019144769.125000 38.091602 0.980628 901.785719 449.973073 1.582132 2425.267455
15481749756558536704.000000 20.202258 1.971465 133.762697 13.475106 1.804227 51816.684502
6235304213579219.000000 59.155369 1.954023 2502.051580 1610.637717 2.299452 5379.297644
11944458784493392.000000 6.681358 1.042926 1878.943722 376.031097 2.012271 3664.276030
5446856228555053.000000 47.820893 1.976730 2346.918013 2083.426813 2.298909 4783.545277
338152150887972.000000 28.405006 0.913022 60.269493 19.155184 1.718978 1602.008784
4733765183124360.000000 29.555135 1.465272 2195.308281 1004.617372 2.141678 3908.465141
10060526075667282.000000 91.788092 1.619799 2682.617142 419.619058 1.915897 7369.455666
2073909817892513280.000000 49.048495 1.525877 2681.231684 39.415688 1.631679 34967.098287
184682368812615.718750 95.089973 0.293617 2339.790534 59.910228 1.608323 1969.094820
153600474248468000.000000 41.563728 1.638735 1218.449035 60.843116 1.764324 13898.464823
9640557863205650.000000 90.799988 1.428479 508.186094 18.978951 1.617534 7237.068371
12647549500209036.000000 94.576246 1.146327 1735.075937 34.425549 1.698985 8040.313969
47789418646888136.000000 81.686979 1.811012 1786.616278 118.156145 1.862749 11879.301364
4404555036016184.500000 63.960256 1.320143 2527.828939 514.987506 1.907858 4922.145697
4583838827742696.000000 18.416006 1.516055 2031.462237 4817.735755 1.169839 3365.068829
4041333053101659.000000 2.250352 0.707264 1154.106617 842.052126 1.953789 2297.193311
14904636661811.150391 46.243220 -0.027315 10.020207 10.363083 1.567500 661.614383
2186871497868598.750000 4.949077 1.220837 683.397480 304.548988 1.650139 1985.067318
471799072430028.187500 15.086122 0.402696 475.741018 174.182600 1.761274 1494.589728
32899424180652.937500 31.673884 1.295800 29.797529 41.315734 1.491340 762.126366
793943236496316.500000 82.176949 1.068574 1086.815092 113.130244 1.518690 3037.660328
60984732975588540416.000000 5.158198 0.624260 250.600934 10.170652 1.856881 60544.725715
62370125284305.875000 71.855429 -0.291238 30.695136 46.144986 1.572319 1240.388195
5423265347560283.000000 33.020999 1.643584 2350.766349 3546.865212 2.121596 4233.902946
7548636850830087.000000 21.817773 1.158204 2017.297350 201.900397 1.835050 4169.325305
91460651842049.765625 93.294180 1.239072 33.084535 52.421640 1.825323 1547.151252
269062754249362.781250 91.056501 0.733178 352.283916 26.517049 1.729826 2197.468752
3635640022207365.500000 2.382289 1.354770 506.153366 392.671366 1.754986 2219.173336
8179902444423330.000000 0.295985 0.011005 29.914147 1747.583314 2.143791 4182.302332
1879786627403594.500000 26.106611 1.363864 39.714307 16.682227 1.879711 2765.988281
30643803926926.023438 26.664620 -0.212730 607.195227 29.691394 1.613035 705.836296
495249922950958016.000000 31.283038 0.988075 2437.811081 20.965254 1.629558 18744.966587
89907724575067.390625 84.591040 -0.356291 19.703058 27.548047 1.824750 1484.959642
2495099858321344.000000 21.620401 0.808316 1194.384200 258.909588 2.056038 2875.175708
115658382237958.125000 71.177446 1.851743 14.670103 112.862405 1.447411 1518.820217
559281340174227.250000 13.251120 1.397876 36.638612 34.498114 1.761596 1530.242955
80872946311494.234375 56.900748 -0.484139 42.771020 50.927093 1.589361 1247.108743
10820100922749110.000000 46.095666 1.961166 2210.334282 516.226289 1.864124 5939.896203
9735181185539752.000000 33.197461 1.998761 2707.256179 1162.245560 2.020867 5154.261824
8233598113403012.000000 47.026118 0.605050 1445.281297 10.420474 1.700920 5459.194547
114934058875339.890625 30.603910 0.706487 22.255738 47.091828 1.716037 1144.069607
113599717275441.015625 47.507523 0.130805 252.299775 48.495295 1.693520 1313.824616
8886786171926852.000000 28.877780 1.962124 2934.917732 1554.313134 2.131372 4787.170829
1867361719373574656.000000 26.816605 1.928607 127.806012 14.118711 1.799784 27823.640419
5465959155621778.000000 12.251986 1.297323 1761.471619 373.049594 1.642062 3209.175542
2403656983661270.500000 55.760650 1.417790 1592.437245 1467.622202 1.659696 3836.331585
3899639456381668.000000 12.345958 1.525777 1895.844680 1353.241647 2.217729 2872.887580
24467122148800.578125 50.221251 -0.211095 1035.704179 27.780915 1.659204 802.380487
601305409206926.250000 36.954221 0.419490 826.507829 262.024688 1.747842 2108.326198
48916252982689.750000 49.230607 -0.098162 272.793049 20.491241 1.740284 1004.050139
234438553570171.156250 93.776853 0.602003 551.687625 21.912297 1.696556 2121.338926
1118333616847822.750000 11.816389 1.453680 11.117470 20.486099 1.782098 1874.605231
11003316538249457664.000000 22.861644 1.899123 141.718607 12.697303 1.801529 47921.004360
288864719830900.187500 64.481110 1.098176 113.745594 13.872322 1.629990 1990.574066
504026840237902.000000 43.339603 1.150882 488.577141 150.162718 1.609452 2093.963859
5460512375890533.000000 66.086467 1.779799 2930.188393 2589.724469 1.939462 5348.315952
533580271728364800.000000 21.182849 1.166017 850.569629 30.786426 1.732053 17092.678089
68087889742614.007812 97.505229 1.858295 37.612719 73.644772 1.576942 1424.867217
2727786055658475.000000 3.532336 1.478190 62.124488 183.238443 1.864042 2058.197458
9417758689261350.000000 1.432061 1.608431 373.507557 327.193210 1.920390 3094.115386
99927461514320.671875 42.688468 0.144388 327.674329 76.430791 1.527673 1214.910000
544588552940830.437500 89.631829 1.050237 288.461787 10.822353 1.568372 2763.886115
2064491273491462.000000 16.544561 1.363554 1259.730441 824.665648 1.855866 2505.082119
5128867202561785.000000 30.910358 1.588754 2505.872860 2572.676589 1.970552 4070.599793
3358922039364694.000000 70.156995 1.451767 2137.588925 3409.675317 1.385924 4644.861382
76637143720718.531250 30.676948 0.840169 25.998678 11.379621 1.647479 1000.241796
466379704729447.000000 23.307366 1.014472 216.558866 316.708238 1.700187 1680.317731
3925646010301865.000000 9.902364 1.058639 2225.104698 1546.005078 2.169695 2735.331890
445822959354658.500000 30.759727 1.290112 155.760246 264.450921 1.872365 1800.434420
1360941160014477.500000 76.932745 1.606336 859.953772 116.917242 1.490796 3550.938585
71572073665080.937500 44.709344 1.950076 41.494722 64.923113 1.625427 1103.754876
3715106793108121.500000 0.607410 -0.357059 29.127332 3338.916226 1.946585 2602.110759
4890595504294684.000000 33.092759 1.492867 2366.048654 1046.336152 2.137547 4093.287579
28753092507261.210938 77.643784 0.035058 341.200952 27.535866 1.570462 984.869647
62286271803476.914062 45.141978 0.987434 14.077265 48.597500 1.541412 1057.168615
4165072943204449.000000 58.786489 1.699219 1700.137073 470.369541 2.047942 4692.214079
1344235288183548.750000 16.247843 0.406520 284.413904 27.814633 1.720452 2160.746419
7527702020117132.000000 56.512550 1.982857 2965.110644 1605.229920 2.143651 5638.600657
74218027535387410432.000000 3.958976 0.600600 348.551508 14.337420 1.899194 62572.066722
771615241211790.875000 23.512329 0.868881 646.932373 162.067379 1.665217 1992.496779
2224477157656018.000000 61.338636 1.225820 1933.916854 1148.683996 1.868580 3863.256605
3415524409247117.500000 15.563893 1.316182 1931.775930 1308.580275 1.776007 2915.014893
4067862083161754.000000 42.321101 1.691788 42.668479 12.166600 1.877644 4167.432123
7654382899651214.000000 38.845594 1.926454 1994.675385 774.172974 2.280670 5002.860837
112215058842111.468750 19.188140 1.393186 24.863368 83.243460 1.504415 988.335148
222509357062895.000000 27.930272 0.312052 41.610539 82.180997 1.758547 1386.228833
83203669225103680.000000 7.578948 0.582519 78.568942 12.731397 1.736803 7162.433275
1121862898492596.250000 13.461687 1.524935 10.867874 15.659918 1.779487 1937.513081
164220411421991.250000 15.131392 -0.266658 105.064981 53.469210 1.650660 1052.168159
112870564990924.734375 84.200996 -0.413930 191.157951 33.136943 1.960357 1599.272081
2366762592694936.000000 18.468200 1.789334 1351.394277 2254.252443 1.572169 2701.736989
107205220027472.265625 14.753792 -0.199282 92.935914 28.925875 1.573501 906.760087
291098885122767.625000 36.170940 1.750399 10.033600 150.887088 1.732951 1644.103544
4791779952448976.000000 18.495026 0.890553 135.234250 19.830371 1.700854 3419.258582
156457081080255.812500 98.865818 0.174077 67.474177 105.698319 1.682759 1889.765029
200520832810348384.000000 39.680348 1.747437 1447.352530 78.024695 1.832809 14961.359854
2289868426839511.500000 10.506795 0.875377 1499.594039 1674.359917 1.988389 2316.075529
8072825327563721.000000 15.367424 1.376747 283.467133 45.736362 1.651209 3870.008716
5344539299954078.000000 0.250961 0.093124 75.914387 3697.182484 2.802685 3847.597894
24290731927226.269531 74.637536 0.598413 28.354419 18.925098 1.617411 918.072219
622703325323306.625000 18.301666 0.992249 327.059247 365.776239 1.817274 1726.881372
15918043396486.958984 94.076379 1.328661 33.315320 39.205824 1.465653 866.428052
2375016158426246.000000 9.086757 1.290241 1303.554071 709.452598 1.725789 2270.729060
3447059162500874.000000 5.958699 0.731503 2230.784906 2267.534693 2.219551 2375.064584
173818153604713.968750 33.144315 0.701098 21.864784 14.328121 1.818589 1346.470875
5356934022358251.000000 1.772408 1.206836 2008.353264 2834.399851 1.913820 2532.387395
2909962609494319.500000 94.693921 1.552467 1992.856852 1151.850027 1.886721 4929.043563
1950964228258124.500000 82.384453 1.630319 1175.853976 608.152137 1.943846 4102.838901
3379943233865254.500000 7.175350 1.685794 1157.920331 3612.718197 1.527982 2436.896419
3424869905490670.500000 40.239014 1.121849 2609.388514 376.676790 1.654784 3870.610456
121632454611601.906250 25.060062 -0.464330 30.715057 64.390499 1.617588 1096.890619
3737431106146346.000000 63.823210 1.466620 277.157182 22.578255 1.650989 4656.440276
298267572610100416.000000 26.220687 1.993619 2323.146241 186.958799 1.888754 14994.110373
15910932122882848.000000 26.888404 1.584138 739.436906 78.403674 1.686793 5687.506235
29795145381129.230469 40.394085 0.236760 118.304028 20.324549 1.569342 797.062105
69650752716250.710938 28.260103 -0.170475 628.340686 38.617804 1.700515 944.615305
9686886203405334.000000 10.072897 1.333812 2040.043066 356.804921 1.647314 3710.362001
1099304969786227.125000 28.218333 1.668217 635.290589 769.202091 1.639404 2368.402843
4601650816896387.000000 24.133139 1.433841 2148.024327 2952.779650 2.112816 3641.216039
94882339808312508416.000000 4.427341 0.738566 280.848596 13.950674 1.899935 68763.722122
80917537351489.203125 98.843380 1.278134 28.470788 50.951245 1.769162 1516.774547
2352765405293023.500000 6.595621 1.713938 822.266046 1107.364909 2.032303 2127.195314
6878020801205008.000000 0.436564 0.362746 2476.940439 4331.172720 2.476656 3487.599847
2102061727156630.500000 3.180962 0.170764 2030.718050 4574.086665 0.954515 1871.910187
281890994534076.437500 36.726875 0.619497 416.148541 158.597498 1.588870 1634.571784
18632816866086.656250 47.748204 0.086881 85.962881 16.986058 1.526780 720.398423
3608371335223061.000000 71.432747 1.370964 2172.280562 493.991761 1.774158 4787.392714
64376954387697.742188 82.701921 0.115417 12.820314 57.637430 1.538141 1317.779712
242201598984258.687500 42.785701 0.287091 186.087568 101.445964 1.772627 1633.179027
66686959751397664.000000 44.750738 0.938423 914.768387 13.778813 1.682339 10783.798687
176405741532089.968750 89.881748 1.410022 174.153240 40.013873 1.637878 1900.078149
75481540440053.750000 12.188460 1.538800 49.529457 95.782296 1.411078 768.961716
457091559768011712.000000 40.111711 1.589687 733.162628 33.716773 1.814391 19759.835406
50834647735052.812500 46.374129 1.337648 10.120592 36.949865 1.631922 996.844036
106935948493566.296875 22.295898 -0.257992 102.202469 30.883516 1.701360 1015.195985
2403656983661270.500000 55.760650 1.417790 1592.437245 1467.622202 1.659696 3836.331585
79406701075539312.000000 79.927894 1.067760 876.183768 11.655744 1.779065 13961.180817
81200244968535.609375 30.656112 0.908368 102.333591 39.864522 1.574050 1019.496589
279377533003884.687500 85.210634 1.456160 274.646866 56.475266 1.537397 2172.621496
12947127713641.453125 66.632197 0.093035 66.035011 24.616686 1.456657 715.229516
3601307921673929.500000 8.362843 1.743578 1457.235963 3089.341677 1.659861 2564.131523
103905663160056.640625 37.339227 0.745691 22.937633 92.092541 1.516843 1178.247294
5349105036780794.000000 83.803534 1.464592 2740.841989 2653.483822 2.482886 5777.662768
414408329107520.312500 18.696681 0.603065 28.128661 109.244239 1.845694 1516.645527
4848290015811269.000000 0.359672 -0.096974 30.880072 4405.102616 1.904502 3293.039049
6325881253458339.000000 74.467667 0.772264 2502.666727 17.243932 1.637665 5858.051807
1286978103699354.750000 16.180606 1.695756 760.815824 505.812422 1.823705 2127.264917
4923194255999025.000000 0.425026 0.618262 86.747372 2242.450320 2.351557 3144.358978
187120202522974.843750 10.653934 0.200810 33.336778 44.266806 1.540545 1008.248907
84245449537230.218750 77.207844 -0.033028 30.055922 20.334559 1.820603 1406.467956
1123981988302190.750000 26.546973 1.595267 709.761071 385.464984 1.772159 2342.042964
93042760416007312.000000 29.874343 1.717054 1806.733205 159.551135 2.059097 10583.007011
2317514557863366.000000 23.691984 1.756261 1274.714910 1212.280795 1.841007 2881.241530
165820823050414.062500 15.793759 -0.105575 373.322911 53.542941 1.683373 1067.539091
4357494118680265.500000 71.137125 1.202666 1509.783886 56.330747 1.642863 5090.645979
4906144801693281.000000 61.187776 1.344283 2507.871002 540.065432 1.910667 5024.437501
4268935636019210.000000 0.649346 -0.066185 11.337702 3157.325328 1.930757 2683.537893
649216148145281.250000 28.043634 1.604066 446.965446 278.849038 1.736401 1983.292279
724043383209931.500000 36.600629 1.431648 602.727322 420.246232 1.694111 2236.064154
4644631842575541.000000 0.879688 0.217871 58.452675 1797.804431 2.154910 2598.045009
19195972021077.070312 93.806778 1.327169 34.524693 40.451200 1.463603 921.270845
57947977277203.304688 64.538871 -0.131379 244.493496 37.445899 1.647474 1165.632724
6757368816371943424.000000 17.135162 1.471702 633.656992 26.405257 1.692876 37548.305112
3598832265642858.500000 21.146435 1.586706 1477.676059 2481.014096 2.157324 3227.870017
3167378108956217.500000 58.187303 1.758833 1407.299397 4503.088988 2.761177 4267.813215
374363056307809.125000 86.443723 1.069918 170.071062 17.539375 1.693167 2407.653272
44083075356830.914062 85.452857 0.084134 497.739273 16.284113 1.710367 1175.223266
3276826243369977.000000 16.756175 1.420364 1692.682180 3270.914643 1.635262 2932.160026
3779262313328628.500000 10.094761 0.818102 2285.299006 811.494011 2.046395 2712.486006
410442359045477.187500 20.209318 0.834296 195.527235 227.178574 1.777076 1545.219161
2887567224517059.500000 35.462082 1.376415 1752.602778 3435.551277 1.530880 3510.265832
2857034381672174.500000 31.895062 1.398217 1629.960052 1980.934781 2.008749 3382.337445
398257120457037.687500 65.617325 1.995064 381.827437 363.202934 1.542990 2229.016632
1479990400637467.750000 15.978197 0.908685 865.457103 154.770844 1.637167 2221.236912
122746567493198.390625 23.290703 0.335490 18.407975 22.088984 1.697795 1076.605661
3609896130845149184.000000 4.840854 0.748148 1111.694445 37.548129 1.762289 23390.479264
23120104776051.355469 31.044849 -0.118421 172.774094 20.154058 1.553701 673.342771
179132197026488.937500 15.485281 1.645648 74.069589 68.590910 1.619216 1089.683165
3166407003588077.500000 0.995434 0.654574 22.742050 1540.806873 1.684397 2241.862236
6354732355236121.000000 1.765724 1.176038 2037.696981 2967.249291 1.893046 2681.135367
187059210466347936.000000 40.223070 1.931043 2238.321644 153.708231 1.839219 14683.681212
269549537497688.468750 49.259769 0.518511 13.717031 168.614474 1.610538 1773.796251
431196577393264.000000 26.075915 0.414767 11.552769 15.672257 1.873906 1692.590416
79169729569129.437500 55.367871 -0.052791 1710.769735 24.885108 1.861207 1226.766334
2092762528090936.000000 9.978068 1.853315 936.810244 872.596976 1.947747 2221.672282
2039613692218481.750000 51.834332 1.675914 1034.779415 1602.093812 1.642113 3542.780425
971508149399466368.000000 34.918547 1.452680 494.438747 16.969020 1.694736 24294.212267
3022506261626364.000000 5.071502 0.423841 2887.634366 2333.219373 2.300760 2218.644315
4715787295933850.000000 14.438145 1.695302 1950.224767 4061.989144 1.672457 3183.074623
73367496319351.468750 51.906666 1.139243 12.937238 41.507891 1.702193 1170.041840
59390650828155625472.000000 3.896607 0.629790 259.588382 11.894983 1.819612 57998.190194
10798655689234378.000000 16.402103 0.945752 119.454181 17.477968 1.681283 4338.436523
10836079140037634.000000 6.220467 1.402475 2176.546560 694.568498 2.184308 3503.925304
1641472455096613.500000 27.542429 1.390730 34.207864 15.910201 1.872043 2687.049816
212263571678437.125000 67.061031 1.894787 21.117142 159.550998 1.497155 1821.045293
790571813382623.875000 13.898788 1.747231 354.993608 390.135009 1.908303 1738.132535
171876443739144.250000 18.028189 1.003966 29.222912 21.939684 1.654929 1119.703317
2094900476847586.000000 6.326419 1.172109 874.037076 443.670708 1.779727 2031.828552
6416010602428386.000000 61.088401 1.720052 136.983868 15.707395 1.700348 5491.420384
721419856328382.625000 9.542714 1.528563 83.938447 294.358172 1.693978 1542.561437
167345479946193.000000 95.923134 0.196371 2946.338212 58.061238 1.656575 1911.490874
2548511103391576.500000 68.993713 1.728596 1034.173138 237.928611 1.777891 4211.625060
2602855204890161.000000 49.946547 1.384706 412.585322 42.647572 1.715537 3794.891723
14361446713514940.000000 55.185834 0.811188 2028.927548 30.035708 1.855287 6936.697644
874436405304058.250000 67.292702 1.586349 737.539192 161.897125 1.497991 2922.778557
3197983644318343.500000 5.935787 0.426516 2632.060245 2305.881369 2.283866 2314.983040
2813933134860580.000000 21.029174 1.731826 1292.749042 650.513152 1.954991 2968.977150
266668381943102.750000 58.662052 1.821318 205.027877 212.137542 1.739651 1875.759651
32459733504566540.000000 45.677328 1.995704 2223.721506 247.254965 1.682013 8540.787851
239660280167691.593750 73.237253 1.355965 252.988817 107.568588 1.636867 1955.922648
3123943529960556.000000 64.890261 1.299767 2528.042820 1621.626712 1.878554 4411.691834
1425893937546266.000000 66.300081 1.136871 1177.161715 140.101458 1.666336 3422.352365
4129533681391791.000000 96.972678 1.604640 2324.462402 3653.106475 2.744927 5587.095041
125681853089072.734375 11.972098 -0.363969 344.424089 48.935836 1.661275 907.485215
1204208486663092480.000000 46.284226 1.534038 2927.048425 62.492660 1.707986 28610.584961
172741568468061.687500 93.212123 0.696208 275.221682 22.826939 1.718272 1911.826496
1941511640723559.750000 25.465965 1.083517 1548.673368 1658.156376 1.882109 2775.125575
425055257864842.625000 16.054932 -0.398659 53.758879 56.306281 1.822130 1467.384194
251402437433120.718750 59.553274 1.024430 137.889821 37.953646 1.775208 1848.843762
3142301763464147.000000 17.713422 0.874424 2376.262469 2189.346509 2.014784 2935.476028
155400175742551.625000 8.671153 0.551977 12.180685 43.697057 1.499721 906.071944
6128675884632582.000000 56.990840 1.773096 2751.496849 2207.452951 2.055965 5280.331122
52917565711763.851562 64.271793 0.462067 50.871171 39.455239 1.629683 1129.245390
9428789086779122.000000 2.138351 1.636163 433.606018 326.875331 1.931579 3046.375016
2851521047883745.000000 40.197783 1.789874 1324.912916 599.386714 1.832741 3640.085743
1995552764921227.750000 31.842925 1.786039 1125.559126 1600.902829 1.711815 2999.461598
442539992381654848.000000 51.500359 1.420923 1761.647131 33.540480 1.696068 21241.979794
1481337030345423.250000 4.933467 1.020372 688.222330 370.458599 1.786459 1742.604368
2348841161107226.500000 66.868913 1.949269 1596.123260 1201.618801 1.780109 4053.941889
4778896274866887.000000 70.655880 1.734021 2427.219965 2980.659012 2.195024 5237.189118
50707776026274.687500 43.175917 0.857770 29.472992 27.596533 1.681803 972.673060
7724548668923354.000000 22.023055 1.956402 2821.179583 1687.759731 2.025070 4212.882032
2103815434449864.000000 3.445513 1.769140 331.717441 438.847352 2.061278 1883.600728
110747692475891.765625 60.797606 0.547083 80.344633 76.222551 1.701294 1416.851266
98303190711082784.000000 30.705922 1.537259 1572.244558 84.455822 1.773911 10871.149662
3809307305990946.000000 11.799274 1.946551 1368.703743 1098.960645 2.299247 2819.578953
496900122267052544.000000 31.655732 1.199051 1725.150673 26.899256 1.596223 18835.446370
904608477186716.500000 93.227062 1.232156 379.609598 31.419537 1.665200 3320.179999
37110792031758.890625 99.940285 -0.009687 1145.126623 27.936862 1.634398 1174.413361
2845236881222735.500000 3.213926 1.642882 61.545881 144.890702 1.794904 2072.129714
5688178470309250.000000 0.339833 1.372420 771.184857 1248.840751 1.777537 3537.388184
18493918271477915648.000000 84.029039 1.866608 1143.083168 19.899010 1.679538 87448.690264
74645118564758.250000 72.788729 1.499942 140.172740 98.938478 1.468680 1322.952072
157337217119523.468750 80.666094 0.494629 225.328832 10.070402 1.737827 1759.295788
3808990501535482.500000 0.313033 0.215928 59.047735 1991.162178 2.170075 3180.366117
5425923732081913.000000 44.334265 1.532296 2541.254277 457.963516 1.722352 4658.392392
258356648191910.312500 91.534153 1.130468 129.113299 17.141312 1.673119 2172.033127
12145253795817448.000000 96.675196 1.152484 1917.232009 34.251400 1.704048 7995.935998
3403447871824641.500000 69.151113 1.311926 2477.974484 1346.291243 1.913351 4641.675102
792503115089088384.000000 30.490849 1.664506 2193.845664 89.580102 1.714586 21750.518989
4207641961923797.500000 59.198809 1.361976 2373.819046 3358.192673 1.861512 4719.498484
16235764931180.125000 30.943492 -0.285510 999.020281 13.593550 1.705291 597.889117
2696447175261564.500000 4.040871 1.426261 69.800778 100.743250 1.858971 2076.850540
73876144339268.031250 25.751393 0.164130 15.803605 14.914607 1.671678 936.535446
4882802248793151.000000 42.646842 1.848657 1059.438927 241.690945 1.786057 4440.166622
2168014185570754.500000 80.139374 1.629329 1166.442531 539.257140 1.959578 4207.912055
5111961331472713.000000 20.455845 1.154156 2928.621274 953.724159 2.076307 3594.178454
163962591616937.125000 68.576830 0.391448 164.858689 169.121983 1.554375 1684.012466
2141388170666296.250000 31.365863 1.934785 1028.403980 691.699749 1.921990 3056.333444
1145069457842274.500000 6.049457 1.535309 463.155805 635.634848 1.667789 1648.938625
112957939290450.203125 22.815448 0.368555 19.459946 24.310687 1.723116 1040.878147
3935748186598023.500000 10.099438 1.526434 1948.048173 3466.069610 1.860692 2749.703569
707412768204491648.000000 36.601701 1.459271 578.615191 19.545119 1.683906 22188.321377
2978524342913331.000000 6.466144 1.663169 1371.061775 2285.939347 1.648118 2293.264427
422599440192304.187500 41.391903 0.210294 2329.260622 167.229629 1.572869 1944.861859
109650981406263.984375 32.973188 1.325941 90.818954 114.729432 1.518191 1152.903067
39263526016473632.000000 64.511722 1.681095 1715.721854 108.043056 1.860108 10236.427439
22581790508258.808594 99.728286 1.970226 46.952419 20.114262 1.441137 994.421875
102912468147313.843750 29.145763 0.863378 134.167023 64.987241 1.543567 1086.148898
1095422812749809.250000 68.523662 1.645187 863.184725 457.385813 1.643842 3170.828788
594255289998567.250000 90.202215 0.949040 426.923865 24.215781 1.646558 2852.001841
195694331193739.468750 98.063901 0.355004 236.382745 104.682024 1.764586 2030.082827
8271515808514273.000000 0.166908 0.007027 29.408968 1764.540049 2.147593 5206.205135
4975633513703575.000000 29.515457 1.060901 2709.203641 583.089615 2.078042 3972.278980
194548116565481.218750 53.550217 0.408691 46.134045 112.965696 1.726162 1636.716677
4144949882161285.500000 12.763616 1.645793 1973.636230 4087.747600 1.684864 2955.877521
9796203004901808.000000 27.930066 1.902722 2633.382385 980.206665 1.991064 4894.824327
1168095899940203.000000 32.226851 1.267344 632.023550 95.127279 1.578710 2518.543086
34850303400384884736.000000 79.587591 1.810095 1032.071089 16.787073 1.710892 105936.172596
3697807285034604.500000 77.529253 1.268133 2492.470283 2330.142022 2.027129 4968.637346
827062822535410.375000 84.515091 0.842768 2061.237214 135.938837 1.477613 3110.439888
2092979974478199.250000 1.911071 0.914765 230.052320 924.928163 1.803445 1847.123938
2396147935442654.000000 63.694729 1.705688 1301.743637 928.619396 1.859903 4012.327756
4028841019298108.500000 31.435730 1.729024 1802.526698 4348.257027 1.553194 3775.703964
2773301573484538.000000 28.153361 1.056234 2022.728690 1189.792722 1.894072 3221.873859
2494582556734665.500000 62.937378 0.964304 2610.573006 675.032280 1.972765 4049.662443
532633256512536.312500 27.351891 0.673721 379.590699 59.180330 1.736993 1842.561578
442901643540793.500000 69.313152 1.509051 254.572796 31.508682 1.488486 2354.115821
5128867202561785.000000 30.910358 1.588754 2505.872860 2572.676589 1.970552 4070.599793
58481917840197.796875 45.431129 1.011752 14.327737 48.754787 1.532194 1037.391108
5604170587002371.000000 61.173013 1.872312 2615.462038 2014.736524 1.970296 5251.799865
2536584703813622.000000 68.638223 1.711848 1674.216184 1625.358366 1.780915 4197.427380
5624748339459853.000000 34.263990 1.908941 1874.906027 630.465685 1.812698 4336.160669
1044055963540941.875000 82.815207 1.018725 456.810273 23.233740 1.687948 3337.235244
10632428217838.406250 70.972638 1.392540 27.015765 13.837155 1.465952 684.779290
53665318173249.734375 67.092931 -0.308120 1355.209796 68.811680 1.534143 1151.681635
1153324339625340.000000 89.467346 1.571077 484.516887 42.885235 1.495661 3546.989147
96942554268200.750000 21.809608 0.190692 14.777948 15.521295 1.686504 976.264202
1975139936823463.500000 3.267408 -0.157431 232.657809 510.248340 1.750634 1836.898445
192387591055240.875000 15.267548 0.357830 27.267509 48.145454 1.699265 1111.782137
1499925241111416.250000 19.455247 1.694182 824.782826 1003.415143 1.844673 2354.663612
4456938759266388.500000 52.058509 1.680460 1649.893878 580.321134 2.012106 4604.074998
5061442082486681.000000 35.582907 1.767303 2490.017205 2090.221875 1.909994 4237.013574
96056708261781.546875 24.772064 0.239282 19.028565 18.212799 1.688371 1010.394591
223809894485789.812500 24.102528 0.621236 15.277966 11.582761 1.716970 1328.632827
86488553425220.375000 81.394690 0.437476 304.679094 21.889253 1.665274 1445.805629
13597039335179.439453 70.480555 1.404308 31.451618 15.304385 1.472516 741.465078
215516016247827.718750 17.055932 0.581442 122.713732 82.372929 1.671352 1189.264188
1464365637628830.000000 39.529970 1.861007 813.503042 704.610656 1.962136 2899.105768
6965902648104918.000000 46.888736 1.959669 2060.979508 650.688564 1.787321 5158.219915
5929685987639783.000000 0.275077 0.027106 72.104816 3855.450688 2.807440 3854.275285
34389218228465.316406 69.946716 0.510684 25.903305 15.599658 1.685016 1007.523183
74218027535387410432.000000 3.958976 0.600600 348.551508 14.337420 1.899194 62572.066722
4954756878205774.000000 6.474586 1.716462 2169.652023 4973.836959 1.992899 2717.850241
2899564219311501.000000 0.951338 1.745105 23.596769 4923.342000 1.444072 2192.109305
9922293090739556.000000 66.381638 1.548815 2091.814190 198.452775 1.713416 6536.615492
172259185620001.687500 82.121056 0.034927 333.882055 101.585800 1.614405 1824.866605
99068626204041824.000000 50.153485 0.953199 1664.988386 17.107988 1.706359 12783.024478
9503102755015618.000000 2.295486 1.631917 430.786906 327.784683 1.933797 3055.316582
86980372341976.656250 95.007301 1.121550 26.445241 43.075390 1.786004 1531.539136
344418501723541.625000 61.281169 0.667913 352.935082 269.174400 1.716468 2073.793227
123768438441856.609375 51.601652 0.028232 277.733419 60.468602 1.748071 1390.069085
3828710025116727.000000 79.312226 1.171192 2851.001004 693.649311 1.839589 5067.450575
3985635214236232.000000 61.228412 1.836736 1928.383229 1324.503063 2.090045 4689.281633
2458952013444852.500000 15.945542 1.932750 237.481906 104.864592 1.842000 2629.395129
64737269692568281088.000000 3.672411 0.626788 371.627851 15.376602 1.877246 59350.440362
3978477712200059.500000 12.726803 1.594443 1294.653833 504.102644 1.928830 2913.691444
1275680286161409280.000000 40.772452 1.967438 736.113900 35.079624 1.609038 27969.285184
1072594586540995.375000 8.189140 0.554573 621.539418 106.617370 1.577354 1705.132685
466953499784006.500000 36.768403 0.294072 336.973733 327.453285 1.665815 1934.755200
2189298472067485.750000 3.060088 1.503494 20.117310 2945.576252 1.356670 1892.712453
4780418356065365.000000 10.843335 0.959666 2687.956056 2171.295912 2.111512 2981.545256
113483375491374.468750 94.278954 0.419111 49.088124 75.795909 1.683003 1668.856025
10597032995740640.000000 26.608034 1.836985 2346.904235 612.077091 1.917379 4951.139404
3200527769080951.500000 5.251802 0.687138 2048.630813 2649.103403 2.167653 2272.633906
3597704696133826.000000 17.051115 1.928526 1624.801767 733.712737 1.636498 3039.207939
3328325189595288.500000 3.094245 0.959036 1336.706660 1991.602060 2.049844 2177.835831
5000051329127120.000000 0.637879 0.686748 64.325622 2059.399505 2.350743 2840.253580
26385171467381296.000000 42.835418 1.600874 2185.572724 144.343463 1.661072 7802.989637
13048816164358386.000000 45.659410 1.996211 714.538424 85.803588 1.666398 6302.554446
2738318915329074.500000 51.588237 1.855595 1333.498004 698.441486 2.046514 3902.020257
78583111036014.125000 76.277741 0.502020 174.342923 46.070753 1.625898 1368.319341
20062744133438.382812 61.931208 -0.411532 1834.500340 52.450180 1.471825 806.840386
5467335637523358.000000 3.040842 0.649275 2954.331919 4448.141141 1.522690 2566.895981
31608634542509948.000000 38.609807 1.662458 2747.280952 260.061786 1.909451 8010.487474
1850310298478712.000000 47.502233 1.904539 1167.283610 737.908435 1.947089 3330.251079
1020285357314034.500000 78.304562 1.151401 1179.296980 219.477803 1.615897 3246.142013
3901833384731084.000000 52.309018 1.289761 2421.040619 2849.569434 1.607385 4411.572967
6040134029888436.000000 45.862725 1.830186 2401.489807 4489.605975 2.122855 4882.596872
36393297519350.546875 58.624521 1.325413 24.914807 42.408284 1.606502 965.527790
2455691667917458.500000 38.305002 0.779627 2581.390230 1321.305876 1.718428 3409.306007
9237892658829658.000000 6.530229 1.318831 1685.849684 525.537530 2.103601 3350.054605
2897332654122369.500000 17.900767 1.399446 1493.547329 1162.764236 1.967877 2865.383384
148701692010559.250000 24.899328 1.464642 262.012581 126.796292 1.387432 1170.624307
22910487144408996.000000 45.720160 1.652942 2088.393399 138.881873 1.643638 7606.704719
200045744432431.250000 51.615815 1.127104 89.749840 20.962506 1.696011 1631.485486
271244841006727.093750 31.328954 0.773648 22.284368 152.635535 1.654182 1534.367929
432680435880607.875000 66.719470 1.666453 281.221015 52.603975 1.526864 2304.847363
345136153316475.062500 70.065542 0.641898 1069.529281 86.363421 1.563303 2174.554732
99582679642518.375000 93.800091 0.489049 244.512247 28.649672 1.688968 1594.779592
7511067828228407.000000 76.992212 1.371147 1627.996886 95.041126 1.700202 6276.967185
3925901914916135.500000 8.524620 1.130231 2346.938768 1449.651066 2.252196 2649.307486
2295672951788608256.000000 41.657300 1.693951 2448.778153 71.605396 1.794947 34260.460136
295659685566641.500000 4.813565 -0.477128 216.631231 28.059069 1.548572 1015.030595
2500810748703275.000000 74.393392 1.642924 1688.284549 965.534190 1.764543 4297.867427
93225838092895.406250 32.877100 0.973870 21.220551 39.510414 1.684614 1091.190945
2528703353587788.500000 62.606496 0.987945 2337.077379 641.228777 1.851883 4060.603675
5479428008131613.000000 44.733823 1.987080 2374.677483 3467.615590 2.042587 4687.580325
774350690310464.375000 49.205762 1.380281 681.175094 361.683901 1.634047 2520.634128
5484434287420746.000000 0.814418 1.166159 1037.594369 1637.565377 2.020573 2784.106257
254362191004669.687500 27.303547 0.389580 10.332939 51.758536 1.853103 1439.448798
38354084452826.375000 96.307704 0.273040 176.054771 71.864044 1.410901 1171.483833
79842710792184.484375 96.625793 -0.052645 147.077572 53.033078 1.632079 1497.607993
5711939854141529.000000 0.191186 0.159861 115.389638 3601.702226 2.699948 4359.896679
2117972761685858.250000 94.138315 1.037605 1278.030894 55.095721 1.694384 4424.318707
4386900046106476.000000 4.265524 0.628654 2804.762653 3344.321164 2.914312 2457.275484
3078278611506774.000000 6.820814 0.739533 2241.824468 3514.402061 2.274271 2340.432258
1022896201833973.500000 63.666715 1.851434 695.025481 384.395812 1.692929 3020.665220
838313045959724928.000000 10.920036 0.909639 865.826898 31.200130 1.764605 16715.859702
3005082497083062.500000 7.803743 0.603964 2124.588038 1784.737812 2.007362 2380.971732
23402200906250.757812 98.733186 1.373746 23.171122 13.492947 1.686050 1002.649631
4341026815166276.000000 0.667156 0.354041 717.712435 4775.340351 1.778020 2682.246159
1284960802492033.500000 4.248888 -0.418987 230.961547 500.919296 1.761158 1631.188377
1755721197302818.500000 7.756231 1.728952 751.604769 1160.062786 2.048336 1988.095698
50254652533517272.000000 90.022213 1.540507 1707.694856 53.243630 1.724444 12509.430759
27473161942085.308594 95.813657 1.375372 24.030079 16.081458 1.691146 1046.221362
4940835408768652.000000 20.140552 1.938919 2020.065203 3341.163550 1.901408 3537.957559
1668620305738587.250000 48.205040 1.063821 1767.081603 573.826014 1.612059 3233.344940
2441233858289281.500000 46.526541 1.861317 1018.474102 319.105763 1.638131 3627.320144
5445380915061247.000000 27.367681 1.763450 1759.999775 549.870131 1.926739 3999.739011
62954570965700.421875 80.483810 0.173028 300.517397 24.914709 1.705917 1295.348453
60817569186693.742188 85.687148 0.138463 545.261788 15.312965 1.716506 1309.584034
36202065882264160.000000 24.317960 1.654192 229.740123 35.146688 1.845038 7258.315377
8813587622882400.000000 66.108180 1.556375 1953.859682 204.782224 1.716816 6274.416461
75005601035861.390625 63.897107 1.772720 79.252733 93.167489 1.648870 1265.908735
4123325417762905.500000 53.308330 0.946256 2997.167069 74.434978 1.579719 4522.495223
68494290256869.296875 40.266768 1.597149 28.482825 16.904739 1.659969 1050.865976
6127096045897382.000000 26.965844 1.395961 2827.523621 1580.846642 2.001613 4141.464687
122310817288598.343750 65.947197 0.240281 694.407410 32.354275 1.721637 1506.517473
4942761678253507.000000 14.102990 1.784578 2468.939696 1721.529497 1.905886 3213.943629
52325840965070648.000000 93.859640 1.601014 1498.673611 54.094480 1.775622 12871.961913
22726293503353.929688 48.348537 -0.063082 364.569655 19.276941 1.601419 772.933596
2385449320695767.000000 45.820566 0.984872 2887.477146 257.155330 1.526559 3581.176510
69289484673680.484375 72.412778 1.534521 137.415993 87.054752 1.460812 1288.166338
3067798939112516.000000 67.709984 1.741195 1540.449330 1916.303504 1.847660 4450.775771
12720786575094.443359 72.443669 0.265885 19.898244 11.550959 1.574540 732.239042
6738609860735242.000000 46.794745 1.994957 2078.449319 702.055858 1.790278 5098.076649
616902140158459.375000 85.040554 1.050000 194.555331 11.056754 1.626667 2827.140437
2293806112471799.000000 27.141399 0.687130 2156.607695 55.167511 1.555818 2990.731479
3424020287607738.500000 1.761000 0.615293 13.327691 1862.537706 1.753862 2181.940120
11653711568906288.000000 2.055123 0.945040 2536.012028 955.005975 2.129308 3270.030093
223390559186166.750000 96.233690 1.951558 72.796692 40.308045 1.909981 2107.168822
1838633763321200.750000 49.616167 1.747047 955.901611 531.105337 2.004254 3372.173500
143468575267369.312500 22.001189 0.471198 18.333698 64.521234 1.622260 1115.360790
329777073475228.687500 88.985091 1.547093 226.013263 44.420849 1.561264 2332.218462
2839779204201600.000000 16.575360 1.401053 1467.462523 915.442266 1.942318 2787.380012
2282155188259270.000000 35.313777 1.973879 1271.592995 791.108272 1.720761 3241.126365
35639632120308.648438 58.362230 1.439039 22.784205 21.414251 1.705679 957.337421
956376183010104.625000 13.000919 0.495446 579.929481 74.861320 1.661350 1821.237676
198795582967627.531250 11.510677 0.221345 47.647266 53.111706 1.591163 1047.485200
3050078298602273280.000000 34.193975 1.442425 1118.461308 24.231416 1.627863 35336.677006
2242215043811831.500000 5.528701 1.535046 66.396434 91.550615 1.844982 2033.858506
228581416933478.937500 25.558848 1.383301 265.557710 128.586454 1.450283 1361.624433
169544782058578.250000 25.850354 1.205182 24.677314 49.122900 1.837926 1236.759575
5354235306048673.000000 26.195986 1.964140 2281.168998 1239.696773 1.875350 3924.891521
152189934556237.750000 87.895115 0.038924 62.242963 46.167629 1.903331 1794.298784
32291829330632.761719 63.016191 -0.356930 10.999504 24.215163 1.599446 951.274539
1643432249847052.500000 4.449279 -0.166854 60.313612 461.435344 1.801194 1780.218654
6530262899530148.000000 7.308607 1.112805 2764.752641 1102.104031 2.139780 3045.553692
221391587906024.343750 52.819083 1.151926 79.166038 17.226773 1.724831 1700.806490
2203558274495345.750000 4.079871 0.140295 2522.709637 4819.029878 0.851974 1943.698990
52299070440765.335938 90.938304 0.359888 237.417840 14.298597 1.663041 1272.327456
1768988217843052.250000 11.615700 1.696805 717.053913 2086.625972 1.460843 2175.314429
38249229136965.164062 50.132461 0.200522 13.060604 35.667758 1.528970 930.681430
137594748862020.343750 83.025871 0.109092 20.308525 66.114021 1.737977 1699.839949
7471469420088818.000000 89.245818 1.975714 2888.037045 2003.108812 2.503692 6606.267681
2527623371542319.000000 97.187543 0.976405 2144.160442 72.606852 1.690930 4747.586024
23705306543825.238281 60.435727 -0.396122 15.570111 12.251646 1.608148 845.794362
3027759625661480.500000 49.490503 1.421462 834.258068 62.722217 1.559622 3978.760116
105143637877837.875000 31.481852 0.968406 23.629507 46.330888 1.728680 1120.464626
1597860614587804928.000000 36.838825 1.670018 253.239741 14.317158 1.779581 29173.049677
1689413786964246.500000 4.739361 -0.226015 291.568338 465.677384 1.808308 1810.959636
10779265029817.265625 82.110839 -0.272067 1568.729136 20.843220 1.668285 724.459385
3912052166311545.000000 4.267315 1.152089 1949.181650 3247.766610 1.877461 2365.322464
2299361125151634.000000 68.042438 1.872892 1491.680086 1206.468298 2.096720 4049.871633
5585555348375732.000000 0.135646 0.036902 65.539041 3963.606965 2.813703 4974.648686
2111323696473465.750000 69.336657 1.209490 666.103329 22.472743 1.486378 3962.434201
4112270299143510.500000 55.358430 1.347595 596.869228 29.911314 1.512596 4576.962609
36134252669222.898438 44.592795 -0.049981 367.131968 27.017206 1.613044 878.122404
117017520000821.171875 22.663639 0.523491 14.280704 54.341645 1.619915 1051.147479
10340235596917216.000000 12.361105 1.715620 147.406133 37.048068 1.571487 3977.560708
2498372394001598.000000 73.046235 1.904114 1404.468736 1425.642739 2.166097 4268.787525
2729499107321271.500000 8.849487 0.976487 1533.532431 1724.704840 1.944497 2365.273041
3268982246601395.000000 41.569279 1.470380 1063.591740 119.666054 1.617164 3851.759821
43957326166333048.000000 29.068298 1.383176 738.278429 43.975252 1.676673 8173.111813
275113092012116640.000000 28.827543 1.996390 2230.049137 208.080722 2.050849 15023.404917
295659685566641.500000 4.813565 -0.477128 216.631231 28.059069 1.548572 1015.030595
5229764662724340.000000 25.872356 1.794961 2082.881036 2499.802760 1.833778 3879.678180
18828534319816988.000000 0.607371 1.337907 1551.815588 1052.587878 1.908897 4469.724611
2738828383696186.000000 97.482766 1.904206 1355.916215 1228.933470 2.184368 4881.683612
39496518676968.585938 92.672183 0.649052 93.741999 45.194604 1.545693 1166.599525
6488844704888231.000000 5.729301 1.984463 2029.171195 3898.248973 1.733972 2914.310087
660816373253513.625000 26.522016 1.982541 261.740361 117.281898 1.678118 1961.455314
16305881542901694464.000000 66.658397 1.836545 1734.782187 26.941164 1.597402 77249.453905
103252899525287.546875 42.539166 0.884505 24.349105 34.675055 1.764054 1226.823244
915521536380973.375000 17.918351 1.976999 412.708659 345.037498 1.957294 1952.195731
105389657067474.906250 63.563641 -0.159897 82.888074 48.856245 1.697093 1415.294031
8471989696295127.000000 61.673758 1.650992 1073.786859 78.433733 1.619798 6044.480627
60984732975588540416.000000 5.158198 0.624260 250.600934 10.170652 1.856881 60544.725715
1213045667691417.750000 30.474980 1.596028 708.722751 1007.825161 1.619214 2506.251687
4386900046106476.000000 4.265524 0.628654 2804.762653 3344.321164 2.914312 2457.275484
4879611574200964.000000 92.925344 1.634096 2718.513201 2925.246606 2.691874 5816.027048
2629967261249908.500000 24.678718 1.885569 1567.561498 1134.533671 1.594362 3041.888714
19828329544186788.000000 1.000384 1.311505 1602.535872 824.106055 1.894854 4129.183379
6564923200529487872.000000 17.490450 1.468061 640.301444 26.542784 1.693557 37396.776887
184029268163522.187500 44.764941 1.192610 226.483809 173.820803 1.556287 1512.746542
5181016043390315.000000 2.271823 1.221904 2003.331683 2858.569371 1.914010 2495.712668
3021219804795086.000000 7.675879 1.925989 954.217327 641.850837 2.034436 2377.585911
9275726517831222.000000 1.817623 1.623459 422.154268 324.238971 1.924353 3038.271636
25482655708880484.000000 49.037074 1.726680 1086.404071 73.947046 1.647637 8068.209993
52000514936722.226562 46.342325 1.514591 12.282446 15.882851 1.771280 1004.177379
2546928196352335.000000 6.227907 0.625261 1865.273432 704.910057 1.814289 2162.834301
5587777670297501.000000 37.828227 1.396389 2827.505108 1328.532481 2.196381 4466.091860
4494047708825455104.000000 24.082630 1.815089 240.454456 17.145501 1.725921 36103.683065
24287061167223.253906 79.270049 -0.154682 537.773513 12.985322 1.776725 937.881556
88771177919790448640.000000 4.004829 0.617529 379.099017 13.735873 1.868916 66499.943345
6869432874445058.000000 5.458517 1.702724 2024.687755 2005.108733 2.451036 2948.256206
5849288997308789.000000 54.736764 1.701444 2971.625812 3828.724240 2.022419 5127.543013
8282096878081149.000000 34.527429 1.284174 60.235334 10.788641 1.791442 4945.106837
150031543340598.000000 26.674557 0.497053 11.394904 42.896603 1.718908 1198.669990
7585189527804217.000000 3.602484 1.700012 2016.347262 1993.038906 2.437762 2899.204013
3011836381722166.000000 1.156888 -0.200082 26.628697 2056.730924 1.975481 2160.917317
2700618312660341.000000 1.661920 -0.450764 166.038186 855.774358 1.788302 2021.108750
61604215863235240.000000 63.296431 1.691701 2048.395093 116.710757 1.879504 11816.297768
44670440752444.500000 30.960026 0.137203 401.825953 27.237760 1.521521 837.932147
94139068600602.640625 63.074640 0.432389 20.873390 66.724911 1.601636 1359.371517
4407538185167411.000000 96.872634 0.808041 1676.568152 39.060969 1.963734 5707.615378
3166352416900602.500000 66.922746 1.804070 1574.041024 2377.385265 1.870267 4479.556193
13862408018335.064453 75.664830 0.221071 16.817915 11.659909 1.609341 765.209841
137219488753379.437500 86.160561 0.202123 1363.047423 75.258306 1.591707 1721.032606
86252470173039.218750 98.608850 1.108493 21.637876 39.685134 1.803788 1548.061084
3430352095333517.500000 64.408571 1.940683 1607.065782 3066.430144 2.695948 4539.654465
4329307276020433.000000 29.472312 1.821777 2357.578049 1659.330517 1.929890 3790.530851
215675274835165.937500 44.340908 0.148894 399.588516 73.915865 1.786270 1589.887971
141910864384458.031250 41.528658 1.860817 23.664003 93.477517 1.612955 1353.279709
66921982563315.015625 91.840333 0.579546 71.422954 52.885325 1.657588 1386.247767
4936510120121118.000000 0.683557 0.240490 51.518277 1097.793608 2.050536 2784.785141
1211922427358291.500000 9.368696 1.173277 582.255331 308.666284 1.720922 1826.447169
12682221062539922.000000 7.469535 1.169688 2717.230899 479.483461 1.858325 3815.394503
1866873693974722.250000 14.806523 1.790044 888.656179 806.686880 1.959020 2352.486356
739042606607582.125000 25.049874 1.990805 288.406861 140.839019 1.679845 2001.323110
7826040511525300.000000 94.860442 1.573471 354.088101 19.176040 1.651484 6858.953019
233268425200971.656250 43.785157 0.375612 206.370888 94.423950 1.764639 1625.192409
3105746368543748.000000 39.749333 1.971294 1583.067799 1027.952690 2.073855 3731.519179
3754247383077982.000000 98.438647 1.928283 1993.083170 1923.333836 2.292035 5442.083955
5316324433388626.000000 43.163596 1.621317 1854.438898 419.853584 2.006507 4586.044672
5332558768294353.000000 18.998811 0.976999 97.133527 17.165807 1.696190 3569.939529
18055619486209.894531 92.074429 1.996477 46.360395 31.799016 1.442908 896.579549
44492075188388408.000000 55.973241 1.120951 1471.273466 37.934312 1.812667 10161.357702
4383878483728064.000000 25.248472 1.145250 2450.325662 633.491724 2.094103 3631.388059
5780164923859343.000000 46.288798 1.560541 615.696685 47.033809 1.579095 4826.369387
62991519000357.828125 62.546935 0.691809 30.493305 33.290066 1.721267 1185.519015
23359055586647296.000000 31.879706 1.466540 728.220939 52.922120 1.652853 6812.888149
32892477487364.414062 40.834743 0.278258 36.037155 10.398760 1.587305 826.703708
4129533681391791.000000 96.972678 1.604640 2324.462402 3653.106475 2.744927 5587.095041
4493629756528817.000000 50.647340 1.473460 563.604719 38.568912 1.603261 4573.939463
478325277221536.062500 7.416283 -0.399232 264.081399 19.841556 1.715171 1277.790682
211873188190115.562500 53.971258 1.903022 290.054362 216.793421 1.459979 1688.423104
535058703259181.312500 80.440660 0.537065 1772.720387 82.553364 1.698398 2642.985861
190083394348155.437500 91.856527 1.997991 199.277353 160.171338 1.620528 1963.331765
2769455936271668.000000 18.651169 1.962831 1190.388138 2978.921059 1.514530 2854.817714
3363936399814239.000000 13.743717 1.020154 1951.096887 782.458767 1.940246 2808.558096
648338154508653.000000 28.782063 1.598668 424.215525 281.429329 1.736193 1998.270002
4588547837648247.000000 18.464444 1.329402 2474.030958 1163.354201 1.905300 3368.672316
1038506491335650.000000 96.942950 0.737841 2006.343054 211.187109 1.679708 3526.200685
117839003029894.984375 27.196394 0.778366 26.740587 14.728942 1.660965 1112.471333
137495551513760768.000000 88.767267 1.482406 1008.863456 25.634655 1.770693 17407.699355
2428949616843181.000000 1.307165 1.508086 16.188089 3141.045148 1.435623 1985.187796
2683066846726221.500000 66.301407 1.831981 1632.811157 1457.766984 1.965619 4225.153724
14404426862058.308594 91.090128 1.197647 26.829592 12.138641 1.536039 828.313648
42650671041791.562500 82.132019 0.860911 69.738999 49.144753 1.541841 1145.951823
67900734650487.109375 29.970615 0.075389 423.572058 30.714031 1.599773 953.760884
35118258322992.109375 91.101405 0.240622 321.951458 21.458901 1.593354 1114.876047
2643313509982973.500000 7.982238 1.510121 1135.977014 2531.966642 1.692316 2291.472987
58791674708541.687500 30.729007 0.983665 35.144338 21.946604 1.590836 916.135883
4812228927768987.000000 63.159405 1.823296 2201.404448 1693.394871 1.967848 5047.383256
318299313468295.375000 79.791014 0.909737 254.430063 19.241845 1.653435 2216.406558
724043383209931.500000 36.600629 1.431648 602.727322 420.246232 1.694111 2236.064154
373435837946558976.000000 34.880523 1.059506 1479.324122 13.978499 1.534251 17658.011577
3082887208822421.500000 1.325924 0.564518 724.718256 3779.551498 1.859335 2146.501797
50677984997495.078125 88.616872 -0.159270 1062.036810 41.568146 1.678422 1247.343427
9021045419618308.000000 93.993363 1.759683 397.175670 22.790504 1.547949 7167.744489
6772019301842625.000000 22.548165 1.899196 2510.785290 1387.461182 2.041980 4059.804327
4694989766051503.000000 24.675443 1.644249 2131.233796 1682.839812 1.924669 3689.953740
13464817610743838.000000 1.005899 1.673839 285.381706 312.387973 1.893898 3626.482610
1844147457538089.000000 5.215940 1.661971 486.849098 958.011058 1.831050 1889.260840
222103200079386.875000 46.108582 0.315542 151.525490 129.994379 1.704318 1626.524387
56907782365753.687500 86.133146 -0.424173 219.134144 31.024611 1.775666 1283.289649
38236232181614.789062 60.853123 -0.342116 11.982094 29.340415 1.601370 994.278790
250777935472068.218750 15.749765 1.042712 39.148584 29.841610 1.710887 1224.465373
4425824807582594.000000 69.429696 1.941020 1675.555110 734.624608 2.038604 5073.563848
93699553586238624.000000 33.789685 0.930937 886.653425 12.460311 1.627351 11025.419967
67008715751590.906250 58.183238 -0.260804 164.245714 35.362962 1.730926 1180.335389
4519174965656062.000000 51.035611 1.243514 2891.022831 3538.193919 1.577467 4594.432605
5707053758687993.000000 9.655843 1.353451 2396.851144 873.955541 1.754890 3081.534670
37950573615823.679688 98.847733 0.493281 81.310099 64.328127 1.466572 1178.473706
276855059912883072.000000 28.739716 1.995294 2223.556134 210.590633 2.049224 15040.921692
4122920386607800.000000 4.971491 0.524606 2802.042361 4679.077576 2.963884 2453.788771
7315540707774064.000000 72.505939 1.860527 2804.084610 2031.991601 2.146202 6091.095948
103729926899068.562500 93.955024 -0.270113 64.679073 59.629854 1.656003 1617.585808
96989220453300.000000 47.909612 1.276667 25.725391 25.419839 1.833643 1249.910248
669652241569929.625000 90.351269 1.111247 961.012714 155.581446 1.558260 2969.620285
202397614513504.031250 71.989593 1.864150 189.287176 167.204672 1.679552 1837.608489
10645543763100210.000000 56.689811 1.916702 2976.729661 705.218687 1.928614 6335.866827
4067008976374862.500000 83.761795 1.464428 2576.372798 1018.997336 1.911740 5272.370831
14946116160824558.000000 95.456824 1.669753 262.944226 10.569542 1.540508 8529.197670
739042606607582.125000 25.049874 1.990805 288.406861 140.839019 1.679845 2001.323110
2875695688365330.000000 26.824027 1.628154 1866.717452 885.477921 1.690701 3213.329171
285006255033313.750000 66.485898 0.204305 2302.492357 103.607480 1.713317 2002.958625
397421251093960.375000 15.406308 0.762756 22.369379 124.718051 1.833194 1419.303940
506547030042011.500000 49.573238 1.152119 603.916533 166.915223 1.574134 2193.603617
36970793393360.796875 41.468552 0.113148 28.806393 24.800800 1.649067 863.897549
857778040058477.875000 32.257290 1.380067 846.857880 606.920973 1.609521 2272.883037
83829448512295.984375 60.562760 0.898680 61.880488 17.163811 1.672725 1289.526728
2226935287107126.000000 3.831468 1.109033 773.961272 667.332096 1.819419 1937.986402
11822422969924.203125 97.342102 1.799399 35.837269 28.017744 1.431328 794.429410
2262374083200566.000000 12.276913 1.273308 1448.663601 1186.899003 2.402441 2392.802943
2370938039158244.500000 2.507784 0.365233 445.433532 939.148666 1.947886 1926.636163
70389073847689760.000000 85.899182 1.864793 1915.827295 116.464950 1.869787 13761.883463
5658221256363517.000000 69.860643 0.978073 2930.624725 92.986209 1.731298 5518.481087
2013768008851663.500000 75.888770 0.815768 2048.627271 47.698555 1.745745 4026.794583
5389883315852182.000000 0.510348 0.116021 84.465564 2582.199186 2.717463 3078.197617
3681528116968418.500000 54.410464 1.425248 2095.412806 3186.387968 1.700694 4385.291011
156078152581815.343750 24.297364 0.450009 10.610226 71.328340 1.715970 1181.035238
10647710758841.023438 84.406131 -0.274143 1972.696032 18.251590 1.648571 728.662938
216078955238697.093750 60.751965 0.799525 150.035462 34.629553 1.823628 1769.989632
101378535255425.015625 16.451191 1.060565 24.432223 21.594222 1.604044 915.953103
2576523765401091.000000 7.774423 1.055587 1258.737293 955.516036 1.967478 2260.275953
58336638072967225344.000000 78.787640 1.738359 1184.260335 13.460793 1.626386 125331.057532
3037951971154617.500000 4.238556 1.963609 1194.906186 2191.626295 2.163784 2172.438910
2686595231736396288.000000 36.202554 1.696725 1509.736880 40.108781 1.590200 34496.216539
2333877745232782.500000 70.541512 1.864417 1322.498542 1663.638062 1.542934 4121.931446
1725616354235852.500000 41.024077 1.490707 1233.799634 592.057293 1.674297 3099.489147
16139477155382069248.000000 62.005956 1.915685 1362.389260 28.186183 1.637879 75070.438225
3276063186191273.500000 69.707608 1.299318 2435.935857 1262.852588 1.899923 4595.952369
79244007607415.890625 47.959561 0.027556 354.210141 53.427891 1.591457 1168.902177
3818797104967404.000000 1.711059 1.712071 864.834817 2452.148755 1.640530 2265.445795
2392005017122335.000000 2.390961 -0.376142 208.997725 1179.806203 1.755648 1930.248714
1184044806336669.500000 23.794041 1.664954 678.898036 843.919541 1.625873 2306.283970
116040909254556.156250 29.519609 0.730323 27.785049 13.682037 1.655799 1134.957345
7223605331531377.000000 34.499727 1.893712 2488.094136 810.619568 1.813389 4723.558719
456589362151533504.000000 24.986391 1.173686 824.346622 24.851939 1.728761 17032.304584
5739316484092604.000000 70.227447 1.808727 1900.297248 475.394922 1.874933 5554.941882
1759668063728694.750000 51.217576 0.848593 2180.855743 710.590818 1.629347 3359.014256
12413895372889356.000000 1.179009 1.668133 272.785500 276.502397 1.849153 3456.988366
2226620844690374912.000000 40.235740 1.694164 2599.095095 73.845456 1.801860 33530.136898
5146754855163340.000000 88.283163 0.673152 2585.425918 13.307525 1.709125 5811.657965
4136532231468131.500000 56.599091 1.605064 2304.968624 2673.501043 2.350811 4620.870295
2192374477640762.000000 93.653198 1.053511 1730.419097 492.828058 1.910861 4467.153440
3302687695870345.500000 60.225788 1.848700 1852.028023 1378.428437 1.965732 4379.419507
132140109017107008.000000 88.820425 1.481308 999.483550 25.551114 1.768759 17182.399711
208336584523105.437500 71.001578 0.800400 149.798125 16.594156 1.730178 1846.392425
23661223745835.847656 36.573016 -0.306127 736.326110 20.187213 1.726150 714.720823
3062614859484789760.000000 5.063489 0.746962 1104.025670 40.962817 1.761619 22279.231262
5579070745851871.000000 1.582087 0.365357 2699.363952 3248.309296 2.297132 2580.953618
101052709060728.156250 23.963303 0.189709 16.382322 14.980967 1.675167 1017.535533
3628454424044751.500000 52.841070 1.902768 955.018964 229.792658 1.751578 4320.856307
79851632524048.015625 69.406949 1.966524 11.496398 74.784525 1.495607 1330.535064
85605837880011.187500 49.649516 1.005935 72.152120 32.895120 1.696566 1213.419351
8111355119321306.000000 53.446486 1.446682 154.976275 10.354287 1.571675 5671.645750
803980230888384.875000 49.964893 1.495789 397.867167 551.601640 1.668974 2565.576371
4406466208967520.000000 47.885671 1.902787 787.149179 170.213322 1.801963 4459.249132
907289310132701.125000 83.337996 1.362992 786.145084 883.749608 1.626468 3191.830895
3583418001689823.500000 4.579657 1.639685 1309.830506 4089.882133 1.794240 2316.667650
4430694395004358.500000 95.968838 1.417765 402.618114 20.712126 1.676601 5698.142921
2177392858124526.250000 9.861624 0.502340 2277.338399 461.144716 1.906663 2245.376547
4258337001040884.500000 0.862247 0.455125 1099.739185 4450.328815 1.908059 2532.696238
2515282673482857.000000 1.465328 1.436348 13.669368 3323.074828 1.341821 1989.116141
90826387741433.781250 57.167797 -0.477620 42.256616 52.583674 1.598973 1298.389447
2833715732489630.500000 9.433107 0.639279 2730.479696 686.092077 1.850000 2427.784710
3190801748395172.500000 8.517599 1.991709 1029.991966 4499.030661 1.288934 2471.984432
5123876447090464.000000 17.312787 1.509299 2086.583217 936.890111 2.100297 3433.588273
466207342711553.750000 56.824075 1.675084 261.581118 149.376218 1.855436 2235.092071
165772252638589.937500 86.644411 0.640278 317.308449 96.803240 1.682189 1836.661724
5635693799668637.000000 17.889499 1.602743 2758.119496 2276.387590 1.924408 3576.217477
1682703824313403.250000 51.030354 1.477518 998.839572 187.725766 1.602052 3305.214137
1942473923364943.500000 74.242091 1.743690 1288.393153 592.245079 1.865858 3947.887652
16800086160902.990234 55.260428 -0.165206 1382.525138 16.957309 1.717033 731.236153
107534878682557.671875 44.630423 0.882087 50.681526 10.634630 1.601636 1263.436212
360218317849502.125000 31.954268 1.900328 83.190899 184.687677 1.790879 1697.017995
56845314655789.906250 84.940309 1.832436 85.823895 62.880654 1.527984 1276.408190
