10.000000 12605682.117860 321383.848727 172521941.659624 39874.239100 400255252.010406 9227.424364 1283110223.993172
10.139395 12548872.690804 324713.606170 170338880.974819 40215.260629 393284113.539273 9348.283807 1240325934.749083
10.280732 12405408.369579 328299.814983 167541167.780737 40559.009010 386395249.784770 9470.683502 1198831939.635237
10.424040 12206064.141230 330851.679621 166097889.879532 40905.501711 378196939.366156 9594.641910 1158594043.374028
10.569346 12010674.649137 333404.923845 162965257.716517 41254.756212 368660666.233001 9720.177682 1119578815.812538
10.716676 11819154.267202 335959.136502 159975364.606037 41711.147903 359342023.463978 9847.309659 1081753578.087035
10.866061 11631418.932795 338513.900220 156751852.327625 42200.969824 350595056.172733 9976.056871 1045086389.001215
11.017528 11518045.398598 341068.791488 153086255.611996 42695.623627 343135229.144645 10106.438544 1009546031.613508
11.171107 11479259.225223 343623.380746 149851517.726448 43195.133489 335604628.297623 10238.474091 975102000.028962
11.326826 11439935.765020 346177.232474 147215771.117709 43699.523061 328353272.822696 10372.183125 941724486.391389
11.484715 11326709.200925 348729.905298 143800389.031451 44208.815449 322952787.103125 10507.585451 909384368.071544
11.644806 11146076.382528 351280.952088 140554375.260434 44723.033191 315211807.428813 10644.701067 878053195.047346
11.807128 10997633.265297 353829.920074 140123768.473599 45242.198238 307688327.640838 10783.550172 847703177.472213
11.971713 10898390.088289 356376.350962 136793024.143981 45621.802673 300960048.388424 10924.153160 818307173.427821
12.138593 10791884.917737 358919.781053 134123460.039426 45856.169420 294349014.498141 11066.530622 789838676.857610
12.307798 10787799.038974 361459.741374 134079470.432406 46091.716744 287853886.504724 11210.703350 762271805.677654
12.479362 10709796.865057 363995.757810 131409693.619789 46328.450046 279494350.498656 11356.692332 735581290.061494
12.653318 10624142.272956 366527.351246 129059741.593914 46566.374741 270386728.462887 11504.518758 709742460.895800
12.829698 10539012.804673 370671.681519 126069418.286896 46805.496265 268442144.904137 11654.204019 684731238.403716
13.008537 10454404.817766 375206.508239 124398568.237821 47045.820054 262329512.337554 11805.769706 660524120.933023
13.189869 10370314.701273 379791.988358 122098572.874313 47287.351558 255399860.865641 11959.237612 637098173.906223
13.373729 10398785.298901 384428.561326 119339765.306618 47631.550874 251242144.310182 12114.629730 614431018.929873
13.560151 10302227.513942 389116.666989 116583890.584969 48061.459766 245909213.896033 12271.968259 592500823.060568
13.749172 10344201.813806 393069.918188 113991253.049270 48608.802703 241212697.367707 12431.275597 571286288.225063
13.940828 10386176.437343 394599.972486 111399401.177666 49161.317923 234392631.839168 12592.574348 550766640.792188
14.135156 10428147.841709 396132.043932 110768424.724653 49719.027522 228983002.609058 12755.887317 530921621.294245
14.332192 10470112.419265 397666.058133 107613552.949399 50281.952951 223674601.529219 12921.237514 511731474.295726
14.531975 10512066.496962 399201.939116 104461987.693543 50850.114999 218466107.823314 13088.648151 493176938.407255
14.734543 10554006.335744 400739.609309 102910796.500948 51423.533763 213356204.367211 13258.142646 475239236.442770
14.939935 10552884.272484 402278.989523 100587085.502586 52002.228628 208343578.003019 13429.744618 457900065.718025
15.148189 10600450.288457 403819.998922 98672857.139742 52586.218242 203426919.850113 13603.477890 441141588.488597
15.359347 10465222.758265 406613.884191 96914007.909919 53175.520489 198604925.612857 13779.366491 424946422.525646
15.573448 10487527.216135 409678.000848 95273991.078259 53770.152468 193876295.884699 13957.434650 409297631.827771
15.790533 10392127.485168 412741.331535 93102238.840636 54370.130465 189241759.356831 14137.706800 394178717.467346
16.010645 10289234.946596 415803.345809 90936506.623930 54975.469929 185433523.348504 14320.207577 379573608.569840
16.233824 10170336.331744 418863.506300 88800579.534451 55586.185441 180237679.299963 14504.961820 365466653.424612
16.460115 10084838.522990 422840.420778 86847902.858109 56202.290695 175869621.741103 14691.994567 351842610.725837
16.689560 10129219.392882 427982.243239 84775483.587462 56823.798466 171588515.349055 14881.331059 338686640.942168
16.922204 10077310.270919 433179.807778 82752517.688653 57450.720583 167393096.199546 15072.996737 325984297.813880
17.158090 10023251.797865 438433.541934 80746914.189114 58083.067904 163282107.261306 15267.017241 313721519.976239
17.397264 9968774.573549 442355.075578 78850253.816709 58720.850288 158637603.193383 15463.418411 301884622.707917
17.639773 9885871.205399 444864.599503 76968679.476658 59364.076564 154027009.170548 15662.226284 290460289.803307
17.885662 9812010.875531 447374.647241 75031769.554276 60053.062582 149477136.731564 15863.467093 279435565.567620
18.134978 9737937.574239 449884.916785 73339157.311266 60756.779697 146391687.149009 16067.167267 268797846.933716
18.387770 9746807.432900 452175.115063 71365640.870602 61467.502080 142718092.163446 16273.353431 258534875.699625
18.644085 9690334.696320 452508.382898 69785875.201651 62185.267685 138693048.692535 16482.052400 248634730.885766
18.903974 9685585.907870 452836.869452 67976629.795877 62910.113798 133412260.563038 16693.291182 239085821.210879
19.167485 9780399.536901 455236.419804 66259798.329258 63642.077006 127955400.244416 16907.096976 229876877.685743
19.434669 9801063.236155 458220.702586 64550611.227719 64381.193170 124063026.158166 17123.497166 220996946.323747
19.705578 9733371.448051 461194.968586 62952616.408247 65127.497394 121236619.437863 17342.519325 214625842.941872
19.980263 9665502.524733 463244.889014 61334240.691137 65881.023991 118442627.395544 17564.191211 210698005.712771
20.258777 9597462.832486 464362.064374 59947915.508855 66641.806459 115681481.313197 17788.540761 206750110.409531
20.541173 9670790.244138 465263.406897 58261870.425367 67097.637209 112243668.444183 18015.596095 202785659.020915
20.827506 9696062.784128 466006.078693 56791579.803081 67852.629484 109501478.713613 18245.385509 198808173.778746
21.117830 9610693.859602 466745.182621 55673408.903580 68645.954122 106131321.845828 18477.937476 194821188.964437
21.412202 9525796.289663 467480.635741 54370166.229435 69447.445963 102764349.474501 18713.280640 190828242.579292
21.710676 9441367.742782 468212.354040 53338387.144015 70113.568712 99494896.769828 18951.443815 186832867.914331
22.013311 9394807.168844 469499.969141 52091225.926663 70409.726124 96447136.741224 19192.455983 182838585.056877
22.320165 9370496.771567 471912.077230 50444379.497035 71134.819901 94541937.612599 19436.346289 178848892.372283
22.631296 9300731.396806 474303.417232 49266512.695107 71876.198379 92574090.125557 19683.144039 174867258.000127
22.946764 9230764.772092 476673.399586 48359205.368182 72622.953785 90784039.716131 19932.878696 170897111.404856
23.266629 9171769.702841 479021.436183 46898335.810123 73375.068086 87912679.008267 20185.579876 166941835.021226
23.590953 9178641.774549 481346.940665 45706477.705504 74132.521575 84683499.109865 20441.277346 162466746.820141
23.919798 9122444.854628 483649.328725 44947113.056240 74895.292841 81935003.846454 20700.001017 156482315.092916
24.253227 9040888.230258 485928.018411 44163720.664363 75663.358735 80140538.508424 20961.780945 150705731.306143
24.591304 8959229.943080 488182.430434 43098177.067536 76436.694344 78469232.731973 21226.647321 145130419.375528
24.934094 8877483.096101 490411.988474 42049420.656523 77215.272951 76820272.275529 21494.630469 139749984.454266
25.281661 8824624.520213 492616.119485 41026184.814696 77999.066009 75193682.747403 21765.760843 134558208.910027
25.634074 8847584.542349 494794.254008 40096772.279749 78788.043108 73589485.380665 22040.069019 129549048.360855
25.991399 8806664.977045 496945.826478 39139957.885519 79465.948918 72007696.775759 22317.585691 124716627.769835
26.353705 8854184.781937 499070.275535 38205975.598039 80131.796178 69938989.719729 22598.341668 121496115.293916
26.721062 8897921.688439 501167.044334 37294683.387595 80800.682569 67904250.344940 22882.367865 118354510.212782
27.093539 8859038.587311 503235.580852 36478676.500518 81472.563634 65907986.727599 23169.695299 115244591.657399
27.471208 8807495.206589 503094.987697 35535637.730835 82147.393377 63950254.981470 23460.355083 112168443.763564
27.854142 8744668.035968 503544.413510 34527802.639846 82825.124244 62031088.195224 23754.378419 109128066.356038
28.242413 8697303.505348 505873.260505 33687598.788069 83505.707104 60150496.112311 24051.796592 106125370.909866
28.636097 8610477.978898 508176.529147 32909014.128268 84189.091231 58308464.852732 24352.640965 103162176.846211
29.035269 8523811.386952 510453.617472 32263232.184119 84875.224290 56452553.373014 24656.942969 100240208.179713
29.440005 8437316.303082 512703.926692 31529776.607373 85564.052314 54739909.809563 24964.734098 97361090.532255
29.850382 8351005.181595 514926.861517 30868438.858930 86255.519692 53079497.734200 25276.045899 94526348.525732
30.266481 8264890.352012 517121.830466 30105463.549977 86949.569150 51634312.858737 25590.909968 91737403.564081
30.688379 8178984.013672 519288.246192 29441856.081701 87646.141739 50212178.970247 25909.357938 88995572.012345
31.116158 8093298.230455 519833.579154 28658519.540774 88310.910872 48813271.594736 26231.421476 86302063.778052
31.549901 8006490.067298 522597.528634 28095928.767031 88531.343494 47437753.025227 26557.132268 83657981.297649
31.989689 7916870.121625 525350.157993 27361534.189588 88751.869857 46085771.907815 26886.522014 81064318.928145
32.435608 7796224.620954 526460.815950 26856916.694328 88972.481587 44757462.842882 27219.622418 78521962.741619
32.887743 7740960.663901 527343.933718 26224167.656338 89193.170152 43544598.345603 27556.465179 76031690.717702
33.346180 7649327.130991 528212.939791 25451222.543976 89413.926862 42353582.363598 27897.081980 73594173.326724
33.811008 7584472.427812 529067.583182 24735928.275561 89634.742864 41179120.625431 28241.504479 71209974.493854
34.282315 7500655.892442 529907.611426 24271485.875453 89855.609142 40021854.047891 28589.764297 68879552.932297
34.760192 7431513.223152 530732.770626 23569484.982417 90716.415628 38882381.904564 28941.893011 66603263.831508
35.244730 7387380.693930 531542.805501 22961047.646715 91671.375149 37761261.064387 29297.922136 64381360.884377
35.736022 7324419.506560 537522.505882 22342984.106808 92633.364258 36631299.901678 29657.883121 62213998.635535
36.234163 7270571.614811 539242.913890 21822057.067485 93602.360291 35497884.304880 30021.807333 60101235.131291
36.739248 7216536.203725 540564.245284 21313275.450592 94578.338351 34594688.062529 30389.726045 58043034.850245
37.251373 7162323.185673 541846.661622 20806956.808453 95561.271270 33714472.441930 30761.670423 56039271.892371
37.770637 7077504.652578 544141.543046 20331022.403333 96551.129559 32856652.731864 31137.671516 54089733.403325
38.297139 6979875.512105 546863.431978 19857004.283983 97547.881365 32020659.098307 31517.760239 52194123.209868
38.830980 6937335.308349 549580.943934 19336913.166472 98551.492423 31140360.579546 31901.967362 50352065.641711
39.372263 6806185.804820 552293.637122 18870883.085576 99523.883424 30328269.419416 32290.323495 48563109.514625
39.921091 6711047.972470 554284.666901 18414857.516116 100138.723764 29552407.225666 32682.859072 46826732.249512
40.477570 6643038.244001 555765.811244 17948735.780468 100756.637078 28796393.251257 33079.604337 45142344.102092
41.041805 6559397.288929 557207.572685 17512094.047630 101377.620061 27987837.864631 33480.589329 43509292.478095
41.613906 6472304.734102 558609.532029 17086074.567256 102001.668797 27188247.972395 33885.843868 41926866.309217
42.193981 6412093.843674 559971.280915 16670418.930130 102628.778744 26409693.807342 34295.397534 40394300.465701
42.782142 6362083.473239 561292.422053 16238260.626910 103258.944708 25722910.479387 34709.279653 38910780.182107
43.378502 6311965.334582 561276.793034 15778460.658738 103892.160831 25064216.858642 35127.519283 37475445.473746
43.983175 6209824.466827 561012.187777 15386084.224871 104528.420561 24422390.586029 35550.145189 36087395.522288
44.596276 6099662.545054 560726.126162 14962804.010793 105167.716638 23724538.386028 35977.185831 34745693.010183
45.217924 6029909.159513 560418.422899 14599077.079546 105810.041070 23154836.423118 36408.669344 33449368.384812
45.848238 5989676.538182 560088.894445 14214493.027464 106455.385107 22468945.831178 36844.623517 32197424.034609
46.487337 5949167.506802 559737.359101 13833169.977559 107103.739223 21786385.290011 37285.075775 30988838.360828
47.135345 5869768.528556 566068.997875 13499971.823521 108132.663653 21219305.839036 37730.053160 29822569.730094
47.792386 5724911.079152 570355.823162 13068041.351776 109325.746819 20668046.655135 38179.582307 28814718.616501
48.458586 5650227.128745 571295.549286 12696167.789354 110106.784083 20130592.609063 38633.689426 27907549.761591
49.134073 5579416.533536 572191.349670 12371250.720870 110315.432525 19607114.574196 39092.400280 27017898.608024
49.818975 5485037.915006 573042.962019 12069932.771235 110523.641580 19097249.116878 39555.740161 26145952.257679
50.513425 5394904.167628 573850.137291 11786797.614587 111056.437885 18517092.550157 40023.733869 25291875.191358
51.217554 5286045.900559 574612.639818 11517133.884128 111725.525273 17882434.310815 40496.405687 24455809.058813
51.931499 5261448.930445 575330.247420 11248436.551874 112397.515519 17268419.327192 40973.779361 23637872.535172
52.655396 5219238.638330 576002.751509 10996410.242640 113072.390943 16716448.988300 41455.878070 22838161.244894
53.389384 5127824.571261 576629.957182 10747305.815425 113750.132818 16217895.561418 41942.724406 22056747.753999
54.133603 5047163.792363 577211.683303 10494472.172897 114430.721341 15872611.243354 42434.340345 21293681.630938
54.888196 4946774.064589 577747.762579 10250577.852029 115114.135600 15497194.040294 42930.747223 20529009.526396
55.653308 4871454.171460 578238.041620 10032617.887619 115800.353542 14949898.223303 43431.965708 19759069.571488
56.429085 4814226.010439 579127.225442 9776589.469038 116489.351938 14461073.968927 43938.015774 19018675.200583
57.215676 4759731.377779 583374.527501 9547083.660618 117181.106353 14061402.868980 44448.916671 18306726.469721
58.013231 4677476.617082 587615.174644 9316774.137108 117875.591107 13671344.832699 44830.510886 17622152.877320
58.821904 4614099.395174 590467.339579 9095401.830493 118671.542066 13318244.715962 45213.970779 16963913.985464
59.641849 4534514.896453 585178.863795 8883570.513944 119687.030903 12980259.640332 45599.989347 16399977.939979
60.473224 4473728.101581 580211.084136 8675956.898510 120697.408704 12650851.814467 45988.566668 15848181.682443
61.316188 4405384.044854 583617.439554 8478763.547665 121501.667350 12329803.568360 46379.702334 15248794.945138
62.170903 4320680.616340 588132.944950 8275855.152704 122303.290045 12016902.755947 46773.395447 14750382.867557
63.037532 4294219.565083 588136.404184 8090343.903764 123102.108417 11711942.614921 47055.839587 14267837.590854
63.916241 4224271.160232 587459.294845 7895472.615503 123897.953008 11414721.630107 47281.699015 13800081.932363
64.807198 4167473.909822 586751.082847 7710030.986130 124690.653340 11152592.082699 47508.446591 13424637.935739
65.710575 4102435.318912 586011.624528 7545813.312223 125480.037980 10876220.916279 47736.081568 13226464.532642
66.626545 4039720.883948 585240.782369 7398612.616586 126265.934606 10606698.473551 47964.603088 13026251.840572
67.555283 3972879.330799 585584.637616 7215889.494294 127048.170084 10299375.236048 48194.010175 12824128.519639
68.496967 3919428.387257 587835.177672 7040347.409810 127826.570529 10038001.819931 48424.301731 12620226.677051
69.451778 3866365.493784 588828.326901 6869075.765367 128600.961387 9837547.237311 48655.476537 12379094.183056
70.419898 3813694.254023 587363.746016 6703572.754070 129371.167504 9593764.053588 48887.533245 12059895.480370
71.401513 3764148.319622 585858.915300 6584141.123369 130137.013204 9356022.034316 49120.470378 11747845.890869
72.396811 3711773.292018 584314.275571 6399219.876838 130898.322363 9077982.241102 49354.286326 11442817.642289
73.405984 3658064.087688 582730.276242 6266753.423272 131654.918489 8827327.008236 49588.979341 11144684.311372
74.429223 3588633.528606 581540.188328 6113957.489146 132406.624804 8603310.641957 49824.547537 10853320.834414
75.466726 3542984.709512 585810.306135 5968769.661326 133153.264318 8384979.273222 50060.988881 10568603.517181
76.518692 3468887.702162 585239.996323 5823049.560593 133894.659914 8172188.630442 50298.301194 10300583.079291
77.585321 3396340.339235 586517.107778 5674425.613565 134630.634434 7964798.103295 50536.482145 10155002.218114
78.666818 3322050.380312 589149.445622 5542195.231361 135361.010756 7762670.649811 50775.529250 10177176.694356
79.763391 3258991.649844 588486.160629 5413688.069958 136085.611883 7565672.705817 51015.439861 10078971.025544
80.875249 3197292.502549 587802.639999 5300568.293668 136804.261024 7373674.096676 51256.211171 9804477.709911
82.002606 3126738.792594 586904.693052 5177222.854082 137516.781687 7186547.951273 51497.840203 9537460.016555
83.145678 3074604.935352 584821.529534 5044886.443081 138222.997757 7004170.618176 51740.323809 9277714.352437
84.304684 3024203.112885 582702.881433 4932549.552868 138922.733590 6826421.583931 51983.658664 9038005.734018
85.479845 2938721.551291 580549.312263 4824142.581575 139615.814097 6653183.393424 52227.841265 8868244.316445
86.671388 2892899.006117 578361.390990 4711883.677552 140246.274605 6484341.572271 52472.867920 8701068.589926
87.879540 2836937.133952 578460.831122 4604104.399669 140830.156517 6284884.506667 52718.734751 8536455.830582
89.104533 2776571.256072 577102.093124 4493485.579817 141407.116488 6101024.428173 52965.437682 8374383.057224
90.346602 2717489.875888 574395.779024 4385524.502327 141976.995134 5901144.503876 53212.972440 8214827.045658
91.605985 2659665.661166 571660.121825 4280157.311932 142539.633558 5739932.617634 53461.334545 8057764.342858
92.882923 2603071.861260 569071.104454 4179607.469334 143094.873426 5594559.461918 53710.519310 7903171.281018
94.177660 2547682.294742 571641.753166 4081536.399291 143642.557054 5452868.118483 53960.521832 7719492.488893
95.490446 2493471.337283 569477.778972 3987556.210050 144349.062760 5314765.339427 54211.336987 7505387.719399
96.821531 2445151.392599 564811.306234 3916269.180170 145111.200865 5189067.775777 54462.959427 7297221.274528
98.171170 2421140.974034 565330.891283 3821947.239424 145873.721979 5094451.910519 54715.383570 7094828.451272
99.539623 2389993.872002 566685.613180 3729448.765617 146532.095241 4959883.924703 54968.603599 6898049.114762
100.927151 2339981.268495 567993.996229 3645646.153094 146767.445559 4887268.096636 55222.613454 6706727.571564
102.334021 2291015.220185 569251.510185 3559648.509031 147001.435266 4763240.965998 55477.406825 6520712.446498
103.760502 2248670.672902 570461.295333 3469461.624711 147251.695333 4642361.346163 55732.977146 6339856.562863
105.206867 2212968.486308 570691.556930 3388726.457175 147733.356734 4524549.360864 55989.317592 6164016.825993
106.673394 2174685.958159 569559.211358 3313636.953904 148206.085254 4409727.160902 56246.421069 5993054.110039
108.160363 2127399.147418 568402.231814 3235471.120098 148669.734170 4297818.872703 56504.280207 5826833.147892
109.668060 2088304.890358 567220.413630 3157619.453541 149124.158310 4188750.548182 56762.887357 5665222.424155
111.196773 2042337.641403 566013.553159 3084627.550843 149569.214138 4082450.115879 57022.234579 5505504.410230
112.746796 2003843.657431 562511.998778 3020149.040891 150004.759830 3978847.333336 57282.313641 5334006.321947
114.318425 1966091.094528 562050.252734 2946887.645262 150430.655364 3908011.141289 57543.116007 5165649.246491
115.911962 1923746.255242 561823.308498 2882716.062283 150846.762596 3816906.298535 57804.632829 5000496.915140
117.527712 1882313.421212 560931.656273 2806932.151187 151252.945343 3714717.418415 58066.854945 4838606.747432
119.165984 1847896.329390 560895.408796 2737594.916537 151649.069465 3615264.410335 58329.772866 4680029.817748
120.827094 1811357.737564 560953.387251 2673394.501161 152035.002941 3518474.027618 58593.376770 4524810.844458
122.511358 1781029.171418 562151.058931 2610282.298750 152742.376793 3424274.984599 58857.656493 4372988.201495
124.219100 1747911.252123 564304.520391 2554639.458246 153522.777297 3332597.904124 59122.601523 4224593.952051
125.950646 1708725.958546 562314.568155 2492837.737904 154299.810685 3243375.266449 59388.200990 4079653.903981
127.706330 1674543.611001 560292.512604 2430179.202392 155073.297700 3157074.113190 59654.443655 3979505.081804
129.486487 1642900.728283 558238.857433 2372254.963386 155843.056368 3076955.151895 59921.317906 3883160.848808
131.291459 1620505.562446 556154.108726 2316629.782230 156608.902005 3000487.248958 60188.811745 3787954.327036
133.121590 1586806.323942 554038.774676 2263217.424817 157295.005364 2936543.123856 60456.912781 3693906.764306
134.977233 1556430.633142 551851.576772 2209605.384708 157679.039324 2864731.584062 60725.608219 3601038.821481
136.858742 1523178.633873 548934.086024 2156750.080103 158051.414334 2790236.804442 60994.884851 3509370.537824
138.766479 1493246.167341 545987.865890 2113098.091078 158412.027818 2723305.724151 61264.729045 3418921.296296
140.700809 1460739.854329 543013.399122 2061602.108453 158760.780543 2667305.542437 61535.126739 3329709.788925
142.662102 1427893.935887 540011.177357 2014606.551415 159097.576664 2621099.480673 61806.063424 3241753.982373
144.650734 1397013.984683 536981.700891 1969140.206688 159422.323772 2568400.411566 62077.524140 3155071.083841
146.667087 1366335.026862 533925.478452 1925851.155030 159734.932935 2509669.622246 62349.493460 3069677.507435
148.711546 1341206.206971 531029.084362 1882299.995043 160035.318736 2451699.503396 62621.955482 2985588.841160
150.784505 1310272.924245 530609.370707 1845280.247159 160323.399314 2392667.292346 62894.893816 2902819.814660
152.886359 1283861.126230 527366.430057 1801414.174395 160599.096394 2340272.357109 63168.291574 2821384.267874
155.017512 1259027.408626 524109.615238 1758590.887594 160862.335325 2282387.161605 63442.131358 2804313.408755
157.178372 1235635.909335 520005.044280 1716785.597609 161113.045102 2229103.988908 63716.395247 2738250.848097
159.369353 1216863.842133 512868.490424 1675974.104579 161351.158397 2173374.802929 63991.064784 2743627.966132
161.590875 1192297.660213 510034.184220 1637723.383341 161576.611584 2120035.658141 64266.120965 2673215.682694
163.843365 1166878.712631 507276.859722 1598051.322788 161789.344753 2057256.312331 64541.544227 2598092.815877
166.127252 1142185.927922 502003.090163 1559268.956104 161989.301734 2002637.308617 64817.314432 2525081.056350
168.442976 1120894.882526 495006.151814 1522334.912011 162176.430112 1951204.014713 65093.410856 2454121.077652
170.790980 1096870.061722 489650.113384 1487235.865523 162350.681236 1901313.014033 65369.812174 2385155.220515
173.171713 1077805.240414 488904.815347 1453279.093500 162512.010228 1853367.503610 65646.496446 2318127.446014
175.585633 1057197.743310 486999.035161 1419446.851791 162660.375996 1804695.001539 65923.441106 2252983.290038
178.033202 1033863.970000 483228.019784 1385047.511407 162795.741228 1758345.416408 66200.622941 2189669.819024
180.514888 1012998.261504 478843.236567 1351677.052119 162918.072402 1721601.125852 66478.018083 2128135.586955
183.031168 994253.208486 474788.731390 1320179.158178 163027.339778 1675352.311993 66755.601988 2068330.593552
185.582523 973605.595693 470749.637433 1292997.566385 163123.517396 1631177.264298 67033.349425 2010206.243646
188.169442 954625.589606 466725.818272 1264496.028192 163206.583068 1590043.781305 67311.234459 1953715.307694
190.792422 933276.893059 462717.139322 1236085.208450 163276.518366 1549947.563520 67721.757845 1898811.883399
193.451965 914380.690753 458723.467889 1208120.068181 163333.308610 1510862.454171 68285.043452 1845451.358413
196.148581 898097.663888 454744.673228 1179786.129839 163376.942855 1472762.956083 68848.753991 1835186.816992
198.882786 879011.334818 450780.626599 1151226.259439 163407.413867 1435325.084989 69412.780149 1837757.880094
201.655104 862069.016595 448919.263519 1124643.149845 163424.718103 1399422.003596 69977.010244 1850102.096956
204.466067 845325.480067 444163.373905 1103191.415030 163428.855692 1367264.709733 70541.330222 1862393.743664
207.316213 829891.898232 439465.501798 1077019.230388 163419.830402 1331626.301974 71105.623644 1874629.661361
210.206088 813322.486636 435069.419192 1050195.216394 163397.649615 1296201.344300 71669.771681 1839140.875914
213.136247 797266.690481 431538.661904 1024935.335090 163362.324293 1263467.302722 72233.653106 1787661.316852
216.107251 781870.964846 429566.425631 1002971.313828 163313.868947 1231652.843258 72797.144292 1737622.726796
219.119669 767149.546125 427561.776658 980897.466011 163252.301597 1198684.646171 73360.119204 1688984.771453
222.174078 750461.888586 425525.083159 956456.481594 163177.643734 1167549.790237 73922.449398 1641708.245530
225.271064 736801.297633 419617.575412 934330.023275 163121.374640 1140451.446424 74484.004018 1595755.041131
228.411221 725267.555542 416462.241419 920192.969961 163578.838758 1112038.968423 75044.649795 1551088.117044
231.595149 709354.207405 413438.881519 898078.011753 164025.952458 1083996.623183 75604.251047 1507671.468881
234.823460 695603.664513 410402.346210 876494.541387 164462.450402 1056661.423239 76162.669681 1465470.100054
238.096772 680298.284410 407353.011246 855429.785640 164888.064483 1031193.619589 76719.765193 1424449.993570
241.415712 666862.188630 404291.247877 834871.278264 165302.523876 1004745.082343 77275.394675 1384578.084606
244.780916 653788.758396 400373.422027 819201.792555 165705.555091 978722.611016 77829.412815 1345822.233863
248.193029 641111.262615 394708.840062 801086.092440 166096.882035 954443.009045 78381.671909 1308151.201653
251.652705 626723.523829 391394.920620 786162.137209 166476.226069 937388.599417 78932.021861 1271534.622722
255.160607 614071.940392 385269.256466 770650.547863 166843.306079 914264.756745 79480.310198 1235942.981772
258.717408 601245.181736 381771.708349 751662.228578 167197.838548 891080.732095 80026.382075 1201347.589673
262.323788 589267.323597 378849.454140 735158.274926 167539.537633 870852.437240 80570.080290 1167720.560332
265.980440 576975.705315 374266.651068 719184.770149 167868.115246 848574.163691 81111.245291 1135034.788219
269.688063 565298.268284 368981.705898 701884.278876 168183.281142 826865.816173 81649.715194 1103263.926518
273.447368 555049.489931 364681.709634 685723.446829 168484.743014 805712.814753 82185.325799 1072382.365888
277.259076 543985.654812 360637.939683 669827.651720 168772.206591 787055.691344 82717.910601 1042365.213822
281.123917 533565.515109 357291.280046 657050.125197 169045.375743 769032.349512 83247.300812 1013188.274582
285.042632 521657.982765 354450.326711 641224.807488 169303.952592 753301.665125 83773.325381 984828.029695
289.015972 510327.540348 348922.573266 625769.411736 169547.637631 735517.027059 84295.811011 957261.618995
293.044698 498979.871468 345329.632232 611844.047135 169776.129848 717024.236306 84814.582185 930466.822197
297.129582 488446.220456 341748.922532 598908.435218 169989.126857 704936.550470 85329.461187 904422.040986
301.271407 479481.151610 338180.414256 585566.414597 170186.325038 687493.813871 85840.268129 879106.281609
305.470967 470157.914181 334624.082469 571961.944159 170367.419681 670482.675066 86346.820978 854499.137948
309.729067 459876.918414 329098.771717 558801.795147 169380.289919 654522.697674 86848.935583 830580.775077
314.046522 450300.523092 325034.208588 546823.257438 168372.891889 638303.042184 87346.425706 807331.913270
318.424160 440685.718667 322309.605280 534672.909622 167562.888027 625381.318347 87839.103053 784733.812463
322.862820 431046.386355 319586.936297 521424.902451 168111.290330 615577.041756 88326.777310 762768.257146
327.363353 422001.345295 316309.773101 510103.221727 168063.339595 600256.547187 88809.256174 741417.541679
331.926620 412926.799941 313687.758850 499020.192101 167502.308947 586149.561323 89286.345393 720664.456026
336.553498 404667.668918 310761.417727 487453.246213 166928.976051 571644.931138 89757.848804 700492.271875
341.244871 396048.810848 306949.139480 477663.434386 166343.447237 558953.950833 90223.568372 681022.616515
346.001639 388099.142417 303163.556248 466221.459539 165745.829928 545495.789672 90683.304235 663033.543943
350.824714 380020.679726 299003.739991 455412.902992 165136.232575 532471.990611 91136.854745 645519.649028
355.715021 371620.047516 294035.322019 445421.739746 164379.409956 519280.115794 91584.016518 628468.380051
360.673495 364602.402012 290100.981081 435027.667824 163401.328016 506298.043039 92024.584476 611867.516842
365.701088 356432.260625 285054.677176 424606.965314 162419.068507 494884.176733 92458.351905 595705.162027
370.798763 348662.931601 280474.223648 415291.651757 162163.159171 482798.320162 92885.110500 581995.336300
375.967497 341773.752547 275844.691412 407672.402303 161912.403345 471378.374790 93304.650426 575922.076483
381.208280 334299.125785 271538.554037 398155.376866 161233.251377 461592.727770 93716.760368 564130.842102
386.522116 327254.809718 266977.398614 390093.214140 160542.901166 450262.090581 94121.227594 548352.542692
391.910025 320521.031678 261872.570291 381259.763608 159841.466821 442337.133481 94517.838014 533015.550004
397.373038 313856.411149 257521.034350 373276.567704 159129.062866 433425.988300 94749.075213 518107.521032
402.912203 307219.489456 252349.304437 364691.886810 158405.804182 424423.148123 94723.619736 503616.457996
408.528580 300688.026894 247511.107059 356664.618971 157671.805949 416006.819822 94693.149814 489530.698685
414.223247 294186.520948 243063.565654 348737.939891 156927.183591 408347.385001 94657.557323 475838.907070
419.997295 287726.844581 238976.009562 341513.433233 155685.533965 401087.655505 94616.732763 462530.064181
425.851829 281483.604468 234252.971869 334855.590077 154108.890127 395217.170138 94570.565292 453060.972749
431.787973 275765.630907 230005.469985 327725.143537 152545.062988 388302.421544 94518.942763 445024.602574
437.806863 269880.944625 225315.481753 321021.329318 151171.721514 375868.158512 94461.751760 437014.610924
443.909653 264186.382052 220541.925401 314105.947666 150667.284627 368030.196275 94398.877648 429032.965065
450.097513 258780.381286 216627.595797 307461.824548 150263.961828 363772.645105 94330.204615 421081.652371
456.371628 253370.955799 212979.023954 300482.284154 150414.600041 361172.389807 94255.615727 413162.679415
462.733201 248308.072412 208989.964938 295471.280660 149528.724759 353270.910568 94174.992987 405278.070952
469.183451 242859.132182 205333.054737 289272.961406 148490.278372 344237.930882 94088.217394 397429.868772
475.723614 237956.698178 201554.725916 282449.077148 147071.136625 335968.242850 93995.169010 389300.775252
482.354943 232847.684148 197750.695027 276736.319120 146335.660651 330091.736829 93895.727035 378449.357705
489.078709 227875.263353 195467.110624 270706.788025 145800.312782 322276.097544 93789.769880 367900.413901
495.896201 223159.924227 191832.880186 264153.519354 144870.896339 318356.607016 93677.175252 357645.512650
502.808725 218209.717771 188754.687907 258477.386768 144318.869069 309907.639970 93557.820243 347676.457774
509.817606 213448.194428 185384.307101 252883.854462 142818.667826 302380.327199 93431.581422 341026.253225
516.924187 208895.356555 181877.777123 247153.322310 141640.553165 295531.160509 93298.334937 338373.019525
524.129830 204423.379131 177960.190187 241826.280435 140560.316238 290785.275388 93157.956623 335695.917472
531.435916 199890.164523 174494.531777 238186.329699 139472.844950 283923.378008 93010.322111 327396.814529
538.843844 195481.409440 171187.899515 233076.002846 138378.329787 276876.699951 92855.306953 318000.313226
546.355035 191115.435906 167818.279221 228203.205402 136892.285924 270775.698235 92692.786743 309874.424994
553.970928 187567.622694 164468.508205 222653.454899 135244.895063 265150.400771 92522.637254 305383.861634
561.692982 183805.360256 161064.848572 218083.494568 132554.518177 259290.303870 92344.734576 299666.729471
569.522678 179957.422058 158021.882192 213205.861727 130911.148041 253285.692633 92158.955267 292548.297769
577.461515 176284.564710 154723.516712 209510.380557 128590.498745 249084.678567 91965.176504 285497.763009
585.511016 172619.082126 151406.356689 205140.348563 127413.151096 244843.545786 91763.276249 280218.124740
593.672722 168897.215436 148523.559308 200540.736081 126358.125590 240301.025344 91553.133413 275863.816832
601.948197 165313.670202 145238.092723 196254.484632 124501.970063 235531.531634 91334.628042 269897.143150
610.339029 161757.614711 142025.303435 191870.765316 122036.012715 231043.585970 91107.641494 262483.167331
618.846824 158353.390578 139129.728222 188153.006489 119494.391106 226649.388305 90872.056638 255272.850716
627.473213 154971.602424 135997.793202 183935.833773 117650.845687 221515.412664 90627.758050 248278.722186
636.219849 151571.455506 133368.200750 180285.851541 115287.841884 217454.812248 90374.632224 245804.330241
645.088409 148440.790237 130399.614837 176540.290222 113269.146506 214189.149107 90112.567788 243323.410801
654.080591 144932.516264 127640.200940 172962.467624 112217.305076 210917.075780 89841.455724 240836.207998
663.198120 141771.788199 124758.190606 170356.336855 110770.345913 206716.952420 89561.189605 238342.967229
672.442742 138942.680807 121832.297752 166713.929588 108621.678329 201665.068060 89271.665828 235658.554522
681.816229 135999.895792 119360.828962 162940.984872 107044.284320 197797.448285 87885.442688 231125.025910
691.320378 132893.782154 116750.353912 159611.496491 104928.273087 194396.334906 86516.746759 226587.998162
700.957009 129666.851046 114235.738965 156247.602857 102718.639552 190970.344501 86511.139438 222050.219056
710.727970 126722.295226 111855.819132 153403.591005 100660.391558 185912.120970 86496.848886 217514.454677
720.635132 123994.642176 109557.236483 150757.653553 98786.919227 181385.890333 85197.252007 212983.484868
730.680395 121432.692715 107164.349229 148014.354270 96599.072123 177620.189284 83454.779004 208460.098525
740.865683 118593.710701 104854.423400 145065.479692 94459.679562 172403.846624 81747.943443 203947.088736
751.192949 116021.258309 102530.460746 142761.761385 92537.545812 169014.906837 80076.016459 199447.247780
761.664172 113421.493229 100326.229505 140372.005530 90488.368075 165926.415160 78438.284095 194963.361998
772.281357 110865.025987 98009.653109 137599.017278 88446.829813 162885.586314 76834.046995 190498.206561
783.046540 108430.619234 95859.335315 134789.840674 86365.545509 158985.868786 75262.620107 186054.540145
793.961785 105980.546290 93757.900639 131552.324261 84609.103148 155724.716089 73723.332388 181635.099524
805.029181 103708.761517 91646.393229 128470.650102 82735.495101 152198.221062 72215.526521 177242.594123
816.250851 101456.770978 89654.071775 126101.825748 80875.453587 149301.398989 70738.558632 172879.700529
827.628946 99129.600314 87738.856750 123354.282186 79013.876217 147035.644425 69291.798017 169777.537451
839.165644 96831.870306 85830.399870 120669.213992 77195.148317 144460.184914 67874.626869 166776.897313
850.863158 94653.201281 83887.859646 118470.746734 75418.283585 141945.694895 66486.440019 163762.897444
862.723729 92399.888843 81959.684237 116298.277895 73778.453456 139287.423741 65126.644672 160737.500735
874.749630 90253.326106 80135.583700 113984.577529 72148.693861 137018.709430 62957.413771 157702.697685
886.943166 88187.981632 78366.021931 111465.144533 70480.866655 133511.914673 60741.959118 154106.227220
899.306672 86185.382516 76611.379583 108846.000672 68774.189368 130418.447094 59466.116565 149316.824884
911.842520 84216.969354 74858.226896 106394.937666 67259.203554 127323.386022 58315.930470 144676.270360
924.553110 82302.533067 73134.387877 104475.828261 65669.359811 125236.799046 57187.991129 140447.730533
937.440879 80356.179042 71536.230951 102385.590356 64074.188153 123380.011593 56081.868248 137467.842732
950.508296 78592.612969 69777.914691 100441.307762 62647.989008 121187.777659 54997.139855 134514.510624
963.757866 76742.900987 68236.231861 98335.445848 61158.438542 118364.144357 53933.392142 131588.209860
977.192128 75005.106560 66635.069363 96382.237850 59750.704055 116159.565439 52890.219303 129488.629144
990.813657 73266.084967 65133.230870 94433.696453 58453.878792 113307.684001 51867.223380 126419.271503
1004.625062 71503.146139 63584.874883 92455.032090 57204.528413 111161.243073 50864.014115 122982.398269
1018.628990 69754.532391 62154.614216 90807.861662 55867.812239 108320.789492 49880.208796 120662.345976
1032.828126 68220.392434 60711.874419 88737.754336 54524.126141 106118.293765 48915.432115 118388.535209
1047.225190 66623.937247 59297.696099 86515.938204 53246.865222 103906.864048 47883.384668 116114.240423
1061.822941 65147.372312 57907.747807 84374.420735 52002.850111 101798.686552 46715.520399 113840.614856
1076.624177 63619.785501 56583.531142 82522.610037 50753.696764 99640.875466 45576.140059 111568.822946
1091.631734 62046.218488 55268.121880 80950.995778 49493.339520 97300.995431 44083.766582 109300.038783
1106.848489 60691.096979 53961.345565 79238.780574 48414.586669 95315.954097 42621.691261 106663.116629
1122.277356 59220.203258 52732.120912 77420.798292 47203.513632 93485.038731 41424.435367 103809.385664
1137.921294 57804.627060 51555.629751 75643.364482 46022.735140 91816.895133 40502.164474 100984.402521
1153.783300 56464.979000 50374.939952 73984.571046 44948.906485 89832.300301 39600.426959 98189.905687
1169.866413 55143.848022 49144.626423 72368.814345 43982.935315 88136.381572 38718.765669 96700.884385
1186.173716 53876.524869 48003.875904 70874.258638 42920.345038 86455.186235 37856.733627 95542.956214
1202.708335 52626.854798 46842.701019 69424.789636 41846.416245 84232.009533 37013.893810 94370.510486
1219.473437 51409.267225 45761.149710 67879.939282 40799.358695 82857.850151 36189.818923 93165.881249
1236.472235 50269.078737 44714.691470 66385.810732 39778.500032 81157.454295 35384.091185 90595.660009
1253.707987 49161.718557 43581.831148 64867.149210 38826.846104 79261.413407 34596.302115 88728.263256
1271.183997 48012.882363 42562.347576 63300.469684 37852.921102 77423.674796 33826.052330 87497.074943
1288.903612 46957.672822 41553.842048 61729.158897 36910.167604 76172.297367 33062.073741 86257.734751
1306.870230 45894.188322 40605.273363 60421.406140 36068.750705 74666.740679 32255.697691 85010.739132
1325.087292 44847.989061 39665.590459 58860.568076 35105.453100 72756.213175 31468.988959 83756.597074
1343.558290 43746.389153 38719.101272 57337.102710 34252.519220 71077.111435 30701.467865 82495.829835
1362.286764 42751.413127 37800.205733 55987.080964 33523.362838 69417.534514 29952.666426 81228.970650
1381.276303 41787.022644 36921.398243 54541.044964 32696.261201 67777.654102 29222.128075 79956.564393
1400.530545 40798.025845 35976.231424 53141.254354 31819.406871 66157.640193 28509.407379 78679.167203
1420.053182 39848.565672 35201.991794 51709.402087 30966.068181 64711.015570 27814.069770 77397.346074
1439.847953 38939.641347 34309.480588 50684.000085 30258.139978 63324.870177 27135.691278 76111.678401
1459.918652 38045.151491 33388.538287 49454.780549 29450.133105 62368.355783 26473.858275 74822.751482
1480.269127 37149.584506 32598.983339 48061.998806 28711.724057 60914.993611 25828.167220 73531.161987
1500.903276 36328.178392 31828.099379 46710.745034 27962.426589 59832.852509 25093.076698 72269.358226
1521.825053 35472.402752 31033.596851 45456.790068 27236.569099 58165.206678 23990.374422 71164.239174
1543.038469 34672.359493 30252.191095 44105.013264 26529.553646 56544.041042 22934.295834 70051.970584
1564.547589 33884.965931 29576.631208 42986.811127 25882.051671 55076.536076 21923.241196 68933.152093
1586.356534 33128.221734 28845.733511 41850.836716 25198.171238 53700.648053 20955.630192 67808.396174
1608.469483 32366.016974 28188.067203 40767.327222 24577.527395 52475.924795 20029.904516 66678.327438
1630.890676 31617.564488 27456.996382 39479.030656 23963.470974 51673.551375 19144.530266 65543.581873
1653.624407 30919.213307 26801.544363 38301.884240 23381.723514 50500.912778 18298.000132 64404.806029
1676.675035 30222.156856 26132.780936 37114.886979 22805.819708 49327.895189 17488.835374 63262.656163
1700.046975 29515.582952 25484.882037 36089.211286 22244.100706 48003.658436 16715.587607 62117.797316
1723.744708 28817.625683 24877.041413 35014.111438 21653.593897 46967.516942 15976.840377 60970.902357
1747.772774 28175.872396 24259.635437 34199.583651 21111.789819 45735.978733 15271.210553 59822.650969
1772.135779 27516.301132 23674.118343 33102.146417 20580.812942 44651.814984 14597.349515 58673.728593
1796.838391 26845.103574 23076.445856 32192.244010 19975.240444 43718.854177 13953.944175 57524.825325
1821.885343 26180.720139 22521.997940 31378.616528 19524.007353 42717.370196 13339.717804 56376.634777
1847.281437 25563.692976 21987.488977 30497.117737 18993.494659 41516.827882 12753.430701 55229.852893
1873.031539 24976.885393 21460.990217 29773.899053 18477.261708 40300.717932 12193.880691 54085.176737
1899.140582 24408.972039 20917.920317 28985.007281 17946.929014 39120.230246 11659.903473 52943.303242
1925.613572 23828.405049 20414.648029 28185.774316 17489.290409 38227.981393 11435.428485 51804.927935
1952.455581 23246.670771 19915.605020 27369.942646 17046.600476 37194.898046 11231.764695 50670.743639
1979.671753 22677.290083 19442.194975 26656.244296 16613.517814 36323.626054 11031.728136 49541.439150
2007.267304 22116.788401 18911.176673 26042.845853 16171.696587 35467.286567 10835.254207 48152.113543
2035.247521 21586.194859 18445.370043 25350.976089 15746.485382 34625.754595 10642.279459 46554.264289
2063.617768 21081.754981 18005.242528 24708.507601 15350.904899 33732.439454 10452.741570 45009.437054
2092.383480 20585.640486 17554.951487 24069.569835 14965.262119 32756.521712 10266.579332 43515.872387
2121.550171 20080.627684 17112.657381 23466.582495 14566.278032 32188.745102 10083.732624 42071.869225
2151.123430 19594.470024 16668.946119 22878.701106 14173.864775 31275.981176 9904.142397 40675.782950
2181.108924 19109.630390 16247.461689 22305.547235 13792.023069 30647.080549 9707.466397 39326.023518
2211.512400 18636.787481 15833.645630 21746.751930 13420.468120 30028.757277 9481.000722 38067.033279
2242.339683 18194.202722 15448.754202 21198.051357 13041.381719 29286.731576 9259.818269 36932.371453
2273.596682 17775.224253 15040.203032 20684.857498 12690.250232 28488.344154 9043.795786 35719.981911
2305.289387 17375.452403 14658.518788 20190.480332 12348.739552 27689.898448 8832.812896 34398.100579
2337.423871 16954.628814 14295.384839 19723.015419 11951.799335 26924.434538 8626.752030 33220.074452
2370.006292 16568.072196 13923.963177 19238.485228 11626.206081 26180.131233 8425.498362 32553.592441
2403.042894 16178.209137 13570.606421 18772.923421 11218.372902 25535.349692 8145.389321 31525.252902
2436.540009 15784.354053 13224.890562 18294.809035 10883.376949 24975.333596 7794.392869 30500.182061
2470.504055 15392.687748 12862.685475 17804.331725 10527.376116 24230.724106 7459.579660 29494.789409
2504.941542 15001.224225 12516.778654 17396.529928 10201.416498 23403.064612 7140.180733 28627.618786
2539.859069 14626.596928 12193.006578 16993.469597 9944.999561 22756.106612 6835.459582 28100.935262
2575.263327 14288.323573 11885.417792 16601.474621 9695.027772 22127.033220 6544.711445 27580.505201
2611.161101 13959.031267 11596.320545 16229.646835 9456.349331 21515.350031 6267.262551 27066.330751
2647.559271 13618.289210 11314.023956 15851.000235 9159.078897 20920.576310 6090.092760 26558.413535
2684.464811 13302.694761 11020.916442 15450.375120 8932.574286 20342.244606 5968.171388 26056.754583
2721.884795 12967.146612 10733.323945 15065.025407 8681.034186 19779.900395 5848.690837 25561.354254
2759.826392 12619.061991 10476.706824 14727.601538 8457.776092 19277.198660 5731.602241 25072.212165
2798.296876 12314.806577 10226.225020 14374.335086 8240.259731 18787.165502 5616.857715 24589.327120
2837.303617 12009.616180 9938.937586 14038.168063 7914.117182 18203.082649 5504.410331 24112.697036
2876.854090 11716.222006 9673.510254 13702.578439 7673.459891 17681.740510 5328.600601 23642.318875
2916.955876 11430.092791 9430.805764 13387.097856 7439.398065 17209.688091 5067.624396 23178.188576
2957.616659 11152.336011 9201.504438 13099.303232 7248.642958 16764.089252 4819.867882 22720.300983
2998.844231 10873.697708 8972.774231 12798.093781 7051.055382 16325.740432 4646.442245 22268.649789
3040.646493 10603.722863 8740.933484 12499.444598 6749.836534 15898.853594 4398.631944 21823.227462
3083.031457 10348.163754 8512.216101 12231.713421 6503.296304 15483.129029 4163.872529 21384.025195
3126.007243 10100.253497 8281.352857 11975.129596 6266.683042 15065.767783 3941.566728 20951.032841
3169.582089 9860.274520 8069.309756 11672.036364 6092.872816 14684.006861 3731.135028 20524.238860
3213.764344 9610.141220 7841.482663 11399.149939 5923.883322 14300.048211 3532.015907 20103.630267
3258.562476 9360.127801 7628.260160 11132.626010 5776.749051 13848.529188 3343.666006 19689.192587
3303.985070 9129.753874 7419.663895 10861.303911 5599.835413 13469.849543 3165.560227 19280.909801
3350.040830 8917.599846 7223.036674 10614.586409 5404.359365 13020.481950 2997.191779 18878.764315
3396.738582 8698.166210 7028.794181 10347.156762 5193.719692 12644.557894 2838.072165 18482.736915
3444.087276 8486.889106 6835.001367 10125.729126 5055.583907 12311.072616 2710.415672 18092.806735
3492.095985 8285.912595 6642.412378 9887.701146 4954.835897 11986.382618 2602.039072 17708.951231
3540.773909 8075.788837 6463.429714 9644.974816 4746.213843 11670.255936 2498.170131 17331.146150
3590.130377 7880.128751 6293.396640 9412.897833 4554.470756 11392.576938 2398.602850 17005.465358
3640.174847 7667.001953 6132.631081 9215.243400 4382.106103 11096.577532 2303.141971 16717.015012
3690.916911 7473.570988 5967.699962 9010.344415 4258.959896 10771.744247 2211.602387 16294.608150
3742.366291 7293.871077 5805.748699 8809.464026 4139.274350 10486.953820 2127.803313 15879.884306
3794.532847 7117.349121 5656.930432 8606.153640 4022.952215 10210.372801 2090.645867 15531.906680
3847.426577 6945.955809 5510.546572 8423.911381 3909.898972 9941.086280 2054.137294 15189.797310
3901.057617 6780.701440 5373.910458 8235.575650 3800.022757 9678.901872 2018.266264 14853.519684
3955.436245 6621.885850 5223.234977 8056.198449 3693.234291 9423.632269 1983.021643 14523.035544
4010.572881 6468.910823 5086.978434 7855.735369 3589.446800 9227.757745 1948.392493 14198.304912
4066.478092 6289.575406 4934.963455 7680.865112 3488.575951 9045.266972 1914.368066 13879.286100
4123.162591 6132.097476 4804.433253 7511.831141 3376.241689 8860.261692 1868.967156 13454.153827
4180.637241 5991.564326 4685.481840 7345.814824 3294.122416 8643.766696 1789.740737 12940.180570
4238.913057 5845.947084 4568.092518 7181.369394 3202.655075 8445.798103 1714.158791 12576.358841
4298.001206 5708.263970 4447.301974 7002.410280 3112.653871 8212.389825 1642.034821 12334.554277
4357.913012 5576.619465 4314.944467 6847.405490 3025.181886 7999.975095 1573.192383 12096.650586
4418.659956 5442.466511 4204.417830 6695.831875 2963.355959 7828.296804 1536.044445 11862.595626
4480.253680 5307.639812 4099.892512 6546.152198 2903.233214 7643.245881 1506.796241 11492.340809
4542.705986 5159.627148 3990.181868 6390.810235 2844.330283 7449.504887 1478.104959 11105.005653
4606.028844 5036.623340 3892.965541 6251.582543 2786.622417 7292.230729 1449.959995 10730.725150
4670.234388 4917.300505 3798.233632 6112.892918 2722.232631 7138.276947 1422.350947 10369.059309
4735.334923 4782.328825 3698.266000 5960.385901 2640.812067 6987.573442 1395.267609 10019.582969
4801.342924 4664.998428 3605.446977 5823.738354 2569.255963 6824.756392 1368.699971 9681.885297
4868.271040 4551.832238 3510.319716 5687.462143 2509.389558 6680.502918 1342.638215 9355.569309
4936.132098 4437.194822 3420.622306 5555.723060 2451.521987 6539.298500 1317.072707 9040.251398
5004.939103 4336.353179 3332.615562 5422.782036 2400.211595 6401.078691 1291.993998 8735.560887
5074.705239 4234.325172 3246.030181 5300.956909 2328.385459 6258.964630 1267.392819 8441.139594
5145.443878 4129.613826 3165.921152 5177.631096 2266.015692 6129.269763 1243.260078 8156.641407
5217.168576 4033.070423 3080.351709 5053.429315 2205.420636 6002.262362 1219.586854 7881.731881
5289.893076 3936.060384 2997.095061 4941.410566 2146.445940 5874.125534 1196.364397 7616.087840
5363.631317 3839.380587 2920.027092 4833.685550 2092.322758 5729.615005 1173.584125 7359.397004
5438.397428 3747.383837 2842.645242 4726.249311 2034.290927 5598.122638 1151.237618 7111.357615
5514.205739 3660.572907 2767.233819 4620.668911 1977.868644 5486.052621 1121.674578 6871.678088
5591.070777 3570.792005 2694.860410 4518.212355 1923.011267 5376.226159 1080.584598 6640.076663
5669.007271 3482.810030 2624.076864 4418.173104 1862.616430 5268.598335 1040.999855 6416.281079
5748.030158 3404.025176 2550.779166 4320.348855 1791.247944 5163.125137 1002.865208 6200.028248
5828.154581 3317.427300 2483.319580 4222.904243 1735.095887 5059.763428 966.127537 5991.063952
5909.395895 3229.493161 2420.255998 4126.029275 1680.704085 4929.081353 930.735666 5789.142539
5991.769669 3150.828737 2356.220947 4038.088839 1629.715789 4825.634227 896.640296 5594.026638
6075.291689 3076.937769 2298.100166 3947.298874 1576.982254 4724.358156 863.793931 5405.486878
6159.977960 3005.313318 2236.925220 3859.372628 1541.913095 4619.740727 832.150818 5296.513587
6245.844712 2936.245524 2176.413696 3772.208911 1510.181898 4525.077046 801.666877 5191.238184
6332.908400 2868.015920 2118.689623 3687.443119 1479.103700 4432.353129 772.299647 5088.055272
6421.185709 2801.371769 2064.578372 3607.233383 1444.268655 4337.929308 744.008217 4986.923261
6510.693555 2734.418545 2011.849120 3527.327773 1399.320928 4248.981936 716.753179 4886.492477
6601.449093 2668.800177 1957.142121 3449.332329 1358.897056 4163.638739 690.496567 4790.649693
6693.469713 2604.172845 1897.870690 3373.398805 1332.734535 4072.505814 665.201806 4695.429022
6786.773051 2534.234450 1847.042713 3299.264074 1307.075715 3987.035725 640.833661 4602.100991
6881.376986 2468.131543 1800.047430 3225.957934 1273.283696 3905.479406 617.358186 4510.627981
6977.299650 2406.050948 1751.212815 3149.925810 1243.970764 3826.156037 594.742682 4420.973122
7074.559423 2346.622770 1704.664606 3077.598261 1214.839474 3741.238280 572.955646 4333.100275
7173.174944 2288.662435 1660.345082 3010.850853 1182.353703 3662.720536 551.966727 4246.974020
7273.165113 2236.907406 1614.033819 2945.551073 1155.674584 3585.078109 531.746690 4162.559642
7374.549090 2177.831675 1566.276288 2880.445620 1132.593157 3508.142860 512.267367 4079.823114
7477.346305 2127.682648 1519.931850 2813.873025 1109.972718 3436.539098 493.501625 3998.731087
7581.576458 2079.562487 1483.260662 2747.602874 1083.731928 3359.722037 475.423322 3919.250874
7687.259522 2029.699510 1442.896677 2687.435539 1049.032004 3287.102264 458.007277 3841.350438
7794.415750 1982.035451 1400.164584 2627.029504 1015.443135 3219.235733 441.229229 3764.998379
7903.065679 1935.901227 1361.287294 2560.412287 997.719346 3154.298633 425.065806 3690.163921
8013.230128 1888.834299 1326.456538 2504.268138 969.265519 3088.279039 409.494494 3616.816900
8124.930211 1840.933541 1293.218233 2449.355105 941.196070 3025.105588 394.493600 3544.927750
8238.187331 1791.899238 1257.156920 2395.646192 913.939499 2962.701685 380.042230 3474.467495
8353.023195 1750.305474 1224.817412 2343.114997 887.472265 2900.523166 366.120253 3405.407733
8469.459808 1709.677189 1187.740498 2290.203528 861.771508 2839.649595 352.708276 3337.720628
8587.519485 1669.991973 1157.351831 2237.419620 836.815033 2780.053583 339.787615 3271.378896
8707.224849 1631.227934 1126.667464 2187.917268 812.533965 2721.708319 327.340274 3206.355796
8828.598841 1590.223920 1097.318869 2140.660551 787.363413 2664.587553 315.348912 3142.625118
8951.664721 1555.818595 1068.719467 2090.942774 765.982296 2608.665586 303.796827 3080.161175
9076.446073 1517.062509 1040.081809 2044.350329 741.315354 2554.270614 292.667926 3018.938787
9202.966809 1481.155031 1013.709393 2000.385356 720.153598 2500.468252 281.946706 2958.933277
9331.251175 1446.487206 987.022473 1957.365876 700.873143 2447.843517 271.618234 2900.120458
9461.323756 1412.630814 959.612645 1915.271556 682.108878 2395.969282 261.668122 2842.476624
9593.209478 1377.157011 936.397200 1874.082499 663.846983 2345.821551 252.082509 2785.978539
9726.933615 1343.568582 911.828667 1830.066646 646.074008 2296.723414 242.848043 2730.603431
9862.521795 1307.984985 889.013401 1786.988050 628.776864 2248.652902 233.951861 2676.328978
10000.000000 1277.587389 864.150635 1746.480294 610.170426 2201.535646 225.381570 2623.133303
