10.000000 -0.094151 -1.251369 0.615347 -2.150488 0.876045 -2.698646 0.961388
10.139395 -0.098786 -1.262214 0.612946 -2.157722 0.875303 -2.706148 0.960910
10.280732 -0.100497 -1.275077 0.610157 -2.164974 0.874553 -2.713632 0.960426
10.424040 -0.100904 -1.286429 0.608179 -2.172245 0.873793 -2.721098 0.959938
10.569346 -0.101052 -1.295955 0.606180 -2.179533 0.873023 -2.728546 0.959439
10.716676 -0.113828 -1.306659 0.601123 -2.186839 0.872243 -2.735975 0.958935
10.866061 -0.122566 -1.338948 0.601001 -2.190927 0.871452 -2.743385 0.958424
11.017528 -0.124684 -1.339134 0.598642 -2.194992 0.870652 -2.750776 0.957907
11.171107 -0.136171 -1.379710 0.596330 -2.199039 0.869842 -2.758147 0.957385
11.326826 -0.137874 -1.383014 0.593242 -2.203072 0.868245 -2.765497 0.956854
11.484715 -0.148008 -1.414063 0.584041 -2.207092 0.866574 -2.772827 0.956434
11.644806 -0.149336 -1.423553 0.582361 -2.213907 0.864884 -2.780137 0.956049
11.807128 -0.167480 -1.435265 0.580686 -2.221367 0.863174 -2.787425 0.955659
11.971713 -0.168867 -1.449725 0.579741 -2.228839 0.861444 -2.794692 0.955264
12.138593 -0.180424 -1.459970 0.577366 -2.236324 0.859695 -2.801937 0.954863
12.307798 -0.191935 -1.471227 0.574318 -2.227057 0.857925 -2.789038 0.954457
12.479362 -0.200476 -1.481601 0.572813 -2.231037 0.856134 -2.796272 0.954046
12.653318 -0.204359 -1.490364 0.570442 -2.235018 0.854323 -2.803484 0.953629
12.829698 -0.209259 -1.505947 0.566411 -2.239002 0.848589 -2.810674 0.953206
13.008537 -0.220031 -1.513822 0.563049 -2.238322 0.847187 -2.817841 0.952778
13.189869 -0.228845 -1.528066 0.560821 -2.245148 0.845768 -2.824985 0.952344
13.373729 -0.235116 -1.536039 0.559735 -2.250993 0.844332 -2.832107 0.951904
13.560151 -0.241413 -1.558673 0.555351 -2.255010 0.842216 -2.839205 0.951458
13.749172 -0.246828 -1.569026 0.554161 -2.259041 0.841107 -2.846279 0.951006
13.940828 -0.253177 -1.576929 0.552953 -2.263088 0.839921 -2.853330 0.950548
14.135156 -0.258207 -1.583940 0.546773 -2.264418 0.831837 -2.860357 0.950019
14.332192 -0.264251 -1.598628 0.543050 -2.264503 0.831085 -2.867360 0.949429
14.531975 -0.267644 -1.605476 0.541892 -2.264556 0.830314 -2.874339 0.948829
14.734543 -0.277907 -1.611650 0.540552 -2.264582 0.829525 -2.881293 0.948221
14.939935 -0.284225 -1.620054 0.539195 -2.264586 0.828725 -2.888223 0.947605
15.148189 -0.289085 -1.626667 0.529377 -2.268570 0.827909 -2.895129 0.946981
15.359347 -0.297026 -1.629990 0.528180 -2.275756 0.826714 -2.902009 0.946348
15.573448 -0.301383 -1.638507 0.526968 -2.282933 0.824574 -2.908865 0.945708
15.790533 -0.312370 -1.651434 0.525057 -2.290100 0.822410 -2.915695 0.945059
16.010645 -0.317413 -1.660965 0.521537 -2.297258 0.820222 -2.922501 0.944401
16.233824 -0.323208 -1.669033 0.517714 -2.299303 0.817654 -2.929281 0.943735
16.460115 -0.330510 -1.675167 0.512828 -2.297188 0.816703 -2.936036 0.943060
16.689560 -0.336759 -1.684492 0.509978 -2.296393 0.815739 -2.942766 0.942376
16.922204 -0.343631 -1.686504 0.504526 -2.302398 0.814763 -2.949470 0.941683
17.158090 -0.355247 -1.690153 0.498030 -2.291353 0.813774 -2.956149 0.940979
17.397264 -0.361413 -1.694736 0.496106 -2.296900 0.812773 -2.963684 0.940270
17.639773 -0.372350 -1.700348 0.491852 -2.302819 0.811759 -2.972359 0.939549
17.885662 -0.378229 -1.700920 0.486130 -2.308716 0.804338 -2.981025 0.938820
18.134978 -0.379894 -1.706001 0.483626 -2.314592 0.802942 -2.989682 0.938080
18.387770 -0.384288 -1.705291 0.481096 -2.309412 0.801527 -2.994737 0.937331
18.644085 -0.386445 -1.706359 0.478540 -2.295241 0.800096 -3.003565 0.936572
18.903974 -0.391732 -1.708073 0.475722 -2.302007 0.798646 -3.012394 0.935804
19.167485 -0.397755 -1.708073 0.473349 -2.313865 0.797179 -3.021223 0.935025
19.434669 -0.414511 -1.709898 0.469693 -2.319607 0.795813 -3.030053 0.934236
19.705578 -0.415953 -1.710892 0.465959 -2.319752 0.795256 -3.038883 0.933437
19.980263 -0.429790 -1.715171 0.464533 -2.330392 0.792670 -3.047715 0.932626
20.258777 -0.435093 -1.710892 0.461767 -2.329783 0.791129 -3.056547 0.931808
20.541173 -0.439555 -1.715171 0.459902 -2.337988 0.788770 -3.065381 0.930977
20.827506 -0.450062 -1.716506 0.457131 -2.346071 0.786256 -3.074216 0.930136
21.117830 -0.453138 -1.716506 0.454332 -2.347651 0.783717 -3.083053 0.929284
21.412202 -0.454409 -1.720143 0.453981 -2.354209 0.781152 -3.091891 0.928421
21.710676 -0.458866 -1.718978 0.450744 -2.360735 0.778560 -3.100731 0.927547
22.013311 -0.464448 -1.718978 0.449313 -2.351228 0.772706 -3.109574 0.926660
22.320165 -0.482741 -1.719721 0.449049 -2.357788 0.771048 -3.118131 0.925764
22.631296 -0.493872 -1.724831 0.447744 -2.359055 0.769372 -3.126579 0.924856
22.946764 -0.500895 -1.725921 0.443172 -2.354251 0.767675 -3.135010 0.923936
23.266629 -0.505728 -1.730178 0.438572 -2.360473 0.765201 -3.143423 0.923004
23.590953 -0.510589 -1.736803 0.433943 -2.366304 0.762448 -3.151817 0.922060
23.919798 -0.517385 -1.737361 0.432630 -2.371756 0.759668 -3.160192 0.921104
24.253227 -0.523192 -1.741054 0.431590 -2.388348 0.756860 -3.168548 0.920136
24.591304 -0.527744 -1.746934 0.430537 -2.398615 0.754025 -3.176883 0.919156
24.934094 -0.538535 -1.745538 0.429471 -2.386005 0.751162 -3.185198 0.918163
25.281661 -0.543370 -1.750419 0.428373 -2.390105 0.748271 -3.193491 0.917157
25.634074 -0.556085 -1.764248 0.424638 -2.393910 0.745352 -3.201762 0.916139
25.991399 -0.569693 -1.770693 0.414572 -2.397436 0.742404 -3.210010 0.915108
26.353705 -0.572835 -1.771327 0.412930 -2.405288 0.739429 -3.218234 0.914063
26.721062 -0.580925 -1.776725 0.402399 -2.406085 0.736425 -3.226434 0.913006
27.093539 -0.593935 -1.776382 0.399081 -2.422167 0.729910 -3.234608 0.911935
27.471208 -0.604487 -1.771327 0.396236 -2.429961 0.728473 -3.242757 0.910850
27.854142 -0.610070 -1.770693 0.394885 -2.400125 0.727018 -3.250879 0.909752
28.242413 -0.617414 -1.771280 0.389286 -2.393074 0.714073 -3.258973 0.908640
28.636097 -0.626433 -1.771280 0.387207 -2.396259 0.707673 -3.267039 0.907514
29.035269 -0.633751 -1.769794 0.383730 -2.403368 0.704943 -3.275075 0.906374
29.440005 -0.643038 -1.769794 0.381397 -2.410404 0.702181 -3.283080 0.905219
29.850382 -0.643616 -1.770693 0.377572 -2.417364 0.699386 -3.291054 0.904050
30.266481 -0.659144 -1.771280 0.375856 -2.424248 0.696557 -3.298996 0.902867
30.688379 -0.667063 -1.771280 0.371554 -2.431053 0.693694 -3.306903 0.901669
31.116158 -0.673687 -1.770693 0.366551 -2.428598 0.690797 -3.121092 0.900455
31.549901 -0.682190 -1.771009 0.361523 -2.427848 0.687865 -3.128414 0.899227
31.989689 -0.687860 -1.770693 0.356471 -2.439834 0.685016 -3.135682 0.897983
32.435608 -0.691711 -1.769419 0.353213 -2.438362 0.683645 -3.142895 0.896724
32.887743 -0.696191 -1.769794 0.349472 -2.448122 0.682250 -3.150050 0.895448
33.346180 -0.701153 -1.768759 0.345701 -2.455770 0.680829 -2.989769 0.894159
33.811008 -0.710838 -1.770693 0.335353 -2.467013 0.679630 -2.996931 0.892851
34.282315 -0.726868 -1.771327 0.330852 -2.476137 0.677911 -3.004072 0.891530
34.760192 -0.732845 -1.771280 0.330459 -2.485041 0.676412 -3.011192 0.890191
35.244730 -0.784080 -1.776725 0.320444 -2.493723 0.670218 -3.018291 0.888834
35.736022 -0.790892 -1.776725 0.315698 -2.484863 0.666595 -3.025369 0.887463
36.234163 -0.793715 -1.777364 0.312498 -2.499918 0.662941 -3.032426 0.886075
36.739248 -0.798578 -1.779581 0.309266 -2.504236 0.659258 -3.039462 0.884669
37.251373 -0.826659 -1.779581 0.299983 -2.507150 0.655544 -3.046476 0.883246
37.770637 -0.839635 -1.781223 0.299039 -2.498629 0.651800 -3.053470 0.881806
38.297139 -0.853505 -1.782227 0.293713 -2.512396 0.648026 -3.060443 0.880348
38.830980 -0.865125 -1.782098 0.288366 -2.514757 0.644222 -3.067395 0.878872
39.372263 -0.871312 -1.782098 0.283001 -2.516966 0.642271 -3.074327 0.877379
39.921091 -0.884625 -1.781223 0.274915 -2.502515 0.641485 -3.081238 0.875867
40.477570 -0.888863 -1.782098 0.267134 -2.507703 0.640688 -3.088128 0.874337
41.041805 -0.897211 -1.782098 0.262120 -2.522822 0.639881 -3.094998 0.872789
41.613906 -0.901507 -1.779487 0.258034 -2.511914 0.639063 -3.101847 0.871222
42.193981 -0.904298 -1.779581 0.253917 -2.517473 0.638234 -3.108676 0.869636
42.782142 -0.910974 -1.779487 0.249769 -2.512113 0.637390 -3.115485 0.868031
43.378502 -0.918975 -1.779065 0.244985 -2.508354 0.636542 -3.122274 0.866408
43.983175 -0.925053 -1.779487 0.239494 -2.511902 0.635680 -3.129044 0.864764
44.596276 -0.931412 -1.779487 0.233988 -2.517902 0.634353 -3.135794 0.863102
45.217924 -0.936075 -1.779581 0.228469 -2.523882 0.630757 -3.142524 0.861419
45.848238 -0.948301 -1.779581 0.227279 -2.527264 0.627131 -3.149235 0.859716
46.487337 -0.949158 -1.777047 0.224247 -2.526941 0.623475 -3.155927 0.857993
47.135345 -0.970988 -1.777861 0.219661 -2.538245 0.619789 -3.162600 0.856300
47.792386 -0.978208 -1.779065 0.214846 -2.551199 0.616072 -3.169255 0.854854
48.458586 -0.985460 -1.779065 0.209998 -2.541299 0.613244 -3.175891 0.853390
49.134073 -0.986080 -1.771327 0.205119 -2.507561 0.611608 -3.182509 0.851906
49.818975 -0.992857 -1.770693 0.200207 -2.512288 0.610015 -3.189109 0.850404
50.513425 -0.993214 -1.770693 0.195263 -2.516980 0.608299 -3.195691 0.848882
51.217554 -0.993568 -1.769794 0.191489 -2.519622 0.606622 -3.202256 0.847340
51.931499 -0.993933 -1.769794 0.186078 -2.524205 0.604822 -3.208804 0.845779
52.655396 -0.996996 -1.764605 0.180241 -2.500600 0.603018 -2.865071 0.844196
53.389384 -1.005615 -1.764054 0.175170 -2.497461 0.601168 -2.880860 0.842593
54.133603 -1.008077 -1.762466 0.169747 -2.502457 0.599272 -2.896204 0.840969
54.888196 -1.009790 -1.762289 0.164272 -2.507399 0.597365 -2.911086 0.839324
55.653308 -1.012847 -1.761596 0.159768 -2.475813 0.595373 -2.897625 0.837658
56.429085 -1.017714 -1.761596 0.158786 -2.485884 0.593329 -2.926252 0.835970
57.215676 -1.021714 -1.761279 0.153557 -2.496963 0.590459 -2.954350 0.834260
58.013231 -1.026522 -1.757286 0.147647 -2.459133 0.587321 -2.981888 0.832527
58.821904 -1.028641 -1.756781 0.143990 -2.482954 0.584153 -3.008832 0.830772
59.641849 -1.030542 -1.752710 0.141323 -2.476715 0.580954 -3.035149 0.828995
60.473224 -1.033717 -1.747564 0.137492 -2.470722 0.577725 -3.060806 0.827195
61.316188 -1.041253 -1.748071 0.131546 -2.487883 0.575013 -3.085770 0.825371
62.170903 -1.045223 -1.748071 0.126618 -2.510113 0.572550 -3.110009 0.823523
63.037532 -1.057360 -1.748071 0.121247 -2.520939 0.570065 -3.133492 0.821653
63.916241 -1.061907 -1.752044 0.115797 -2.524104 0.567519 -3.156186 0.819758
64.807198 -1.066873 -1.747337 0.110331 -2.489902 0.564907 -3.178060 0.817837
65.710575 -1.072470 -1.746545 0.105411 -2.492449 0.562231 -3.199086 0.815892
66.626545 -1.074581 -1.745745 0.099350 -2.478856 0.559488 -3.219235 0.813922
67.555283 -1.079397 -1.740284 0.093628 -2.451785 0.556675 -3.238477 0.811927
68.496967 -1.085038 -1.740109 0.084750 -2.455548 0.554040 -3.256788 0.809906
69.451778 -1.090662 -1.737977 0.079250 -2.441938 0.551200 -2.996777 0.807858
70.419898 -1.101718 -1.740284 0.066716 -2.447168 0.547909 -3.015562 0.805785
71.401513 -1.108364 -1.740284 0.057555 -2.452393 0.544509 -3.033589 0.803686
72.396811 -1.117019 -1.740284 0.048297 -2.453900 0.540581 -3.050837 0.801558
73.405984 -1.119512 -1.740284 0.040877 -2.462815 0.536621 -3.067286 0.799403
74.429223 -1.138504 -1.740284 0.030344 -2.447804 0.532628 -2.915907 0.797221
75.466726 -1.188081 -1.740108 0.025532 -2.384540 0.528604 -2.943555 0.795011
76.518692 -1.188208 -1.737827 0.020691 -2.337874 0.524547 -2.970647 0.792772
77.585321 -1.188437 -1.737361 0.015897 -2.332768 0.520458 -2.997148 0.790504
78.666818 -1.238435 -1.737886 0.003417 -2.336782 0.518101 -3.023026 0.788209
79.763391 -1.260266 -1.737886 -0.003482 -2.340834 0.515732 -3.048250 0.785882
80.875249 -1.261989 -1.737827 -0.008482 -2.329179 0.513053 -3.072786 0.783526
82.002606 -1.264589 -1.737361 -0.012657 -2.314305 0.509087 -3.096605 0.781140
83.145678 -1.275083 -1.736993 -0.018058 -2.313614 0.505024 -3.119674 0.778724
84.304684 -1.279723 -1.736815 -0.023480 -2.283393 0.500890 -3.141962 0.776276
85.479845 -1.290754 -1.737361 -0.028922 -2.303596 0.496909 -3.163441 0.773797
86.671388 -1.308739 -1.736815 -0.036136 -2.294419 0.494257 -3.184081 0.771286
87.879540 -1.320072 -1.736815 -0.040938 -2.303527 0.491531 -3.202392 0.768743
89.104533 -1.331527 -1.737361 -0.045367 -2.312727 0.488022 -3.206540 0.766168
90.346602 -1.343104 -1.737361 -0.051052 -2.308789 0.483328 -3.209813 0.763560
91.605985 -1.363099 -1.737361 -0.058382 -2.305915 0.478945 -3.212227 0.760918
92.882923 -1.368435 -1.736993 -0.064000 -2.307445 0.474359 -3.213796 0.758243
94.177660 -1.378881 -1.736815 -0.069641 -2.244602 0.469554 -3.214539 0.755532
95.490446 -1.405137 -1.736815 -0.075304 -2.250177 0.464710 -3.214478 0.752789
96.821531 -1.405634 -1.731298 -0.081212 -2.202975 0.459827 -3.213635 0.750009
98.171170 -1.415252 -1.731298 -0.089482 -2.115148 0.455626 -3.212037 0.747194
99.539623 -1.422052 -1.730178 -0.096263 -2.031864 0.452507 -3.209711 0.744344
100.927151 -1.431328 -1.730926 -0.101147 -2.047879 0.449356 -3.206687 0.741456
102.334021 -1.435798 -1.730178 -0.114996 -1.995898 0.446173 -3.202998 0.738531
103.760502 -1.443583 -1.729826 -0.121890 -1.994625 0.442959 -3.198677 0.735571
105.206867 -1.453852 -1.729826 -0.131598 -1.957989 0.439712 -3.193760 0.732570
106.673394 -1.456657 -1.729826 -0.136528 -1.903331 0.436434 -3.188284 0.729533
108.160363 -1.460812 -1.730178 -0.137978 -1.903331 0.433122 -3.182288 0.726457
109.668060 -1.460812 -1.730178 -0.143312 -1.901112 0.429778 -3.175810 0.723341
111.196773 -1.461810 -1.730178 -0.148632 -1.903331 0.426401 -3.168891 0.720185
112.746796 -1.465407 -1.729826 -0.153937 -1.901112 0.422990 -2.778711 0.716989
114.318425 -1.465653 -1.728680 -0.159670 -1.899194 0.419546 -2.733555 0.713753
115.911962 -1.465653 -1.726162 -0.166326 -1.899194 0.415732 -2.735688 0.710475
117.527712 -1.471825 -1.729826 -0.178614 -1.899193 0.411226 -2.737894 0.707155
119.165984 -1.472516 -1.730178 -0.199371 -1.899193 0.406621 -2.740165 0.703792
120.827094 -1.477881 -1.730178 -0.202504 -1.899193 0.401913 -2.742495 0.700386
122.511358 -1.475711 -1.729826 -0.205669 -1.899194 0.397101 -2.739312 0.696937
124.219100 -1.479271 -1.730178 -0.208868 -1.899194 0.392182 -2.742114 0.693444
125.950646 -1.479427 -1.730926 -0.212101 -1.879711 0.387157 -2.744924 0.689905
127.706330 -1.484167 -1.730926 -0.222951 -1.899194 0.382014 -2.747739 0.686323
129.486487 -1.488486 -1.730926 -0.232023 -1.899194 0.376761 -2.750554 0.682693
131.291459 -1.489798 -1.730178 -0.237236 -1.899193 0.371395 -2.753368 0.679018
133.121590 -1.489798 -1.730926 -0.241847 -1.899194 0.365903 -2.756176 0.675295
134.977233 -1.491340 -1.731255 -0.245473 -1.899193 0.360294 -2.758977 0.671523
136.858742 -1.490796 -1.731255 -0.248926 -1.899194 0.354562 -2.761767 0.667704
138.766479 -1.491340 -1.731255 -0.253828 -1.899193 0.348703 -2.767710 0.663836
140.700809 -1.493171 -1.731255 -0.262022 -1.901112 0.343519 -2.770314 0.659918
142.662102 -1.499721 -1.731255 -0.269071 -1.901112 0.337972 -2.772918 0.655949
144.650734 -1.504415 -1.731255 -0.276155 -1.901112 0.334160 -2.780007 0.651929
146.667087 -1.506606 -1.731298 -0.281849 -1.901112 0.330946 -2.800559 0.647858
148.711546 -1.506606 -1.736815 -0.285595 -1.901112 0.326163 -2.820315 0.643733
150.784505 -1.509456 -1.737361 -0.291309 -1.901112 0.319629 -2.839256 0.639555
152.886359 -1.509456 -1.736815 -0.298769 -1.899759 0.312953 -2.857364 0.635324
155.017512 -1.515622 -1.737361 -0.306517 -1.899935 0.306130 -2.874624 0.631037
157.178372 -1.517029 -1.737886 -0.316972 -1.899935 0.299157 -2.891020 0.626695
159.369353 -1.520368 -1.739735 -0.341620 -1.901112 0.292034 -2.906541 0.622297
161.590875 -1.524244 -1.739735 -0.351654 -1.909981 0.285537 -2.921868 0.617841
163.843365 -1.526780 -1.740284 -0.356516 -1.909981 0.282290 -2.949195 0.613328
166.127252 -1.526780 -1.740284 -0.361371 -1.909981 0.274939 -2.976210 0.608755
168.442976 -1.526864 -1.739735 -0.366220 -1.899935 0.267488 -2.959677 0.604123
170.790980 -1.527673 -1.737977 -0.378458 -1.899194 0.261899 -2.970696 0.599431
173.171713 -1.527673 -1.737886 -0.385170 -1.899194 0.257543 -2.980805 0.594677
175.585633 -1.527888 -1.737827 -0.391923 -1.899194 0.253092 -2.990006 0.589860
178.033202 -1.527984 -1.737827 -0.398716 -1.899194 0.248549 -2.998304 0.584980
180.514888 -1.527984 -1.737827 -0.405550 -1.899194 0.243898 -3.005705 0.580036
183.031168 -1.528970 -1.737361 -0.411237 -1.899194 0.239151 -3.012220 0.575027
185.582523 -1.530565 -1.737827 -0.415802 -1.879727 0.237009 -2.818021 0.569952
188.169442 -1.534143 -1.737886 -0.426304 -1.891234 0.229348 -2.820296 0.564810
190.792422 -1.532486 -1.737827 -0.432327 -1.888754 0.224282 -2.468452 0.559599
193.451965 -1.532486 -1.737827 -0.436764 -1.888754 0.219109 -2.493079 0.554320
196.148581 -1.532486 -1.737827 -0.441457 -1.888754 0.213823 -2.517550 0.548970
198.882786 -1.534251 -1.737827 -0.449934 -1.888754 0.208278 -2.541845 0.543549
201.655104 -1.534251 -1.737361 -0.458480 -1.879711 0.201509 -2.421168 0.538055
204.466067 -1.538077 -1.737827 -0.465835 -1.879711 0.194694 -2.429309 0.532488
207.316213 -1.540507 -1.737827 -0.471679 -1.879711 0.187832 -2.437504 0.526846
210.206088 -1.540545 -1.737886 -0.477858 -1.888754 0.166319 -2.445752 0.521128
213.136247 -1.541412 -1.737886 -0.485971 -1.888754 0.137604 -2.454054 0.515333
216.107251 -1.541736 -1.737886 -0.492748 -1.888754 0.131272 -2.462411 0.509460
219.119669 -1.541412 -1.737886 -0.499559 -1.888754 0.124912 -2.470821 0.503507
222.174078 -1.541841 -1.737886 -0.506406 -1.888754 0.118602 -2.479286 0.497474
225.271064 -1.541841 -1.737977 -0.513291 -1.888754 0.113996 -2.487804 0.491358
228.411221 -1.543567 -1.737977 -0.520214 -1.879711 0.109347 -2.496377 0.485159
231.595149 -1.547949 -1.739735 -0.527178 -1.879711 0.104655 -2.505002 0.478875
234.823460 -1.547949 -1.739735 -0.534184 -1.879711 0.099920 -2.513681 0.472504
238.096772 -1.548572 -1.740109 -0.541396 -1.879711 0.095141 -2.522411 0.466046
241.415712 -1.548572 -1.740109 -0.548331 -1.879711 0.090317 -2.531194 0.459500
244.780916 -1.553701 -1.745745 -0.555656 -1.879711 0.085449 -2.540026 0.452862
248.193029 -1.554377 -1.745745 -0.565322 -1.879711 0.079729 -2.548909 0.446132
251.652705 -1.556287 -1.746545 -0.571725 -1.888754 0.070233 -2.557840 0.439308
255.160607 -1.556287 -1.746545 -0.578139 -1.888754 0.060613 -2.566817 0.432390
258.717408 -1.558260 -1.747564 -0.584562 -1.899194 0.050869 -2.575841 0.425374
262.323788 -1.560161 -1.748071 -0.591389 -1.899193 0.040997 -2.584908 0.418260
265.980440 -1.561264 -1.748071 -0.597450 -1.899194 0.032802 -2.543871 0.411045
269.688063 -1.561264 -1.747842 -0.603396 -1.888754 0.026011 -2.564507 0.403729
273.447368 -1.561898 -1.750704 -0.608890 -1.888754 0.020025 -2.584980 0.396309
277.259076 -1.563303 -1.752710 -0.615513 -1.888754 0.014000 -2.605270 0.388783
281.123917 -1.564462 -1.752710 -0.620926 -1.888754 0.007938 -2.625362 0.381150
285.042632 -1.564607 -1.752710 -0.627923 -1.888754 0.001839 -2.640119 0.373407
289.015972 -1.567500 -1.756781 -0.634994 -1.899194 -0.004299 -2.649433 0.365554
293.044698 -1.567578 -1.756781 -0.641694 -1.899193 -0.010475 -2.658770 0.357587
297.129582 -1.567578 -1.752710 -0.648102 -1.888754 -0.016690 -2.668129 0.349506
301.271407 -1.567578 -1.756781 -0.653843 -1.899194 -0.022942 -2.677505 0.341307
305.470967 -1.569575 -1.756781 -0.660999 -1.899194 -0.029656 -2.686894 0.332988
309.729067 -1.571609 -1.757286 -0.667487 -1.899194 -0.040095 -2.696293 0.324549
314.046522 -1.572823 -1.758547 -0.675095 -1.893898 -0.050737 -2.705698 0.315986
318.424160 -1.572869 -1.758547 -0.680543 -1.888754 -0.058333 -2.666103 0.307296
322.862820 -1.574323 -1.758547 -0.687110 -1.893898 -0.065288 -2.675391 0.298479
327.363353 -1.577354 -1.761279 -0.700291 -1.899935 -0.070115 -2.684451 0.289532
331.926620 -1.578322 -1.761279 -0.710900 -1.899193 -0.079101 -2.074066 0.280451
336.553498 -1.578322 -1.761279 -0.715142 -1.899194 -0.086240 -2.099043 0.271236
341.244871 -1.579717 -1.761596 -0.722347 -1.899193 -0.095059 -2.124296 0.261883
346.001639 -1.582849 -1.763056 -0.734529 -1.899935 -0.101488 -2.149819 0.252572
350.824714 -1.583553 -1.764054 -0.741538 -1.899935 -0.105406 -2.175608 0.246919
355.715021 -1.583940 -1.764324 -0.751867 -1.901112 -0.113292 -2.201657 0.241194
360.673495 -1.584508 -1.764324 -0.761142 -1.901112 -0.121645 -2.227958 0.235397
365.701088 -1.584508 -1.764586 -0.768938 -1.899935 -0.130065 -2.254504 0.229526
370.798763 -1.587305 -1.764605 -0.770459 -1.899935 -0.138554 -2.059097 0.223581
375.967497 -1.587396 -1.764605 -0.784163 -1.901039 -0.147113 -2.059097 0.217560
381.208280 -1.588750 -1.768759 -0.795553 -1.909451 -0.155744 -2.059097 0.211462
386.522116 -1.590836 -1.769161 -0.804056 -1.909451 -0.163974 -2.059097 0.205286
391.910025 -1.591163 -1.769162 -0.814255 -1.908303 -0.171881 -2.059097 0.199030
397.373038 -1.591707 -1.770321 -0.824837 -1.909451 -0.179843 -2.059097 0.193474
402.912203 -1.591707 -1.770321 -0.834608 -1.909451 -0.187860 -2.059097 0.190292
408.528580 -1.596223 -1.771280 -0.841605 -1.909981 -0.195936 -2.059097 0.187054
414.223247 -1.597159 -1.771280 -0.848502 -1.909981 -0.204070 -2.059097 0.183732
419.997295 -1.599446 -1.772159 -0.856554 -1.920390 -0.212265 -2.059097 0.180351
425.851829 -1.599690 -1.772159 -0.866597 -1.920390 -0.220521 -2.059097 0.176900
431.787973 -1.599690 -1.772159 -0.875525 -1.920390 -0.228842 -2.059097 0.173381
437.806863 -1.599727 -1.772159 -0.883569 -1.920390 -0.237228 -2.059097 0.169795
443.909653 -1.601419 -1.773911 -0.891676 -1.924353 -0.245681 -2.061278 0.166119
450.097513 -1.601477 -1.775208 -0.899847 -1.931536 -0.254204 -2.061278 0.162386
456.371628 -1.601636 -1.775531 -0.909962 -1.931536 -0.262797 -2.061278 0.158558
462.733201 -1.601886 -1.776725 -0.916392 -1.931536 -0.271464 -2.061278 0.154661
469.183451 -1.604491 -1.776725 -0.924769 -1.931536 -0.280205 -2.061278 0.150681
475.723614 -1.606502 -1.777076 -0.936146 -1.931579 -0.289023 -2.061278 0.146622
482.354943 -1.607468 -1.777891 -0.953682 -1.931579 -0.297257 -2.061278 0.142479
489.078709 -1.608148 -1.779065 -0.964114 -1.933797 -0.303995 -2.062846 0.138249
495.896201 -1.609341 -1.779581 -0.974015 -1.933797 -0.315700 -2.069738 0.133933
502.808725 -1.609341 -1.779487 -0.983053 -1.933797 -0.325107 -2.076622 0.129533
509.817606 -1.610538 -1.781223 -0.992113 -1.938957 -0.334343 -2.083499 0.125030
516.924187 -1.612955 -1.783245 -1.009221 -1.938957 -0.344669 -2.090368 0.120447
524.129830 -1.613035 -1.783700 -1.016841 -1.938957 -0.357442 -2.097229 0.115763
531.435916 -1.614405 -1.786004 -1.026351 -1.957294 -0.370403 -2.104081 0.110975
538.843844 -1.617011 -1.786459 -1.033149 -1.957294 -0.383555 -2.110922 0.106076
546.355035 -1.617534 -1.788536 -1.039605 -1.959578 -0.396900 -2.117753 0.096421
553.970928 -1.617628 -1.788536 -1.044398 -1.957989 -0.410442 -2.111501 0.086648
561.692982 -1.619216 -1.788536 -1.053672 -1.959578 -0.424184 -2.131381 0.076755
569.522678 -1.619270 -1.789990 -1.061131 -1.960358 -0.433298 -2.141598 0.066740
577.461515 -1.619270 -1.791316 -1.065913 -1.960357 -0.439659 -2.162283 0.056600
585.511016 -1.619915 -1.794542 -1.071491 -1.983241 -0.446061 -2.183285 0.046333
593.672722 -1.622260 -1.796107 -1.080448 -1.990026 -0.452505 -2.204604 0.035935
601.948197 -1.622870 -1.800052 -1.088238 -1.994625 -0.458995 -2.226239 0.029050
610.339029 -1.625427 -1.800720 -1.098695 -1.994625 -0.465531 -2.248191 0.022398
618.846824 -1.626667 -1.801529 -1.111111 -1.994625 -0.478215 -2.270457 0.015626
627.473213 -1.628187 -1.801529 -1.120198 -1.994625 -0.489547 -2.293036 0.008688
636.219849 -1.629683 -1.802191 -1.131254 -1.994625 -0.496584 -2.315925 0.001627
645.088409 -1.631494 -1.803788 -1.154086 -1.998120 -0.507425 -2.339124 -0.005607
654.080591 -1.631922 -1.804227 -1.162387 -2.004254 -0.522147 -2.362629 -0.012971
663.198120 -1.632079 -1.804344 -1.169649 -2.003570 -0.530168 -2.383550 -0.020510
672.442742 -1.637166 -1.809912 -1.177049 -2.003570 -0.541761 -2.410542 -0.028184
681.816229 -1.637665 -1.812667 -1.188590 -2.003570 -0.553507 -2.434943 -0.036028
691.320378 -1.639753 -1.814391 -1.198872 -2.004254 -0.565410 -2.459633 -0.044045
700.957009 -1.643638 -1.819419 -1.210519 -2.010507 -0.575268 -2.484608 -0.052215
710.727970 -1.646661 -1.819419 -1.225313 -2.010507 -0.584947 -2.509861 -0.060552
720.635132 -1.647314 -1.819750 -1.235051 -2.010507 -0.594725 -2.535386 -0.069059
730.680395 -1.647479 -1.820603 -1.246514 -2.010507 -0.604602 -2.561177 -0.077724
740.865683 -1.648870 -1.823628 -1.253237 -2.012649 -0.619880 -2.587224 -0.086586
751.192949 -1.648919 -1.823705 -1.268194 -2.027053 -0.636509 -2.613521 -0.095615
761.664172 -1.650139 -1.823981 -1.277725 -2.034436 -0.651100 -2.640057 -0.104821
772.281357 -1.650660 -1.824763 -1.289886 -2.031864 -0.660326 -2.546755 -0.114197
783.046540 -1.651484 -1.829983 -1.300054 -2.034436 -0.669672 -2.576843 -0.123769
793.961785 -1.652853 -1.832741 -1.310400 -2.034436 -0.679142 -2.607009 -0.133524
805.029181 -1.654784 -1.833194 -1.320927 -2.034436 -0.688739 -2.637235 -0.143477
816.250851 -1.656003 -1.833194 -1.336333 -2.038604 -0.698923 -2.667503 -0.153611
827.628946 -1.656575 -1.835067 -1.348337 -2.038604 -0.717744 -2.697791 -0.163934
839.165644 -1.660965 -1.837926 -1.359939 -2.042157 -0.733333 -2.728078 -0.174443
850.863158 -1.660965 -1.838114 -1.372001 -2.046395 -0.749087 -2.758343 -0.185156
862.723729 -1.661350 -1.838933 -1.384086 -2.046514 -0.765003 -2.788563 -0.196067
874.749630 -1.665200 -1.842638 -1.396682 -2.046514 -0.779467 -2.818714 -0.207176
886.943166 -1.666336 -1.842755 -1.410901 -2.046395 -0.787189 -2.700956 -0.218486
899.306672 -1.666398 -1.842755 -1.422052 -2.046514 -0.795042 -2.732822 -0.229997
911.842520 -1.668974 -1.845038 -1.427347 -2.047942 -0.803028 -2.764609 -0.241721
924.553110 -1.671351 -1.849484 -1.442908 -2.047942 -0.811153 -2.796293 -0.253640
937.440879 -1.671678 -1.850000 -1.447411 -2.049224 -0.819418 -2.827845 -0.265764
950.508296 -1.672725 -1.852200 -1.453387 -2.056038 -0.830741 -2.859240 -0.278088
963.757866 -1.676673 -1.855762 -1.460812 -2.068783 -0.877802 -2.890448 -0.290634
977.192128 -1.678567 -1.856881 -1.462565 -2.078042 -0.888264 -2.921442 -0.303380
990.813657 -1.679845 -1.859147 -1.466572 -2.076980 -0.911499 -2.665986 -0.316327
1004.625062 -1.681803 -1.859147 -1.467957 -2.078042 -0.925226 -2.694222 -0.329491
1018.628990 -1.682013 -1.859147 -1.468680 -2.076307 -0.939193 -2.460089 -0.342863
1032.828126 -1.685016 -1.862040 -1.473690 -2.081406 -0.951931 -2.488831 -0.356444
1047.225190 -1.686604 -1.865858 -1.486379 -2.088278 -0.956168 -2.517247 -0.370241
1061.822941 -1.687460 -1.868916 -1.491341 -2.096017 -0.982582 -2.545310 -0.559202
1076.624177 -1.688751 -1.872365 -1.495607 -2.101818 -0.993311 -2.574454 -0.573289
1091.631734 -1.690427 -1.876421 -1.497992 -2.106386 -1.003439 -2.605779 -0.585479
1106.848489 -1.691147 -1.879712 -1.504471 -2.115583 -1.018509 -2.637288 -0.597829
1122.277356 -1.691769 -1.884361 -1.509456 -2.122163 -1.038459 -2.668967 -0.610340
1137.921294 -1.693167 -1.893898 -1.515622 -2.129310 -1.058690 -2.700797 -0.623018
1153.783300 -1.693557 -1.894854 -1.518629 -2.136109 -1.076514 -2.732761 -0.635866
1169.866413 -1.694111 -1.899194 -1.524244 -2.131572 -1.089228 -2.764842 -0.648888
1186.173716 -1.694111 -1.903331 -1.526780 -2.141678 -1.090415 -2.797020 -0.662087
1202.708335 -1.694736 -1.905215 -1.529598 -2.156429 -1.091618 -2.829274 -0.675467
1219.473437 -1.696011 -1.906664 -1.534143 -2.171029 -1.092836 -2.861584 -0.689033
1236.472235 -1.696497 -1.908303 -1.536039 -2.179029 -1.111193 -2.893926 -0.702787
1253.707987 -1.699120 -1.908303 -1.538141 -2.184368 -1.121806 -2.926279 -0.716735
1271.183997 -1.700188 -1.909981 -1.540508 -2.194270 -1.129504 -2.958618 -0.730881
1288.903612 -1.700920 -1.909981 -1.541412 -2.209814 -1.142428 -2.990917 -0.745227
1306.870230 -1.702537 -1.910005 -1.542302 -2.219454 -1.146305 -3.023151 -0.759779
1325.087292 -1.704167 -1.911741 -1.543568 -2.226844 -1.154431 -3.055293 -0.774541
1343.558290 -1.704318 -1.915897 -1.548572 -2.244164 -1.170633 -3.087315 -0.789516
1362.286764 -1.706262 -1.918252 -1.553701 -2.272979 -1.172806 -3.119186 -0.804709
1381.276303 -1.708073 -1.925888 -1.555818 -2.279498 -1.175004 -3.150879 -0.820124
1400.530545 -1.710887 -1.931536 -1.561898 -2.297508 -1.184463 -3.182360 -0.835765
1420.053182 -1.711508 -1.940246 -1.563304 -2.315748 -1.203687 -3.208538 -0.851636
1439.847953 -1.713416 -1.947089 -1.563303 -2.319709 -1.223189 -3.218612 -0.867743
1459.918652 -1.715970 -1.947886 -1.563760 -2.339429 -1.245777 -3.227732 -0.884088
1480.269127 -1.715970 -1.947886 -1.566836 -2.320252 -1.264106 -3.235896 -0.900676
1500.903276 -1.716468 -1.950371 -1.567085 -2.344029 -1.283390 -3.243104 -0.917511
1521.825053 -1.716971 -1.950949 -1.567578 -2.368128 -1.310661 -3.249355 -1.004983
1543.038469 -1.718428 -1.954991 -1.570462 -2.395808 -1.324964 -3.254658 -1.020750
1564.547589 -1.720453 -1.959579 -1.571487 -2.410573 -1.346190 -3.259015 -1.036465
1586.356534 -1.722353 -1.962137 -1.572599 -2.435763 -1.365117 -3.262439 -1.052116
1608.469483 -1.722353 -1.965619 -1.573501 -2.418274 -1.387433 -3.194346 -1.067688
1630.890676 -1.722714 -1.965619 -1.574324 -2.410345 -1.387433 -3.207142 -1.083182
1653.624407 -1.723116 -1.967640 -1.576942 -2.442763 -1.405049 -3.218916 -1.093902
1676.675035 -1.724830 -1.971594 -1.576942 -2.406414 -1.410901 -3.229659 -1.100919
1700.046975 -1.725603 -1.979618 -1.579095 -2.433309 -1.411078 -3.240731 -1.108017
1723.744708 -1.726150 -1.988390 -1.582049 -2.453856 -1.415578 -3.264272 -1.115201
1747.772774 -1.728761 -1.991262 -1.582849 -2.455446 -1.433124 -3.261664 -1.121406
1772.135779 -1.730926 -2.000708 -1.584508 -2.484701 -1.441137 -3.262258 -1.129819
1796.838391 -1.731299 -2.003570 -1.584508 -2.507259 -1.442908 -3.267821 -1.137250
1821.885343 -1.732951 -2.005277 -1.584508 -2.513339 -1.443135 -3.272361 -1.144766
1847.281437 -1.736401 -2.010507 -1.587305 -2.543884 -1.447411 -3.275892 -1.152361
1873.031539 -1.736402 -2.010508 -1.587996 -2.562493 -1.447411 -3.278425 -1.160036
1899.140582 -1.737827 -2.010508 -1.588623 -2.590412 -1.450139 -3.279980 -1.167789
1925.613572 -1.737886 -2.012272 -1.588622 -2.600280 -1.450139 -3.280579 -1.175621
1952.455581 -1.737886 -2.020573 -1.588715 -2.619447 -1.450138 -3.305791 -1.183466
1979.671753 -1.737977 -2.020867 -1.588870 -2.644540 -1.450139 -3.331926 -1.185786
2007.267304 -1.740284 -2.032303 -1.590302 -2.676989 -1.451482 -3.357245 -1.188132
2035.247521 -1.741830 -2.034436 -1.590836 -2.695838 -1.451482 -3.381709 -1.190505
2063.617768 -1.744680 -2.038603 -1.591457 -2.709390 -1.451482 -3.410003 -1.192904
2092.383480 -1.744680 -2.034897 -1.591163 -2.684432 -1.453852 -3.441015 -1.195330
2121.550171 -1.745745 -2.038603 -1.591457 -2.712532 -1.456656 -3.471556 -1.197784
2151.123430 -1.744680 -2.036826 -1.591706 -2.724002 -1.456657 -3.470273 -1.200265
2181.108924 -1.745745 -2.042157 -1.593792 -2.735061 -1.456657 -3.489913 -1.202774
2211.512400 -1.746544 -2.042157 -1.595390 -2.724002 -1.456656 -3.508482 -1.205310
2242.339683 -1.747564 -2.046395 -1.596821 -2.729813 -1.459979 -3.525952 -1.207875
2273.596682 -1.747842 -2.047942 -1.597402 -2.724002 -1.460812 -3.542292 -1.210467
2305.289387 -1.747564 -2.048336 -1.597402 -2.724002 -1.460812 -3.557473 -1.213089
2337.423871 -1.747564 -2.049029 -1.597402 -2.724003 -1.460812 -3.571470 -1.215738
2370.006292 -1.747563 -2.049843 -1.597402 -2.747052 -1.460812 -3.584257 -1.218417
2403.042894 -1.747337 -2.048336 -1.597402 -2.762080 -1.460812 -3.595818 -1.221125
2436.540009 -1.747337 -2.048336 -1.597402 -2.793558 -1.460812 -3.606130 -1.223862
2470.504055 -1.746544 -2.048336 -1.597402 -2.825268 -1.460812 -3.615179 -1.226630
2504.941542 -1.746544 -2.047942 -1.597402 -2.854595 -1.460812 -3.622950 -1.229426
2539.859069 -1.745745 -2.046514 -1.597402 -2.875191 -1.460812 -3.629442 -1.232253
2575.263327 -1.745745 -2.042271 -1.597402 -2.903701 -1.460812 -3.640977 -1.235110
2611.161101 -1.746544 -2.042157 -1.598973 -2.932169 -1.460812 -3.671495 -1.237996
2647.559271 -1.746544 -2.042783 -1.598973 -2.958735 -1.460812 -3.701276 -1.240915
2684.464811 -1.745745 -2.042157 -1.598973 -2.982222 -1.460812 -3.730268 -1.243864
2721.884795 -1.745745 -2.042156 -1.599446 -2.992257 -1.460812 -3.758423 -1.246843
2759.826392 -1.745745 -2.045888 -1.599445 -3.024105 -1.460812 -3.785693 -1.249855
2798.296876 -1.745745 -2.046395 -1.599446 -3.054502 -1.460812 -3.812028 -1.252897
2837.303617 -1.745745 -2.042420 -1.599445 -3.069033 -1.460812 -3.837378 -1.255971
2876.854090 -1.743120 -2.038604 -1.598973 -3.084518 -1.459979 -3.861690 -1.259077
2916.955876 -1.744680 -2.041980 -1.598973 -3.111551 -1.460812 -3.884921 -1.262215
2957.616659 -1.743891 -2.038604 -1.597402 -3.123838 -1.460812 -3.907014 -1.265385
2998.844231 -1.743120 -2.034436 -1.596223 -3.135096 -1.460812 -3.927927 -1.268588
3040.646493 -1.743120 -2.032810 -1.596223 -3.135248 -1.460813 -3.947605 -1.271823
3083.031457 -1.746544 -2.032810 -1.596223 -3.093217 -1.460813 -3.943507 -1.275091
3126.007243 -1.745744 -2.032810 -1.596223 -3.120395 -1.460812 -3.963677 -1.278392
3169.582089 -1.745745 -2.032303 -1.595390 -3.133441 -1.460812 -3.962826 -1.281725
3213.764344 -1.744680 -2.031864 -1.595390 -3.068139 -1.460812 -3.960483 -1.285093
3258.562476 -1.744680 -2.027129 -1.595390 -3.087463 -1.460812 -3.956655 -1.288494
3303.985070 -1.743119 -2.027128 -1.595390 -3.059334 -1.460812 -3.951355 -1.291928
3350.040830 -1.740284 -2.024351 -1.594362 -3.074021 -1.459979 -3.944595 -1.295396
3396.738582 -1.740284 -2.021109 -1.594362 -3.085174 -1.459979 -3.936404 -1.298139
3444.087276 -1.739734 -2.020573 -1.591706 -3.001797 -1.456657 -3.926809 -1.298139
3492.095985 -1.739734 -2.015709 -1.591707 -2.998455 -1.456657 -3.915847 -1.298140
3540.773909 -1.739651 -2.014783 -1.591456 -2.974419 -1.456657 -3.891316 -1.298139
3590.130377 -1.739652 -2.014784 -1.591457 -2.935833 -1.456657 -3.889968 -1.298139
3640.174847 -1.739651 -2.014784 -1.591457 -2.914311 -1.457351 -3.875157 -1.298139
3690.916911 -1.739651 -2.014784 -1.591456 -2.777558 -1.457351 -3.859171 -1.298139
3742.366291 -1.739735 -2.014783 -1.591706 -2.789557 -1.457351 -3.842073 -1.272617
3794.532847 -1.739309 -2.010507 -1.591456 -2.744927 -1.456657 -3.824642 -1.272618
3847.426577 -1.737886 -2.010507 -1.590835 -2.724003 -1.456656 -3.804802 -1.272617
3901.057617 -1.737885 -2.012105 -1.591163 -2.744927 -1.457350 -3.784775 -1.272617
3955.436245 -1.737885 -2.012106 -1.591163 -2.744926 -1.457351 -3.763924 -1.272617
4010.572881 -1.737885 -2.010507 -1.591456 -2.724003 -1.459979 -3.742342 -1.298140
4066.478092 -1.737827 -2.008749 -1.591457 -2.721427 -1.459979 -3.725979 -1.298139
4123.162591 -1.737362 -2.005278 -1.591707 -2.699949 -1.459979 -3.751298 -1.298140
4180.637241 -1.737362 -2.005277 -1.591708 -2.699948 -1.459979 -3.775691 -1.298139
4238.913057 -1.737362 -2.005277 -1.591707 -2.699948 -1.459980 -3.799108 -1.298140
4298.001206 -1.736993 -2.004255 -1.591707 -2.695948 -1.459980 -3.814986 -1.298140
4357.913012 -1.736815 -2.003570 -1.591458 -2.678149 -1.459980 -3.634937 -1.298140
4418.659956 -1.736815 -2.002863 -1.591163 -2.546952 -1.457351 -3.636101 -1.298140
4480.253680 -1.736804 -1.998120 -1.590837 -2.503694 -1.457352 -3.636146 -1.298140
4542.705986 -1.736402 -1.994625 -1.590201 -2.476656 -1.456657 -3.341707 -1.288935
4606.028844 -1.732053 -1.984803 -1.588751 -2.402442 -1.451482 -3.328347 -1.272618
4670.234388 -1.732054 -1.979587 -1.588751 -2.402442 -1.451483 -3.333315 -1.272618
4735.334923 -1.732054 -1.979332 -1.588751 -2.437763 -1.451483 -3.337284 -1.272618
4801.342924 -1.732054 -1.979332 -1.588751 -2.437764 -1.451483 -3.340266 -1.272618
4868.271040 -1.730927 -1.973002 -1.588622 -2.379736 -1.450139 -2.963885 -0.954516
4936.132098 -1.730179 -1.972765 -1.587997 -2.379736 -1.447411 -2.963886 -0.954515
5004.939103 -1.730179 -1.972766 -1.587997 -2.364552 -1.447411 -2.914313 -0.954516
5074.705239 -1.730180 -1.972766 -1.587997 -2.364551 -1.447411 -2.914312 -0.954516
5145.443878 -1.730179 -1.972765 -1.587997 -2.364552 -1.447410 -2.914313 -0.954515
5217.168576 -1.730179 -1.972765 -1.587997 -2.364551 -1.447411 -2.914314 -0.954515
5289.893076 -1.730179 -1.972766 -1.587996 -2.364552 -1.447411 -2.914313 -0.954516
5363.631317 -1.730179 -1.972765 -1.587997 -2.364552 -1.447411 -2.914313 -0.954516
5438.397428 -1.730179 -1.972765 -1.587997 -2.364552 -1.447412 -2.914314 -0.954516
5514.205739 -1.730179 -1.972765 -1.587997 -2.364551 -1.447411 -2.914313 -0.954516
5591.070777 -1.730178 -1.972765 -1.587997 -2.364551 -1.447412 -2.914312 -0.954516
5669.007271 -1.730178 -1.972766 -1.587997 -2.364551 -1.447411 -2.914313 -0.954515
5748.030158 -1.730179 -1.972765 -1.587996 -2.364551 -1.447411 -2.914312 -0.954515
5828.154581 -1.730179 -1.972766 -1.587997 -2.364551 -1.447411 -2.914313 -0.954515
5909.395895 -1.730179 -1.972766 -1.587997 -2.364553 -1.447411 -2.914314 -0.954516
5991.769669 -1.730179 -1.972766 -1.587997 -2.364551 -1.447412 -2.914314 -0.954516
6075.291689 -1.730179 -1.972765 -1.587996 -2.364553 -1.447411 -2.914314 -0.954516
6159.977960 -1.730179 -1.972766 -1.587996 -2.364551 -1.447411 -2.914313 -0.954517
6245.844712 -1.730179 -1.972766 -1.587997 -2.364551 -1.447411 -2.914313 -0.954516
6332.908400 -1.730180 -1.972767 -1.587997 -2.364552 -1.447411 -2.914314 -0.954515
6421.185709 -1.730179 -1.972766 -1.587997 -2.364553 -1.447411 -2.914314 -0.954516
6510.693555 -1.730179 -1.972766 -1.587997 -2.364551 -1.447411 -2.914314 -0.954515
6601.449093 -1.730179 -1.972766 -1.587996 -2.364551 -1.447411 -2.914313 -0.954515
6693.469713 -1.730179 -1.972766 -1.587997 -2.364551 -1.447411 -2.914313 -0.954516
6786.773051 -1.730179 -1.972765 -1.587996 -2.364551 -1.447411 -2.914313 -0.954516
6881.376986 -1.730180 -1.972765 -1.587997 -2.364552 -1.447411 -2.914312 -0.954516
6977.299650 -1.730180 -1.972765 -1.587996 -2.364551 -1.447411 -2.914313 -0.954516
7074.559423 -1.730179 -1.972765 -1.587996 -2.364551 -1.447411 -2.914313 -0.954515
7173.174944 -1.730179 -1.972767 -1.587997 -2.364551 -1.447411 -2.914313 -0.954517
7273.165113 -1.730180 -1.972766 -1.587997 -2.364551 -1.447411 -2.914312 -0.954515
7374.549090 -1.730179 -1.972764 -1.587996 -2.364551 -1.447411 -2.914315 -0.954515
7477.346305 -1.730179 -1.972765 -1.587997 -2.364551 -1.447411 -2.914312 -0.954516
7581.576458 -1.730179 -1.972765 -1.587997 -2.364551 -1.447411 -2.914313 -0.954515
7687.259522 -1.730179 -1.972766 -1.587997 -2.364553 -1.447412 -2.914312 -0.954516
7794.415750 -1.730179 -1.972766 -1.587996 -2.364551 -1.447411 -2.914315 -0.954516
7903.065679 -1.730179 -1.972766 -1.587997 -2.364552 -1.447410 -2.914314 -0.954515
8013.230128 -1.730179 -1.972766 -1.587997 -2.364551 -1.447412 -2.914315 -0.954516
8124.930211 -1.730179 -1.972765 -1.587996 -2.364552 -1.447412 -2.914313 -0.954516
8238.187331 -1.730180 -1.972766 -1.587996 -2.364552 -1.447410 -2.914313 -0.954516
8353.023195 -1.730179 -1.972766 -1.587995 -2.364553 -1.447410 -2.914315 -0.954516
8469.459808 -1.730180 -1.972766 -1.587996 -2.364552 -1.447410 -2.914313 -0.954516
8587.519485 -1.730179 -1.972767 -1.587997 -2.364551 -1.447412 -2.914312 -0.954515
8707.224849 -1.730178 -1.972765 -1.587997 -2.364551 -1.447411 -2.914313 -0.954516
8828.598841 -1.730178 -1.972766 -1.587997 -2.364551 -1.447411 -2.914315 -0.954516
8951.664721 -1.730180 -1.972767 -1.587996 -2.364552 -1.447411 -2.914313 -0.954516
9076.446073 -1.730179 -1.972765 -1.587997 -2.364552 -1.447412 -2.914312 -0.954516
9202.966809 -1.730180 -1.972766 -1.587996 -2.364550 -1.447412 -2.914312 -0.954517
9331.251175 -1.730180 -1.972766 -1.587996 -2.364551 -1.447411 -2.914313 -0.954517
9461.323756 -1.730179 -1.972766 -1.587997 -2.364553 -1.447410 -2.914313 -0.954516
9593.209478 -1.730179 -1.972765 -1.587997 -2.364551 -1.447412 -2.914313 -0.954516
9726.933615 -1.730180 -1.972766 -1.587997 -2.364553 -1.447411 -2.914314 -0.954516
9862.521795 -1.730180 -1.972766 -1.587996 -2.364551 -1.447411 -2.914312 -0.954515
10000.000000 -1.730179 -1.972767 -1.587996 -2.364550 -1.447412 -2.914313 -0.954516
