10.000000 0.000495 -0.005800 0.007069 -0.008818 0.009857 -0.009861 0.012106
10.139395 0.000499 -0.005800 0.007069 -0.008818 0.009857 -0.009859 0.012147
10.280732 0.000503 -0.005800 0.007069 -0.008818 0.009857 -0.009857 0.012188
10.424040 0.000508 -0.005800 0.007074 -0.008818 0.009857 -0.009855 0.012230
10.569346 0.000512 -0.005800 0.007088 -0.008816 0.009857 -0.009852 0.012273
10.716676 0.000516 -0.005795 0.007096 -0.008812 0.009857 -0.009850 0.012316
10.866061 0.000521 -0.005795 0.007115 -0.008812 0.009857 -0.009848 0.012360
11.017528 0.000525 -0.005795 0.007123 -0.008812 0.009863 -0.009846 0.012405
11.171107 0.000530 -0.005795 0.007123 -0.008812 0.009868 -0.009843 0.012450
11.326826 0.000537 -0.005795 0.007123 -0.008812 0.009875 -0.009841 0.012496
11.484715 0.000540 -0.005795 0.007123 -0.008812 0.009885 -0.009839 0.012542
11.644806 0.000544 -0.005795 0.007123 -0.008812 0.009917 -0.009836 0.012589
11.807128 0.000559 -0.005795 0.007123 -0.008812 0.009917 -0.009834 0.012637
11.971713 0.000566 -0.005795 0.007123 -0.008812 0.009917 -0.009831 0.012686
12.138593 0.000574 -0.005795 0.007123 -0.008807 0.009917 -0.009828 0.012735
12.307798 0.000580 -0.005788 0.007123 -0.008785 0.009917 -0.009826 0.012785
12.479362 0.000597 -0.005783 0.007125 -0.008767 0.009920 -0.009823 0.012835
12.653318 0.000605 -0.005773 0.007136 -0.008767 0.009927 -0.009820 0.012887
12.829698 0.000612 -0.005745 0.007163 -0.008767 0.009935 -0.009818 0.012939
13.008537 0.000621 -0.005745 0.007169 -0.008758 0.009942 -0.009815 0.012992
13.189869 0.000627 -0.005744 0.007177 -0.008742 0.009944 -0.009812 0.013045
13.373729 0.000634 -0.005743 0.007193 -0.008742 0.009945 -0.009809 0.013100
13.560151 0.000647 -0.005742 0.007210 -0.008741 0.009945 -0.009806 0.013155
13.749172 0.000663 -0.005741 0.007227 -0.008740 0.009945 -0.009803 0.013211
13.940828 0.000679 -0.005741 0.007244 -0.008734 0.009945 -0.009800 0.013267
14.135156 0.000683 -0.005740 0.007262 -0.008726 0.009945 -0.009797 0.013325
14.332192 0.000684 -0.005739 0.007280 -0.008718 0.009946 -0.009794 0.013383
14.531975 0.000688 -0.005738 0.007281 -0.008709 0.009965 -0.009790 0.013443
14.734543 0.000692 -0.005737 0.007281 -0.008701 0.009965 -0.009787 0.013503
14.939935 0.000701 -0.005728 0.007281 -0.008692 0.009977 -0.009784 0.013564
15.148189 0.000710 -0.005719 0.007281 -0.008688 0.009977 -0.009780 0.013626
15.359347 0.000720 -0.005709 0.007284 -0.008687 0.009978 -0.009777 0.013688
15.573448 0.000736 -0.005700 0.007289 -0.008687 0.009979 -0.009773 0.013752
15.790533 0.000739 -0.005690 0.007294 -0.008687 0.009989 -0.009770 0.013816
16.010645 0.000749 -0.005679 0.007299 -0.008687 0.009998 -0.009766 0.013882
16.233824 0.000760 -0.005669 0.007304 -0.008686 0.010008 -0.009763 0.013948
16.460115 0.000770 -0.005658 0.007305 -0.008686 0.010017 -0.009759 0.014016
16.689560 0.000781 -0.005648 0.007306 -0.008686 0.010028 -0.009755 0.014084
16.922204 0.000801 -0.005641 0.007311 -0.008685 0.010039 -0.009751 0.014153
17.158090 0.000826 -0.005638 0.007322 -0.008685 0.010050 -0.009747 0.014224
17.397264 0.000844 -0.005629 0.007323 -0.008685 0.010061 -0.009746 0.014295
17.639773 0.000907 -0.005624 0.007324 -0.008684 0.010072 -0.009745 0.014367
17.885662 0.000949 -0.005619 0.007324 -0.008684 0.010084 -0.009744 0.014441
18.134978 0.000978 -0.005618 0.007325 -0.008683 0.010096 -0.009742 0.014515
18.387770 0.000992 -0.005617 0.007376 -0.008683 0.010108 -0.009741 0.014591
18.644085 0.001055 -0.005606 0.007383 -0.008683 0.010120 -0.009740 0.014667
18.903974 0.001072 -0.005598 0.007412 -0.008682 0.010133 -0.009738 0.014745
19.167485 0.001073 -0.005593 0.007443 -0.008682 0.010146 -0.009737 0.014823
19.434669 0.001074 -0.005591 0.007462 -0.008681 0.010161 -0.009736 0.014903
19.705578 0.001074 -0.005586 0.007503 -0.008681 0.010175 -0.009734 0.014984
19.980263 0.001076 -0.005566 0.007540 -0.008680 0.010188 -0.009733 0.015067
20.258777 0.001083 -0.005543 0.007541 -0.008680 0.010233 -0.009731 0.015150
20.541173 0.001084 -0.005539 0.007572 -0.008679 0.010277 -0.009729 0.015235
20.827506 0.001086 -0.005537 0.007586 -0.008679 0.010283 -0.009728 0.015320
21.117830 0.001087 -0.005534 0.007595 -0.008678 0.010310 -0.009726 0.015407
21.412202 0.001109 -0.005532 0.007604 -0.008678 0.010325 -0.009724 0.015496
21.710676 0.001137 -0.005488 0.007636 -0.008677 0.010338 -0.009722 0.015585
22.013311 0.001159 -0.005467 0.007674 -0.008676 0.010351 -0.009720 0.015712
22.320165 0.001159 -0.005467 0.007693 -0.008676 0.010364 -0.009718 0.015843
22.631296 0.001159 -0.005467 0.007694 -0.008675 0.010386 -0.009716 0.015976
22.946764 0.001160 -0.005467 0.007694 -0.008674 0.010402 -0.009714 0.016111
23.266629 0.001177 -0.005467 0.007695 -0.008674 0.010418 -0.009712 0.016248
23.590953 0.001196 -0.005452 0.007728 -0.008673 0.010435 -0.009710 0.016387
23.919798 0.001212 -0.005445 0.007777 -0.008672 0.010452 -0.009707 0.016528
24.253227 0.001225 -0.005445 0.007799 -0.008671 0.010530 -0.009705 0.016671
24.591304 0.001232 -0.005445 0.007799 -0.008671 0.010545 -0.009702 0.016817
24.934094 0.001248 -0.005445 0.007799 -0.008670 0.010618 -0.009700 0.016964
25.281661 0.001270 -0.005432 0.007802 -0.008669 0.010664 -0.009697 0.017114
25.634074 0.001287 -0.005431 0.007853 -0.008668 0.010686 -0.009694 0.017266
25.991399 0.001304 -0.005423 0.007866 -0.008667 0.010759 -0.009690 0.017421
26.353705 0.001315 -0.005412 0.007875 -0.008666 0.010920 -0.009683 0.017577
26.721062 0.001338 -0.005402 0.007885 -0.008665 0.011044 -0.009675 0.017736
27.093539 0.001376 -0.005391 0.007888 -0.008664 0.011103 -0.009668 0.017897
27.471208 0.001408 -0.005380 0.007896 -0.008663 0.011164 -0.009660 0.018061
27.854142 0.001458 -0.005368 0.007915 -0.008662 0.011226 -0.009652 0.018227
28.242413 0.001489 -0.005356 0.007925 -0.008661 0.011409 -0.009643 0.018396
28.636097 0.001515 -0.005344 0.007936 -0.008660 0.011606 -0.009635 0.018567
29.035269 0.001528 -0.005332 0.007947 -0.008659 0.011670 -0.009626 0.018703
29.440005 0.001539 -0.005328 0.007989 -0.008658 0.011701 -0.009617 0.018834
29.850382 0.001561 -0.005328 0.008059 -0.008657 0.011732 -0.009608 0.018967
30.266481 0.001584 -0.005328 0.008110 -0.008647 0.011765 -0.009599 0.019101
30.688379 0.001599 -0.005328 0.008133 -0.008645 0.011798 -0.009589 0.019237
31.116158 0.001625 -0.005327 0.008149 -0.008644 0.011831 -0.009579 0.019376
31.549901 0.001630 -0.005317 0.008166 -0.008633 0.011891 -0.009569 0.019516
31.989689 0.001634 -0.005275 0.008175 -0.008621 0.011997 -0.009559 0.019658
32.435608 0.001639 -0.005270 0.008210 -0.008608 0.012112 -0.009549 0.019801
32.887743 0.001644 -0.005233 0.008231 -0.008597 0.012202 -0.009538 0.019947
33.346180 0.001657 -0.005230 0.008243 -0.008596 0.012245 -0.009527 0.020095
33.811008 0.001672 -0.005171 0.008304 -0.008596 0.012288 -0.009515 0.020245
34.282315 0.001688 -0.005169 0.008349 -0.008596 0.012333 -0.009504 0.020396
34.760192 0.001703 -0.005168 0.008365 -0.008594 0.012378 -0.009496 0.020550
35.244730 0.001720 -0.005134 0.008441 -0.008586 0.012432 -0.009496 0.020706
35.736022 0.001763 -0.005124 0.008459 -0.008578 0.012513 -0.009495 0.020864
36.234163 0.001790 -0.005120 0.008466 -0.008570 0.012595 -0.009495 0.021024
36.739248 0.001831 -0.005117 0.008510 -0.008562 0.012679 -0.009494 0.021186
37.251373 0.001840 -0.005115 0.008517 -0.008553 0.012763 -0.009494 0.021351
37.770637 0.001840 -0.005113 0.008533 -0.008544 0.012850 -0.009493 0.021517
38.297139 0.001854 -0.005102 0.008566 -0.008536 0.012942 -0.009493 0.021686
38.830980 0.001866 -0.005101 0.008588 -0.008535 0.013105 -0.009492 0.021857
39.372263 0.001913 -0.005100 0.008604 -0.008535 0.013271 -0.009491 0.022031
39.921091 0.001920 -0.005100 0.008609 -0.008534 0.013466 -0.009491 0.022206
40.477570 0.001925 -0.005099 0.008646 -0.008533 0.013684 -0.009490 0.022384
41.041805 0.001954 -0.005098 0.008655 -0.008533 0.013906 -0.009490 0.022565
41.613906 0.001971 -0.005070 0.008658 -0.008532 0.014131 -0.009489 0.022748
42.193981 0.001978 -0.005017 0.008678 -0.008531 0.014359 -0.009488 0.022933
42.782142 0.001994 -0.005014 0.008735 -0.008531 0.014545 -0.009488 0.023121
43.378502 0.002026 -0.005013 0.008819 -0.008530 0.014663 -0.009487 0.023311
43.983175 0.002051 -0.005013 0.008857 -0.008529 0.014782 -0.009482 0.023504
44.596276 0.002103 -0.005012 0.008867 -0.008528 0.014904 -0.009473 0.023699
45.217924 0.002119 -0.004987 0.008876 -0.008527 0.015069 -0.009463 0.023897
45.848238 0.002135 -0.004961 0.008931 -0.008526 0.015264 -0.009452 0.024098
46.487337 0.002159 -0.004946 0.008987 -0.008525 0.015461 -0.009442 0.024301
47.135345 0.002201 -0.004940 0.009037 -0.008524 0.015662 -0.009431 0.024507
47.792386 0.002219 -0.004929 0.009102 -0.008523 0.015810 -0.009420 0.024715
48.458586 0.002249 -0.004918 0.009107 -0.008521 0.015956 -0.009408 0.024927
49.134073 0.002280 -0.004907 0.009108 -0.008497 0.016195 -0.009396 0.025141
49.818975 0.002313 -0.004883 0.009126 -0.008473 0.016402 -0.009384 0.025358
50.513425 0.002346 -0.004871 0.009138 -0.008447 0.016537 -0.009371 0.025578
51.217554 0.002386 -0.004861 0.009216 -0.008422 0.016784 -0.009358 0.025800
51.931499 0.002415 -0.004858 0.009259 -0.008395 0.016938 -0.009345 0.026026
52.655396 0.002449 -0.004835 0.009284 -0.008368 0.017094 -0.009331 0.026255
53.389384 0.002488 -0.004806 0.009293 -0.008340 0.017253 -0.009325 0.026486
54.133603 0.002532 -0.004797 0.009303 -0.008312 0.017414 -0.009325 0.026721
54.888196 0.002576 -0.004790 0.009333 -0.008283 0.017613 -0.009325 0.027003
55.653308 0.002625 -0.004743 0.009352 -0.008253 0.017959 -0.009324 0.027417
56.429085 0.002671 -0.004714 0.009371 -0.008223 0.018311 -0.009324 0.027836
57.215676 0.002719 -0.004696 0.009515 -0.008192 0.018557 -0.009323 0.028262
58.013231 0.002861 -0.004680 0.009574 -0.008160 0.018745 -0.009323 0.028693
58.821904 0.002910 -0.004669 0.009611 -0.008128 0.018962 -0.009323 0.029130
59.641849 0.002966 -0.004639 0.009619 -0.008124 0.019311 -0.009322 0.029572
60.473224 0.002969 -0.004619 0.009638 -0.008119 0.019447 -0.009322 0.030022
61.316188 0.002987 -0.004598 0.009653 -0.008114 0.019590 -0.009321 0.030477
62.170903 0.003065 -0.004577 0.009704 -0.008109 0.019865 -0.009321 0.030938
63.037532 0.003120 -0.004557 0.009785 -0.008104 0.020099 -0.009320 0.031406
63.916241 0.003195 -0.004539 0.009853 -0.008099 0.020337 -0.009319 0.031880
64.807198 0.003300 -0.004520 0.009880 -0.008093 0.020579 -0.009319 0.032361
65.710575 0.003356 -0.004503 0.009916 -0.008088 0.020824 -0.009318 0.032848
66.626545 0.003452 -0.004491 0.009953 -0.008082 0.021074 -0.009318 0.033342
67.555283 0.003515 -0.004488 0.010006 -0.008076 0.021327 -0.009317 0.033843
68.496967 0.003602 -0.004474 0.010035 -0.008070 0.021584 -0.009316 0.034350
69.451778 0.003655 -0.004456 0.010078 -0.008063 0.021845 -0.009315 0.034864
70.419898 0.003679 -0.004437 0.010154 -0.008057 0.022110 -0.009315 0.035385
71.401513 0.003699 -0.004422 0.010252 -0.008050 0.022379 -0.009314 0.035914
72.396811 0.003723 -0.004410 0.010341 -0.008043 0.022652 -0.009313 0.036449
73.405984 0.003830 -0.004390 0.010456 -0.008035 0.022930 -0.009312 0.036992
74.429223 0.003875 -0.004373 0.010575 -0.008028 0.023122 -0.009311 0.037541
75.466726 0.003895 -0.004355 0.010726 -0.008020 0.023434 -0.009310 0.038098
76.518692 0.003956 -0.004337 0.010848 -0.008012 0.023760 -0.009309 0.038663
77.585321 0.003992 -0.004318 0.010899 -0.008004 0.024083 -0.009308 0.039235
78.666818 0.004065 -0.004251 0.011007 -0.007963 0.024382 -0.009307 0.039815
79.763391 0.004146 -0.004231 0.011129 -0.007915 0.024686 -0.009306 0.040403
80.875249 0.004229 -0.004221 0.011234 -0.007866 0.024994 -0.009305 0.040998
82.002606 0.004272 -0.004208 0.011288 -0.007834 0.025307 -0.009304 0.041601
83.145678 0.004316 -0.004179 0.011345 -0.007830 0.025625 -0.009302 0.042212
84.304684 0.004380 -0.004149 0.011419 -0.007826 0.025944 -0.009301 0.042831
85.479845 0.004418 -0.004118 0.011476 -0.007821 0.026276 -0.009300 0.043459
86.671388 0.004464 -0.004087 0.011696 -0.007817 0.026608 -0.009298 0.044094
87.879540 0.004531 -0.004055 0.011972 -0.007812 0.026975 -0.009297 0.044738
89.104533 0.004589 -0.004021 0.012236 -0.007807 0.027469 -0.009295 0.045390
90.346602 0.004601 -0.003965 0.012387 -0.007803 0.027969 -0.009294 0.045971
91.605985 0.004701 -0.003906 0.012562 -0.007799 0.028413 -0.009292 0.046527
92.882923 0.004765 -0.003858 0.012686 -0.007795 0.028805 -0.009290 0.047090
94.177660 0.004780 -0.003851 0.012852 -0.007791 0.029201 -0.009288 0.047661
95.490446 0.004823 -0.003843 0.013051 -0.007787 0.029603 -0.009286 0.048239
96.821531 0.004847 -0.003813 0.013227 -0.007782 0.030010 -0.009284 0.048824
98.171170 0.004918 -0.003789 0.013408 -0.007778 0.030422 -0.009282 0.049417
99.539623 0.004969 -0.003759 0.013594 -0.007773 0.030840 -0.009280 0.050017
100.927151 0.005042 -0.003720 0.013779 -0.007768 0.031263 -0.009278 0.050626
102.334021 0.005139 -0.003677 0.014065 -0.007748 0.031691 -0.009275 0.051242
103.760502 0.005239 -0.003616 0.014281 -0.007737 0.032125 -0.009273 0.051866
105.206867 0.005291 -0.003553 0.014484 -0.007733 0.032564 -0.009270 0.052497
106.673394 0.005353 -0.003515 0.014732 -0.007716 0.033009 -0.009268 0.053137
108.160363 0.005517 -0.003507 0.014897 -0.007698 0.033460 -0.009265 0.053785
109.668060 0.005642 -0.003461 0.015177 -0.007679 0.033916 -0.009262 0.054441
111.196773 0.005703 -0.003414 0.015462 -0.007660 0.034378 -0.009259 0.055105
112.746796 0.005716 -0.003364 0.015656 -0.007643 0.034846 -0.009256 0.055778
114.318425 0.005764 -0.003305 0.015870 -0.007637 0.035425 -0.009252 0.056459
115.911962 0.005817 -0.003265 0.016126 -0.007633 0.036020 -0.009249 0.057148
117.527712 0.005868 -0.003209 0.016435 -0.007628 0.036626 -0.009245 0.057846
119.165984 0.005935 -0.003172 0.016690 -0.007623 0.037241 -0.009242 0.058552
120.827094 0.006026 -0.003136 0.016975 -0.007578 0.037867 -0.009238 0.059267
122.511358 0.006097 -0.003055 0.017269 -0.007526 0.038503 -0.009234 0.059991
124.219100 0.006132 -0.002993 0.017579 -0.007482 0.039149 -0.009230 0.060724
125.950646 0.006197 -0.002934 0.017830 -0.007457 0.039806 -0.009225 0.061466
127.706330 0.006346 -0.002874 0.018177 -0.007430 0.040474 -0.009221 0.062216
129.486487 0.006363 -0.002840 0.018509 -0.007403 0.041152 -0.009216 0.062976
131.291459 0.006516 -0.002756 0.018859 -0.007375 0.041842 -0.009211 0.063745
133.121590 0.006649 -0.002693 0.019097 -0.007330 0.042543 -0.009206 0.064522
134.977233 0.006722 -0.002672 0.019411 -0.007315 0.043179 -0.009200 0.065310
136.858742 0.006788 -0.002634 0.019660 -0.007284 0.043764 -0.009195 0.066106
138.766479 0.006913 -0.002606 0.019902 -0.007252 0.044358 -0.009189 0.066912
140.700809 0.006991 -0.002542 0.020141 -0.007219 0.044959 -0.009183 0.067727
142.662102 0.007064 -0.002501 0.020520 -0.007193 0.045567 -0.009176 0.068552
144.650734 0.007179 -0.002450 0.020910 -0.007189 0.046272 -0.009169 0.069386
146.667087 0.007249 -0.002394 0.021183 -0.007184 0.047023 -0.009163 0.070230
148.711546 0.007350 -0.002365 0.021511 -0.007180 0.047786 -0.009155 0.071084
150.784505 0.007395 -0.002307 0.021719 -0.007175 0.048560 -0.009148 0.071948
152.886359 0.007534 -0.002273 0.022062 -0.007169 0.049346 -0.009140 0.072821
155.017512 0.007707 -0.002222 0.022448 -0.007132 0.050143 -0.009132 0.073705
157.178372 0.007859 -0.002116 0.022738 -0.007096 0.050953 -0.009123 0.074624
159.369353 0.008027 -0.002046 0.023032 -0.007058 0.051775 -0.009114 0.075634
161.590875 0.008119 -0.001982 0.023386 -0.007020 0.052609 -0.009105 0.076655
163.843365 0.008232 -0.001916 0.023857 -0.006981 0.053455 -0.009095 0.077688
166.127252 0.008383 -0.001846 0.024281 -0.006942 0.054314 -0.009085 0.078732
168.442976 0.008461 -0.001798 0.024584 -0.006902 0.055185 -0.009075 0.079788
170.790980 0.008644 -0.001673 0.024848 -0.006861 0.056070 -0.009064 0.080856
173.171713 0.008827 -0.001620 0.025090 -0.006818 0.056967 -0.009052 0.081936
175.585633 0.009013 -0.001486 0.025528 -0.006774 0.057878 -0.009041 0.083027
178.033202 0.009163 -0.001354 0.025897 -0.006741 0.058944 -0.009028 0.084130
180.514888 0.009348 -0.001241 0.026343 -0.006725 0.060035 -0.009015 0.085246
183.031168 0.009404 -0.001166 0.026738 -0.006710 0.061141 -0.009002 0.086373
185.582523 0.009524 -0.001161 0.027105 -0.006694 0.062264 -0.008988 0.087513
188.169442 0.009695 -0.001067 0.027542 -0.006677 0.063403 -0.008973 0.088665
190.792422 0.009828 -0.000950 0.028073 -0.006657 0.064558 -0.008958 0.089829
193.451965 0.009945 -0.000829 0.028672 -0.006634 0.065680 -0.008942 0.091006
196.148581 0.010089 -0.000637 0.029366 -0.006611 0.066418 -0.008926 0.092195
198.882786 0.010239 -0.000541 0.029949 -0.006586 0.067164 -0.008908 0.093397
201.655104 0.010386 -0.000410 0.030485 -0.006561 0.067918 -0.008890 0.094611
204.466067 0.010487 -0.000256 0.031291 -0.006535 0.068800 -0.008872 0.095837
207.316213 0.010724 -0.000109 0.031788 -0.006507 0.069879 -0.008852 0.097077
210.206088 0.010898 0.000004 0.032290 -0.006479 0.070973 -0.008832 0.098329
213.136247 0.011057 0.000117 0.032800 -0.006449 0.072082 -0.008811 0.099594
216.107251 0.011225 0.000267 0.033208 -0.006419 0.073206 -0.008789 0.100872
219.119669 0.011372 0.000417 0.033765 -0.006387 0.074318 -0.008766 0.102162
222.174078 0.011582 0.000548 0.034332 -0.006354 0.075122 -0.008742 0.103466
225.271064 0.011852 0.000685 0.034835 -0.006319 0.076673 -0.008717 0.104783
228.411221 0.012068 0.000761 0.035421 -0.006266 0.077663 -0.008691 0.106113
231.595149 0.012260 0.000982 0.035891 -0.006159 0.078628 -0.008663 0.107455
234.823460 0.012406 0.001091 0.036578 -0.006065 0.079995 -0.008635 0.108811
238.096772 0.012498 0.001159 0.037199 -0.006029 0.081383 -0.008606 0.110180
241.415712 0.012598 0.001287 0.037869 -0.005991 0.082767 -0.008575 0.111563
244.780916 0.012934 0.001458 0.038637 -0.005952 0.084035 -0.008543 0.112958
248.193029 0.013364 0.001561 0.039375 -0.005911 0.085213 -0.008510 0.114367
251.652705 0.013649 0.001720 0.040027 -0.005868 0.086145 -0.008475 0.115790
255.160607 0.013896 0.001772 0.040692 -0.005824 0.087939 -0.008439 0.117225
258.717408 0.014161 0.001964 0.041658 -0.005778 0.089273 -0.008401 0.118674
262.323788 0.014432 0.002162 0.042681 -0.005730 0.091195 -0.008362 0.120137
265.980440 0.014712 0.002333 0.043635 -0.005680 0.093234 -0.008321 0.121612
269.688063 0.014897 0.002428 0.044250 -0.005644 0.094570 -0.008300 0.123102
273.447368 0.015169 0.002558 0.045062 -0.005624 0.095839 -0.008284 0.124604
277.259076 0.015408 0.002637 0.046108 -0.005604 0.097120 -0.008268 0.126120
281.123917 0.015687 0.002835 0.047131 -0.005570 0.098414 -0.008251 0.127650
285.042632 0.015931 0.003046 0.047918 -0.005468 0.099720 -0.008234 0.129193
289.015972 0.016267 0.003108 0.048507 -0.005385 0.101039 -0.008216 0.130750
293.044698 0.016592 0.003197 0.049532 -0.005284 0.102370 -0.008198 0.132320
297.129582 0.016854 0.003301 0.050550 -0.005250 0.103876 -0.008179 0.133904
301.271407 0.017123 0.003437 0.051583 -0.005148 0.105482 -0.008160 0.135501
305.470967 0.017400 0.003678 0.052414 -0.005082 0.107105 -0.008141 0.137111
309.729067 0.017736 0.003985 0.053757 -0.005005 0.108745 -0.008120 0.138735
314.046522 0.018014 0.004068 0.054616 -0.004917 0.110403 -0.008100 0.140373
318.424160 0.018333 0.004099 0.055486 -0.004825 0.112078 -0.008078 0.142024
322.862820 0.018590 0.004387 0.056152 -0.004737 0.113770 -0.008056 0.143689
327.363353 0.018915 0.004565 0.057127 -0.004677 0.115480 -0.008034 0.145366
331.926620 0.019198 0.004777 0.057968 -0.004654 0.116933 -0.008011 0.147058
336.553498 0.019613 0.004906 0.059212 -0.004631 0.118393 -0.007987 0.148762
341.244871 0.020185 0.005094 0.060317 -0.004607 0.119866 -0.007963 0.150480
346.001639 0.020721 0.005218 0.061467 -0.004478 0.121396 -0.007938 0.152212
350.824714 0.021223 0.005548 0.062106 -0.004301 0.123331 -0.007912 0.153956
355.715021 0.021759 0.005667 0.062935 -0.004116 0.125421 -0.007886 0.155714
360.673495 0.022307 0.005707 0.064374 -0.003925 0.127537 -0.007859 0.158373
365.701088 0.022815 0.005853 0.065344 -0.003797 0.129079 -0.007831 0.161450
370.798763 0.023515 0.006058 0.066332 -0.003671 0.130509 -0.007803 0.164564
375.967497 0.024135 0.006280 0.067322 -0.003540 0.132066 -0.007773 0.167717
381.208280 0.024613 0.006405 0.068438 -0.003424 0.133910 -0.007743 0.170908
386.522116 0.025220 0.006575 0.069690 -0.003327 0.135773 -0.007713 0.174137
391.910025 0.025707 0.006637 0.070565 -0.003198 0.137655 -0.007681 0.177404
397.373038 0.026460 0.006738 0.072018 -0.003124 0.139556 -0.007649 0.180708
402.912203 0.027174 0.006867 0.072970 -0.003016 0.141476 -0.007616 0.184048
408.528580 0.027969 0.007142 0.074444 -0.002905 0.143414 -0.007582 0.187425
414.223247 0.028440 0.007375 0.076146 -0.002790 0.145371 -0.007547 0.190272
419.997295 0.029098 0.007532 0.078013 -0.002670 0.147347 -0.007511 0.192346
425.851829 0.029680 0.007651 0.079526 -0.002574 0.149342 -0.007474 0.194433
431.787973 0.030341 0.008003 0.080806 -0.002537 0.151355 -0.007437 0.196534
437.806863 0.030883 0.008183 0.082779 -0.002500 0.153387 -0.007398 0.198648
443.909653 0.031810 0.008474 0.084252 -0.002303 0.155438 -0.007358 0.200775
450.097513 0.032724 0.008923 0.085422 -0.002271 0.157461 -0.007318 0.202915
456.371628 0.033492 0.009112 0.087140 -0.002239 0.159309 -0.007276 0.205068
462.733201 0.034238 0.009508 0.088086 -0.002207 0.161171 -0.007233 0.207233
469.183451 0.034874 0.009666 0.089664 -0.002174 0.163047 -0.007190 0.209757
475.723614 0.035406 0.009977 0.090806 -0.002141 0.164936 -0.007145 0.213325
482.354943 0.036546 0.010251 0.092304 -0.002097 0.167207 -0.007099 0.216924
489.078709 0.037066 0.010371 0.093940 -0.002002 0.169902 -0.007052 0.220552
495.896201 0.037998 0.010606 0.095565 -0.001903 0.172499 -0.007014 0.224209
502.808725 0.038900 0.010811 0.097631 -0.001801 0.174712 -0.006984 0.227893
509.817606 0.039894 0.011183 0.099193 -0.001696 0.178041 -0.006921 0.231604
516.924187 0.040626 0.011416 0.100932 -0.001505 0.180392 -0.006857 0.235342
524.129830 0.041694 0.011570 0.102482 -0.001360 0.182907 -0.006799 0.239105
531.435916 0.042558 0.011681 0.104259 -0.001136 0.185099 -0.006744 0.242892
538.843844 0.043590 0.011901 0.106438 -0.001001 0.187720 -0.006689 0.246704
546.355035 0.044617 0.012069 0.108593 -0.000797 0.189984 -0.006632 0.250537
553.970928 0.045597 0.012549 0.110004 -0.000660 0.192258 -0.006574 0.254393
561.692982 0.046570 0.013059 0.112071 -0.000560 0.194543 -0.006514 0.258269
569.522678 0.047733 0.013595 0.114067 -0.000446 0.197219 -0.006453 0.262166
577.461515 0.049048 0.014043 0.115955 -0.000307 0.200095 -0.006390 0.266081
585.511016 0.050381 0.014253 0.117984 -0.000191 0.202993 -0.006326 0.270013
593.672722 0.051677 0.014667 0.120779 0.000011 0.205057 -0.006261 0.273963
601.948197 0.052534 0.014966 0.123453 0.000231 0.207133 -0.006194 0.277928
610.339029 0.053695 0.015646 0.125291 0.000481 0.209220 -0.006125 0.281908
618.846824 0.054996 0.016005 0.128049 0.000741 0.211318 -0.006055 0.285901
627.473213 0.056340 0.016431 0.129916 0.001011 0.213427 -0.005984 0.289906
636.219849 0.057667 0.016803 0.131604 0.001199 0.215694 -0.005911 0.293923
645.088409 0.059150 0.017065 0.133437 0.001331 0.218638 -0.005836 0.297950
654.080591 0.060454 0.017534 0.135221 0.001563 0.221691 -0.005759 0.301985
663.198120 0.061517 0.018050 0.137217 0.001786 0.224662 -0.005681 0.306029
672.442742 0.062807 0.018476 0.139123 0.001797 0.228015 -0.005601 0.310078
681.816229 0.064209 0.018911 0.141718 0.001840 0.231372 -0.005520 0.314134
691.320378 0.065856 0.019673 0.144431 0.001842 0.234646 -0.005436 0.318193
700.957009 0.067564 0.020297 0.146410 0.001936 0.236732 -0.005351 0.322255
710.727970 0.068639 0.020583 0.149334 0.002140 0.239872 -0.005264 0.326320
720.635132 0.069424 0.021108 0.152124 0.002344 0.243315 -0.005176 0.330384
730.680395 0.071005 0.021770 0.154184 0.002548 0.246767 -0.005085 0.334448
740.865683 0.072300 0.022053 0.157084 0.002696 0.250226 -0.004993 0.338511
751.192949 0.073191 0.022629 0.159722 0.002916 0.253691 -0.004899 0.342570
761.664172 0.074402 0.023068 0.161788 0.003152 0.256929 -0.004803 0.346625
772.281357 0.075752 0.023375 0.164923 0.003364 0.259605 -0.004705 0.350674
783.046540 0.077754 0.024031 0.167872 0.003566 0.264024 -0.004605 0.354717
793.961785 0.079589 0.024494 0.169970 0.003769 0.266836 -0.004503 0.358752
805.029181 0.081092 0.024779 0.172209 0.003970 0.269749 -0.004399 0.362778
816.250851 0.082308 0.025319 0.173913 0.004170 0.274550 -0.004293 0.366794
827.628946 0.083676 0.025988 0.177951 0.004370 0.278028 -0.004186 0.370799
839.165644 0.085319 0.026618 0.180293 0.004462 0.281289 -0.004076 0.374792
850.863158 0.086808 0.027177 0.183525 0.004487 0.284975 -0.003964 0.378770
862.723729 0.088455 0.027850 0.185617 0.004513 0.288441 -0.003850 0.383176
874.749630 0.090314 0.028367 0.188028 0.004538 0.292689 -0.003734 0.388719
886.943166 0.091767 0.029434 0.190778 0.004563 0.295712 -0.003617 0.394229
899.306672 0.092968 0.029803 0.193568 0.004724 0.299831 -0.003497 0.399703
911.842520 0.094518 0.030725 0.195844 0.004985 0.303065 -0.003375 0.405139
924.553110 0.095761 0.031191 0.198879 0.005052 0.306192 -0.003251 0.410532
937.440879 0.097387 0.031668 0.200870 0.005130 0.309288 -0.003125 0.415882
950.508296 0.098741 0.032138 0.203189 0.005276 0.312488 -0.002997 0.421185
963.757866 0.100052 0.032637 0.207225 0.005387 0.315880 -0.002866 0.426438
977.192128 0.101733 0.033455 0.210786 0.005481 0.319125 -0.002734 0.431640
990.813657 0.102763 0.033964 0.214887 0.005518 0.321643 -0.002600 0.436788
1004.625062 0.104313 0.034301 0.218011 0.005510 0.324260 -0.002464 0.441880
1018.628990 0.106300 0.034710 0.220559 0.005531 0.327147 -0.002325 0.446914
1032.828126 0.107567 0.035328 0.223471 0.005582 0.329998 -0.002215 0.451773
1047.225190 0.108420 0.035942 0.225293 0.005647 0.333049 -0.002121 0.455438
1061.822941 0.109493 0.036240 0.229904 0.005711 0.335701 -0.002025 0.459071
1076.624177 0.111127 0.036752 0.232829 0.005776 0.338345 -0.001927 0.462673
1091.631734 0.113272 0.037132 0.235484 0.005840 0.341017 -0.001826 0.466241
1106.848489 0.114874 0.037677 0.237519 0.005895 0.343674 -0.001723 0.469775
1122.277356 0.116853 0.038130 0.239510 0.006111 0.346358 -0.001618 0.473275
1137.921294 0.118627 0.039246 0.243506 0.006371 0.349433 -0.001510 0.476741
1153.783300 0.120496 0.039593 0.246196 0.006624 0.352790 -0.001401 0.480171
1169.866413 0.122383 0.040073 0.249657 0.006879 0.356136 -0.001289 0.483566
1186.173716 0.124680 0.040383 0.253229 0.007081 0.359470 -0.001174 0.486924
1202.708335 0.126321 0.041460 0.257233 0.007135 0.362873 -0.001058 0.490246
1219.473437 0.128844 0.042551 0.258974 0.007387 0.366996 -0.000939 0.493531
1236.472235 0.130835 0.043341 0.262081 0.007640 0.371106 -0.000818 0.496778
1253.707987 0.133552 0.043706 0.264327 0.007785 0.375199 -0.000695 0.499988
1271.183997 0.135378 0.044486 0.266572 0.007878 0.379276 -0.000570 0.503160
1288.903612 0.137368 0.045132 0.269359 0.007906 0.382514 -0.000443 0.506294
1306.870230 0.139377 0.045915 0.273165 0.007935 0.385407 -0.000313 0.509389
1325.087292 0.141971 0.046735 0.276560 0.007964 0.388269 -0.000182 0.512446
1343.558290 0.143629 0.047850 0.280034 0.007993 0.391101 -0.000048 0.515464
1362.286764 0.146960 0.048600 0.282149 0.008022 0.394146 0.000087 0.518442
1381.276303 0.149710 0.049078 0.286757 0.008051 0.398633 0.000224 0.521382
1400.530545 0.151825 0.049558 0.290438 0.008081 0.403034 0.000363 0.524282
1420.053182 0.153928 0.050039 0.294949 0.008110 0.405478 0.000504 0.527144
1439.847953 0.156670 0.050522 0.298149 0.008139 0.408241 0.000647 0.529965
1459.918652 0.159518 0.051007 0.301210 0.008169 0.412098 0.000791 0.532748
1480.269127 0.161586 0.051492 0.305089 0.008199 0.415101 0.000936 0.535491
1500.903276 0.164676 0.052604 0.308349 0.008281 0.417539 0.001083 0.538195
1521.825053 0.168199 0.053791 0.311547 0.008397 0.419951 0.001232 0.540859
1543.038469 0.169865 0.054342 0.314682 0.008557 0.423977 0.001381 0.543484
1564.547589 0.172529 0.054758 0.317755 0.008718 0.428968 0.001507 0.546070
1586.356534 0.174055 0.055168 0.320764 0.008880 0.433914 0.001544 0.548617
1608.469483 0.176237 0.055574 0.323874 0.008966 0.438814 0.001579 0.551126
1630.890676 0.176946 0.056401 0.326590 0.008985 0.443165 0.001614 0.553595
1653.624407 0.178679 0.057342 0.329407 0.009003 0.447302 0.001648 0.556026
1676.675035 0.180513 0.057713 0.332159 0.009022 0.451955 0.001681 0.558418
1700.046975 0.184457 0.058406 0.334846 0.009040 0.456212 0.001714 0.560772
1723.744708 0.186860 0.059557 0.338068 0.009058 0.460730 0.001745 0.563089
1747.772774 0.188519 0.060155 0.340111 0.009076 0.465223 0.001775 0.565367
1772.135779 0.190674 0.060514 0.342683 0.009093 0.468791 0.001805 0.567608
1796.838391 0.193976 0.060871 0.344958 0.009111 0.471648 0.001833 0.569812
1821.885343 0.196112 0.061224 0.348421 0.009128 0.475056 0.001861 0.571979
1847.281437 0.197453 0.061559 0.352018 0.009145 0.478730 0.001888 0.574109
1873.031539 0.198696 0.061666 0.354814 0.009162 0.482089 0.001914 0.576203
1899.140582 0.200128 0.061769 0.359105 0.009178 0.485975 0.001940 0.578260
1925.613572 0.202248 0.061868 0.362592 0.009195 0.489546 0.001964 0.580282
1952.455581 0.203774 0.061965 0.366040 0.009211 0.493082 0.001988 0.582269
1979.671753 0.206037 0.062466 0.368211 0.009227 0.496582 0.002011 0.584220
2007.267304 0.207872 0.063104 0.369383 0.009243 0.500046 0.002025 0.586137
2035.247521 0.209593 0.063882 0.372770 0.009258 0.502932 0.002028 0.588019
2063.617768 0.211997 0.064355 0.375954 0.009314 0.505650 0.002031 0.589868
2092.383480 0.213749 0.064886 0.379746 0.009550 0.508343 0.002033 0.591682
2121.550171 0.214600 0.065097 0.382562 0.009784 0.511008 0.002036 0.593464
2151.123430 0.217003 0.065983 0.385880 0.010018 0.513568 0.002038 0.595213
2181.108924 0.219128 0.066873 0.387846 0.010252 0.516258 0.002041 0.596929
2211.512400 0.221226 0.067501 0.389979 0.010485 0.519324 0.002044 0.598613
2242.339683 0.222864 0.067750 0.393030 0.010718 0.522524 0.002046 0.600265
2273.596682 0.224140 0.067901 0.396165 0.010949 0.525428 0.002049 0.601887
2305.289387 0.225904 0.068050 0.398619 0.011180 0.527939 0.002051 0.603477
2337.423871 0.227502 0.068195 0.401170 0.011257 0.530423 0.002054 0.605037
2370.006292 0.228171 0.068493 0.402355 0.011270 0.532879 0.002057 0.606567
2403.042894 0.228358 0.068790 0.404061 0.011282 0.535307 0.002059 0.608067
2436.540009 0.229403 0.069322 0.406180 0.011448 0.537708 0.002062 0.609538
2470.504055 0.232169 0.069575 0.409020 0.011651 0.540082 0.002064 0.611504
2504.941542 0.233822 0.070214 0.412036 0.011853 0.542427 0.002067 0.613724
2539.859069 0.234780 0.070680 0.414981 0.012051 0.544746 0.002069 0.615891
2575.263327 0.236303 0.070895 0.418909 0.012246 0.547413 0.002072 0.618005
2611.161101 0.238862 0.071106 0.421682 0.012299 0.549909 0.002075 0.620068
2647.559271 0.240633 0.071409 0.423982 0.012335 0.552005 0.002077 0.622080
2684.464811 0.241955 0.072177 0.425772 0.012371 0.554074 0.002080 0.624042
2721.884795 0.242846 0.072814 0.428053 0.012407 0.556407 0.002082 0.625956
2759.826392 0.244014 0.072964 0.430863 0.012442 0.559168 0.002085 0.627822
2798.296876 0.245232 0.073113 0.432731 0.012453 0.561794 0.002087 0.629641
2837.303617 0.246227 0.073259 0.435355 0.012463 0.564376 0.002090 0.631413
2876.854090 0.246795 0.073404 0.437571 0.012472 0.566404 0.002092 0.633141
2916.955876 0.248952 0.073607 0.440562 0.012481 0.568977 0.002095 0.634824
2957.616659 0.250466 0.074070 0.443973 0.012490 0.571507 0.002097 0.636463
2998.844231 0.251579 0.074523 0.446966 0.012499 0.573525 0.002100 0.638060
3040.646493 0.252668 0.074982 0.448619 0.012507 0.574989 0.002102 0.639615
3083.031457 0.253732 0.075403 0.452343 0.012515 0.576420 0.002105 0.641130
3126.007243 0.254771 0.075829 0.456569 0.012522 0.577820 0.002107 0.642604
3169.582089 0.255787 0.076247 0.458926 0.012529 0.579189 0.002110 0.644040
3213.764344 0.257356 0.076656 0.460086 0.012536 0.580839 0.002112 0.645130
3258.562476 0.259215 0.077056 0.461685 0.012543 0.583195 0.002114 0.645724
3303.985070 0.261021 0.077448 0.464374 0.012549 0.585590 0.002117 0.646300
3350.040830 0.262801 0.077789 0.466149 0.012556 0.587943 0.002119 0.646857
3396.738582 0.263788 0.077936 0.467918 0.012562 0.590255 0.002122 0.647397
3444.087276 0.264484 0.078164 0.469524 0.012568 0.592525 0.002124 0.647919
3492.095985 0.265412 0.078343 0.472122 0.012694 0.594754 0.002126 0.648424
3540.773909 0.265842 0.078534 0.475361 0.012818 0.596943 0.002129 0.648913
3590.130377 0.267049 0.079055 0.477680 0.012939 0.599091 0.002131 0.649386
3640.174847 0.267502 0.079564 0.480741 0.013048 0.601200 0.002133 0.649844
3690.916911 0.268227 0.080062 0.482203 0.013074 0.603269 0.002136 0.650287
3742.366291 0.268426 0.080547 0.483990 0.013100 0.605299 0.002138 0.650716
3794.532847 0.269037 0.080911 0.486908 0.013125 0.607241 0.002140 0.651131
3847.426577 0.270669 0.081214 0.489387 0.013150 0.608724 0.002143 0.651532
3901.057617 0.272355 0.081510 0.491871 0.013174 0.610139 0.002145 0.651921
3955.436245 0.274002 0.081799 0.493945 0.013198 0.611619 0.002147 0.652296
4010.572881 0.275611 0.082080 0.495372 0.013222 0.613032 0.002150 0.652660
4066.478092 0.276828 0.082355 0.496779 0.013245 0.613861 0.002152 0.653515
4123.162591 0.277115 0.082623 0.499419 0.013268 0.614853 0.002154 0.654904
4180.637241 0.277856 0.082883 0.501229 0.013290 0.616339 0.002156 0.656253
4238.913057 0.279167 0.083138 0.503009 0.013312 0.617787 0.002158 0.657563
4298.001206 0.280100 0.083385 0.504759 0.013333 0.619198 0.002161 0.658834
4357.913012 0.280769 0.083627 0.506479 0.013347 0.620457 0.002163 0.660069
4418.659956 0.281385 0.083862 0.507360 0.013361 0.620720 0.002165 0.661267
4480.253680 0.282266 0.084091 0.509486 0.013375 0.620973 0.002167 0.662429
4542.705986 0.283099 0.084313 0.510796 0.013388 0.621216 0.002169 0.663557
4606.028844 0.284022 0.084530 0.511487 0.013402 0.622337 0.002171 0.664651
4670.234388 0.284510 0.084824 0.512306 0.013415 0.624657 0.002174 0.665713
4735.334923 0.284607 0.085242 0.514582 0.013428 0.626901 0.002176 0.666743
4801.342924 0.284700 0.085654 0.515797 0.013441 0.629071 0.002178 0.667742
4868.271040 0.284889 0.086060 0.516989 0.013453 0.630372 0.002180 0.668711
4936.132098 0.285206 0.086460 0.517870 0.013466 0.631457 0.002182 0.669650
5004.939103 0.285568 0.086590 0.518811 0.013478 0.632654 0.002184 0.670561
5074.705239 0.285918 0.086612 0.520433 0.013490 0.633866 0.002186 0.671444
5145.443878 0.286547 0.086633 0.521537 0.013502 0.634745 0.002188 0.672301
5217.168576 0.286789 0.086653 0.522620 0.013513 0.635762 0.002190 0.673131
5289.893076 0.287025 0.086673 0.523759 0.013525 0.636761 0.002192 0.673935
5363.631317 0.287720 0.086692 0.524933 0.013536 0.638005 0.002194 0.674715
5438.397428 0.288772 0.086750 0.526355 0.013547 0.638804 0.002196 0.675471
5514.205739 0.289812 0.086970 0.527010 0.013558 0.640018 0.002198 0.676203
5591.070777 0.290841 0.087186 0.529141 0.013568 0.641273 0.002200 0.676913
5669.007271 0.291461 0.087397 0.530506 0.013579 0.642554 0.002202 0.677601
5748.030158 0.291605 0.087603 0.531852 0.013589 0.643802 0.002204 0.678267
5828.154581 0.291661 0.087764 0.532917 0.013599 0.645017 0.002205 0.678913
5909.395895 0.292105 0.087850 0.534490 0.013609 0.646200 0.002207 0.679538
5991.769669 0.293005 0.087935 0.535781 0.013619 0.646752 0.002209 0.680144
6075.291689 0.293914 0.088018 0.537055 0.013629 0.647788 0.002211 0.680731
6159.977960 0.294412 0.088100 0.537829 0.013638 0.648800 0.002213 0.681172
6245.844712 0.294610 0.088180 0.538706 0.013647 0.649765 0.002215 0.681517
6332.908400 0.295060 0.088259 0.540035 0.013657 0.650403 0.002216 0.681852
6421.185709 0.295310 0.088337 0.540620 0.013666 0.651021 0.002218 0.682178
6510.693555 0.296247 0.088414 0.541196 0.013674 0.651618 0.002220 0.682493
6601.449093 0.296734 0.088490 0.541761 0.013683 0.652196 0.002222 0.682799
6693.469713 0.296857 0.088589 0.542318 0.013692 0.652755 0.002223 0.683096
6786.773051 0.297396 0.088814 0.542865 0.013700 0.653296 0.002225 0.683384
6881.376986 0.298308 0.089035 0.543402 0.013708 0.654324 0.002227 0.683663
6977.299650 0.299220 0.089254 0.543931 0.013723 0.655443 0.002229 0.683934
7074.559423 0.300116 0.089469 0.544451 0.013757 0.656527 0.002230 0.684196
7173.174944 0.300902 0.089682 0.544962 0.013790 0.657576 0.002232 0.684451
7273.165113 0.301221 0.089891 0.545464 0.013823 0.658587 0.002234 0.684698
7374.549090 0.301534 0.090098 0.545958 0.013854 0.659028 0.002235 0.684937
7477.346305 0.302571 0.090302 0.546196 0.013885 0.659455 0.002237 0.685170
7581.576458 0.302660 0.090503 0.546825 0.013915 0.659870 0.002238 0.685395
7687.259522 0.302669 0.090589 0.547390 0.013945 0.660272 0.002240 0.685613
7794.415750 0.303134 0.090670 0.548990 0.013974 0.660663 0.002241 0.685825
7903.065679 0.303154 0.090749 0.549979 0.014002 0.661041 0.002243 0.686030
8013.230128 0.303635 0.090827 0.550127 0.014012 0.661408 0.002245 0.686230
8124.930211 0.304124 0.090903 0.550270 0.014022 0.661764 0.002246 0.686423
8238.187331 0.304600 0.090977 0.550408 0.014031 0.662108 0.002248 0.686610
8353.023195 0.305045 0.091051 0.550541 0.014041 0.662422 0.002249 0.686791
8469.459808 0.305078 0.091122 0.550669 0.014048 0.662657 0.002251 0.686967
8587.519485 0.305109 0.091193 0.551296 0.014050 0.662885 0.002252 0.687138
8707.224849 0.305189 0.091337 0.552070 0.014051 0.663386 0.002253 0.687304
8828.598841 0.305838 0.091513 0.552272 0.014053 0.663682 0.002255 0.687464
8951.664721 0.306479 0.091686 0.552511 0.014054 0.663968 0.002256 0.687620
9076.446073 0.307112 0.091858 0.552559 0.014055 0.664246 0.002258 0.687770
9202.966809 0.307736 0.092026 0.552802 0.014057 0.664857 0.002259 0.687917
9331.251175 0.308191 0.092193 0.553169 0.014058 0.665487 0.002261 0.688058
9461.323756 0.308204 0.092357 0.554048 0.014059 0.666096 0.002262 0.688196
9593.209478 0.308216 0.092519 0.554446 0.014060 0.666685 0.002263 0.688329
9726.933615 0.308228 0.092679 0.555653 0.014061 0.667253 0.002265 0.688458
9862.521795 0.308239 0.092836 0.556842 0.014063 0.667802 0.002266 0.688583
10000.000000 0.308361 0.092925 0.557124 0.014064 0.668333 0.002267 0.688705
