10.000000 1372.351936 732.382300 4616.214900 532.622039 31940.483541 366.151834 274518.989654
10.139395 1372.372391 735.465401 4627.961862 534.593986 32117.155028 368.852945 274513.015899
10.280732 1375.265440 736.094997 4640.494032 536.802728 32295.302451 371.571661 274506.958740
10.424040 1371.797148 731.130359 4647.749749 539.003182 32475.315156 374.316947 274501.389758
10.569346 1368.249852 730.969214 4643.110886 541.201395 32657.151402 377.087697 274496.239510
10.716676 1364.643694 731.391208 4671.457354 544.547936 32840.494395 379.876436 274491.017371
10.866061 1360.977513 731.747554 4705.388842 547.920257 32769.439619 382.683300 274485.722337
11.017528 1359.172295 732.241648 4702.791247 551.307463 32480.941898 385.515357 274480.789633
11.171107 1354.839401 733.026092 4684.050890 554.704711 32209.657183 388.375856 274476.425164
11.326826 1361.378580 733.073373 4664.972438 558.128203 31932.237842 391.254876 274359.701237
11.484715 1358.769226 733.497587 4645.548045 561.578108 31648.468680 394.152557 272639.668975
11.644806 1358.719840 733.922032 4699.092330 565.045844 31368.639890 397.073919 270935.345802
11.807128 1358.641955 733.578649 4747.000135 568.517668 31109.964456 400.026831 269329.448493
11.971713 1355.015392 734.759532 4716.319892 572.016373 30845.468440 402.998813 267691.329774
12.138593 1351.328340 735.445091 4718.837909 575.542133 30606.419911 405.990011 266020.077538
12.307798 1354.865670 737.408835 4686.233409 578.059622 30748.119578 409.003256 264341.243733
12.479362 1365.202554 738.504907 4656.422549 580.359486 30891.781007 412.051268 262780.737524
12.653318 1366.156365 739.923348 4662.215921 581.366661 30779.405750 415.118919 261188.959587
12.829698 1362.597660 741.203664 4672.455821 581.781624 30495.211757 418.206357 259565.026716
13.008537 1358.979291 742.498367 4654.456496 582.202069 30205.110546 421.314105 257911.511905
13.189869 1356.929065 743.378959 4685.564946 582.628108 29946.580335 424.459923 256395.019902
13.373729 1356.032217 746.000879 4724.714831 583.059768 29944.196593 427.625964 254848.175437
13.560151 1350.753269 745.821163 4748.455852 583.497119 30074.182828 430.812383 253270.123193
13.749172 1348.171836 745.556177 4739.862134 584.844268 30205.409871 434.019335 251659.970804
13.940828 1350.436600 746.956579 4720.527505 588.152114 30357.531590 437.263634 250167.896095
14.135156 1351.798684 748.993493 4701.115773 593.555106 30590.522843 440.530800 248664.599944
14.332192 1347.240764 750.383852 4706.756642 598.983655 30824.963857 443.818953 247131.012203
14.531975 1342.603510 752.127381 4778.736273 604.438098 31060.866221 447.128253 245566.268669
14.734543 1340.918186 752.198546 4835.128667 605.672754 31306.773381 450.473307 244095.007839
14.939935 1346.332690 753.215811 4889.592492 608.132772 31493.371012 453.844335 242633.899233
15.148189 1351.739778 752.874201 4874.059725 610.616963 31344.085170 457.236977 241143.384783
15.359347 1350.733469 753.647718 4847.212047 613.125505 31311.040149 460.651401 239622.627415
15.573448 1345.705512 753.885468 4844.789066 616.310116 31456.424880 464.099884 238172.047765
15.790533 1351.900250 755.386047 4859.504777 619.901359 31410.489900 467.577503 236751.794222
16.010645 1350.174712 759.559162 4889.981379 623.521543 31254.102776 471.325593 235302.990765
16.233824 1346.726616 762.683505 4915.403321 626.272114 31094.732660 475.693964 233824.826440
16.460115 1345.020419 764.383838 4920.765972 628.782997 30940.178163 480.176152 232394.774936
16.689560 1340.117850 766.707702 4972.738581 631.287641 30790.544701 483.187248 231014.077753
16.922204 1339.634710 769.321553 5012.535627 633.658724 30638.079292 485.886866 229605.657546
17.158090 1339.284170 770.703981 5089.932310 629.726768 30482.710002 488.984084 228168.728499
17.397264 1335.454426 771.560617 5132.782415 630.453892 30512.021943 492.647532 226759.036103
17.639773 1339.874277 773.189003 5217.653590 632.659780 30794.428326 496.346464 225416.637157
17.885662 1336.778889 775.337523 5216.111258 636.375175 31078.151286 500.069022 224047.313992
18.134978 1336.666386 777.159303 5260.825562 640.500925 31363.208722 503.815388 222650.304983
18.387770 1336.285238 779.688783 5328.111753 643.929679 31653.940781 507.425758 221260.791788
18.644085 1333.088109 782.084941 5388.731086 647.323498 31959.336167 510.566215 219955.481111
18.903974 1334.431829 782.522268 5388.754942 650.746553 32266.037472 513.730848 218624.018090
19.167485 1333.416182 783.851430 5433.131654 652.949342 32574.065751 516.919813 217265.664388
19.434669 1332.464421 786.042184 5477.933999 654.353193 32893.381608 520.096739 215896.145467
19.705578 1329.353765 788.167595 5499.941243 655.764017 33289.924937 523.017841 214626.768823
19.980263 1325.196815 790.316797 5513.660653 657.191414 33566.198069 525.963097 213331.986138
20.258777 1323.943864 792.490007 5496.886525 658.635551 33391.831607 528.932664 212011.081504
20.541173 1329.074510 794.687442 5507.014126 660.096592 33214.099971 531.926699 210663.308005
20.827506 1331.686983 796.598763 5581.487912 661.562001 33050.069644 534.895325 209426.838826
21.117830 1328.265050 798.957470 5638.958293 663.418835 32883.162285 537.887897 208167.620568
21.412202 1327.608135 800.522642 5714.213750 666.118146 32713.058861 540.905280 206883.024256
21.710676 1326.700376 802.690436 5741.930594 668.115320 33060.286150 543.947634 205572.325622
22.013311 1327.094848 803.794152 5752.824965 667.582896 33568.250267 546.986280 204352.234097
22.320165 1330.586004 806.496767 5814.708895 669.120223 34080.210410 550.045319 203127.533075
22.631296 1332.039797 808.065309 5879.116654 670.675382 34591.571615 553.129726 201878.174765
22.946764 1325.881870 808.966832 5908.064370 672.248545 35102.455914 556.239666 200603.456781
23.266629 1336.543836 810.829395 5934.665987 677.708135 35638.319696 559.361427 199399.720071
23.590953 1335.364830 815.299981 6020.922806 684.455350 36182.958901 562.503812 198208.559676
23.919798 1330.620958 818.063897 6043.950105 688.211409 36726.944663 565.672177 196993.441398
24.253227 1325.793628 818.410105 6053.051545 690.826490 36830.570392 568.866691 195753.684031
24.591304 1325.182620 819.318934 6094.017354 690.921118 36910.862070 572.083551 194566.292388
24.934094 1322.931222 818.570971 6094.086200 692.330899 36993.319985 575.324219 193407.764864
25.281661 1331.323279 820.728612 6118.320926 693.757407 37076.740082 578.591528 192225.959217
25.634074 1329.197282 823.868291 6194.173665 695.200811 37161.131813 581.885650 191020.214791
25.991399 1326.192976 826.689121 6276.726858 697.494010 37563.312576 585.208605 189849.172184
26.353705 1321.103063 827.924299 6243.566879 702.942142 38106.725682 588.560816 188722.433076
26.721062 1318.041035 829.696809 6209.144182 708.496618 37999.278868 591.940373 187573.077540
27.093539 1316.806378 832.694067 6209.615251 710.690066 38436.623312 595.347452 186400.464890
27.471208 1318.050327 834.162257 6203.441094 712.604005 38954.887418 598.786607 185245.788076
27.854142 1326.057725 835.742913 6247.541515 715.239048 39394.412540 602.262168 184150.047210
28.242413 1336.007303 835.260004 6276.267646 718.166651 39638.114573 605.765816 183032.334878
28.636097 1338.028798 835.221457 6248.667643 722.224054 39883.693331 609.297734 181892.029846
29.035269 1334.154530 838.644178 6324.188553 725.718431 39712.667961 612.862398 180753.745837
29.440005 1336.568758 841.384717 6410.334010 730.278100 39499.695753 616.471842 179688.255710
29.850382 1340.481220 842.841322 6483.158248 733.965660 39282.575954 620.110149 178601.423381
30.266481 1338.538214 844.315666 6530.749127 735.877675 39061.197439 623.777506 177492.646584
30.688379 1335.217036 846.794074 6515.498166 739.310139 38837.450002 627.476266 176370.788529
31.116158 1336.557083 848.545216 6594.118310 742.584953 38632.248666 631.229008 175334.831449
31.549901 1334.824917 850.187035 6656.343637 745.890736 38650.899271 635.011418 174278.146433
31.989689 1338.950321 851.441234 6695.653226 748.928516 38959.093338 638.823687 173200.149723
32.435608 1334.076360 854.146903 6680.334532 751.980461 39558.323401 642.666009 172100.232293
32.887743 1335.287602 857.844517 6774.170925 754.987947 40200.333852 646.568942 171087.626958
33.346180 1332.290689 859.415050 6840.997061 757.257817 40843.171446 650.503908 170060.374196
33.811008 1331.053487 860.659110 6793.860227 758.951380 41484.800601 654.469570 169012.427439
34.282315 1329.504652 861.507728 6779.409891 759.303045 42125.396691 658.466126 167943.196573
34.760192 1330.425464 862.685393 6893.999352 761.756930 42805.584962 662.523466 166944.531138
35.244730 1334.177796 864.481711 6976.422104 764.163318 43240.894692 666.618557 165946.002180
35.736022 1333.207268 866.679222 7020.159121 765.943710 43124.336616 670.745206 164927.381943
36.234163 1331.304076 868.901689 7124.849554 767.744703 43005.831244 674.903616 163888.098756
36.739248 1330.006475 871.285879 7243.588091 770.259349 42891.869545 678.851232 162903.432401
37.251373 1328.235226 873.702338 7361.419133 771.411255 42899.908980 682.723059 161932.917427
37.770637 1323.893903 876.256038 7478.997500 773.276427 43378.096128 686.626566 160942.898791
38.297139 1320.644942 878.782361 7595.941921 775.163017 43857.625991 690.561957 159932.822791
38.830980 1324.601676 881.459418 7604.733546 777.066931 44354.285359 694.380842 158962.192037
39.372263 1326.133328 884.260865 7581.851214 779.102066 44864.362539 698.116610 158018.975578
39.921091 1323.201733 887.092329 7558.579187 782.833465 45375.695969 701.884152 157056.827752
40.477570 1325.427893 889.954064 7534.909374 786.598805 45888.340005 705.683675 156075.212332
41.041805 1325.424950 892.951453 7506.374299 790.271287 46415.900457 709.512766 155119.773656
41.613906 1325.330707 894.558438 7513.952475 793.559160 46962.296896 713.370835 154687.056581
42.193981 1326.009005 896.845824 7553.189449 796.515160 47509.894302 717.261496 154513.124139
42.782142 1331.095776 899.857369 7583.482931 798.313920 48058.754764 721.184961 154336.567039
43.378502 1329.572824 902.389157 7656.076027 797.939330 48619.604220 725.143790 154162.689801
43.983175 1326.855582 903.868598 7695.201089 798.724823 49205.867377 729.141201 153998.441979
44.596276 1333.151871 906.890655 7736.875770 798.891554 49770.272093 733.172082 153831.725579
45.217924 1343.113003 909.201450 7836.275996 799.404102 50151.757891 737.236650 153662.500565
45.848238 1343.110558 910.281186 7936.664735 801.570338 50537.902888 741.338501 153493.767042
46.487337 1342.760685 912.813153 8041.233787 802.948770 50937.097170 745.490302 153336.819670
47.135345 1341.614081 915.526887 8070.349974 804.478760 51338.686882 749.676500 153177.520350
47.792386 1339.930872 917.691285 8093.129750 807.296294 51742.692309 753.897319 153015.831158
48.458586 1342.349024 920.841443 8176.566445 810.138830 52149.810407 758.154331 152852.520225
49.134073 1342.156879 922.869747 8263.741265 812.723337 52734.166091 762.473811 152703.258019
49.818975 1341.964739 924.921783 8351.202208 815.017873 53499.142108 766.828660 152551.766066
50.513425 1341.768528 926.997786 8438.956878 817.337817 54093.011955 770.330341 152398.008644
51.217554 1341.569552 928.418469 8531.396704 819.683395 53976.820395 773.014071 152241.949376
51.931499 1344.985811 930.498930 8646.913332 821.776821 54368.611921 775.615144 152098.901066
52.655396 1351.642300 933.005297 8762.968354 822.652946 54757.413042 775.324651 151955.108912
53.389384 1351.154182 935.529730 8804.290797 824.220930 55211.676271 775.029997 151809.173314
54.133603 1353.499268 938.155279 8884.366972 825.616238 55668.487088 774.731121 151661.060076
54.888196 1356.774504 939.420585 8850.246549 829.076558 56141.938299 778.215426 151523.698525
55.653308 1360.048237 941.067319 8816.279263 833.335585 56621.716351 782.748220 151387.801427
56.429085 1368.617694 943.182211 8820.208452 836.823060 57429.250174 787.317554 151249.885329
57.215676 1373.937126 945.321754 8937.681772 841.301095 58246.535420 786.752086 151109.918237
58.013231 1372.374748 947.413391 9059.498666 844.175012 59096.739220 785.887833 150978.517670
58.821904 1371.112516 948.240900 9183.552655 846.359177 59963.454316 784.973814 150850.719030
59.641849 1372.479001 950.372310 9307.647897 850.829426 60829.643686 784.045966 150721.028307
60.473224 1376.772396 952.780670 9298.626181 853.144272 61695.491972 784.711564 150589.415727
61.316188 1375.131746 954.652439 9246.232777 857.304788 62982.014098 788.568313 150464.259327
62.170903 1373.713003 957.291385 9331.002407 858.685051 63507.200092 792.427880 150344.770367
63.037532 1379.484847 959.976171 9449.300804 859.907525 64424.641354 796.322148 150223.518756
63.916241 1380.973003 962.092903 9567.754933 862.875894 65341.720493 800.251352 150100.476958
64.807198 1386.613896 965.448360 9643.400611 863.928967 66280.944327 804.149774 149981.856796
65.710575 1390.237466 967.851490 9763.059638 867.289411 67253.009601 807.984436 149870.896216
66.626545 1389.994057 970.591121 9780.557929 869.693642 68224.485439 811.854057 149758.304965
67.555283 1389.747212 974.307408 9796.872425 870.811638 69195.578919 815.758878 149644.057760
68.496967 1390.384433 977.283674 9813.523876 872.798071 70182.400544 817.575537 149532.274693
69.451778 1398.460672 978.181557 9830.749141 873.162373 71211.429812 817.998292 149430.068339
70.419898 1397.888461 978.798438 9941.634755 875.847625 72239.838693 820.888026 149326.365858
71.401513 1401.288261 983.966516 10068.012500 879.101092 73267.846242 825.768169 149221.144239
72.396811 1396.739788 985.247905 10195.442180 882.007207 74304.423705 830.665512 149116.507790
73.405984 1396.945271 987.420552 10328.385618 885.489949 75393.429646 835.471478 149023.288321
74.429223 1397.854569 990.832675 10461.457433 888.651584 76481.785555 832.714930 148928.709847
75.466726 1398.711632 993.033923 10520.486243 891.845847 77569.722974 832.703973 148832.751637
76.518692 1398.227914 993.203215 10466.549262 895.070676 78658.290471 828.249266 148735.579841
77.585321 1396.960328 996.111309 10510.518691 899.138185 79803.813693 829.114504 148821.815920
78.666818 1406.795774 998.526610 10648.145539 902.386011 80657.037866 829.990882 151098.245977
79.763391 1407.936577 999.044308 10683.605268 904.400697 81568.949201 830.878533 153371.914328
80.875249 1408.803810 1000.995676 10719.439524 907.575743 82735.000364 830.686749 155643.368181
82.002606 1408.694670 1004.004554 10756.389856 910.629023 83966.302906 827.610213 158050.873540
83.145678 1408.985683 1004.966848 10793.823831 913.693967 85205.176303 830.684669 160473.070279
84.304684 1408.501633 1007.077903 10831.647528 916.791173 86443.192757 835.429469 162892.260774
85.479845 1408.199693 1009.376856 10869.864088 916.244963 87680.620794 840.213051 165309.030446
86.671388 1409.239211 1011.354357 10992.900537 916.695651 88977.005185 844.714342 167849.028199
87.879540 1410.800046 1014.430930 11098.733071 919.712823 90291.622444 846.953124 170426.195058
89.104533 1410.333914 1016.973773 11195.891063 925.018594 91605.304552 847.143437 173000.092369
90.346602 1415.159333 1019.490337 11398.101090 930.621517 92918.337589 847.336358 175571.346346
91.605985 1420.189231 1021.279373 11391.985164 935.154019 94283.027301 847.967024 178250.793200
92.882923 1424.956017 1023.114118 11471.796022 937.760796 95677.844942 848.868645 180992.684320
94.177660 1432.256080 1025.864471 11622.426845 941.172792 97071.644664 849.835792 183731.022788
95.490446 1434.269682 1028.953015 11773.189831 944.230456 98671.770043 854.411461 186466.478338
96.821531 1442.156060 1031.112074 11954.283826 947.180923 100070.259356 858.225723 189292.660847
98.171170 1441.324223 1032.480810 12086.914276 949.055598 101507.463033 860.071177 192209.607160
99.539623 1447.397267 1034.885271 12245.926479 950.952631 102944.216305 862.808667 195122.696908
100.927151 1454.763454 1038.260126 12405.074315 953.896435 104337.191516 863.827373 198032.646232
102.334021 1453.993376 1040.580782 12567.431763 954.876352 104035.950585 866.883198 201013.192417
103.760502 1452.174735 1043.029510 12735.178785 959.347459 103432.387382 871.953318 204116.127369
105.206867 1450.328415 1044.913145 12748.383141 961.227282 103531.758304 877.064189 207214.880090
106.673394 1457.863525 1046.819576 12676.761219 963.749382 104974.972185 882.216072 210310.216167
108.160363 1461.169771 1049.642652 12776.560989 966.100053 106438.141723 887.325753 213453.107142
109.668060 1467.454954 1053.367228 12914.994841 969.142742 107964.769399 892.207835 216753.591598
111.196773 1472.545505 1054.854821 13053.859567 972.218122 109490.946752 897.130846 220049.545549
112.746796 1476.234361 1055.849875 13204.163124 975.326471 111016.978798 902.095050 223341.787230
114.318425 1484.715129 1059.326861 13360.036786 974.814904 112552.620005 907.065084 226655.368813
115.911962 1484.972141 1061.987795 13521.510238 978.887089 114166.304941 911.781478 230165.614567
117.527712 1483.630725 1063.879932 13684.315090 982.545442 115779.522754 915.924482 233670.958226
119.165984 1482.269372 1066.984539 13845.393246 985.196475 117237.870007 919.746083 237172.274020
120.827094 1483.542960 1069.186975 14032.417415 988.564060 117258.603215 923.604810 240670.394092
122.511358 1483.518765 1071.355451 14233.508417 992.475982 117775.738728 927.213107 244398.159516
124.219100 1482.899913 1073.701675 14423.247889 994.641168 119072.857738 930.851093 248125.753186
125.950646 1486.109082 1076.563696 14522.117600 997.565220 119815.682952 929.237377 251848.983059
127.706330 1489.355924 1079.745509 14685.292791 1000.153184 121576.069025 926.376500 255568.737786
129.486487 1489.080656 1082.835218 14851.883818 1003.634416 123444.243471 927.817863 259499.611645
131.291459 1495.865035 1085.506718 14849.948509 1005.226804 125329.186643 931.916325 263463.006147
133.121590 1498.883942 1087.915004 14928.760585 1009.178895 127211.891528 936.053596 267421.680471
134.977233 1502.519329 1090.351428 14909.573566 1013.818976 129092.808966 940.229950 271376.583224
136.858742 1505.900448 1092.821791 14946.187236 1017.148790 131644.900598 944.202122 275520.841799
138.766479 1511.576889 1095.400625 15017.903408 1019.455831 133196.988250 948.117694 279734.293196
140.700809 1512.832589 1097.072115 15090.271279 1020.932877 135100.053824 950.759091 283942.647801
142.662102 1519.631418 1098.524624 15167.474302 1024.150697 137110.624987 943.686992 286595.397610
144.650734 1526.746398 1101.728334 15338.389009 1026.492098 139208.002228 936.500898 290967.132315
146.667087 1530.140157 1104.519741 15504.769676 1028.765177 141363.587877 929.185395 295450.376320
148.711546 1533.237738 1107.430125 15650.610222 1030.552696 143516.168427 933.213467 299927.699984
150.784505 1533.258530 1109.995642 15782.011092 1031.141092 145666.280482 938.540319 304400.203655
152.886359 1537.085033 1112.741783 15792.518758 1034.162889 147384.266764 943.776230 309009.652276
155.017512 1537.902477 1115.931073 15974.249701 1036.365956 147627.165552 944.582466 313777.048043
157.178372 1540.721429 1119.180682 16156.426921 1037.759106 149826.331195 942.819133 318538.057055
159.369353 1544.346186 1121.615204 16301.329636 1039.590102 152023.674206 941.027847 323293.853726
161.590875 1547.977869 1123.931566 16464.659365 1041.421700 154267.888256 941.493648 328152.963010
163.843365 1553.449964 1126.230939 16645.061380 1043.231826 156606.672956 946.573332 333221.580904
166.127252 1560.169077 1129.102589 16826.003386 1045.063983 158942.925683 951.696142 338283.321260
168.442976 1559.522171 1132.596665 17012.580026 1046.918406 161277.194462 956.862359 343339.436843
170.790980 1564.210140 1133.861974 17212.525487 1049.933921 163641.220319 961.966443 348460.633711
173.171713 1566.287050 1136.745197 17418.396394 1055.029001 166125.507632 966.697684 353848.357560
175.585633 1569.995850 1139.103509 17624.681944 1056.907853 168607.055843 971.086869 359228.690144
178.033202 1569.238374 1141.432662 17831.406590 1059.905126 171086.449360 962.206141 364602.966945
180.514888 1567.483860 1144.225401 18039.108774 1064.820373 173576.249588 953.531990 369999.163214
183.031168 1568.762930 1145.754573 18253.736409 1067.706792 176214.672416 958.233316 375724.680346
185.582523 1574.934069 1147.302980 18468.809412 1070.209057 178850.137833 962.989782 381442.271824
188.169442 1573.473745 1150.691922 18684.352906 1072.740242 181483.268739 967.788684 387153.360243
190.792422 1572.730587 1153.711745 18897.833050 1074.181605 184114.659083 972.630304 392859.299821
193.451965 1580.301334 1157.022324 19110.121415 1074.909107 186906.658729 977.113924 398920.733762
196.148581 1577.031536 1158.789102 19323.301851 1077.375689 189705.078903 981.615445 404995.034243
198.882786 1580.658091 1162.608166 19537.079052 1082.351753 192500.976334 986.158736 411062.371446
201.655104 1582.972364 1165.624887 19708.804262 1084.439165 195294.983669 990.744086 417124.186603
204.466067 1587.358702 1168.518129 19863.394038 1086.482008 198235.453698 995.047174 423509.502626
207.316213 1595.613642 1170.395247 20034.197426 1088.533549 201206.279602 999.317479 429960.706905
210.206088 1603.940274 1173.357646 20255.705035 1090.473448 204174.387135 1003.628758 436404.479307
213.136247 1611.958469 1176.766993 20477.854122 1092.710859 207140.449732 1007.981307 442842.352186
216.107251 1614.298560 1179.083173 20706.781874 1094.778419 210236.530897 1012.118785 449566.635916
219.119669 1616.643003 1180.333869 20939.135025 1096.843783 213389.618274 1016.178810 456415.624553
222.174078 1624.318572 1183.289835 21172.123693 1100.745849 216539.785735 1020.278935 463256.710416
225.271064 1629.180451 1186.021620 21405.771043 1105.461085 219687.749600 1024.419458 470091.520932
228.411221 1633.964890 1189.223403 21645.390674 1106.592299 222946.820551 1028.404647 477170.244687
231.595149 1641.050732 1191.764120 21882.479137 1106.508311 226104.588041 1032.272972 484438.500599
234.823460 1643.586365 1193.163838 21961.955877 1109.206867 229118.837193 1036.180474 491698.388471
238.096772 1650.264856 1195.820002 22042.247897 1113.037230 232135.144909 1040.127457 498951.634496
241.415712 1657.721844 1198.340332 22124.094852 1117.031399 235212.440919 1043.972324 506400.620805
244.780916 1661.373703 1200.611452 22319.215337 1120.706128 238369.907071 1047.665515 514110.116449
248.193029 1657.428919 1205.884895 22581.674992 1123.531281 241529.246230 1051.396943 521810.794558
251.652705 1656.999507 1208.357865 22844.714697 1125.740497 244690.979561 1055.166912 529504.483404
255.160607 1659.832728 1212.056753 23111.006303 1127.944060 247896.891886 1058.882263 537339.861478
258.717408 1664.292852 1215.173667 23389.075405 1131.550935 251202.362551 1062.415160 545512.911084
262.323788 1674.367318 1218.703670 23681.200319 1135.078891 254510.081582 1065.985350 553676.722200
265.980440 1678.987008 1221.619923 23932.108409 1136.530443 257820.584119 1069.593138 561833.227963
269.688063 1679.325787 1223.859249 24208.581913 1137.987541 261157.934772 1073.188780 570008.737942
273.447368 1684.114913 1226.476661 24493.145288 1139.192142 264614.151491 1076.574726 578562.065965
277.259076 1689.255745 1230.264114 24778.338868 1140.829612 268073.053438 1079.997032 587107.408983
281.123917 1695.965311 1233.434390 25073.755707 1142.277702 271535.188179 1083.456006 595646.713047
285.042632 1702.908799 1236.432111 25390.429963 1143.741139 275006.596703 1086.940875 604201.996970
289.015972 1709.438049 1239.384767 25722.051742 1145.167857 278615.721713 1090.191910 613242.082298
293.044698 1713.468580 1242.212264 26053.986873 1146.577489 282228.036988 1093.478393 622274.107384
297.129582 1720.445293 1245.158090 26386.285938 1148.022683 285844.100702 1096.800634 631300.111927
301.271407 1725.701556 1248.137882 26718.997851 1150.457112 289464.452352 1100.158942 640322.043685
305.470967 1730.413669 1251.004385 26966.320239 1153.107794 293186.124335 1103.309925 649819.712994
309.729067 1733.186069 1252.780421 27156.730931 1155.772137 296569.870428 1106.471511 659356.903355
314.046522 1739.030315 1255.127506 27454.609102 1157.110391 299961.814162 1109.667971 668888.211001
318.424160 1748.737752 1258.994518 27700.551982 1159.937910 303362.319661 1112.899615 678415.671952
322.862820 1754.852739 1260.457561 27948.012186 1163.802433 306828.989618 1114.310554 688363.684474
327.363353 1758.882014 1263.114190 28196.788214 1166.399428 310320.435446 1116.093138 698423.307966
331.926620 1766.005443 1265.018646 28224.728941 1169.026732 313820.892230 1119.660983 708477.335762
336.553498 1771.991219 1268.768792 28553.718451 1168.356475 314737.799513 1123.266990 718527.889055
341.244871 1777.309766 1273.044032 28890.743056 1172.182953 315620.598111 1126.716326 728938.342414
346.001639 1780.614205 1276.801801 29204.444516 1175.956980 316527.329428 1130.098235 739535.996192
350.824714 1783.958456 1278.467956 29459.563818 1178.340085 317444.055752 1132.133690 750128.524627
355.715021 1789.971877 1280.155122 29716.003157 1181.327984 318370.865657 1134.140456 760718.129357
360.673495 1798.886750 1282.663215 29973.526432 1182.774892 319331.550500 1136.103554 771602.108812
365.701088 1809.749650 1287.751945 30232.170917 1184.955288 322713.540285 1133.731124 782751.201628
370.798763 1810.677195 1289.853649 30492.180856 1187.161988 327316.584993 1127.805082 793895.861313
375.967497 1804.527165 1291.779551 30753.570810 1191.085224 331918.624121 1121.764471 805038.363371
381.208280 1808.914735 1295.373057 31015.983630 1193.565077 336622.802980 1119.668796 816405.740516
386.522116 1814.365980 1299.301530 31279.233619 1195.259936 341483.092143 1123.839626 828116.915476
391.910025 1821.040701 1301.469257 31543.910145 1197.832712 346341.499807 1128.052849 839824.614036
397.373038 1825.576586 1303.151588 31810.027686 1201.422022 351199.015792 1132.308796 851531.176953
402.912203 1830.980396 1306.873198 32077.223147 1203.808802 356127.682014 1136.958119 866642.212760
408.528580 1836.301384 1308.688054 32344.837269 1204.030007 361253.371644 1142.632870 881568.111202
414.223247 1841.574486 1311.626514 32690.350063 1205.266710 366377.302177 1148.358093 894191.801692
419.997295 1844.584841 1314.988103 33057.329322 1208.094640 371500.508024 1149.658655 906812.051967
425.851829 1847.594569 1316.493076 33426.766502 1210.941994 376661.419988 1149.776114 919518.155583
431.787973 1854.943457 1319.644592 33466.260015 1212.532205 382062.283592 1151.578658 932779.038684
437.806863 1859.551639 1322.827547 33701.403196 1213.976019 387461.575356 1153.403451 946035.003483
443.909653 1861.605333 1325.868775 33976.241673 1216.020770 392860.373464 1155.250738 959288.741560
450.097513 1863.683215 1328.486286 34302.746489 1218.702093 397244.013502 1157.131517 972546.205628
456.371628 1865.380175 1331.733825 34528.208963 1220.485137 401318.117222 1156.597902 986444.241260
462.733201 1868.136023 1333.662042 34805.384751 1222.706122 405407.211502 1155.507585 1000338.881321
469.183451 1873.731466 1336.885006 35181.515230 1224.953955 409511.619143 1154.405940 1014232.873383
475.723614 1881.784642 1340.215593 35596.630506 1224.637246 413631.659106 1158.774387 1028128.852346
482.354943 1890.046583 1343.297044 36023.906477 1226.104264 417957.665942 1162.861915 1042585.695939
489.078709 1896.950752 1345.736374 36453.611689 1227.580802 423920.971388 1166.945606 1057120.430438
495.896201 1905.671413 1347.990311 36884.195835 1229.076112 429882.950130 1169.004956 1071656.516449
502.808725 1914.252187 1349.836847 37315.709577 1230.610999 435844.775708 1172.986305 1086196.629439
509.817606 1923.061050 1352.553708 37757.459880 1232.983829 442053.280054 1177.886534 1101207.531472
516.924187 1926.603291 1355.189030 38203.278008 1235.361097 448343.287337 1182.718832 1116377.992291
524.129830 1929.232215 1357.636047 38650.060539 1235.650278 454632.129894 1186.703408 1131552.280869
531.435916 1934.396340 1361.169700 39019.595934 1238.954021 460921.035914 1188.536659 1146733.095477
538.843844 1941.292459 1364.239119 39345.743849 1241.549777 467420.832228 1190.325237 1162293.343707
546.355035 1950.276570 1367.343710 39672.713227 1244.717554 474049.203729 1192.094044 1178088.595070
553.970928 1962.618520 1369.291276 40001.511708 1246.404334 480676.657106 1193.884833 1193890.680788
561.692982 1975.053768 1371.673527 40476.808156 1248.112299 487304.473976 1195.697845 1209702.301944
569.522678 1984.312584 1373.378921 40963.324157 1249.802424 494104.134384 1196.593242 1225803.605738
577.461515 1987.206824 1375.197734 41459.155844 1251.472372 501081.615966 1197.348453 1242205.436747
585.511016 1988.766909 1377.270661 41955.916792 1253.163326 508058.530257 1198.113704 1258617.686878
593.672722 1996.755996 1380.489801 42453.667905 1254.875524 514163.597259 1198.889125 1275043.038230
601.948197 2005.272821 1382.980756 42958.258465 1256.579706 519554.600811 1199.614973 1291673.319022
610.339029 2011.486496 1386.748075 43474.195737 1258.252282 524982.115224 1200.242839 1308655.666219
618.846824 2020.831230 1388.638600 43991.147199 1259.956160 530428.586607 1200.879122 1325652.633424
627.473213 2021.819424 1391.787987 44397.956938 1262.299289 535894.464760 1201.523931 1342666.860770
636.219849 2024.733747 1392.640143 44775.472500 1264.645543 541382.559417 1202.140513 1359810.078463
645.088409 2034.363009 1395.328356 45153.039409 1266.935383 546898.842193 1202.640859 1377338.642373
654.080591 2037.010829 1399.073324 45532.672873 1269.252925 552435.782551 1203.147968 1394886.666848
663.198120 2043.767885 1401.961102 45914.393477 1271.531949 557993.810789 1203.661927 1412456.726701
672.442742 2050.553185 1404.872511 46297.882646 1272.956040 563572.533482 1204.312264 1430092.744531
681.816229 2058.597871 1407.723153 46680.462548 1274.881899 569165.871608 1206.139187 1448124.866426
691.320378 2069.941317 1408.612574 47065.200301 1277.261612 574781.607025 1207.988756 1466181.933659
700.957009 2081.379765 1411.259048 47452.116247 1279.669979 580420.150152 1209.861219 1484266.432995
710.727970 2092.913832 1412.892296 47548.604890 1282.107298 586015.390329 1211.756830 1502380.776836
720.635132 2104.389015 1415.026031 48050.196813 1284.918268 591611.519939 1213.622749 1520855.784667
730.680395 2115.955983 1418.371887 48553.705381 1287.464638 597232.753040 1215.170412 1539371.701213
740.865683 2127.619983 1421.503083 49009.550185 1289.401971 602878.832174 1214.614521 1557921.051133
751.192949 2139.381645 1423.789483 49403.501385 1291.626009 608550.132679 1214.050620 1576506.146213
761.664172 2151.086699 1427.052409 49795.542062 1293.532906 614257.569385 1213.713701 1595344.641813
772.281357 2157.220143 1429.596393 50342.856626 1295.115333 619992.899624 1213.416504 1614261.579618
783.046540 2158.801496 1432.578747 50918.215037 1295.567942 625754.508357 1213.115091 1633218.514380
793.961785 2170.660412 1435.589539 51495.030481 1295.167227 631542.765345 1212.809400 1652217.639607
805.029181 2182.360222 1434.799503 52082.371370 1297.442526 637360.062244 1212.745991 1671378.525754
816.250851 2187.871075 1438.192059 52674.832042 1299.700859 643205.547965 1212.781905 1690631.964729
827.628946 2199.550511 1440.343576 53083.124328 1299.211940 649078.769582 1212.818319 1709932.457364
839.165644 2211.985579 1444.386843 52941.075883 1300.857939 654980.091311 1212.855239 1729282.064829
850.863158 2220.659055 1448.546658 52980.094809 1303.717501 660875.404898 1213.138458 1748721.680812
862.723729 2222.292705 1452.512825 53380.659404 1306.514186 666683.984523 1213.602362 1768241.750028
874.749630 2217.912294 1454.128514 53783.761792 1309.343757 672522.311946 1214.072553 1787816.326977
886.943166 2213.461971 1458.193397 54189.421721 1310.686295 678390.723473 1214.549112 1807447.330871
899.306672 2220.940757 1459.456429 54594.257641 1311.163022 684880.516604 1215.267958 1827120.080636
911.842520 2232.672546 1462.864157 54997.604338 1312.118190 690933.693350 1216.281845 1846833.262883
924.553110 2235.502876 1466.311301 55403.575440 1312.842317 697017.577713 1217.309002 1866608.684831
937.440879 2243.936616 1467.765294 55812.190624 1313.576130 703132.523311 1218.349593 1886448.119113
950.508296 2244.710991 1470.780899 56220.773936 1314.328852 709269.860067 1219.602272 1906307.149327
963.757866 2239.205614 1472.929241 56626.436777 1315.110674 715420.256611 1221.286344 1926138.275855
977.192128 2243.898761 1476.107666 57034.808508 1316.033113 721602.865828 1222.991523 1946039.514110
990.813657 2250.102752 1479.479084 57445.908779 1316.705722 727818.036473 1224.718047 1966012.490713
1004.625062 2256.740747 1482.396677 57857.980187 1317.536758 734058.621739 1226.607513 1986010.410595
1018.628990 2268.807427 1485.136887 58265.502397 1318.451547 740301.667558 1229.105474 2005884.838047
1032.828126 2280.977136 1488.068724 58675.815489 1319.378439 746578.437641 1231.633083 2025837.240661
1047.225190 2293.250547 1490.716786 59088.939133 1321.230394 752889.276286 1233.784415 2045869.104612
1061.822941 2305.607563 1489.987076 59504.240991 1323.280076 759231.287448 1233.044752 2065958.743373
1076.624177 2305.976082 1492.009733 59913.178867 1325.239989 765562.340941 1232.286154 2085804.578908
1091.631734 2301.570745 1497.442755 60324.986795 1327.309958 772313.789476 1231.516504 2105736.094111
1106.848489 2314.407711 1496.853135 60739.684509 1329.538876 781731.887236 1230.735634 2125754.644673
1122.277356 2321.250354 1497.637337 61157.291884 1331.795055 788081.073200 1229.943373 2145861.577217
1137.921294 2332.690400 1501.047670 61567.888681 1333.212894 794272.733810 1229.278468 2165640.071833
1153.783300 2344.210762 1504.356993 61980.761331 1335.175346 800495.033538 1228.613365 2185483.383229
1169.866413 2355.834194 1507.949221 62396.599935 1337.162212 806755.071083 1227.938624 2205421.016158
1186.173716 2367.561387 1510.449172 62815.424484 1339.173765 813053.160511 1227.254098 2225454.204849
1202.708335 2379.080927 1511.686573 63228.111185 1341.114653 822156.849955 1228.743113 2245151.818755
1219.473437 2382.983408 1515.182873 63641.638213 1343.056817 831995.978926 1230.773799 2264846.250328
1236.472235 2394.981032 1518.719691 64058.204046 1345.023191 841854.858357 1232.829378 2287201.452579
1253.707987 2396.685145 1519.758138 64477.828837 1347.014044 851734.658888 1233.774152 2312511.612480
1271.183997 2400.903794 1520.021142 64908.358635 1347.652954 861691.641764 1231.382063 2337852.848853
1288.903612 2407.544295 1523.273084 65383.999176 1348.161267 871697.325236 1229.415260 2363250.065573
1306.870230 2405.070686 1526.563283 65862.762897 1346.443516 881726.562211 1230.094522 2388725.623119
1325.087292 2402.559995 1529.892122 66387.261437 1348.958890 891780.447520 1230.654480 2414281.846154
1343.558290 2401.583941 1533.181599 67027.299789 1349.975541 901869.392190 1228.262167 2439809.148612
1362.286764 2413.444412 1534.741966 67666.101382 1349.039301 911992.664859 1225.880159 2465330.853325
1381.276303 2425.410995 1535.523345 68307.708344 1349.410525 922143.589869 1223.460213 2490941.347644
1400.530545 2437.484404 1538.298626 68952.163598 1355.314660 932323.177467 1221.001637 2516642.753707
1420.053182 2449.383541 1541.018121 69491.796763 1357.101223 942510.589875 1218.575492 2542292.674775
1439.847953 2460.999350 1543.646432 69870.083878 1358.857243 952698.731905 1216.210691 2567839.431203
1459.918652 2472.721365 1546.306819 70251.564370 1360.635427 962918.837594 1213.808223 2593485.377485
1480.269127 2484.550313 1549.097827 70636.259010 1361.669641 973171.827543 1211.367400 2619232.442345
1500.903276 2491.255663 1548.974568 71018.970728 1360.561311 983422.673786 1208.957968 2644943.291944
1521.825053 2497.273458 1552.824396 71392.154727 1362.442792 993620.965074 1206.683664 2670420.584911
1543.038469 2503.360368 1556.718167 71768.559481 1364.783658 1003855.638529 1204.373273 2696007.210578
1564.547589 2509.517051 1559.399765 72148.206148 1366.983103 1012596.988837 1202.026143 2721704.919454
1586.356534 2515.691787 1562.008393 72528.169494 1363.874663 1018042.414834 1199.694094 2747417.851417
1608.469483 2521.663282 1562.865604 72896.044866 1370.720857 1023290.099235 1197.600489 2772739.020251
1630.890676 2527.703613 1564.426175 73329.789319 1373.662271 1028583.598547 1195.473956 2798179.213647
1653.624407 2533.813441 1568.754145 73785.822578 1373.895168 1033923.215674 1193.313912 2841696.273864
1676.675035 2539.983425 1570.047770 74244.640022 1372.444272 1039300.184231 1191.133237 2895527.676891
1700.046975 2545.377462 1572.611023 74685.321354 1374.665464 1044448.009920 1189.330734 2955088.991588
1723.744708 2551.923409 1574.804861 75129.506423 1376.913960 1049641.816669 1187.500311 3014279.160503
1747.772774 2557.997030 1577.682379 75577.217818 1379.190056 1054881.913234 1184.562538 3073130.645794
1772.135779 2564.140625 1581.774294 76028.478280 1380.017066 1060168.609933 1183.155202 3131673.502912
1796.838391 2570.079526 1586.345159 76462.568976 1376.158989 1065251.493252 1182.207817 3196090.650380
1821.885343 2579.122806 1591.868823 76897.968063 1372.253753 1070353.475030 1180.914089 3260761.248704
1847.281437 2589.012470 1595.284174 77336.933673 1370.910045 1075501.864681 1179.488272 3325049.334181
1873.031539 2599.001568 1597.502587 77779.488828 1372.467415 1080696.978480 1178.040818 3388988.646132
1899.140582 2608.728497 1600.705735 78619.907367 1373.980915 1085730.443921 1177.089083 3458430.070364
1925.613572 2611.299872 1602.538802 79567.281712 1375.495010 1090749.049678 1176.276163 3529126.055700
1952.455581 2612.264651 1603.589144 80516.481577 1377.028510 1095814.145322 1175.451338 3599390.068515
1979.671753 2613.242516 1604.936052 81178.922277 1378.581645 1100926.053107 1174.614424 3669260.004876
2007.267304 2618.251618 1608.359072 81465.503721 1380.101149 1105916.690131 1174.288958 3744119.676562
2035.247521 2624.201513 1610.503384 81750.388189 1381.610391 1110860.705762 1174.250277 3821439.914163
2063.617768 2630.220603 1616.047030 82038.233734 1383.138990 1115851.272850 1174.211056 3898272.445496
2092.383480 2636.309565 1618.008027 82329.064166 1384.687174 1120888.719559 1174.171286 3974659.852425
2121.550171 2642.323841 1620.723123 82616.356483 1386.212194 1125843.186486 1174.640065 4055358.599379
2151.123430 2648.270476 1624.194594 82900.444844 1387.716016 1130721.527797 1175.597965 4139959.880885
2181.108924 2655.438827 1627.706896 83187.502697 1389.239139 1135646.474887 1176.568420 4224010.767892
2211.512400 2663.266618 1632.307409 83477.554133 1390.781789 1140618.361705 1177.551587 4307559.116963
2242.339683 2673.079572 1634.800005 83765.842283 1392.384415 1145543.325986 1179.011804 4394545.453700
2273.596682 2683.329378 1636.850533 84049.492023 1393.809879 1150364.868769 1181.234224 4487146.468255
2305.289387 2684.755041 1638.728977 84336.121646 1395.327087 1155233.075256 1183.483361 4579126.736489
2337.423871 2691.862312 1640.631411 84641.484751 1396.863761 1160148.285037 1185.759495 4670540.041377
2370.006292 2698.792383 1642.506993 85164.093962 1398.398642 1165050.370443 1188.433220 4764290.942049
2403.042894 2701.126220 1644.257292 85664.491182 1399.890458 1169823.815624 1192.217295 4865676.164976
2436.540009 2703.746170 1646.030089 86168.896786 1401.401448 1174643.994698 1196.041895 4966361.898184
2470.504055 2712.109015 1649.036500 86677.336611 1402.198128 1179511.252744 1199.907361 5066408.567701
2504.941542 2720.514689 1652.132440 87185.287532 1404.471216 1186766.282252 1204.033762 5167430.206835
2539.859069 2728.683245 1654.646403 87665.995533 1405.956710 1194021.575900 1205.741481 5278453.698741
2575.263327 2735.399091 1656.384776 88150.727896 1407.461310 1201333.267408 1207.047204 5388689.829896
2611.161101 2741.126725 1658.145520 88639.510725 1408.985243 1208701.721701 1208.369687 5498206.451996
2647.559271 2741.592812 1659.951604 89133.245906 1410.528737 1216127.306180 1209.709129 5607066.100539
2684.464811 2747.837467 1662.795021 89636.113026 1412.008051 1223413.902991 1212.647379 5728624.092683
2721.884795 2751.139268 1664.275752 90143.064614 1413.506210 1230757.571158 1215.623008 5849328.150785
2759.826392 2757.268328 1666.409892 90654.188378 1415.023633 1238159.135756 1218.632696 5969223.241686
2798.296876 2764.610568 1669.276609 91169.511270 1416.560549 1245618.970415 1221.676767 6088379.457875
2837.303617 2771.616641 1671.029818 91665.708810 1418.044331 1252960.844874 1226.343153 6219584.703120
2876.854090 2775.592065 1673.857088 92162.551658 1419.536109 1260334.606526 1231.297641 6351750.605412
2916.955876 2777.090666 1675.082516 92663.600338 1420.174019 1267767.365967 1236.300920 6483008.411415
2957.616659 2785.474881 1677.297466 93168.882235 1420.029206 1275259.503479 1236.182011 6613436.599118
2998.844231 2793.605232 1680.265286 93658.379077 1419.152908 1282656.627666 1234.890106 6754997.596600
3040.646493 2800.170860 1683.228504 94145.013600 1415.101041 1290058.872239 1233.570889 6899699.643476
3083.031457 2806.346537 1685.967308 94635.876651 1413.064700 1297521.184567 1232.231841 7043384.148542
3126.007243 2818.165139 1687.402228 95130.996111 1414.552449 1305043.951963 1230.872639 7186138.861600
3169.582089 2826.247951 1689.535205 95613.841264 1416.011595 1312496.416480 1229.484511 7338802.821581
3213.764344 2832.592041 1693.036222 96090.326468 1416.236000 1319925.802476 1228.069984 7497200.127494
3258.562476 2838.936786 1693.889989 97504.217381 1415.489447 1327416.295929 1226.634074 7654459.493426
3303.985070 2850.482596 1694.352641 99593.831363 1420.409500 1334968.291528 1225.176429 7810678.884070
3350.040830 2858.516938 1697.080592 100431.273610 1420.175397 1342476.305192 1223.697260 7975233.340639
3396.738582 2866.398414 1699.924643 100752.950360 1420.140107 1349931.754822 1222.196260 8148575.011492
3444.087276 2874.367690 1701.700380 101078.065888 1419.922828 1357449.322685 1220.672453 8320646.752330
3492.095985 2882.425556 1702.676816 101406.649121 1419.702486 1365029.411156 1219.125460 8491557.742447
3540.773909 2890.410868 1705.513319 101732.527752 1422.431223 1372593.300613 1217.560176 8668832.591997
3590.130377 2882.788191 1708.454411 102050.392834 1422.707419 1380073.992861 1215.980844 8858464.027442
3640.174847 2888.956912 1711.431339 102371.681081 1423.249243 1387617.786702 1214.072882 9046681.285788
3690.916911 2895.198202 1714.444487 102696.421645 1425.351380 1395225.092471 1210.373710 9233605.818948
3742.366291 2901.431547 1717.464496 103020.876089 1425.286485 1402845.301707 1206.662376 9424475.817659
3794.532847 2907.452135 1719.679806 103335.561786 1425.204679 1410350.664023 1203.068026 9631846.563574
3847.426577 2913.543944 1722.542368 103653.658602 1425.139220 1417920.085538 1199.412575 9837645.902211
3901.057617 2919.707693 1724.436156 103975.195906 1426.759584 1425553.984790 1195.694759 10042008.679058
3955.436245 2925.911018 1726.325084 104298.686989 1428.393451 1433231.074486 1191.935279 10247396.399840
4010.572881 2931.939419 1728.116454 104610.780286 1429.977289 1440760.773346 1188.328579 10474069.989277
4066.478092 2939.217128 1730.650958 104926.276206 1431.581417 1448355.465037 1184.660392 10699001.124664
4123.162591 2946.577931 1731.289403 105245.204337 1433.206071 1456015.576509 1180.929439 10922339.237544
4180.637241 2954.022613 1731.423844 105567.594410 1434.851495 1463741.537061 1177.134405 11144221.623533
4238.913057 2963.043351 1731.527047 106074.483631 1436.442407 1471304.153772 1173.511379 11390884.647907
4298.001206 2972.332663 1733.423800 106657.443428 1436.866140 1478923.988664 1169.835482 11636622.522858
4357.913012 2981.721916 1735.253180 107245.294021 1435.413790 1486610.163458 1166.096513 11880597.377818
4418.659956 2991.211958 1734.741825 107838.067156 1433.939692 1494363.116034 1162.293144 12122961.005641
4480.253680 2995.159923 1735.131203 108419.463612 1432.458380 1501981.433576 1158.634731 12327000.415142
4542.705986 2997.691164 1737.652775 109002.547640 1430.957834 1509626.504189 1154.955787 12523224.436540
4606.028844 3004.584022 1738.173395 109590.592082 1429.434763 1517338.814814 1151.213557 12719093.249073
4670.234388 3011.907488 1739.279728 110183.629303 1427.888803 1525118.812072 1147.406702 12914659.697259
4735.334923 3019.053678 1741.403120 110767.537579 1426.340203 1532794.001529 1143.715769 13050926.804335
4801.342924 3026.172411 1743.616682 111350.524657 1424.776999 1540464.608286 1140.038106 13162948.742662
4868.271040 3033.373319 1746.514451 111938.538265 1423.190252 1548203.337111 1136.297025 13275567.120676
4936.132098 3040.657191 1748.781986 112531.611406 1422.748011 1556010.643502 1132.491178 13388788.196305
5004.939103 3047.818623 1749.973179 113117.952662 1422.569080 1563743.970328 1128.770525 13502898.620733
5074.705239 3054.910044 1750.605554 113700.648447 1422.384082 1571440.609581 1125.098147 13617829.788355
5145.443878 3053.741171 1753.243749 114288.433474 1422.196481 1579206.236887 1121.362298 13733381.035045
5217.168576 3051.808815 1755.914671 114872.332892 1422.006239 1587041.316733 1117.561623 13849558.706038
5289.893076 3055.060036 1757.745456 115196.220740 1421.810565 1594834.138805 1113.813977 13966578.556795
5363.631317 3061.603863 1760.443956 115512.067242 1421.608694 1602557.490645 1110.150586 14084496.259320
5438.397428 3068.224659 1762.810264 115831.437142 1421.403980 1610350.682431 1106.423746 14203058.155681
5514.205739 3075.009902 1764.501584 116154.362325 1421.196382 1618214.187745 1102.632094 14322270.685385
5591.070777 3083.582786 1763.102215 116474.604565 1420.984545 1626067.953393 1098.860107 14442284.049890
5669.007271 3092.023029 1761.642445 116784.854421 1420.766872 1633818.869377 1095.209121 14563269.686943
5748.030158 3094.869616 1761.015708 117098.589728 1420.546130 1641640.465086 1091.494774 14684924.122672
5828.154581 3101.613608 1761.689948 117415.842428 1420.322276 1649533.223276 1087.715700 14807253.897931
5909.395895 3108.386335 1763.520929 117733.124068 1420.094849 1657449.469265 1083.921952 14930348.150535
5991.769669 3115.019768 1763.796537 118038.670618 1419.862395 1665228.960201 1080.286519 15054487.235714
6075.291689 3121.731275 1761.625465 118347.670903 1419.626662 1673079.960470 1076.587877 15179320.230787
6159.977960 3128.521637 1759.421395 118660.156922 1419.387604 1681002.962075 1072.824658 15304853.785129
6245.844712 3135.375851 1758.148668 118975.117075 1419.145148 1688983.311528 1069.011653 15431119.633344
6332.908400 3142.055348 1756.714481 119276.766770 1418.023027 1696792.535426 1065.394670 15558501.808775
6421.185709 3148.813487 1757.993790 119581.844393 1416.245682 1704674.090002 1061.714687 15686603.529506
6510.693555 3155.651053 1760.797370 119890.382017 1414.441281 1712628.476560 1057.970338 15815431.560694
6601.449093 3162.568838 1763.635480 120202.411894 1412.609374 1720656.198743 1054.160215 15944992.685500
6693.469713 3169.314339 1766.393181 120502.091595 1410.822861 1728514.887105 1050.544629 16075682.140320
6786.773051 3176.119874 1767.960123 120803.976293 1409.014759 1736428.283002 1046.886019 16207146.911818
6881.376986 3183.005419 1768.683791 121109.300797 1408.360768 1744415.335169 1043.163308 16339364.295693
6977.299650 3189.971770 1768.959992 121418.097449 1407.851557 1752476.556612 1039.375090 16472341.200655
7074.559423 3196.800225 1769.406559 121717.307440 1407.944291 1760401.789660 1035.746668 16606412.880592
7173.174944 3203.653870 1769.843224 122016.651835 1408.456003 1768348.439660 1032.111914 16741339.197369
7273.165113 3210.588114 1771.340017 122319.420975 1408.974659 1776369.565644 1028.413379 16877044.999748
7374.549090 3217.603759 1773.782164 122625.647300 1408.863823 1784465.690026 1024.649657 17013537.329319
7477.346305 3224.516319 1776.179765 122924.808935 1407.725084 1792459.463516 1021.010311 17151094.678745
7581.576458 3231.418741 1778.379008 123222.194559 1406.583517 1800440.895068 1017.401688 17289585.215089
7687.259522 3235.245826 1773.601495 123522.994574 1405.425090 1808497.619467 1013.729647 17428882.703329
7794.415750 3238.005821 1772.313917 123827.241531 1404.249540 1816630.168576 1009.992789 17568994.325337
7903.065679 3240.678070 1773.998263 124126.743190 1403.081590 1824694.539941 1006.344383 17710144.268402
8013.230128 3243.279822 1775.903808 124422.686679 1402.466402 1832712.384526 1002.763962 17852305.889936
8124.930211 3245.915711 1777.605691 124722.038489 1401.898682 1840806.337617 999.120533 17995302.545595
8238.187331 3248.586160 1775.219680 125024.831297 1401.322814 1848976.940564 995.412699 18139141.565011
8353.023195 3250.294880 1777.217942 125385.509202 1400.744706 1857114.027262 991.757046 18283994.560196
8469.459808 3250.667768 1779.183007 125775.131006 1400.166954 1865170.010249 988.206713 18429938.337881
8587.519485 3253.137237 1781.173249 126168.955468 1399.580906 1873302.917776 984.593820 18576745.871752
8707.224849 3256.031148 1783.188967 126567.018474 1398.986438 1881513.300713 980.916978 18724424.646753
8828.598841 3261.441685 1785.202352 126859.260385 1398.388301 1889725.278563 977.255837 18873094.745119
8951.664721 3263.896166 1787.169832 127143.025102 1398.630439 1897821.209610 973.737302 19022935.972783
9076.446073 3266.382977 1789.162529 127430.100178 1399.282535 1905994.883101 970.156692 19173670.343388
9202.966809 3274.272486 1788.241950 127720.518119 1399.943412 1914246.859459 966.512626 19325305.504805
9331.251175 3277.087244 1788.207276 128012.234588 1400.607225 1922535.960992 962.847705 19477910.411979
9461.323756 3277.635194 1790.051966 128295.844545 1401.246944 1930673.724990 959.362514 19631768.628305
9593.209478 3278.190689 1791.920432 128582.769185 1401.895282 1938890.052629 955.815765 19786550.064775
9726.933615 3278.753831 1793.812956 128873.041169 1402.552351 1947185.513914 952.206089 19942262.539892
9862.521795 3281.183072 1795.727498 129166.368965 1403.217331 1955554.026722 948.539044 20098923.681820
10000.000000 3283.520798 1796.398926 129450.054888 1403.853571 1963735.575316 945.088588 20256922.697551
