10.000000 0.000990 -0.011668 0.014039 -0.017792 0.019521 -0.019918 0.023923
10.139395 0.000998 -0.011668 0.014039 -0.017792 0.019521 -0.019914 0.024002
10.280732 0.001006 -0.011668 0.014039 -0.017792 0.019521 -0.019910 0.024083
10.424040 0.001015 -0.011668 0.014049 -0.017792 0.019522 -0.019905 0.024165
10.569346 0.001023 -0.011668 0.014075 -0.017788 0.019522 -0.019901 0.024248
10.716676 0.001032 -0.011658 0.014092 -0.017780 0.019522 -0.019896 0.024333
10.866061 0.001041 -0.011657 0.014130 -0.017780 0.019522 -0.019892 0.024418
11.017528 0.001050 -0.011657 0.014146 -0.017780 0.019532 -0.019887 0.024505
11.171107 0.001059 -0.011657 0.014146 -0.017780 0.019544 -0.019882 0.024593
11.326826 0.001073 -0.011657 0.014146 -0.017780 0.019556 -0.019877 0.024683
11.484715 0.001078 -0.011657 0.014146 -0.017780 0.019577 -0.019873 0.024773
11.644806 0.001088 -0.011657 0.014146 -0.017780 0.019640 -0.019868 0.024865
11.807128 0.001117 -0.011657 0.014146 -0.017780 0.019640 -0.019862 0.024959
11.971713 0.001132 -0.011657 0.014146 -0.017780 0.019640 -0.019857 0.025053
12.138593 0.001148 -0.011657 0.014146 -0.017771 0.019640 -0.019852 0.025149
12.307798 0.001160 -0.011644 0.014146 -0.017727 0.019640 -0.019847 0.025246
12.479362 0.001194 -0.011633 0.014149 -0.017689 0.019646 -0.019841 0.025345
12.653318 0.001209 -0.011614 0.014171 -0.017689 0.019659 -0.019836 0.025445
12.829698 0.001223 -0.011557 0.014224 -0.017689 0.019674 -0.019830 0.025547
13.008537 0.001242 -0.011555 0.014236 -0.017670 0.019688 -0.019824 0.025650
13.189869 0.001253 -0.011554 0.014251 -0.017639 0.019693 -0.019818 0.025754
13.373729 0.001267 -0.011552 0.014284 -0.017637 0.019693 -0.019812 0.025860
13.560151 0.001294 -0.011551 0.014316 -0.017636 0.019694 -0.019806 0.025968
13.749172 0.001326 -0.011549 0.014350 -0.017635 0.019694 -0.019800 0.026077
13.940828 0.001358 -0.011548 0.014384 -0.017622 0.019694 -0.019794 0.026187
14.135156 0.001366 -0.011546 0.014419 -0.017606 0.019695 -0.019788 0.026300
14.332192 0.001366 -0.011544 0.014455 -0.017589 0.019695 -0.019781 0.026413
14.531975 0.001374 -0.011542 0.014457 -0.017572 0.019734 -0.019774 0.026529
14.734543 0.001383 -0.011540 0.014457 -0.017555 0.019734 -0.019768 0.026646
14.939935 0.001401 -0.011522 0.014457 -0.017537 0.019757 -0.019761 0.026764
15.148189 0.001419 -0.011504 0.014457 -0.017528 0.019758 -0.019754 0.026885
15.359347 0.001438 -0.011484 0.014463 -0.017527 0.019759 -0.019747 0.027007
15.573448 0.001471 -0.011465 0.014472 -0.017527 0.019762 -0.019740 0.027131
15.790533 0.001477 -0.011444 0.014482 -0.017526 0.019780 -0.019732 0.027256
16.010645 0.001498 -0.011424 0.014492 -0.017525 0.019799 -0.019725 0.027384
16.233824 0.001518 -0.011403 0.014502 -0.017525 0.019818 -0.019717 0.027513
16.460115 0.001539 -0.011381 0.014505 -0.017524 0.019836 -0.019710 0.027644
16.689560 0.001561 -0.011359 0.014506 -0.017523 0.019857 -0.019702 0.027777
16.922204 0.001602 -0.011346 0.014516 -0.017523 0.019879 -0.019694 0.027912
17.158090 0.001650 -0.011340 0.014537 -0.017522 0.019900 -0.019686 0.028048
17.397264 0.001687 -0.011323 0.014539 -0.017521 0.019922 -0.019684 0.028187
17.639773 0.001813 -0.011312 0.014541 -0.017521 0.019944 -0.019682 0.028327
17.885662 0.001896 -0.011302 0.014542 -0.017520 0.019967 -0.019679 0.028470
18.134978 0.001954 -0.011298 0.014544 -0.017519 0.019990 -0.019677 0.028615
18.387770 0.001982 -0.011298 0.014645 -0.017518 0.020013 -0.019674 0.028761
18.644085 0.002107 -0.011275 0.014658 -0.017517 0.020038 -0.019671 0.028910
18.903974 0.002142 -0.011259 0.014715 -0.017516 0.020062 -0.019668 0.029061
19.167485 0.002144 -0.011248 0.014776 -0.017515 0.020088 -0.019666 0.029214
19.434669 0.002145 -0.011244 0.014814 -0.017514 0.020118 -0.019663 0.029369
19.705578 0.002146 -0.011234 0.014895 -0.017514 0.020144 -0.019660 0.029526
19.980263 0.002149 -0.011194 0.014968 -0.017512 0.020171 -0.019656 0.029686
20.258777 0.002164 -0.011147 0.014968 -0.017511 0.020258 -0.019653 0.029848
20.541173 0.002166 -0.011139 0.015031 -0.017510 0.020344 -0.019650 0.030012
20.827506 0.002169 -0.011135 0.015058 -0.017509 0.020358 -0.019646 0.030178
21.117830 0.002171 -0.011130 0.015075 -0.017508 0.020410 -0.019643 0.030347
21.412202 0.002215 -0.011126 0.015094 -0.017507 0.020439 -0.019639 0.030518
21.710676 0.002272 -0.011037 0.015155 -0.017506 0.020464 -0.019635 0.030692
22.013311 0.002316 -0.010994 0.015231 -0.017505 0.020490 -0.019631 0.030937
22.320165 0.002316 -0.010994 0.015269 -0.017503 0.020515 -0.019627 0.031191
22.631296 0.002316 -0.010994 0.015270 -0.017502 0.020559 -0.019623 0.031449
22.946764 0.002316 -0.010994 0.015271 -0.017501 0.020590 -0.019619 0.031710
23.266629 0.002350 -0.010993 0.015272 -0.017499 0.020622 -0.019614 0.031976
23.590953 0.002390 -0.010964 0.015337 -0.017498 0.020655 -0.019610 0.032245
23.919798 0.002421 -0.010949 0.015434 -0.017496 0.020688 -0.019605 0.032518
24.253227 0.002447 -0.010949 0.015477 -0.017495 0.020840 -0.019600 0.032796
24.591304 0.002460 -0.010949 0.015478 -0.017493 0.020870 -0.019595 0.033077
24.934094 0.002493 -0.010949 0.015478 -0.017491 0.021012 -0.019590 0.033363
25.281661 0.002537 -0.010923 0.015483 -0.017490 0.021104 -0.019584 0.033652
25.634074 0.002571 -0.010922 0.015584 -0.017488 0.021147 -0.019579 0.033946
25.991399 0.002604 -0.010904 0.015609 -0.017486 0.021289 -0.019570 0.034244
26.353705 0.002626 -0.010883 0.015628 -0.017484 0.021604 -0.019555 0.034547
26.721062 0.002672 -0.010862 0.015646 -0.017482 0.021846 -0.019540 0.034854
27.093539 0.002748 -0.010840 0.015652 -0.017480 0.021963 -0.019524 0.035166
27.471208 0.002812 -0.010817 0.015669 -0.017478 0.022082 -0.019508 0.035482
27.854142 0.002912 -0.010794 0.015705 -0.017476 0.022202 -0.019491 0.035802
28.242413 0.002974 -0.010770 0.015726 -0.017474 0.022560 -0.019474 0.036127
28.636097 0.003025 -0.010746 0.015747 -0.017472 0.022947 -0.019457 0.036457
29.035269 0.003051 -0.010720 0.015769 -0.017469 0.023070 -0.019439 0.036719
29.440005 0.003073 -0.010714 0.015851 -0.017467 0.023131 -0.019421 0.036971
29.850382 0.003117 -0.010714 0.015990 -0.017465 0.023193 -0.019403 0.037227
30.266481 0.003163 -0.010713 0.016089 -0.017444 0.023256 -0.019383 0.037486
30.688379 0.003194 -0.010712 0.016134 -0.017440 0.023320 -0.019364 0.037749
31.116158 0.003246 -0.010712 0.016167 -0.017439 0.023385 -0.019344 0.038015
31.549901 0.003254 -0.010692 0.016200 -0.017417 0.023503 -0.019324 0.038284
31.989689 0.003263 -0.010606 0.016217 -0.017391 0.023710 -0.019303 0.038557
32.435608 0.003272 -0.010595 0.016286 -0.017365 0.023934 -0.019281 0.038834
32.887743 0.003282 -0.010522 0.016327 -0.017342 0.024109 -0.019259 0.039114
33.346180 0.003309 -0.010515 0.016351 -0.017342 0.024193 -0.019237 0.039398
33.811008 0.003339 -0.010395 0.016471 -0.017342 0.024278 -0.019214 0.039686
34.282315 0.003370 -0.010392 0.016561 -0.017341 0.024365 -0.019190 0.039978
34.760192 0.003401 -0.010390 0.016591 -0.017337 0.024453 -0.019174 0.040273
35.244730 0.003434 -0.010320 0.016740 -0.017321 0.024558 -0.019173 0.040572
35.736022 0.003520 -0.010302 0.016775 -0.017305 0.024716 -0.019172 0.040875
36.234163 0.003573 -0.010292 0.016791 -0.017288 0.024877 -0.019171 0.041183
36.739248 0.003655 -0.010287 0.016877 -0.017271 0.025040 -0.019170 0.041494
37.251373 0.003673 -0.010283 0.016891 -0.017254 0.025205 -0.019169 0.041809
37.770637 0.003674 -0.010278 0.016923 -0.017236 0.025373 -0.019168 0.042128
38.297139 0.003701 -0.010256 0.016987 -0.017219 0.025552 -0.019167 0.042452
38.830980 0.003725 -0.010254 0.017030 -0.017217 0.025871 -0.019166 0.042780
39.372263 0.003819 -0.010253 0.017061 -0.017216 0.026194 -0.019165 0.043112
39.921091 0.003833 -0.010251 0.017072 -0.017215 0.026574 -0.019164 0.043448
40.477570 0.003843 -0.010250 0.017144 -0.017214 0.026999 -0.019162 0.043789
41.041805 0.003899 -0.010248 0.017161 -0.017212 0.027430 -0.019161 0.044134
41.613906 0.003933 -0.010191 0.017167 -0.017211 0.027868 -0.019160 0.044484
42.193981 0.003947 -0.010085 0.017207 -0.017209 0.028312 -0.019159 0.044838
42.782142 0.003980 -0.010079 0.017318 -0.017208 0.028672 -0.019157 0.045197
43.378502 0.004044 -0.010077 0.017485 -0.017206 0.028902 -0.019156 0.045560
43.983175 0.004094 -0.010076 0.017559 -0.017205 0.029134 -0.019146 0.045928
44.596276 0.004196 -0.010074 0.017578 -0.017203 0.029370 -0.019126 0.046301
45.217924 0.004228 -0.010024 0.017596 -0.017201 0.029691 -0.019106 0.046678
45.848238 0.004261 -0.009971 0.017704 -0.017199 0.030069 -0.019085 0.047061
46.487337 0.004310 -0.009940 0.017814 -0.017197 0.030452 -0.019064 0.047448
47.135345 0.004392 -0.009929 0.017912 -0.017195 0.030840 -0.019042 0.047841
47.792386 0.004427 -0.009907 0.018040 -0.017193 0.031128 -0.019019 0.048238
48.458586 0.004488 -0.009884 0.018050 -0.017189 0.031410 -0.018995 0.048641
49.134073 0.004550 -0.009861 0.018052 -0.017140 0.031873 -0.018971 0.049048
49.818975 0.004614 -0.009814 0.018086 -0.017090 0.032274 -0.018946 0.049461
50.513425 0.004681 -0.009790 0.018111 -0.017037 0.032536 -0.018920 0.049880
51.217554 0.004761 -0.009769 0.018263 -0.016986 0.033013 -0.018893 0.050303
51.931499 0.004818 -0.009764 0.018347 -0.016932 0.033312 -0.018866 0.050732
52.655396 0.004887 -0.009717 0.018397 -0.016877 0.033614 -0.018837 0.051166
53.389384 0.004964 -0.009657 0.018415 -0.016821 0.033921 -0.018826 0.051606
54.133603 0.005050 -0.009641 0.018435 -0.016763 0.034232 -0.018826 0.052051
54.888196 0.005138 -0.009626 0.018493 -0.016704 0.034616 -0.018825 0.052587
55.653308 0.005235 -0.009532 0.018530 -0.016644 0.035285 -0.018824 0.053371
56.429085 0.005328 -0.009473 0.018568 -0.016582 0.035963 -0.018823 0.054165
57.215676 0.005423 -0.009436 0.018851 -0.016519 0.036438 -0.018822 0.054970
58.013231 0.005706 -0.009404 0.018967 -0.016454 0.036801 -0.018822 0.055784
58.821904 0.005803 -0.009381 0.019038 -0.016389 0.037219 -0.018821 0.056610
59.641849 0.005914 -0.009321 0.019054 -0.016380 0.037891 -0.018820 0.057446
60.473224 0.005921 -0.009280 0.019091 -0.016371 0.038152 -0.018819 0.058293
61.316188 0.005956 -0.009239 0.019121 -0.016361 0.038428 -0.018818 0.059151
62.170903 0.006111 -0.009197 0.019222 -0.016351 0.038956 -0.018817 0.060020
63.037532 0.006220 -0.009157 0.019380 -0.016340 0.039406 -0.018815 0.060900
63.916241 0.006370 -0.009120 0.019515 -0.016330 0.039864 -0.018814 0.061791
64.807198 0.006578 -0.009082 0.019568 -0.016319 0.040328 -0.018813 0.062693
65.710575 0.006690 -0.009047 0.019636 -0.016307 0.040799 -0.018812 0.063607
66.626545 0.006880 -0.009023 0.019710 -0.016295 0.041278 -0.018810 0.064533
67.555283 0.007005 -0.009016 0.019813 -0.016283 0.041763 -0.018809 0.065470
68.496967 0.007178 -0.008988 0.019871 -0.016270 0.042256 -0.018808 0.066419
69.451778 0.007283 -0.008952 0.019955 -0.016257 0.042756 -0.018806 0.067379
70.419898 0.007331 -0.008913 0.020105 -0.016244 0.043263 -0.018804 0.068352
71.401513 0.007370 -0.008882 0.020297 -0.016230 0.043778 -0.018803 0.069337
72.396811 0.007419 -0.008859 0.020470 -0.016216 0.044301 -0.018801 0.070334
73.405984 0.007631 -0.008818 0.020697 -0.016201 0.044832 -0.018799 0.071344
74.429223 0.007720 -0.008784 0.020928 -0.016185 0.045199 -0.018797 0.072366
75.466726 0.007760 -0.008748 0.021224 -0.016170 0.045795 -0.018795 0.073401
76.518692 0.007881 -0.008711 0.021463 -0.016153 0.046418 -0.018793 0.074448
77.585321 0.007953 -0.008673 0.021563 -0.016136 0.047032 -0.018791 0.075508
78.666818 0.008097 -0.008539 0.021775 -0.016055 0.047603 -0.018789 0.076581
79.763391 0.008259 -0.008497 0.022014 -0.015956 0.048182 -0.018787 0.077667
80.875249 0.008422 -0.008478 0.022218 -0.015856 0.048769 -0.018784 0.078766
82.002606 0.008508 -0.008452 0.022325 -0.015792 0.049365 -0.018782 0.079879
83.145678 0.008595 -0.008393 0.022435 -0.015783 0.049970 -0.018779 0.081005
84.304684 0.008723 -0.008333 0.022580 -0.015775 0.050576 -0.018777 0.082144
85.479845 0.008798 -0.008271 0.022692 -0.015766 0.051206 -0.018774 0.083297
86.671388 0.008888 -0.008207 0.023121 -0.015757 0.051837 -0.018771 0.084464
87.879540 0.009021 -0.008142 0.023661 -0.015747 0.052533 -0.018768 0.085645
89.104533 0.009136 -0.008075 0.024176 -0.015738 0.053469 -0.018765 0.086839
90.346602 0.009159 -0.007962 0.024471 -0.015729 0.054417 -0.018761 0.087902
91.605985 0.009357 -0.007843 0.024812 -0.015721 0.055256 -0.018758 0.088917
92.882923 0.009485 -0.007746 0.025053 -0.015713 0.055997 -0.018754 0.089945
94.177660 0.009515 -0.007732 0.025378 -0.015704 0.056746 -0.018751 0.090985
95.490446 0.009599 -0.007716 0.025765 -0.015696 0.057504 -0.018747 0.092038
96.821531 0.009647 -0.007656 0.026109 -0.015687 0.058272 -0.018743 0.093102
98.171170 0.009788 -0.007606 0.026462 -0.015677 0.059048 -0.018738 0.094180
99.539623 0.009890 -0.007547 0.026824 -0.015667 0.059834 -0.018734 0.095270
100.927151 0.010033 -0.007467 0.027184 -0.015657 0.060630 -0.018729 0.096373
102.334021 0.010226 -0.007382 0.027741 -0.015617 0.061435 -0.018724 0.097488
103.760502 0.010424 -0.007258 0.028159 -0.015595 0.062250 -0.018719 0.098616
105.206867 0.010527 -0.007132 0.028555 -0.015587 0.063074 -0.018714 0.099758
106.673394 0.010649 -0.007055 0.029037 -0.015552 0.063909 -0.018709 0.100912
108.160363 0.010974 -0.007038 0.029357 -0.015515 0.064753 -0.018703 0.102080
109.668060 0.011222 -0.006945 0.029900 -0.015478 0.065607 -0.018697 0.103260
111.196773 0.011341 -0.006851 0.030454 -0.015439 0.066471 -0.018691 0.104454
112.746796 0.011367 -0.006751 0.030829 -0.015403 0.067346 -0.018684 0.105662
114.318425 0.011462 -0.006632 0.031245 -0.015391 0.068425 -0.018678 0.106883
115.911962 0.011566 -0.006552 0.031740 -0.015382 0.069536 -0.018671 0.108117
117.527712 0.011667 -0.006438 0.032339 -0.015373 0.070663 -0.018663 0.109365
119.165984 0.011800 -0.006365 0.032833 -0.015364 0.071808 -0.018656 0.110627
120.827094 0.011979 -0.006292 0.033384 -0.015273 0.072970 -0.018648 0.111903
122.511358 0.012119 -0.006129 0.033951 -0.015166 0.074150 -0.018640 0.113192
124.219100 0.012189 -0.006003 0.034550 -0.015077 0.075348 -0.018631 0.114496
125.950646 0.012318 -0.005885 0.035035 -0.015025 0.076564 -0.018622 0.115813
127.706330 0.012611 -0.005765 0.035705 -0.014971 0.077798 -0.018613 0.117144
129.486487 0.012645 -0.005697 0.036346 -0.014916 0.079051 -0.018603 0.118490
131.291459 0.012948 -0.005528 0.037020 -0.014859 0.080323 -0.018593 0.119849
133.121590 0.013211 -0.005400 0.037478 -0.014768 0.081613 -0.018582 0.121223
134.977233 0.013354 -0.005358 0.038082 -0.014737 0.082783 -0.018571 0.122611
136.858742 0.013484 -0.005282 0.038562 -0.014675 0.083859 -0.018560 0.124014
138.766479 0.013730 -0.005226 0.039028 -0.014610 0.084947 -0.018548 0.125431
140.700809 0.013884 -0.005097 0.039486 -0.014543 0.086049 -0.018535 0.126862
142.662102 0.014029 -0.005014 0.040215 -0.014491 0.087163 -0.018522 0.128308
144.650734 0.014255 -0.004912 0.040963 -0.014482 0.088452 -0.018509 0.129769
146.667087 0.014393 -0.004800 0.041487 -0.014473 0.089823 -0.018495 0.131244
148.711546 0.014592 -0.004741 0.042117 -0.014463 0.091213 -0.018480 0.132733
150.784505 0.014681 -0.004626 0.042515 -0.014453 0.092622 -0.018464 0.134238
152.886359 0.014955 -0.004555 0.043172 -0.014441 0.094051 -0.018448 0.135757
155.017512 0.015297 -0.004454 0.043910 -0.014367 0.095498 -0.018432 0.137290
157.178372 0.015595 -0.004242 0.044465 -0.014292 0.096965 -0.018414 0.138884
159.369353 0.015926 -0.004101 0.045027 -0.014216 0.098452 -0.018396 0.140631
161.590875 0.016106 -0.003972 0.045702 -0.014139 0.099958 -0.018377 0.142395
163.843365 0.016330 -0.003838 0.046603 -0.014060 0.101485 -0.018358 0.144175
166.127252 0.016626 -0.003699 0.047410 -0.013980 0.103032 -0.018337 0.145972
168.442976 0.016780 -0.003603 0.047987 -0.013899 0.104598 -0.018316 0.147785
170.790980 0.017141 -0.003351 0.048492 -0.013816 0.106186 -0.018293 0.149615
173.171713 0.017500 -0.003246 0.048952 -0.013730 0.107793 -0.018270 0.151461
175.585633 0.017865 -0.002977 0.049785 -0.013641 0.109422 -0.018246 0.153324
178.033202 0.018159 -0.002711 0.050487 -0.013573 0.111327 -0.018221 0.155204
180.514888 0.018523 -0.002486 0.051334 -0.013542 0.113269 -0.018195 0.157100
183.031168 0.018633 -0.002334 0.052084 -0.013510 0.115237 -0.018167 0.159012
185.582523 0.018867 -0.002324 0.052779 -0.013477 0.117228 -0.018139 0.160942
188.169442 0.019203 -0.002136 0.053608 -0.013443 0.119245 -0.018109 0.162888
190.792422 0.019465 -0.001902 0.054613 -0.013402 0.121287 -0.018078 0.164850
193.451965 0.019694 -0.001660 0.055746 -0.013357 0.123264 -0.018046 0.166829
196.148581 0.019976 -0.001274 0.057056 -0.013309 0.124562 -0.018012 0.168825
198.882786 0.020270 -0.001083 0.058156 -0.013260 0.125873 -0.017977 0.170837
201.655104 0.020559 -0.000820 0.059166 -0.013209 0.127198 -0.017940 0.172866
204.466067 0.020757 -0.000512 0.060683 -0.013156 0.128742 -0.017902 0.174912
207.316213 0.021220 -0.000218 0.061617 -0.013100 0.130629 -0.017862 0.176974
210.206088 0.021561 0.000007 0.062560 -0.013043 0.132539 -0.017821 0.179052
213.136247 0.021872 0.000233 0.063516 -0.012983 0.134471 -0.017778 0.181147
216.107251 0.022201 0.000534 0.064281 -0.012920 0.136426 -0.017733 0.183258
219.119669 0.022489 0.000834 0.065324 -0.012856 0.138354 -0.017686 0.185385
222.174078 0.022900 0.001096 0.066385 -0.012788 0.139745 -0.017637 0.187529
225.271064 0.023427 0.001369 0.067325 -0.012718 0.142425 -0.017586 0.189689
228.411221 0.023849 0.001520 0.068418 -0.012611 0.144132 -0.017533 0.191866
231.595149 0.024224 0.001962 0.069296 -0.012394 0.145792 -0.017478 0.194058
234.823460 0.024508 0.002180 0.070575 -0.012205 0.148139 -0.017421 0.196267
238.096772 0.024688 0.002316 0.071730 -0.012131 0.150516 -0.017361 0.198491
241.415712 0.024883 0.002571 0.072975 -0.012054 0.152881 -0.017298 0.200732
244.780916 0.025538 0.002911 0.074400 -0.011975 0.155042 -0.017233 0.202988
248.193029 0.026375 0.003118 0.075766 -0.011892 0.157044 -0.017165 0.205260
251.652705 0.026931 0.003434 0.076973 -0.011806 0.158625 -0.017095 0.207547
255.160607 0.027411 0.003538 0.078201 -0.011716 0.161661 -0.017021 0.209851
258.717408 0.027926 0.003919 0.079985 -0.011623 0.163914 -0.016944 0.212169
262.323788 0.028454 0.004316 0.081869 -0.011526 0.167147 -0.016864 0.214503
265.980440 0.028998 0.004655 0.083622 -0.011426 0.170566 -0.016781 0.216853
269.688063 0.029356 0.004844 0.084750 -0.011351 0.172798 -0.016740 0.219217
273.447368 0.029884 0.005103 0.086239 -0.011311 0.174914 -0.016707 0.221597
277.259076 0.030349 0.005261 0.088152 -0.011270 0.177045 -0.016674 0.223991
281.123917 0.030889 0.005655 0.090020 -0.011203 0.179192 -0.016640 0.226400
285.042632 0.031363 0.006074 0.091454 -0.010996 0.181355 -0.016605 0.228824
289.015972 0.032014 0.006196 0.092527 -0.010829 0.183534 -0.016569 0.231262
293.044698 0.032643 0.006373 0.094388 -0.010624 0.185727 -0.016532 0.233715
297.129582 0.033149 0.006579 0.096235 -0.010555 0.188202 -0.016494 0.236182
301.271407 0.033669 0.006850 0.098105 -0.010348 0.190834 -0.016455 0.238663
305.470967 0.034205 0.007330 0.099606 -0.010216 0.193486 -0.016415 0.241157
309.729067 0.034853 0.007939 0.102029 -0.010060 0.196159 -0.016374 0.243666
314.046522 0.035390 0.008103 0.103576 -0.009882 0.198852 -0.016331 0.246188
318.424160 0.036006 0.008164 0.105138 -0.009696 0.201565 -0.016288 0.248723
322.862820 0.036500 0.008735 0.106334 -0.009519 0.204297 -0.016243 0.251272
327.363353 0.037128 0.009088 0.108079 -0.009398 0.207049 -0.016198 0.253834
331.926620 0.037672 0.009509 0.109583 -0.009352 0.209382 -0.016151 0.256409
336.553498 0.038472 0.009764 0.111804 -0.009305 0.211721 -0.016103 0.258996
341.244871 0.039571 0.010136 0.113771 -0.009256 0.214073 -0.016053 0.261596
346.001639 0.040601 0.010382 0.115815 -0.008997 0.216508 -0.016002 0.264208
350.824714 0.041565 0.011035 0.116950 -0.008638 0.219581 -0.015950 0.266832
355.715021 0.042592 0.011271 0.118417 -0.008267 0.222887 -0.015897 0.269468
360.673495 0.043640 0.011349 0.120962 -0.007881 0.226223 -0.015842 0.273441
365.701088 0.044612 0.011638 0.122671 -0.007623 0.228644 -0.015786 0.278014
370.798763 0.045949 0.012043 0.124412 -0.007369 0.230886 -0.015728 0.282619
375.967497 0.047133 0.012482 0.126152 -0.007105 0.233318 -0.015669 0.287257
381.208280 0.048044 0.012728 0.128109 -0.006872 0.236191 -0.015608 0.291925
386.522116 0.049199 0.013065 0.130300 -0.006677 0.239085 -0.015545 0.296622
391.910025 0.050125 0.013187 0.131828 -0.006417 0.241998 -0.015481 0.301348
397.373038 0.051556 0.013387 0.134359 -0.006267 0.244930 -0.015416 0.306100
402.912203 0.052910 0.013641 0.136014 -0.006051 0.247882 -0.015348 0.310879
408.528580 0.054417 0.014184 0.138573 -0.005827 0.250852 -0.015279 0.315683
414.223247 0.055306 0.014641 0.141517 -0.005595 0.253841 -0.015208 0.319711
419.997295 0.056550 0.014951 0.144735 -0.005355 0.256849 -0.015135 0.322634
425.851829 0.057649 0.015187 0.147335 -0.005160 0.259874 -0.015061 0.325566
431.787973 0.058896 0.015878 0.149530 -0.005088 0.262917 -0.014984 0.328506
437.806863 0.059915 0.016233 0.152902 -0.005013 0.265977 -0.014906 0.331454
443.909653 0.061658 0.016806 0.155410 -0.004616 0.269054 -0.014826 0.334409
450.097513 0.063374 0.017688 0.157399 -0.004552 0.272079 -0.014743 0.337373
456.371628 0.064813 0.018059 0.160310 -0.004488 0.274835 -0.014659 0.340343
462.733201 0.066209 0.018837 0.161910 -0.004423 0.277601 -0.014572 0.343319
469.183451 0.067398 0.019147 0.164572 -0.004357 0.280379 -0.014484 0.346775
475.723614 0.068391 0.019758 0.166493 -0.004291 0.283167 -0.014393 0.351638
482.354943 0.070516 0.020293 0.169007 -0.004203 0.286509 -0.014300 0.356512
489.078709 0.071483 0.020528 0.171747 -0.004012 0.290455 -0.014204 0.361397
495.896201 0.073214 0.020989 0.174458 -0.003814 0.294242 -0.014128 0.366291
502.808725 0.074887 0.021391 0.177894 -0.003609 0.297455 -0.014066 0.371194
509.817606 0.076728 0.022119 0.180483 -0.003398 0.302266 -0.013939 0.376102
516.924187 0.078080 0.022574 0.183357 -0.003015 0.305648 -0.013810 0.381015
524.129830 0.080051 0.022875 0.185911 -0.002724 0.309250 -0.013691 0.385932
531.435916 0.081642 0.023092 0.188831 -0.002274 0.312378 -0.013581 0.390850
538.843844 0.083538 0.023523 0.192398 -0.002005 0.316101 -0.013468 0.395769
546.355035 0.085423 0.023850 0.195911 -0.001596 0.319305 -0.013352 0.400688
553.970928 0.087217 0.024787 0.198205 -0.001322 0.322511 -0.013234 0.405603
561.692982 0.088996 0.025781 0.201554 -0.001121 0.325720 -0.013113 0.410515
569.522678 0.091118 0.026824 0.204776 -0.000893 0.329461 -0.012989 0.415422
577.461515 0.093510 0.027696 0.207813 -0.000613 0.333466 -0.012863 0.420322
585.511016 0.095929 0.028105 0.211065 -0.000382 0.337480 -0.012733 0.425213
593.672722 0.098276 0.028911 0.215527 0.000023 0.340328 -0.012600 0.430096
601.948197 0.099823 0.029490 0.219774 0.000461 0.343182 -0.012465 0.434967
610.339029 0.101917 0.030811 0.222682 0.000962 0.346041 -0.012326 0.439825
618.846824 0.104258 0.031506 0.227027 0.001482 0.348906 -0.012184 0.444670
627.473213 0.106670 0.032331 0.229957 0.002020 0.351776 -0.012039 0.449500
636.219849 0.109046 0.033051 0.232597 0.002395 0.354850 -0.011891 0.454313
645.088409 0.111694 0.033557 0.235455 0.002659 0.358824 -0.011740 0.459108
654.080591 0.114015 0.034463 0.238229 0.003120 0.362925 -0.011585 0.463884
663.198120 0.115904 0.035460 0.241321 0.003566 0.366897 -0.011427 0.468640
672.442742 0.118190 0.036282 0.244264 0.003587 0.371356 -0.011266 0.473374
681.816229 0.120670 0.037121 0.248254 0.003674 0.375795 -0.011101 0.478085
691.320378 0.123574 0.038586 0.252407 0.003678 0.380103 -0.010932 0.482772
700.957009 0.126577 0.039787 0.255423 0.003864 0.382835 -0.010760 0.487433
710.727970 0.128461 0.040335 0.259861 0.004270 0.386930 -0.010585 0.492068
720.635132 0.129834 0.041344 0.264075 0.004677 0.391397 -0.010406 0.496675
730.680395 0.132596 0.042613 0.267175 0.005084 0.395851 -0.010223 0.501253
740.865683 0.134851 0.043155 0.271517 0.005377 0.400289 -0.010036 0.505802
751.192949 0.136400 0.044256 0.275449 0.005815 0.404710 -0.009846 0.510320
761.664172 0.138500 0.045096 0.278515 0.006283 0.408820 -0.009652 0.514805
772.281357 0.140835 0.045682 0.283148 0.006705 0.412201 -0.009454 0.519258
783.046540 0.144290 0.046934 0.287483 0.007108 0.417752 -0.009252 0.523677
793.961785 0.147444 0.047818 0.290554 0.007509 0.421264 -0.009047 0.528061
805.029181 0.150019 0.048360 0.293820 0.007908 0.424885 -0.008837 0.532410
816.250851 0.152098 0.049387 0.296296 0.008306 0.430818 -0.008624 0.536722
827.628946 0.154430 0.050660 0.302137 0.008701 0.435089 -0.008406 0.540997
839.165644 0.157223 0.051857 0.305506 0.008884 0.439072 -0.008185 0.545234
850.863158 0.159748 0.052917 0.310133 0.008935 0.443549 -0.007960 0.549432
862.723729 0.162534 0.054190 0.313115 0.008985 0.447737 -0.007730 0.554052
874.749630 0.165666 0.055169 0.316538 0.009035 0.452837 -0.007497 0.559824
886.943166 0.168107 0.057185 0.320425 0.009084 0.456447 -0.007259 0.565515
899.306672 0.170121 0.057881 0.324352 0.009405 0.461338 -0.007018 0.571126
911.842520 0.172711 0.059617 0.327541 0.009921 0.465157 -0.006772 0.576653
924.553110 0.174784 0.060494 0.331775 0.010054 0.468832 -0.006523 0.582096
937.440879 0.177488 0.061392 0.334541 0.010208 0.472452 -0.006269 0.587453
950.508296 0.179735 0.062275 0.337751 0.010496 0.476177 -0.006011 0.592723
963.757866 0.181905 0.063211 0.343307 0.010717 0.480104 -0.005749 0.597906
977.192128 0.184679 0.064745 0.348180 0.010901 0.483843 -0.005483 0.603001
990.813657 0.186374 0.065697 0.353756 0.010976 0.486732 -0.005213 0.608006
1004.625062 0.188919 0.066327 0.357979 0.010959 0.489722 -0.004939 0.612922
1018.628990 0.192171 0.067091 0.361407 0.011000 0.493008 -0.004661 0.617748
1032.828126 0.194240 0.068244 0.365307 0.011102 0.496238 -0.004440 0.622374
1047.225190 0.195630 0.069390 0.367737 0.011230 0.499680 -0.004251 0.625843
1061.822941 0.197376 0.069946 0.373857 0.011358 0.502659 -0.004058 0.629265
1076.624177 0.200025 0.070898 0.377715 0.011485 0.505617 -0.003861 0.632640
1091.631734 0.203494 0.071606 0.381202 0.011612 0.508595 -0.003659 0.635967
1106.848489 0.206076 0.072619 0.383863 0.011721 0.511544 -0.003452 0.639248
1122.277356 0.209253 0.073459 0.386459 0.012147 0.514511 -0.003241 0.642480
1137.921294 0.212093 0.075527 0.391644 0.012661 0.517896 -0.003025 0.645666
1153.783300 0.215076 0.076170 0.395116 0.013160 0.521574 -0.002805 0.648805
1169.866413 0.218077 0.077058 0.399561 0.013665 0.525222 -0.002581 0.651897
1186.173716 0.221716 0.077632 0.404122 0.014061 0.528838 -0.002352 0.654941
1202.708335 0.224307 0.079619 0.409205 0.014168 0.532512 -0.002118 0.657940
1219.473437 0.228275 0.081629 0.411404 0.014665 0.536938 -0.001880 0.660891
1236.472235 0.231395 0.083081 0.415316 0.015163 0.541323 -0.001638 0.663797
1253.707987 0.235635 0.083752 0.418131 0.015449 0.545665 -0.001391 0.666656
1271.183997 0.238472 0.085183 0.420935 0.015633 0.549964 -0.001140 0.669470
1288.903612 0.241554 0.086366 0.424402 0.015689 0.553360 -0.000885 0.672238
1306.870230 0.244655 0.087799 0.429112 0.015745 0.556381 -0.000626 0.674961
1325.087292 0.248641 0.089296 0.433290 0.015802 0.559357 -0.000363 0.677639
1343.558290 0.251181 0.091331 0.437542 0.015859 0.562290 -0.000097 0.680272
1362.286764 0.256260 0.092695 0.440118 0.015916 0.565430 0.000174 0.682861
1381.276303 0.260432 0.093564 0.445705 0.015974 0.570033 0.000449 0.685406
1400.530545 0.263624 0.094435 0.450139 0.016032 0.574518 0.000726 0.687907
1420.053182 0.266789 0.095309 0.455537 0.016089 0.576997 0.001008 0.690365
1439.847953 0.270898 0.096185 0.459345 0.016147 0.579788 0.001292 0.692781
1459.918652 0.275146 0.097062 0.462969 0.016206 0.583668 0.001580 0.695154
1480.269127 0.278216 0.097942 0.467537 0.016264 0.586673 0.001871 0.697485
1500.903276 0.282784 0.099951 0.471355 0.016426 0.589104 0.002164 0.699774
1521.825053 0.287963 0.102090 0.475083 0.016655 0.591501 0.002460 0.702023
1543.038469 0.290401 0.103083 0.478720 0.016969 0.595483 0.002759 0.704230
1564.547589 0.294285 0.103830 0.482267 0.017285 0.600388 0.003009 0.706398
1586.356534 0.296503 0.104568 0.485725 0.017604 0.605216 0.003082 0.708525
1608.469483 0.299663 0.105296 0.489282 0.017772 0.609967 0.003154 0.710614
1630.890676 0.300687 0.106779 0.492375 0.017809 0.614157 0.003223 0.712663
1653.624407 0.303185 0.108464 0.495569 0.017846 0.618118 0.003291 0.714674
1676.675035 0.305822 0.109128 0.498677 0.017882 0.622547 0.003357 0.716647
1700.046975 0.311462 0.110365 0.501700 0.017918 0.626574 0.003421 0.718583
1723.744708 0.314882 0.112418 0.505308 0.017953 0.630822 0.003483 0.720482
1747.772774 0.317234 0.113483 0.507586 0.017988 0.635020 0.003544 0.722344
1772.135779 0.320279 0.114123 0.510445 0.018023 0.638336 0.003603 0.724171
1796.838391 0.324925 0.114756 0.512965 0.018057 0.640980 0.003660 0.725962
1821.885343 0.327916 0.115384 0.516783 0.018091 0.644120 0.003715 0.727718
1847.281437 0.329788 0.115978 0.520730 0.018124 0.647488 0.003769 0.729440
1873.031539 0.331520 0.116167 0.523783 0.018157 0.650554 0.003821 0.731128
1899.140582 0.333511 0.116350 0.528443 0.018190 0.654083 0.003872 0.732782
1925.613572 0.336449 0.116527 0.532209 0.018222 0.657309 0.003921 0.734403
1952.455581 0.338559 0.116698 0.535915 0.018254 0.660489 0.003969 0.735992
1979.671753 0.341676 0.117586 0.538237 0.018285 0.663621 0.004015 0.737549
2007.267304 0.344196 0.118716 0.539489 0.018316 0.666707 0.004042 0.739075
2035.247521 0.346552 0.120093 0.543092 0.018347 0.669267 0.004048 0.740569
2063.617768 0.349831 0.120927 0.546463 0.018457 0.671670 0.004053 0.742034
2092.383480 0.352213 0.121864 0.550458 0.018918 0.674041 0.004058 0.743468
2121.550171 0.353368 0.122237 0.553410 0.019379 0.676380 0.004063 0.744873
2151.123430 0.356618 0.123797 0.556874 0.019838 0.678619 0.004068 0.746249
2181.108924 0.359483 0.125362 0.558918 0.020296 0.680964 0.004074 0.747596
2211.512400 0.362301 0.126466 0.561129 0.020753 0.683625 0.004079 0.748915
2242.339683 0.364495 0.126903 0.564281 0.021208 0.686392 0.004084 0.750207
2273.596682 0.366200 0.127168 0.567505 0.021661 0.688892 0.004089 0.751472
2305.289387 0.368551 0.127428 0.570018 0.022113 0.691047 0.004094 0.752710
2337.423871 0.370675 0.127683 0.572621 0.022263 0.693171 0.004100 0.753923
2370.006292 0.371562 0.128204 0.573827 0.022288 0.695265 0.004105 0.755109
2403.042894 0.371810 0.128724 0.575560 0.022312 0.697329 0.004110 0.756271
2436.540009 0.373194 0.129655 0.577707 0.022636 0.699363 0.004115 0.757407
2470.504055 0.376847 0.130098 0.580574 0.023035 0.701368 0.004120 0.758924
2504.941542 0.379021 0.131215 0.583606 0.023428 0.703343 0.004125 0.760631
2539.859069 0.380278 0.132028 0.586554 0.023815 0.705288 0.004130 0.762292
2575.263327 0.382274 0.132403 0.590467 0.024197 0.707520 0.004135 0.763910
2611.161101 0.385615 0.132770 0.593215 0.024299 0.709602 0.004141 0.765484
2647.559271 0.387920 0.133299 0.595488 0.024370 0.711344 0.004146 0.767015
2684.464811 0.389636 0.134636 0.597252 0.024440 0.713060 0.004151 0.768505
2721.884795 0.390790 0.135743 0.599491 0.024509 0.714989 0.004156 0.769954
2759.826392 0.392300 0.136005 0.602242 0.024578 0.717265 0.004161 0.771364
2798.296876 0.393873 0.136263 0.604064 0.024600 0.719421 0.004166 0.772736
2837.303617 0.395156 0.136518 0.606616 0.024619 0.721535 0.004171 0.774069
2876.854090 0.395887 0.136769 0.608765 0.024637 0.723190 0.004176 0.775366
2916.955876 0.398657 0.137121 0.611653 0.024655 0.725284 0.004181 0.776626
2957.616659 0.400597 0.137923 0.614932 0.024672 0.727337 0.004186 0.777852
2998.844231 0.402019 0.138709 0.617798 0.024689 0.728969 0.004191 0.779044
3040.646493 0.403408 0.139504 0.619374 0.024704 0.730150 0.004196 0.780202
3083.031457 0.404762 0.140232 0.622914 0.024720 0.731303 0.004200 0.781327
3126.007243 0.406084 0.140969 0.626910 0.024734 0.732428 0.004205 0.782421
3169.582089 0.407373 0.141690 0.629129 0.024748 0.733527 0.004210 0.783484
3213.764344 0.409360 0.142396 0.630218 0.024762 0.734849 0.004215 0.784290
3258.562476 0.411709 0.143086 0.631716 0.024775 0.736732 0.004220 0.784730
3303.985070 0.413983 0.143761 0.634229 0.024788 0.738640 0.004225 0.785155
3350.040830 0.416219 0.144349 0.635882 0.024800 0.740509 0.004230 0.785566
3396.738582 0.417456 0.144601 0.637526 0.024812 0.742340 0.004234 0.785963
3444.087276 0.418328 0.144994 0.639015 0.024825 0.744133 0.004239 0.786348
3492.095985 0.419488 0.145303 0.641417 0.025070 0.745888 0.004244 0.786720
3540.773909 0.420024 0.145630 0.644399 0.025311 0.747607 0.004249 0.787080
3590.130377 0.421530 0.146526 0.646527 0.025548 0.749290 0.004253 0.787428
3640.174847 0.422093 0.147401 0.649325 0.025760 0.750937 0.004258 0.787764
3690.916911 0.422996 0.148254 0.650657 0.025811 0.752549 0.004263 0.788090
3742.366291 0.423243 0.149086 0.652282 0.025861 0.754126 0.004267 0.788405
3794.532847 0.424002 0.149709 0.654926 0.025910 0.755632 0.004272 0.788709
3847.426577 0.426026 0.150228 0.657166 0.025958 0.756779 0.004276 0.789003
3901.057617 0.428112 0.150734 0.659401 0.026005 0.757871 0.004281 0.789288
3955.436245 0.430144 0.151228 0.661263 0.026052 0.759012 0.004285 0.789563
4010.572881 0.432123 0.151709 0.662540 0.026098 0.760099 0.004290 0.789830
4066.478092 0.433619 0.152177 0.663798 0.026144 0.760736 0.004294 0.790455
4123.162591 0.433971 0.152634 0.666150 0.026188 0.761497 0.004299 0.791471
4180.637241 0.434879 0.153079 0.667759 0.026232 0.762636 0.004303 0.792455
4238.913057 0.436483 0.153513 0.669336 0.026275 0.763743 0.004308 0.793409
4298.001206 0.437622 0.153935 0.670884 0.026314 0.764821 0.004312 0.794334
4357.913012 0.438438 0.154346 0.672401 0.026342 0.765780 0.004316 0.795231
4418.659956 0.439188 0.154746 0.673177 0.026370 0.765980 0.004321 0.796099
4480.253680 0.440262 0.155136 0.675045 0.026396 0.766173 0.004325 0.796941
4542.705986 0.441274 0.155515 0.676194 0.026423 0.766358 0.004329 0.797757
4606.028844 0.442395 0.155884 0.676800 0.026449 0.767211 0.004333 0.798547
4670.234388 0.442986 0.156382 0.677516 0.026475 0.768971 0.004338 0.799313
4735.334923 0.443103 0.157093 0.679503 0.026500 0.770669 0.004342 0.800055
4801.342924 0.443216 0.157792 0.680562 0.026525 0.772306 0.004346 0.800774
4868.271040 0.443446 0.158481 0.681599 0.026549 0.773286 0.004350 0.801470
4936.132098 0.443830 0.159159 0.682365 0.026574 0.774102 0.004354 0.802144
5004.939103 0.444268 0.159380 0.683181 0.026597 0.775001 0.004358 0.802797
5074.705239 0.444690 0.159417 0.684585 0.026621 0.775909 0.004362 0.803430
5145.443878 0.445452 0.159452 0.685540 0.026644 0.776567 0.004366 0.804043
5217.168576 0.445743 0.159487 0.686474 0.026666 0.777328 0.004370 0.804636
5289.893076 0.446028 0.159520 0.687456 0.026688 0.778075 0.004374 0.805211
5363.631317 0.446867 0.159552 0.688467 0.026710 0.779003 0.004378 0.805767
5438.397428 0.448135 0.159651 0.689689 0.026732 0.779598 0.004382 0.806306
5514.205739 0.449387 0.160024 0.690251 0.026753 0.780501 0.004386 0.806827
5591.070777 0.450623 0.160388 0.692076 0.026773 0.781434 0.004390 0.807332
5669.007271 0.451366 0.160745 0.693243 0.026794 0.782384 0.004394 0.807821
5748.030158 0.451539 0.161095 0.694391 0.026814 0.783308 0.004397 0.808295
5828.154581 0.451607 0.161366 0.695298 0.026834 0.784207 0.004401 0.808753
5909.395895 0.452138 0.161511 0.696635 0.026853 0.785081 0.004405 0.809197
5991.769669 0.453215 0.161654 0.697731 0.026872 0.785488 0.004409 0.809626
6075.291689 0.454303 0.161795 0.698810 0.026891 0.786251 0.004412 0.810042
6159.977960 0.454897 0.161933 0.699465 0.026909 0.786996 0.004416 0.810353
6245.844712 0.455134 0.162069 0.700207 0.026927 0.787706 0.004419 0.810598
6332.908400 0.455669 0.162203 0.701328 0.026945 0.788175 0.004423 0.810835
6421.185709 0.455968 0.162334 0.701822 0.026963 0.788628 0.004427 0.811065
6510.693555 0.457084 0.162464 0.702306 0.026980 0.789066 0.004430 0.811288
6601.449093 0.457663 0.162591 0.702782 0.026997 0.789490 0.004434 0.811504
6693.469713 0.457810 0.162760 0.703250 0.027014 0.789899 0.004437 0.811714
6786.773051 0.458450 0.163139 0.703710 0.027030 0.790295 0.004440 0.811917
6881.376986 0.459534 0.163512 0.704162 0.027046 0.791047 0.004444 0.812114
6977.299650 0.460615 0.163880 0.704605 0.027075 0.791864 0.004447 0.812305
7074.559423 0.461675 0.164244 0.705041 0.027141 0.792655 0.004450 0.812490
7173.174944 0.462606 0.164602 0.705470 0.027205 0.793419 0.004454 0.812669
7273.165113 0.462983 0.164955 0.705891 0.027268 0.794154 0.004457 0.812844
7374.549090 0.463352 0.165302 0.706304 0.027330 0.794475 0.004460 0.813012
7477.346305 0.464575 0.165645 0.706503 0.027390 0.794785 0.004464 0.813176
7581.576458 0.464680 0.165983 0.707029 0.027449 0.795086 0.004467 0.813334
7687.259522 0.464691 0.166128 0.707501 0.027506 0.795378 0.004470 0.813488
7794.415750 0.465239 0.166264 0.708836 0.027562 0.795661 0.004473 0.813637
7903.065679 0.465261 0.166397 0.709660 0.027617 0.795936 0.004476 0.813782
8013.230128 0.465828 0.166528 0.709783 0.027637 0.796202 0.004479 0.813922
8124.930211 0.466403 0.166656 0.709902 0.027656 0.796459 0.004482 0.814058
8238.187331 0.466963 0.166782 0.710017 0.027675 0.796709 0.004485 0.814189
8353.023195 0.467486 0.166904 0.710127 0.027693 0.796936 0.004488 0.814317
8469.459808 0.467524 0.167025 0.710234 0.027707 0.797106 0.004491 0.814441
8587.519485 0.467561 0.167143 0.710756 0.027710 0.797271 0.004494 0.814561
8707.224849 0.467655 0.167385 0.711398 0.027713 0.797633 0.004497 0.814677
8828.598841 0.468417 0.167681 0.711566 0.027716 0.797847 0.004500 0.814790
8951.664721 0.469168 0.167972 0.711764 0.027718 0.798054 0.004503 0.814899
9076.446073 0.469909 0.168259 0.711804 0.027721 0.798255 0.004505 0.815005
9202.966809 0.470639 0.168542 0.712006 0.027724 0.798695 0.004508 0.815107
9331.251175 0.471172 0.168822 0.712310 0.027726 0.799150 0.004511 0.815207
9461.323756 0.471186 0.169097 0.713038 0.027728 0.799589 0.004514 0.815303
9593.209478 0.471201 0.169368 0.713368 0.027731 0.800013 0.004516 0.815397
9726.933615 0.471214 0.169636 0.714366 0.027733 0.800422 0.004519 0.815487
9862.521795 0.471228 0.169899 0.715348 0.027735 0.800817 0.004522 0.815575
10000.000000 0.471370 0.170048 0.715580 0.027737 0.801199 0.004524 0.815660
