-0.004446298110596377 0.4906347859009964 3.2614274286785685 2.9354636329415946
0.0013534287726221905 0.6065950159662659 3.323311464896003 2.204292453902969
0.0018089189967884275 0.23120133005920912 3.3036310795277744 2.3277271755621585
-0.005289910039516564 0.02871153542237298 3.0268961503540774 1.705526877026967
0.003810615638009579 0.5064397621424586 3.338538619341508 1.7183975136990544
0.0005241794246448545 0.5561582520318851 3.169197563586739 2.8694986062461925
0.00403417888905482 0.05822103266039956 3.1615879395103494 1.228465700991524
0.005202573193275585 0.10805275957558375 3.0195053986082727 1.1952976959704655
-0.007236131895216176 0.6351137744640425 3.413520416519474 2.930534432079516
-0.0037588608264336413 0.43639403638218954 3.397324980514994 1.6980631366995986
0.0024770578139158396 0.2348437281851306 3.438656095581066 1.0244076914259934
0.001140896246886632 0.1966238945302891 3.1577149757303515 2.9539517662115964
0.007555397818139436 0.32794303289851146 3.136504166145102 1.2280985723198428
0.009954880204604902 0.0864157489113048 2.9604417210358207 2.0588141056742506
0.00902935505579008 0.06134733601391586 3.1049358446333577 2.288206505664123
-0.0048378510604146574 0.3342746610991091 3.199984704602365 1.2308074861650362
-0.00016905435932470418 0.507302231160572 3.2831825419276623 1.1167189131161994
0.005634860544708938 0.5481583858872303 3.2983665269164684 1.934088802126684
-0.0016548906193934378 0.08701957370695987 3.302766527783854 1.6207132980870482
0.009449059382932135 0.686398548906251 3.3208679765807556 1.4489086775015867
-0.0033687858130376017 0.23724450576430245 3.0390522006715526 1.7478861282037341
-0.0067679916058880196 0.498762315345351 3.0453962881403673 1.009275957643974
-0.0044575710231343 0.06525124353028006 3.44277914292399 1.662338680450168
-0.006139484911231476 0.34483950706704614 3.036689172090144 2.4600648917979084
0.008638109250954623 0.1672089182789402 3.117033841212327 1.5225503802269196
0.0025208924380347936 0.42994362030738803 3.093974094432711 1.2615115415930236
0.009723328764448091 0.14245651104266413 3.2279494177121633 2.8715893041824554
0.00023515676675388546 0.023234314418077273 3.388352834714529 1.8249957250025823
0.0049247993271395105 0.609798552875644 3.2900749603770048 2.160465965077256
-0.001952203973916847 0.3813073303248007 3.120198846238335 1.3324998345329755
0.009009468148088099 0.3475363259440014 3.4601874436092475 2.5714982461428857
0.004345456018622384 0.0176200797802602 3.455635083639667 1.0232295861343057
-0.009610620984760877 0.14700760935047358 3.3303873397705845 2.2257586782714256
0.008893454485985216 0.2654811001282622 3.127714421960484 1.6407324080167458
0.00906852455206158 0.27329701303134124 3.1304525869577917 1.6345239177898325
0.009949313934876313 0.5098284821902503 3.237050424588784 2.4894683846956704
-0.0019293894077571866 0.07880919938860273 3.5241402116599145 1.8605277693925353
-0.005391689042733735 0.5677483180334376 3.141004516001499 1.6701077426526274
0.001975057298225301 0.3770949466132798 3.0643552012169755 1.9587965238602396
0.0075280045125791 0.49238732105097754 2.9519582300735028 2.3252388759021967
-0.0017744453872568181 0.5833315127103854 3.483472505356354 1.5890174177646728
0.009234199987341478 0.2968310263737904 3.0177000284473245 1.2910168851947166
-0.007281784716460692 0.3021346997757617 3.4640506083671676 2.1769679204083596
0.007185289106270802 0.14663876980866303 3.2556255987274074 1.1551921776724334
0.007474952760987738 0.4144060364348447 3.315466410756885 1.2617504017004149
0.002058180755376865 0.612299210518962 3.4159267138375573 1.1444952153290853
-0.0031746347000498453 0.5050367893064435 3.42906334517559 1.9458952852488998
-0.009548039303233443 0.2535590225028804 3.1450671926034772 2.918219082937491
0.004274540876644694 0.4784939053386611 3.398836155771605 2.4689094401867138
-0.0058012235220865245 0.07044363864378911 3.402808246902565 1.6215073167389416
-0.009396259986078915 0.21335220631610807 2.9601593356879823 1.3421899398095092
0.00823805486294624 0.34171929300523973 3.414341808813267 2.5704908714603922
-0.006108106368737789 0.19844469001410645 3.388190067054005 2.11988246605158
-0.008171575756671212 0.06195982384693005 3.3070401870034907 1.6110540198612333
-0.006865510138941464 0.38142034883882203 3.463594691500646 2.956227153976765
-4.463475095574582e-05 0.539329977983159 3.380454907006499 1.1427623419189858
0.009991880283925805 0.4209830211161073 3.1582124092305097 2.975432958662118
0.0015206500708147327 0.07038352354674826 3.2322064355646125 1.4336940898068522
0.00877381503676914 0.05429791891667363 2.99225852216607 1.8315908455136134
0.007345946068000059 0.5179012105195413 3.49020414845081 2.8555986179432953
-0.0028418098264722334 0.35102961015278894 3.2720267062554775 2.9864878492823927
0.008852739162410042 0.33904116223284525 3.1508786209479562 1.5804721144938219
0.007599648967622677 0.32780020700828416 3.1397166865663166 1.2202720510851939
-0.00920947265660549 0.5851354051195501 3.1398813891080057 1.994874980436447
-0.0043502262812215465 0.5504484744767657 3.133963789191686 1.5903129247933896
-0.0008166036971779004 0.2730033504273129 3.494773700550353 2.9350263123871376
0.0019745106331221654 0.16102276171160984 3.3859792899443026 2.495478518664982
0.007768826453410411 0.35692605318209814 3.0349825247254882 1.1346928892532315
0.009229407461006877 0.30943828624886105 3.501239250259901 1.2686933143935135
0.005318675068023894 0.472797768126357 3.3752574851128956 1.6180759032809837
0.007645737357359215 0.19151361948062 2.927786339744035 1.1737897506539687
-0.004591691499537226 0.4995500342495631 3.1568881247984377 1.4272532351248695
-0.002028962162649456 0.6092743374575127 3.4936931428220173 1.5918679866739658
-0.008708295591729264 0.19001388961152113 3.445335075843969 2.625347867457503
-0.003068070822773895 0.1533076415076885 3.271123236417024 1.9086395436420625
-0.007260619776047876 0.08380805356752077 2.9928300582667973 1.3776848182192978
-0.00882481220364369 0.6640450415696031 3.347206832160744 2.997867575778523
0.0069522865617215966 0.4070410177048004 3.1405045697161236 1.1195448831800388
-0.003125603534377172 0.5039103571522526 3.432644112034001 1.9448268396696315
0.0013900902310417709 0.5888661382171939 3.470937766775352 1.5689267753148521
0.009388133963883934 0.08720006374716091 3.007759527128428 2.4325896846042685
-0.005564390411310886 0.06762007053860672 3.5020089970140393 1.1879485855640346
0.0031930621369515855 0.11085663667918137 3.2192442074634946 2.3480406685548645
-0.008240251195429621 0.200457962067991 3.210803586052173 2.7631843659294173
-0.005943528314874238 0.020716678032097903 3.251891952259842 1.745404286257922
-0.008175632047688017 0.5481183051355272 2.96995274655342 1.483272291059615
0.0033533258853558024 0.3480788295056729 3.4996639034081087 1.9774445500600764
0.0065226049109891205 0.23951502869109564 3.523586516295697 1.3300439438474265
0.0067409060209969755 0.31432746250976384 3.511338519185237 1.019571470794458
-0.009819566689036711 0.02406293823666794 3.14306949632968 2.577800504920597
0.004470902734894018 0.10731232994200213 3.1776312012806356 2.9588351272567706
-0.00457015454394062 0.018857282612033507 3.1758900717976717 2.000763533935258
0.005586443521409724 0.5735140249518533 3.34697815875953 2.926838269341549
0.0022279949899936336 0.3330431173668001 3.1910738559886926 1.3042433054758387
-0.007208679689557026 0.15749881817073125 2.946893229508208 1.2508662661307002
-0.0034926017394431314 0.5380131989352871 3.1694052122447385 1.9545001724877618
0.004092925410886118 0.27980647473069953 3.0632168089065024 2.687487309663422
-0.006340497210178842 0.3254944930988135 3.0167620087703884 1.1746462423907256
-0.0029873425284772433 0.49641473214105636 3.262809385126813 2.229864972160407
-0.0045746692656311915 0.04504011989138049 2.951543709346623 1.2556567287310327
0.008426185343529149 0.2528474866079605 3.0053206162300565 1.075243382259801
0.0029350611267063105 0.42528420783561294 3.4981037659523504 1.2091781731983144
-0.0006971196324922577 0.22148329779161874 3.5021364902123118 2.852185920102919
0.009135990953582895 0.12033548378040866 3.213471357786089 1.7108080607220164
-0.009655471704536194 0.15491802967162716 3.279939125501009 1.7893374362456005
-0.005152125247059475 0.06295263077408282 3.034672585020542 1.1296546206322604
-0.009936824550838596 0.16490725507452786 3.235138048810528 1.1103173163135867
0.0018604288846393946 0.5637687425116701 3.4878245700014885 1.13189260719877
0.004322293454037491 0.6851852567808348 3.4400433190790705 1.1125915150706898
0.0020028945771270058 0.17013583193196533 3.017905456955963 1.0812650058375872
0.0002329802142164519 0.2762918810838623 3.049922183555243 2.5144341287745897
-0.00255629218265057 0.13451299110355386 3.0688894710900896 2.3506081230089366
0.006124559694416562 0.44382168924652493 3.2256883429057357 2.649535213896259
0.0019745106331221654 0.16102276171160984 3.3859792899443026 2.495478518664982
-0.002652315949864114 0.6550245309210397 3.32023083083296 2.3772517764802488
-0.004328806665252585 0.4859756211585885 3.0880623652522887 1.80461436205922
0.0013468253070781852 0.44644349632332725 2.9691263967199717 1.858174821013478
-0.008953807759211329 0.5116147974276319 3.212232242185338 1.9654471752913856
0.007327511205517333 0.4174300553827362 3.14249078964968 1.0523095080907596
0.008273487430359333 0.24361596268645003 3.2914009206354113 1.207817894785424
-0.0034575624170216225 0.5356062878206748 3.4157968678411073 1.671010293487737
-0.0069614165152817 0.10618635947550649 3.2982591683442317 1.5593532366547134
0.003967185037832191 0.5410020461528353 3.512493512707303 1.2928420962575173
-0.009818951792670403 0.23395025228587463 3.340335537450504 2.7842985333975117
-0.009875959751524886 0.16524899908654064 3.235005240753049 1.1232587321060152
0.005639453228588461 0.10777370898138312 3.19238147268726 1.0378652944677769
-0.005349126869810338 0.14202703127672603 3.4348007740729996 1.4715003253281231
0.005178242593378313 0.20227822281398367 3.52171120634796 1.0155203324127595
0.004149404630362266 0.3121806472939388 3.0723238826857346 2.8565262646723157
-0.0017584510657397082 0.6452957268323212 3.4948488839964007 1.6821489864813548
0.0015142863222509136 0.6119065415606869 3.3218358281015985 2.237816287857477
-0.0059528820378152315 0.46844216072562134 3.05019501187051 1.5707013986027352
0.005930712185297152 0.2117743520446545 3.1581667844922134 2.3290783968265187
0.009306493335596883 0.02769845464082584 3.3775706629868494 1.23816353161429
-0.002254952912280124 0.4195010916770544 3.166247663705406 1.3902496690497035
-0.009638908436608945 0.3084338260221439 2.9477636762437256 2.220246179431448
0.004884786520717874 0.3841176843024772 3.311697550504114 2.6259982854851733
0.0017811356019677965 0.5065741055099762 2.9854959308358575 1.9404589558111787
0.004534708911935675 0.15319343254283474 3.431695123552315 1.0895097908716809
-0.00657886668382512 0.027707897337639675 3.12717344192882 1.3216460342583187
0.009645681500160791 0.16055896466274552 3.2265875529853862 1.669271429043472
-0.0007728233874146635 0.31181418580742865 3.0743085123516805 1.8208160083538838
0.00030081187752554854 0.40050406975227404 3.2550286844596 1.2886937968133072
-0.004443670550620259 0.6542571746883562 3.4888132306804533 1.8375605241918684
0.009287524241864306 0.005545134302106354 3.0231654663494245 2.1149188675426918
0.0066128095996741704 0.22915440975147722 3.143930762937181 1.1048452222355722
-0.005996019692215828 0.3148795174537919 3.0203792752294545 2.076476299667795
0.009460529066912584 0.024530332535908167 3.271740132489383 2.0545352617905435
-0.002054056349636209 0.11553980557644693 3.143660406341064 2.3381802354665933
0.008034266173208113 0.10478285531445208 3.170557733617831 1.6556772101795785
-0.0033461934889244607 0.6374197351355628 3.5051996076996925 1.7597026130034363
0.006908741510888083 0.2502348513787015 3.477617956975156 1.6623924182669216
-0.001215043440897793 0.5640782362638213 3.5152134009069647 2.149795504919498
-0.004863125381628308 0.0053429533401453955 3.2238311486407376 1.817079460297327
-0.0011366064081799205 0.13835574323162456 3.0733450027002194 2.4741610982253097
0.008670767166705727 0.04907401639631629 2.943874073394498 2.0175756463184578
-0.007565660824234345 0.4194418528570415 3.0635013463012526 1.1245906535968742
-0.005738055953502719 0.15167634953165138 3.0289740757143093 1.20015302144162
0.006303690388592815 0.5277886176667426 3.188330486265095 2.8924200394189454
0.00749780932816786 0.21572402714711986 3.351665695419988 1.1997144654363772
-0.009422909994976216 0.2312135394054176 3.4833361554787605 2.131566170440519
0.009856142347807002 0.36083527588785425 3.1615775904820604 2.99702694776414
0.008869183511908605 0.3586863307404381 3.4540396125879016 1.5798456639004506
-0.008933701448155213 0.14025198284140084 3.451971090442589 2.966646179695649
-0.0011870936977592256 0.5214140866404551 3.519924982236261 1.2424419534513886
-0.0011439032743628232 0.04118227187783083 3.0227533793164243 2.5047861952108414
0.007901984249218003 0.14887312010698128 3.016043340382279 2.232301022564098
0.00422449196370741 0.5401175897310125 3.207073249600133 1.361092540839041
-0.0008403561893376198 0.2351241084818242 3.263333731026193 2.4414322778477033
0.007652772514599467 0.2551927333115901 3.0858018934943545 1.535793565511896
-0.008194064139396863 0.23308062995506645 3.318531205158484 1.4064433720166503
0.006716544804360923 0.054030539920387616 3.064086035622867 1.2085087476596703
0.008297597411677597 0.48090056347917143 3.332602338405897 2.5289023645052136
0.007202033320817236 0.18091679529067717 2.945080472886618 1.22131231102689
-0.009175126784211148 0.514183555012428 3.003877727198838 1.1445442344058143
-0.008497291743247164 0.17666539239967924 3.2591402949153387 2.7950720548580055
0.005029486522864545 0.5341199388264624 3.2611621148222643 1.5771219509424226
0.008933115848690998 0.37268683471718234 3.0579616296780605 1.3166772958624267
-0.003859939145855026 0.2682065528647473 3.3594056414681432 2.5442360619002544
-0.0051296796219169076 0.6468189499665717 3.0573182356716315 1.2753555090716713
0.0008268081350083032 0.5532479881543965 3.2287513153848275 1.6503342460038226
0.00529785677034326 0.3319353346093433 3.125860328679602 2.99979719140934
0.007315258949336825 0.5165455052795669 3.4859897394733346 2.9209406357788916
-0.009808782827414547 0.24662562032258184 2.94990218312135 1.647386532471806
-0.0056696932927424015 0.05493436528494076 3.361187700622052 1.5559035258797858
-0.002321595615084271 0.19343601541287922 3.355390411405059 1.3208924771404438
-0.0019678857484314045 0.341800520059549 3.1618029765897533 1.78491629026539
-0.003916812534295414 0.11058083040210406 3.184852220071545 1.6713193363061816
0.0003976494061407789 0.6642083556392553 3.40052993384109 1.3017310017679433
0.004534708911935675 0.15319343254283474 3.431695123552315 1.0895097908716809
0.00617900894346695 0.41218224572916806 2.9769996016178215 2.4601714319499255
-0.004940522125554455 0.06575739230665845 2.9507623287860696 1.7905613052055085
0.00022286584699911824 0.30750216085530974 3.1621249268936578 1.7283266554698458
-0.009678439876559537 0.15904958577741635 3.505460481086023 1.478539462976064
-0.009309736270824506 0.017815916600726178 3.0240418201888 2.448259354864169
-0.002382999962807532 0.49493392979137507 3.33952645794831 2.3079603833722238
0.009833866248878245 0.12357816532305618 3.211204450300315 2.751088558832284
0.009488232474091073 0.11410123593407932 3.5277073926001896 1.5622439415313738
0.00435588820552194 0.37245640591064355 3.0255210150354612 1.042722823987867
0.0018693827518442261 0.2657304537447901 3.469588718187448 1.980247489187754
0.002241651017798208 0.645437850643519 3.4801004687828487 1.472190453104576
0.003810776532668512 0.5064245106471459 3.3385457368066844 1.7184277054956973
0.006531420933563332 0.3568422612331953 3.0476514491834323 2.378441683457847
0.0053047214643704085 0.4348762479084358 3.257158738296053 2.271089839934424
-0.0035239759806089416 0.2691259498406115 3.4233447987188312 1.7958735495152063
0.004881190005771575 0.5857181886767323 3.0624257123058034 2.141238358015481
-0.003961137320383822 0.4228262499056977 3.434976251704342 1.6966669860450556
-0.002076769500077882 0.07907254426419968 3.5147263758617977 1.7029468370341825
0.008741228939223867 0.22364617535961992 3.4744760191689377 1.6848359874404468
-0.005306329858798597 0.09168474272125987 3.3894635956563883 1.4272897307355874
-0.0038009617791866434 0.27597819356295994 3.3599108300371947 2.420709049820637
0.008983880638112073 0.1836508646701427 3.096567332372569 1.5570114054039916
0.003732282368654803 0.023113511375144724 3.487535903896175 1.0365506229791457
0.0023347093839315314 0.3239951240257359 3.290737432557355 2.9792424849280352
-0.002932198034638362 0.670477311766642 3.5029515543578387 2.990774012177929
0.005023867759890607 0.1925933170451175 3.2174708760346213 2.2953450273172438
-0.002593774252078197 0.5531528493508835 3.512309671663923 1.0091134533996122
-0.003550071031190629 0.5515020342977873 3.324565011792377 1.5722548023475111
0.0060501712499100805 0.6277287439259629 3.4083892969774636 1.5218883709314108
-0.006836353955917798 0.21884400498374074 3.2745706748846857 2.722077310571419
-0.009244186086574705 0.6002195321296775 3.037559961550227 1.4264258111610468
-0.007453516620566468 0.23900893060421802 3.4775296092580996 1.4417910245935772
0.00684867108072134 0.20950674662892177 3.154857746752309 1.7284000432726845
0.005552650214088635 0.1352430810852525 3.1884068823165292 2.381715418656623
-0.00031556292030461043 0.5639669548482188 3.506021377383787 2.2916793404519975
0.0023430045428019745 0.5737635533630201 3.332437274135498 2.1739419009247363
-0.0038631832638712227 0.05424028320728235 3.243636957911279 1.6055895193086491
0.006245014616433608 0.2620109451546779 3.1197250673337527 2.3600294166236786
0.008915863489620321 0.2946959919592821 3.0347257324771575 1.3265003968072684
-0.007325774016812728 0.2739928352656875 2.9539775167087567 1.970085199676155
0.009768700477059165 0.045016975602616416 3.121209498765338 1.8809122436740733
0.004625203004541018 0.1154515707555544 2.9752410084518006 1.1287258603217756
-0.00557942210008667 0.20062058992088333 3.3733810438650256 2.0846614128709753
0.006738628266768777 0.038315825588265295 3.169480122961181 1.9286148322776524
0.0061293146380120775 0.3004894255797557 3.305262812385688 1.5172418368518659
0.005106797611955045 0.00802160872501733 3.451770961591625 2.4754493122522248
-0.001894413120817888 0.41231937763588905 3.5121976169309796 1.7028334965948837
-0.004807529648360832 0.13720490588376286 2.9869870014901854 1.6481537356387792
0.006853160766213463 0.03290809422241564 3.328032973249025 1.0368716801305131
0.009592754532796668 0.17716044594779 3.4383850310125426 1.6358345522631017
0.003828221065317319 0.17727513349238289 3.1047807471498365 1.7034220863617198
0.0011076824118079025 0.4436264969309096 3.1842441898879246 1.0938403200068578
0.008643230807219172 0.0011699793268869706 2.935320285738094 1.840881396226742
0.00958490417226113 0.12983967630164292 3.220132131165655 1.8015160039667877
0.0020439690020713054 0.2702060426061638 3.2748842784746195 2.674020788304075
0.00704027290332228 0.4638601983649334 3.185933346230291 2.9029754652382262
-0.002817658206664653 0.668537282482924 2.940206511759845 2.324217541765405
0.0001221826543534362 0.3588308199792271 3.286185656597962 2.853606824238647
0.003682758224675571 0.3155409422331948 3.0446268197269775 2.7420422049109914
-0.008158689072947676 0.2763362911521779 3.3365408387665183 1.3760521566071826
-0.0010024085650718285 0.13093853018827495 3.4356205341913224 1.3364707815959247
-0.007122675285079074 0.2504722806451649 3.528228648545107 1.961853210570768
-0.00590013420775521 0.6185496769792289 3.208630101161702 1.61603249909682
-0.0032805850043785304 0.3239771301756339 3.500238580909898 1.9841396805760727
0.0072040763452276575 0.03050223265064428 3.1872654018274424 1.5472897581281004
0.0024182446153731604 0.5623199676762908 3.32443792217289 1.57094048754164
0.003809827094785728 0.40890970503465157 3.0012166879009707 1.8175068976410973
0.005115134444916033 0.3840410374264668 3.4805936337206043 1.9749303085304728
-0.0003008615751162952 0.030690318811058576 3.3209488455598186 2.183210769317488
0.00909587365039688 0.4988808227176126 3.3085429961922124 2.9891385689175185
0.00014158433937542288 0.09666328743043395 3.3657437723127615 2.047742534868133
-0.003695861214766687 0.12901420490955773 3.467359800454237 1.816927661141436
-0.0041097511256278415 0.4050785289252314 3.441981156060811 2.2621125548469005
0.007102992785704492 0.08628117420945491 3.218113526965083 1.5920704927032399
-0.007662045677356956 0.15353395297933534 3.1948603485478957 1.947867843063395
-0.009485707438992241 0.5460730618982974 3.3782543487593784 2.388955138699986
0.0008701452413804622 0.5798737943421493 3.4740582973396688 1.5326793257317646
-0.004125073189478478 0.3410859155771375 3.2786876051678258 2.946373485427066
0.0042264658888030385 0.3071167262051277 3.246728351286871 2.337920701980197
-0.0038592209906593627 0.33057538138085535 3.497420683847206 2.5623345905071693
0.009257267168565033 0.6690830854496395 3.193329424554997 1.7494685308016056
-0.008346805873823328 0.3685938889744377 3.107220928000497 2.9902650545286993
-0.0066480408588050184 0.4104636505603636 3.2467139010383366 2.4755226616987382
0.007333140835899534 0.35127602506296723 3.235784117065884 2.458832614134455
-0.006660725709691706 0.07759295431966738 3.1206240870305977 1.1388738925146487
0.00569928930502156 0.4266173135679061 3.1225261334233796 2.696074594844318
0.0001632804786600283 0.4710074495219174 3.456514329052503 1.8164316573594261
0.00812496181570397 0.14231700572287362 3.346624802683944 1.9520154932581786
0.0009700379525578095 0.04962502888104907 3.294297133592593 2.244469812741068
0.005106164102776783 0.34275393447003744 3.150128162801583 2.9086618780411513
0.009979763524636455 0.35455541247222927 3.1557788538237723 2.9965077029436786
0.005744008647904926 0.13175026520611943 3.5189010457349905 1.2497527063770866
0.009278751885993045 0.49895751850328607 3.308266247161145 2.996677121509888
0.004160119222065736 0.6074823709078395 3.21835540748869 1.297043695682208
-0.0023771086911215282 0.05397615960342894 3.0447069849944737 1.816370692897898
-0.001819766106300039 0.663697048069319 3.503895860665366 1.6517137868036949
0.009331476708690134 0.38513912236420333 3.4556007527638495 1.546895294361051
0.008491183535790803 0.2593778085664601 3.3047524191551867 1.1534058128295641
0.007617882152844684 0.5301219543816669 3.0962490876797624 2.463130493336511
-0.0036342860272393315 0.48194238064278194 3.343329103876543 1.6161496222739975
-0.005891345941980243 0.5182965481024753 3.2430807708939984 2.082398881645087
-0.0009484291485186026 0.2114996308655922 3.2165822273026032 2.4543584055532803
0.00280237683858588 0.4734357624745611 3.1058804569662386 1.6827352770963522
0.0054589918331705905 0.6711527896190795 3.4422220545970283 1.4007625103761105
-0.0004846296439425142 0.09441385613970643 2.9973464082094488 1.8419906445587655
0.0032448569058545216 0.2713572378138702 3.05215171581577 2.059668574225463
5.8041434476508585e-05 0.16792666662381492 3.1263264582681307 1.375456535522001
0.007847039240708198 0.12101209712214184 3.279004413175615 1.1816662734071652
0.005699423422273783 0.5488804834233996 3.2851100173340386 1.9388892307015289
0.0054407473400150605 0.2542428638916688 3.479537347766977 1.7140197510114366
0.0047383940529954136 0.09021070666444063 3.1711701652911697 2.9566450129661788
0.005267376984903992 0.05564597442043598 3.141684137287749 2.990357263806342
-0.004372983248981394 0.36553453229156907 3.3112108614727256 1.7566055666880005
-0.009823247869684689 0.3283056735571221 3.2944660685113702 2.634693152306566
-0.005684258425219711 0.4190552130298727 3.2268345057182692 2.3693510637911013
-0.0019488033382472868 0.5490934348363521 3.4873239672280323 1.5088142521007053
-0.0004437520722187392 0.2620413180723466 3.4862138751261664 2.9517677928371486
-0.005141679534329156 0.019657554981415443 3.2710984084003467 1.6020973137670502
0.007105136269505692 0.6116202222455401 3.403855649397134 1.4847163359214006
-0.0029127191261422696 0.5776481446642622 3.167464836581426 2.0371114894209366
0.00807999393864061 0.6160624899374064 3.503588615119065 2.4986154362261743
-0.0019833735792178864 0.645090464911487 3.128691481620589 1.5523652509807304
-0.0010215583124052517 0.34371778751157356 3.293702647110573 2.3971648087867434
0.00011965426865700383 0.2680828167314965 3.3054770600212255 2.753628581353178
-0.004427766606826812 0.6282906260091246 3.3190304950347302 2.1267220872900343
0.009726857331170142 0.12119497742084326 3.07381783365213 2.2366247491380715
0.002240279543782543 0.5099877459900175 3.2180287178197684 2.389467843087488
0.007844042694645618 0.2580994162712159 3.0884542695091 1.5377542415660115
-0.007454417202272422 0.2868734965724684 3.4263902452179735 2.7533436093493626
0.0022279949899936336 0.3330431173668001 3.1910738559886926 1.3042433054758387
-0.005027902998220097 0.46990069400251727 3.327354687628079 1.8311703269972532
-0.004393784613835876 0.5468906705992795 3.1317347603997496 1.602354088489466
0.009961111325336777 0.43132540652689694 3.3788187993987377 2.2581448794877828
0.005003397044235549 0.12931894490312806 2.999107402448747 1.1827871626102926
0.003656660208140758 0.2432366696631516 3.5040921150821616 2.350281080869373
0.003487198506122346 0.30588728149468114 3.490836139231944 1.7314379006991718
0.0069928318024251816 0.29692383759136104 3.394953730660043 2.6437961149089793
-0.004916378381916439 0.042612776147500364 3.023679795751282 1.710524860141512
0.0005677316872094934 0.17470407825354023 3.267551625503018 2.094920285547903
-0.005278206885545537 0.6141515828724139 3.146027390998375 1.9213907315101697
0.0028931112524713098 0.3670785438385554 3.024997982041059 1.9074734696807196
0.005537437367868629 0.5407363728165404 2.984069476359299 1.0350857985019206
0.005278104079280176 0.14063407646771636 3.4875982401147674 1.3954229021767934
-0.008988080407181867 0.14074523247807963 3.4547659211410258 2.970447185232697
-0.0023240914452381982 0.08024661323713025 3.058293077298238 1.1273446660208397
-0.006280490781299358 0.30874243444776506 3.294390094305456 2.031587635462105
0.0033319241003772044 0.6838460895072924 3.2400273531733257 2.126733995905669
-0.006052018169630273 0.0979216167152422 3.37221319067009 2.8890568859962666
0.00975509669819819 0.16522022765070601 3.2024478515340356 1.9355875171734964
-0.0003662377582131914 0.5018540195727601 3.324456294268718 1.4067043358247764
0.007704830958201252 0.63973001553292 3.291365760147472 1.2841368618319402
0.00881688521311697 0.022110982186851424 3.407948187711806 1.602683109379962
-0.006811203219252225 0.6155594039394143 3.1897428885385524 1.6492878027823603
-0.005164362307892302 0.46478682140722516 2.989424202856844 1.2542361062337428
0.005742402537829641 0.149592766055063 3.2075644023983014 2.133950444015208
0.0025898229053115864 0.2868539521050046 3.2853364060817642 2.8227067799809626
0.008869936207930118 0.6684761945719505 3.3279727752621744 1.4155216000349762
0.0013997978478177452 0.051737295929664556 3.2967761399053197 2.1300367081915303
-0.004055857054834673 0.5571940894714698 3.095794693242649 1.5816575826755714
-0.0022344748060681378 0.1677197388802499 3.4811059290370943 1.8462274199495763
-0.0012886832148723973 0.10624676589745141 3.4653607645074853 1.3318966670212489
0.0093919339993502 0.3271201596071611 3.1534850900665528 2.5306566691687533
0.008197957971665866 0.34880770181155807 3.418163989695091 1.5333641489339167
0.006588372706634035 0.21624510893825544 3.256963782171133 2.0935417247580324
-0.0037241439966873326 0.42525025840871616 3.1028027375636578 1.3250352949930684
0.0045584064373015275 0.01789621743954502 2.998281318011851 2.149089777909396
-0.00913702933295705 0.0004914170965727716 2.973890180231559 2.157464924344005
-0.0034000153369384903 0.024024963821352024 3.2703003711210643 1.8019079177868074
-0.004653174635431884 0.1188165427246071 2.999107987465972 1.8920979030654568
0.008387927826528951 0.3714369842951273 3.0473244398196946 1.2626520134919361
-0.0024968959727342827 0.3208329319238842 3.4720020639627225 2.0272046953203575
-0.0075401965494682815 0.17040835330490622 3.380488041567352 2.432645186078605
-0.0029332471831080356 0.5488018945074551 3.5096476996199417 2.2909524604480964
0.003547835378878343 0.09863239087370512 3.3398181341937767 2.3250531893755744
-0.005075237523465984 0.44171778720887367 3.0380977672740332 1.0968973710683632
-0.00455824407644091 0.1962822904565102 3.037579495198681 1.245780023436288
-0.0037959086157711456 0.4267865116120433 3.2977573550661523 2.7239854794116622
-0.005041327687702365 0.048880764359482576 2.9968530733970242 1.69162734952497
-0.008589293225052821 0.6426420355695565 3.3186229111564334 2.854132910776558
-0.009240420438054486 0.41073113912257564 3.4984866776400136 2.837000155948931
0.009261293215896853 0.10683138714260679 3.350141403531613 1.2919855977306702
-0.009065092308970079 0.2648540473779235 3.410955989532924 2.524513913474118
0.00017384738784475932 0.13389441897274518 3.1417951474950976 1.4305714237143305
0.00024373401665460544 0.42649197842448505 3.2463962829746227 2.607644926784929
0.0024707413973597317 0.6459475358340374 3.415016451638013 1.503142590879551
0.005412645456475616 0.5061715369745257 3.3592609103112383 1.7537036628211893
-0.0036692687347835906 0.6929718290026294 3.3186097449707157 2.706380497148448
0.007006134822548408 0.3073517092173941 3.1450588891180455 1.2504963330305254
-0.0034463561248717434 0.5787799836841784 3.201980511085975 1.492668935108497
0.007946337753249343 0.35108031025303166 3.093009113406282 1.789902547687669
0.001284470491676324 0.09093170026477077 3.318425601813395 2.206649571540739
0.009966407970715284 0.0451392972199286 3.106426716225136 1.5492688935086203
-0.008860576258328914 0.19895645223506855 3.1313897707907556 2.9228367834885045
0.009703170592042568 0.44531235774864236 3.456011162925754 1.5840588784073046
0.005375613070523368 0.6216787868418807 3.164626780962678 2.3577569194862034
-0.003804627579012586 0.36743594133581037 3.142922681940102 1.5620406435510503
0.004775556427792579 0.020891920900452443 3.494629446606019 2.5032077182555312
0.008011105369711191 0.04880137707242682 3.128965700952002 1.178849432377595
0.0006944209964688983 0.6664171753229033 3.420106771066413 1.3486144312766495
0.00819712281493817 0.03764405852188202 3.4480037735778466 2.4698684490678344
0.009940869353196751 0.5067489164472705 3.066069971648411 2.2551353609529428
0.003200822526621167 0.6861832035350671 3.214338677247214 2.3483123324057393
0.0006738534208421462 0.5887121127368911 3.22784883444422 1.4946061194017555
0.008561765002129207 0.020355847124706603 3.165272986091555 2.144071804074128
-0.009486752910883111 0.2293254316208057 3.4764274030018005 2.9730270764268765
0.006507786528836105 0.06328584314820113 3.2103878150630765 1.1151607632267926
0.006653632164335844 0.037158788263087356 3.176891342098726 1.727799140505753
0.008538842269751195 0.3185609050479476 3.4413887898364934 1.0648229291936748
0.009141256227744506 0.3700463833518652 3.1987696955496827 2.4741887181863502
-0.00338365898914435 0.04113699087242633 3.023833809075944 2.800854065709924
0.0009612297659469624 0.6647038253571809 3.40867959670278 1.9965799554620232
-0.0046253513116858835 0.5543097551712048 3.234292055782708 1.6095611620120203
-0.004649922263054639 0.5718163255310198 3.1781368370807597 2.0023856229986006
0.0011707909863246896 0.219309554337638 3.1981758638842472 2.610581948644326
0.007826227811866503 0.07208982253754992 3.1127262847458423 2.601245905018925
0.002962314444404697 0.14824512210284002 3.1278979962685827 2.4508154135240523
0.005615799382948322 0.30055366780009707 3.0130213394174774 2.924561100610739
0.003770193019505704 0.38900005779841657 3.474487861874545 1.902219490344881
-0.00817178791327292 0.5944539642294171 3.507860366489206 2.9122671421851214
0.007681996488715925 0.23519222865003114 3.0908951012105117 1.0998696438386093
-0.002163767688958462 0.6496864615954354 3.5283894574155528 2.0409529512230074
0.005351893221463582 0.5038198405626764 3.47884945520896 1.3658992029419563
0.00984305522283239 0.061296238865821674 2.951278539291007 1.481724576323647
0.004668297797284715 0.07763909859056645 3.3501690987060617 2.2473173461339195
-0.008221140918004908 0.11833872049315361 3.2042566767646026 1.0977677337904272
0.006238673686631021 0.2700891450945564 3.1491007170322964 2.3887976883834012
-0.0004185846862770088 0.5680155907598335 3.513124896868498 2.287198319932812
-0.00822647837084507 0.4411256117030886 3.3684010782433242 2.7533042064538886
0.008338238490501897 0.5372171669816288 2.987268556117296 2.2037787473609436
0.00580648938699891 0.10312249691705933 3.101933265902226 2.1999693670044027
0.004625677933766031 0.6740247166689236 3.4303018603189797 1.1977644767182336
0.0038731638787831363 0.11854543746073137 3.1815608935820014 2.615247120228246
0.0005162471963324842 0.6229206987751064 3.3145127011513185 2.1729741193222125
-0.0018190777624036416 0.49067250304237564 3.465034295470042 1.3366156735997647
-0.0028256374816745845 0.32589209366737504 3.160157169785396 2.608728258598276
0.004833000185561492 0.016524535756518355 3.416027452701606 1.872815449760853
0.00902136362012605 0.351751964746925 3.4589081453805304 1.5691012329949086
0.009634274225949166 0.3036990690323802 3.5106304699682847 1.5453595207484616
-0.003863217535479243 0.21493246176120656 3.3374977731738924 2.6484420581379693
0.009499225043275147 0.2849498769059566 3.0175733681211634 1.24675600801728
0.002140520910520522 0.680464480085183 3.2494916503703872 1.845554920537209
0.00015642174721643316 0.26398184350896736 3.298440387476648 2.6936587282322897
-0.006402733358568528 0.6717189241269037 3.172274265260455 1.676827791594838
0.0051845977419555265 0.17020718402658025 3.1142563138956905 2.5295807972368225
0.004484148897140862 0.6906633508790307 3.448944547999435 1.3497057866638722
0.00302802171400985 0.512222473251565 3.5081414070215042 1.2083496855080378
-0.005999487501623829 0.5399002529086541 3.2568235851928202 2.1154528186933383
-0.008466087597906796 0.09758039433936033 3.0746535730762847 2.603031764136893
-0.0046916182941536 0.20763917670941942 3.222113016031231 2.807367598862864
0.00964937314102686 0.0442772068288807 3.0078576092485085 1.904547039839895
0.0014498817947338422 0.47065570379614086 3.2365712622143383 1.0477500147231245
-0.006587088931090541 0.5089803545240619 3.020062040163851 2.291958153418835
-0.0027918345413707503 0.2125850896406087 3.484852681280393 2.9725570318261636
0.009718822560882141 0.2606424851040097 3.1171633702961725 1.5728437474641757
-0.008332383593936201 0.10154250949535593 3.0192682444572023 1.3211768260091394
-0.0021176592856537923 0.24916195140927055 3.273212311271643 1.1107794692838793
-0.009419908721063627 0.15484897245580542 2.973244631387457 1.4469783526472195
0.00984419327387643 0.5065083068886147 3.063530697322766 2.236620557351774
-0.0021994909650516915 0.38316463190805017 3.445777347854317 2.7878286840836948
-0.003037551618944376 0.09963688571859128 3.3034129278187163 1.7781851730360203
0.0009640003301611185 0.543069273744195 3.4968390496336337 1.2401506258875727
0.003685713106227447 0.4224058352729754 3.484175650716366 1.1203305881827823
-0.002127925511723485 0.14641142502445076 3.5177326241381315 1.785803349283356
-0.0023698859633656194 0.010070873953394177 3.4937907401949384 1.9093734537959206
0.009839345426340768 0.1403128548066274 3.0445463322118274 1.5031604821561273
0.004264430076410439 0.50815557448293 3.4478362426555376 1.2746778008148734
-0.002101721469047713 0.1990993962802886 3.017730509742777 1.6527100282629126
-0.006956788827948979 0.08782035172621822 3.516095631195224 2.0922138694122925
0.0022597939726664504 0.6690326355560865 3.216640427834366 2.900167496163517
-0.00147789198387639 0.10238969146096649 3.3772548584840414 1.4558295814733935
-0.004403191543874674 0.44420443632563644 3.4878077884577023 2.4846240280526155
-0.0067165224315024535 0.6314947360766286 3.007701195284691 1.237125966325093
0.00911156125981797 0.38508797709048653 3.0909031564799228 2.80381490797515
-0.008845636157039916 0.6100546128932703 3.3753409929331952 1.7225767606186557
-0.00658444842194964 0.02746762493138999 3.1270182979769645 1.3215868973693727
0.0017525675190147184 0.3728943742447548 3.1950500903911836 1.1611259495901085
-5.4826191420550424e-05 0.21765284722236894 3.3509131105494454 1.7230342698306664
0.0009292450000060294 0.4832528595158866 3.2575851413895265 1.0132711442000473
0.0021737689923264827 0.15629559811090682 3.3315968120147184 2.5882790440448407
-0.005752120918112908 0.16717967363717806 3.521156937935966 1.9187999611385629
0.005106164102776783 0.34275393447003744 3.150128162801583 2.9086618780411513
0.007531398514676767 0.3877809664977825 3.423147067811182 2.8808077044709908
-0.0092648305507155 0.26507137849551554 2.9572468729407655 1.5778163043360907
-0.0014136685007932826 0.16998124779663004 3.3300885512401917 2.3471942082397783
0.000635320286288934 0.36730441339813824 3.1236247256661915 1.8017460155256424
0.00852317273443693 0.08701566335903146 3.323811438292287 1.47634557866292
0.002396491452009234 0.007028696661052325 3.1861470707353163 1.2973629145897436
0.0026832892642712266 0.695486025107526 3.413539197595624 1.4164711915946775
-0.009855658183724535 0.24554220195281368 2.9483700868011415 1.650071979454626
0.004676350647682431 0.535391371316325 3.341839709583793 1.6359360486335734
0.0063230437242942006 0.07253050944937989 2.9506186780347305 1.0022666364297914
0.005061809387677734 0.04369202134462177 3.3880739726411275 2.157834341519332
-0.004577413229261567 0.1392473533046771 3.2627874413259477 1.9435694857805959
-0.009151110397435904 0.18447254817756958 3.0881560624807625 2.595086855196317
-0.006464187958180842 0.14733713611605626 2.9676478719214474 1.5320728813833688
-0.0032227962936218317 0.5059552691055322 3.433121630825654 1.9518220855651625
0.009105268027330993 0.292746794387891 3.4414724875091856 1.2842566654316436
-0.005136891284951617 0.017387687127334697 3.1206199500706435 1.3916917642349131
0.0021057963445258844 0.4858320706380246 3.166436384314463 1.8104603645189599
-0.0049639828496952365 0.38967375205840227 3.095211495954268 1.2315977114436656
-0.0008782231730182829 0.029794015123669748 3.041627296904893 1.948669724826037
0.008944181771112442 0.03839132620361249 3.291821887738588 1.8256487026778845
0.00325802207736689 0.19165059643533994 3.1490079037575227 2.900050500196678
-0.003798465727199029 0.16650122468976192 3.4995263621109616 2.8536881077870504
0.0014859730676867189 0.48838737134809784 3.2873031588771893 1.4933922938993247
-0.001358810572140599 0.4965070239587816 3.3071445038358305 2.319787695825833
0.009278715816939119 0.2143784120497946 3.2801537739285105 2.3860962196248363
-0.008625972564450825 0.2156216006034476 3.45307890258278 2.905225810342711
-0.009614984207652071 0.2636865957356762 3.5214732082049127 2.144792442385979
0.0019674269047130696 0.696779270024204 3.441677084047465 1.4595670452910454
0.0008434078067093807 0.107007814530927 3.3091706418055478 1.5442356868578768
-0.00149811414947113 0.28385171008050725 3.520252402862935 2.8763714246701317
0.001694069929925119 0.5607135467680519 3.14636360100919 1.4697588240321324
0.007673100931594259 0.38638512992466373 3.001834950422009 2.059460870661261
0.008990959330066071 0.3673406403045505 3.2221605624809646 2.549497127198771
-0.0017434178248874992 0.1735556731798973 3.1736617018113193 1.503676532909144
0.0031594588322558016 0.5069939653795313 3.4292597866708285 1.3840031339023293
0.0027588667682753344 0.4404002144137915 3.516570724324279 1.08993749510973
-0.007712757378852081 0.16725552239130387 3.355511689637622 2.689412722964006
0.007825254656941796 0.16205544077727593 3.109562960686542 1.4351952691519574
0.004977351281978111 0.11726051563489648 2.9953769522788267 1.148615182829402
0.004049395456703731 0.2245279966271497 3.4237465635318647 1.0867864705543226
-0.00019583697727223494 0.19223955524077152 3.1297930856876888 1.1546218519103923
0.008869183511908605 0.3586863307404381 3.4540396125879016 1.5798456639004506
-0.0056095049038941795 0.21116854662816742 3.501171694392808 1.8329210033698249
0.004683378592846791 0.5199331213915336 3.4314951340830007 2.9396380607850032
-0.009455821925242079 0.20665071218470177 3.4584775827656293 2.510037155939549
-0.006977589008456929 0.07177768335699039 3.1194609298838745 1.081883047261998
-0.0050910834712961615 0.26296158284164917 3.4917198105585827 1.9087452248033958
-0.008766856477527278 0.4318242737371514 3.4217685120900496 2.747582635836185
0.006681108268965295 0.27277601644005633 3.1528303439747676 1.7898434966203491
0.0072379621085152 0.6735837226597886 3.4480493334759723 2.532849999886696
-0.0007171300004091222 0.13136385683218516 2.9288304640899843 1.5718683504960587
0.009408178633355944 0.026877136303007032 3.1620224182066163 2.904865636179814
0.0018722315013733042 0.6472909070121367 3.399809787418225 1.524589985196532
0.006910555347436429 0.39251084943849096 3.320889619105699 1.249389979495209
0.0012126403058244622 0.4669292200752599 3.3640987914585234 2.1366878683563213
-0.004406464069686389 0.29864551594545913 3.2424988810715263 2.7899198132212275
-0.002537736897305934 0.28943842970481004 3.0233397308701804 1.6444539031838679
-0.0032470705788187836 0.31721740424530603 3.292824201067864 2.8916859423722667
-0.008882529946251255 0.24618960869191966 3.4348608218605277 2.2254771758377228
-0.008944791052282783 0.014436196435287346 3.1447894889901757 2.416579399921565
0.005021673503140696 0.09408938167454656 3.1045379401782274 1.4133245946574808
-0.009049106622806266 0.6916460077831112 3.4229495315938183 2.623095681119734
-0.0023177342982777438 0.2766365440370146 3.0232244289597885 1.363921405756283
0.006754844438098749 0.060795730589830496 3.080110061515741 1.478689901826945
0.005105309972821511 0.15075227886986436 3.4663717447730087 1.0229324887926516
0.0006760404110655781 0.6887052782302633 3.4309753408679646 1.4341003405491601
-0.009886786902582045 0.020048452767161218 3.215350153792925 2.5395112075949453
-0.006872498139661365 0.039522151769634084 3.117331074413125 1.408416908497434
0.004735629448781613 0.683612870302623 3.4339307248312685 1.2368495086515903
0.0076063387935094585 0.48209052845673406 3.0495830412030656 1.2263326772582133
0.009662292679843594 0.01756183445000184 3.3058839639866604 1.0320571983427866
0.005262979516938015 0.5594108346986855 3.3539903974476224 2.933569336885133
-6.0155668602287354e-05 0.6254883213653085 3.441793429438393 2.854969446419847
-0.00017939320787640524 0.3268063700799057 3.08205990747842 1.8422490873582602
-0.006015638808217064 0.17579446375338986 3.2632820077083906 1.6227415331910486
-0.009148201374724526 0.008761765531543675 3.1504478529430844 2.503515854207513
0.006240918769731887 0.038141193109086154 3.378315451113426 2.7892671968456137
-0.0050979415340794525 0.26989988472162874 3.2270183475763883 2.8603315023589513
0.002273556807356391 0.32971795429473305 3.2867670849430537 2.970748304011415
0.0009292450000060294 0.4832528595158866 3.2575851413895265 1.0132711442000473
0.008546639263075109 0.3179905128274062 3.2723255350839335 2.722730887413738
-0.005522771940847961 0.35696301987724777 3.087661967907247 1.2134599094046499
-0.004009613177589597 0.5783258840745444 3.432650930957443 2.2685019147483394
-0.007747633713913847 0.5533800258571385 3.0477217164605115 2.6677295769111984
-0.003113209183163753 0.35673377467412193 3.438745325741756 2.1033607557156184
-0.007281784716460692 0.3021346997757617 3.4640506083671676 2.1769679204083596
-0.005330412933491801 0.4192075096425187 3.1700794201277525 2.637155642643307
-0.008192893603579315 0.675242801452079 3.3424693886141523 2.3302433505629208
0.007968426206143355 0.12312536076819142 3.3615928845286582 1.557604652239693
0.0038937192368827082 0.17886367160350164 3.461846869161293 1.0326578553554975
0.007866304474553318 0.21145111454337845 3.1307577560346416 1.451948142530168
-0.004616420587023524 0.09428787088616936 2.960509876814012 1.0981289947962392
-0.009868397917144044 0.544035864858361 3.298905376989342 2.470395387682546
0.0061320859215723 0.4707725132010983 3.2040131607753666 1.4781149735394974
-0.004372983248981394 0.36553453229156907 3.3112108614727256 1.7566055666880005
0.009869579622312134 0.5514039741096555 3.136134814593878 2.4396588514283186
0.0017574263899570704 0.038942725844890363 3.4200749180024848 2.1947555711276063
0.009154510201264702 0.38307831677083126 3.1251603646031034 2.534491329254183
-0.006524767554055096 0.014152399355703255 3.483121604980781 1.6150837916473086
-0.0033806026558067335 0.5852930446632544 3.161325070467287 2.043561027689417
-0.006090808982877964 0.24627557348633275 3.2073233317034164 2.9504598448049357
0.0039661716492803735 0.5250500764889656 3.2092864938689343 2.9659713030409423
0.006916671124481535 0.39260861981869566 3.3208413612250047 1.249468166205936
-0.0074989951310786875 0.021243636674352057 3.0060409385631632 2.1761051952452437
-0.008831722816445356 0.25621745187116485 3.5001073876149342 2.020291574525659
-0.009393969770715632 0.22710607440161773 3.2768151577995686 1.205579974235323
0.003596498564513443 0.0427358204891517 3.4797050230381124 2.891441494446672
0.00827788955241885 0.03267853265702614 3.448756024971488 2.4965676845749663
-0.0023698859633656194 0.010070873953394177 3.4937907401949384 1.9093734537959206
0.005439447146564686 0.507484016807399 3.206308907628837 2.3459288570295853
0.006200506546413307 0.4776164567297947 3.3069670264426687 2.65838138107286
0.0005639723732992988 0.002256399100035944 3.1331868433631187 2.2081003633978185
-0.0051348615806636275 0.506445832164816 2.9943783049723924 2.343185107612868
-0.0010123977793520872 0.06312787122806052 2.982785417127916 2.6154710139657524
0.0008620029295837669 0.5184315917359776 3.352619753893831 1.4381328615118698
0.0036832785191934503 0.04074197758223794 3.264244705245745 1.507645435643647
-0.0023734949027047845 0.37447820467598614 3.379572182580043 2.498318425921412
-0.008126298576912678 0.23462673411213936 3.317451351327536 1.4138986750698166
0.00021881732744425363 0.2976817646518663 3.253017833835739 2.7011389110513195
0.0011048225338263938 0.6069795013884955 3.32413166577597 2.1652113707130773
-0.0031721555591634858 0.0018423888411111533 3.214451762956884 1.5539239719993334
0.0054091688457959105 0.15250157469002212 3.233970700177755 2.4724175752052453
-0.0046258443824393975 0.30281617427300567 3.0490045586035355 1.248345293288132
0.0020506758136014627 0.6421867429215153 3.2180208588828783 1.9042229252372662
0.0033800210875593465 0.007982715305142746 3.4008249752335287 2.4898146211034478
0.009145536012082147 0.1771966751162756 3.4015240040887873 1.735115711537171
-0.004464284315853104 0.6292807501374199 3.3210592543296364 2.12881915611777
0.0027792647358406333 0.16468660318244133 3.1632514726256806 2.483711445895575
-0.00513817016334752 0.4006489960692546 3.0211432849060644 2.441996898649591
0.009432002298011367 0.6584309101602476 3.462847432272661 2.5215959096243608
-0.004435750433795442 0.3330960808662663 3.3629733527310677 1.9569516811184136
0.005225728751358412 0.09420005124449238 2.979425827883129 1.0602134231496194
0.0025698414577532366 0.2091170462318815 3.4774235547954953 1.0563111303913204
-0.0010085902848970224 0.06821996432862559 3.100589590080664 1.2657961972906489
0.0014319106801714242 0.0767799003501553 3.45949319411794 2.7379888905013727
-0.0026898274215848856 0.3852407726037797 3.3310740361236735 2.703548162054738
0.0011364042462972271 0.024281835335445985 3.193400460516834 1.1999003756238373
0.009966407970715284 0.0451392972199286 3.106426716225136 1.5492688935086203
-0.004991267004009205 0.016013600782000627 3.2571256083675064 1.5825355304487823
-0.008082239008725218 0.3461170904830533 3.47844964939534 2.1988267107203643
-0.009629608891836651 0.2032570891770471 3.48174879642032 2.970711200760583
0.008855050894758562 0.2710667741948369 3.464581422164329 1.4883921667456526
-0.0007147247575654736 0.5143718647876835 3.435546945824275 1.7959831676312696
-0.009486752910883111 0.2293254316208057 3.4764274030018005 2.9730270764268765
0.002951710800701976 0.6102621851591061 3.096735120249734 1.1705366139708537
0.008586538139886551 0.12904001960906702 2.9980909717989124 2.272710012951846
0.0006223088570898741 0.6597087942628876 3.215057608594848 1.980639560112253
0.008715800237231019 0.366092233003994 3.218042686096056 2.5216969737299544
0.002951139679756125 0.19748172424483473 3.1159072507613885 2.3303237619846655
0.0014661142025713487 0.17138406988882335 2.998213061933644 2.6031398550984846
-0.005622980753465837 0.11916234113342317 3.248199947389396 1.8119257007241145
-0.005601853246608213 0.2332820975748909 3.0042709468601267 2.401737988430655
0.007620424696587047 0.6750609359522106 3.3054709871051413 1.4425728126712771
-0.0017248494465102078 0.5709342866078947 3.4947703574870332 2.990801003632728
-0.009049106622806266 0.6916460077831112 3.4229495315938183 2.623095681119734
-0.006512307722580033 0.2206579566290996 3.2890957385561146 2.3282563494665363
-0.008474613768752073 0.17526797358538937 3.050966719216862 1.3761977402661303
-0.004422463610368149 0.01761427198339449 3.0440183024259135 1.8031035665551287
0.0005974548592308539 0.49714803631011106 3.314387513862405 1.6116567719398691
0.009298575724447436 0.4109007314018976 3.316627422909665 1.1183172063609597
0.007833664921828645 0.3974989138878265 3.147369640845107 2.6774840507329984
-0.0026182309724594273 0.21205214436143696 3.3920136524669267 2.845618728593408
0.00968893187035547 0.20331254914803956 3.427254087431689 1.6230080190448204
-0.0013823559610191697 0.12175179147626963 3.1640128163736176 1.2107960880458923
0.0017758690852212487 0.6301695241909329 3.479450366033066 1.2658836232784834
-0.006668279653286691 0.6065595464898644 3.4241722038678755 1.253310112405258
0.0073488760972816175 0.189898509459971 3.340221780845512 1.0440514577763207
-0.0014071211616563176 0.3248991183309119 3.253089861397717 1.6203500065350376
-0.004036146769044405 0.6047012940981222 3.469809699631421 1.6456837275412566
0.0052134952678726185 0.09497890604115766 2.9809154525161397 1.0616278931346024
-0.0015214833890593252 0.6377635367666065 3.520169477047875 2.0624008726874177
-0.0052354592200988745 0.5136414865717398 3.4944368261305976 2.4891545848345142
0.005012157317324875 0.1286874498434027 2.998836590038544 1.1828347455362618
0.0050872831162384 0.5142929366394907 3.4088465872479268 2.911260525326027
0.0005241794246448545 0.5561582520318851 3.169197563586739 2.8694986062461925
-0.006177997415503969 0.3681461685064707 3.1722814849754157 1.5881648359358198
0.0083236530040451 0.46434125793330683 3.5035535806608107 1.572443817041904
0.006329298625005886 0.042123160995747505 3.222949594256919 1.1618972678699273
0.009620610457747182 0.03713861672894325 3.0852442625480183 2.3343159701947123
0.007309926781193507 0.5711291063515456 3.3963157057621474 1.3678820299253887
0.00840623756664086 0.6238434107910018 3.3305921627977155 1.4002209798414356
-0.008868420307762548 0.41707718047735726 3.1687313177666536 2.7318154657653926
-0.0028010199971802334 0.639534156288983 3.4754314976414 2.9912685409552573
0.009571302080612926 0.05030752927907403 3.193784673641891 2.93884962707018
0.008781167796965037 0.09938431235319034 3.3252996723617754 2.035121767362696
0.005830706932832313 0.02734316177029622 3.0008210637289547 1.6126803071610423
0.00740597352397135 0.05674677067653955 3.2682100847324933 2.223478053594634
0.009754813632067365 0.4424694676664415 3.447966689386091 1.5631734574658105
-0.005478264218829384 0.13914149861247496 3.198695988663241 1.5861673507798497
-0.0025864176624648106 0.30482873522977033 3.3746342057809713 1.8476167621649298
0.000681227673540139 0.09968555617747923 3.07100117690997 2.8648767312262295
0.009000530774983709 0.050889051221499726 3.4953883819024214 1.2946384108689197
-0.009193190816852949 0.6590040235727714 2.958283500038233 1.0831288817773006
0.00784479788423769 0.05397168204869385 3.0804011385002816 2.026755625579614
0.002364418863199173 0.1786734416874447 3.3355013842668404 2.976191075189177
0.0005277826837804108 0.36836793798942125 3.175840609576109 1.7397581914253575
0.0017003327386166324 0.5714362979130044 3.196987617748413 2.5521865683749083
0.004730705295479045 0.6895045155612525 3.25489794473254 2.4157528938261397
0.007969995864740056 0.13518766507771582 3.0280483533525606 2.2355687264703183
0.004730163952666633 0.21747481196930102 3.395527686038607 1.0085687192342792
0.0078030399557415895 0.4327851847630327 3.395920904159522 2.7909012735510808
0.007523548016048355 0.21568133963652847 3.135162156447055 1.4781587695166236
0.007855597371142673 0.1437305171974183 3.0572455790678177 2.12710592763176
0.004955217669409052 0.39962325129969034 3.4669191009896467 2.499682896422759
-0.001347812340239939 0.5145328846310101 3.4843592189317176 2.936507824966422
0.009727630911085118 0.10300649645680826 3.5284201583708987 1.5757871042696037
-0.008101067529607257 0.23451600884515775 3.3145484096088067 1.378297068880448
-0.0001519636791333422 0.08291443423945602 3.371953995119838 1.4989612811675836
0.009932087077930614 0.02808976190830799 3.4009773145991002 1.5764922301593756
-0.009567209422948534 0.020160116747174106 3.2215782684623546 2.5295967519335427
0.007514416232004086 0.18751079105260984 3.3335215291000915 1.0857100013513503
0.0038829922977819563 0.5547570688632797 3.213327708400179 1.3293292944843014
0.009662375358331459 0.029797685868808786 3.159157399708883 2.883940475227407
0.006828400286480218 0.30924456306717657 3.5160335241172107 1.0081872403565688
0.002376603762194682 0.15124329424351052 3.15652797629619 2.5363490397655766
-0.001761653296390709 0.570757198578069 3.4862755961795497 1.5311055789115158
-0.004036661461969233 0.2446921344554327 3.4082503834446016 2.86015672872229
0.005873808684988279 0.04946380442693449 3.226234732297794 1.4656144587826754
0.009831124852186651 0.06285385241109952 3.4616897095710533 2.841422009009996
-0.0007917787865420085 0.1850052691766838 3.1928724739558274 2.462644083040438
0.00918818491742935 0.07364235108871074 3.057172847800292 2.154905089700386
-0.008130252386708704 0.2638829128913599 3.4407079218838117 2.8251451081288614
0.0077650702370696024 0.036168328250448745 3.067535125445381 1.2407235376678911
0.0033640788756312866 0.4938163769946046 2.9393572221637543 1.1556290710238417
0.008319643977895487 0.010575552676474607 3.2032921627166466 1.925743257349382
0.002724320660887707 0.42138462925460357 3.3549841049606495 2.5485593793798076
-0.0050569408704114124 0.5622270922505508 3.4177912032669115 2.8572453040438317
-0.0013520493111252464 0.45282728851843185 3.5219715208493785 1.7190978264325476
-0.004478012943324804 0.023790874654588068 3.365923846563186 1.8503723517677977
0.009142907923288375 0.19311528669702013 3.249040888442005 2.1586315613069984
0.004092925410886118 0.27980647473069953 3.0632168089065024 2.687487309663422
0.008329872731168923 0.4248299665077547 3.1660940507330184 2.2599652885894157
0.0072005924016380835 0.6377605071391694 3.5031054949437723 1.7683329868750977
-0.008752439951938704 0.08002564876729151 3.049686591766225 1.3361808436412472
0.008087381538952242 0.26935883088250906 2.9544222703411114 2.867815346358335
-0.009230947205485939 0.25889108993515836 3.396725190174255 2.6606099354732193
0.0036129742548207094 0.3099852812961471 3.1147601247405516 1.9029515008354778
-0.007758567273518268 0.19013840452537645 3.42153966349585 2.1421948540239946
-0.008468341340892005 0.1788582329883077 3.241368329900753 2.7201308600738963
-0.00998648426754023 0.21428774114591323 3.408610978960474 2.791128287063483
-0.007699123539665505 0.3288235079085704 3.453003902896376 2.4038447532426344
0.007920317329666691 0.5081602628437446 3.338524917028214 1.2000141392509902
-0.009505690065782679 0.15842812419336705 3.503109926814658 1.467722763485969
-0.009800709007436357 0.17179902539099323 3.2638862785146565 2.926615623972971
0.00912042036169064 0.6139208044226715 3.390085218979382 2.5445008727450293
0.00862795307580111 0.06661923884864103 3.1002903312974186 2.2557029331098057
0.006250390828117231 0.01973743065932454 3.1104014532638993 2.919374613273022
-0.007281494026683355 0.6124757040003237 3.1972941765046143 1.6029301461426653
-0.006801759781812855 0.3514066966908054 3.1222936813498414 2.6975041936284456
0.0016470331804885833 0.02198767735260393 3.4314007740367667 1.6993744840182634
0.005906255482407627 0.08719414050430994 3.4093659231719786 2.528199673565511
0.006679368980926802 0.298953167393312 3.191776794855164 1.9529826656922797
0.00882733851745112 0.11728099676092729 3.5111575111266577 1.5333277973230923
0.008442773546656521 0.6822707543638198 3.218524306729231 1.6975749031255272
0.00019407737376212625 0.02358231448924608 3.349347052157177 1.9919027067130566
0.003893936069341794 0.3931117596302248 3.1533996015196606 2.014341207910146
0.006823271532649927 0.3348944016809981 3.4896763767418566 2.2191567240650865
0.0024707413973597317 0.6459475358340374 3.415016451638013 1.503142590879551
-0.007871283100294628 0.506624978780898 3.3632201470965453 1.8066751492907036
-0.0010023757704792236 0.1310307480465549 3.432804768671101 1.3385545431229942
-0.006695987848889743 0.0833367633640576 2.9833209740762237 1.7811647278548643
-0.003747990628333921 0.4333256346523361 3.497304016197744 2.419141790336675
0.008259764794095438 0.3829926005860723 3.067788328469394 1.037224190339276
0.003658644477723003 0.12248099248770271 2.9664821095573712 1.030223949021515
0.0033640788756312866 0.4938163769946046 2.9393572221637543 1.1556290710238417
0.005040687352390065 0.08654491064315128 3.0301663793827323 2.4396427796266944
-0.003714747326901335 0.6409203440903487 3.1058543071268527 2.2630174962422704
0.003790916250846558 0.5264138506021104 3.4385389838173217 2.982354083002084
0.004252833114912858 0.6962440774042888 3.433693300949285 1.123595790255713
0.007175764156379345 0.040907615683876575 3.004900549168106 1.1872261860459108
0.008079850710091822 0.4520674668842456 3.0597782209113538 1.2900166899367764
0.0004417376224075042 0.5387537554672556 3.498358445078287 1.0483715816965944
-0.0043794118469337616 0.001061680650460639 3.0366354738891688 1.79910293110471
0.004305650432863792 0.2061611907753803 3.4243934729167984 1.0597704536961121
-0.002370425447339739 0.42910225723078316 3.17817259605514 1.4136233888510739
0.00535233924893279 0.05296371976482499 3.0187091135566564 1.6287655507104923
-0.007145908010185874 0.13467538165982956 2.9934246824583273 2.731511024259322
-0.0034444546491773113 0.36302391714087945 3.1599361194536506 1.468553911348837
0.004616057855266228 0.5781251523921944 3.4469841917732182 1.544472391020105
0.0022116850883159367 0.40775227663261826 2.95657304980343 1.1620965137506176
-0.006233114697693249 0.21794981193950785 3.0124108839911354 2.1609831998340807
-0.005187920414170653 0.46393083352051934 2.9877479435613408 1.242629678608857
0.00947674031015038 0.20030745915067136 3.2687759157418528 2.454171902279688
-0.0031343924765603634 0.34964529823281815 3.121393282459187 1.6608002530222499
0.003016383579889046 0.6708240919986439 3.2516646670958687 1.8000644984359342
0.0061813216448336015 0.44909471282442254 3.3427310783835313 2.797912957276502
-0.009213013105528231 0.1691155838094872 3.3425097510492465 2.5677973184109764
0.007257477491878988 0.6278083902742815 3.4562826949600596 2.0185803147487347
-0.007642618497127151 0.2706801432328394 2.9468538923459437 1.0969095308701557
0.003071734470934986 0.5863215993099117 3.356074736541317 1.828970118778702
0.004822027906448579 0.5644302196099846 3.2093626119398446 1.3740483994289963
-0.002805204762736758 0.11567672526693504 3.1298474703532397 2.258900310673781
-0.00962862031522519 0.29471308337618746 2.949553861987649 2.230369666876404
-0.007810873134090077 0.44007140319374527 3.1285797871573293 2.1198683149131528
0.007249978804527352 0.02318375702428921 3.2343446997340424 1.9855573163704892
0.007969530517316251 0.5034078683042054 3.2874495201276397 2.7373544023182497
0.007578427355371603 0.038094392206193664 3.2143471607019785 1.4348490451989069
-0.005012668788267817 0.5658590847131758 3.1260773217817928 1.6128242938103412
0.004883718519502 0.21634363777065652 3.3878037508387826 1.0099161523615672
0.007015101521120616 0.05212323467950977 3.1679331808023177 1.9444633596771217
-0.006912380416490325 0.3459730316378716 2.9769869062155823 2.2926655183427345
-0.009708275742205926 0.1841615453520812 3.3262591368380097 1.8459341900477229
0.004421090514863835 0.5765186966458317 3.1317434677671834 1.128137532399888
0.004027656352262658 0.5298596539414492 3.4352580124783536 2.9843967644395537
0.004699554103961055 0.4808213586426441 2.9500669642840758 2.4801176542044376
-0.001299949493210057 0.45667601463072927 3.4722300227832905 1.7071132265446556
-0.007206888229582225 0.4300725214313471 3.1809924395093168 1.9098044543969763
0.007024199328296098 0.3794593383304737 3.412894652730525 1.1688518333338358
0.0027362112120511853 0.4952391049544571 3.185609717075498 2.269187191437537
0.000995454683243286 0.04864486112098232 3.2968534963943332 2.2692417804288216
0.0002746005476282967 0.20916585928743348 3.260506785026749 1.3131206910364985
-0.0065603974238330545 0.340932396034367 2.999698311191905 2.350358904904741
0.009665481578083663 0.3750604565550071 3.0815615401589107 2.826287164524839
-0.006206672437655094 0.2170972190061642 3.2652769458663173 1.3751974849924298
-0.007458316950927567 0.47663364192465213 3.3112241393739894 2.093986698949151
0.008435008364925747 0.1274131055456907 3.5014316287437395 1.177939353364933
-0.001299631006845766 0.5567735060578012 3.3130272540286456 2.260471751770904
0.0028157907496950737 0.48906833855133786 3.421009469675145 2.8657135702800574
-0.009964303884407078 0.227953327143197 3.3452380668300266 2.7862475526652117
0.003541530410463077 0.06811477375668301 3.3345867807648877 2.1469774353369564
-0.003930623643230941 0.15595869961300812 3.4324315465905966 2.0916218496749464
0.001959985495715278 0.6974157844837184 3.4417050101585374 1.4584707840995819
0.002904319538452443 0.48999451560947394 3.317451057018766 1.7585614676881218
0.008319643977895487 0.010575552676474607 3.2032921627166466 1.925743257349382
0.00682780978533503 0.028129908590655728 3.494447849319099 1.1478481680944483
-0.009700498269028465 0.26646036114054 3.4647232835531248 1.754303112432482
0.006564783258966359 0.20455277149871529 2.9839223279206224 1.375074663743207
-0.0028050404932303185 0.052473797139294565 3.0203188305890913 1.124525925753034
0.009637013719306718 0.17804723338053688 3.43722462263692 1.6361958065326476
0.007373367123516994 0.03847921090027706 3.214304021911155 1.4623776242802162
0.00261355759722918 0.5640315842502714 3.4415387496684753 2.9885473116206986
-0.0003452829901805284 0.03770465361288666 3.159108825867813 2.4287967795311323
-0.006115438711494324 0.5527042650222669 3.482993385529581 2.7519682263426595
-0.004142794103559165 0.47794795980642996 3.1918831600381465 1.2439546123158702
-0.000496682343190784 0.5591622945104667 3.516626469138896 1.0901684806077823
-0.006739861548062425 0.41945396281533387 3.264545306057418 2.3359654088723714
-0.0007654818415447198 0.2684801428612055 3.4868122839022155 2.9867899885338924
0.00548539991782019 0.6178553993177152 3.158336065627843 2.3516497357638793
0.0035329613632696065 0.04389265006705348 3.4776381404568757 2.8850787797720576
-0.0004835405338347717 0.09678160553449516 3.4819056057358595 2.2824119254175086
-0.005258022788902876 0.20671039524534796 3.197268294669409 2.100047362610974
-0.006222070154156037 0.32538096100642167 3.370578424065799 2.173148282605117
-0.0033633438334006093 0.6891398969287928 3.397976494006902 1.9324537278216194
0.00842860044053514 0.47389758639719265 3.0474925586336643 1.1902191369867194
-0.0012264745818065925 0.10561823841960019 3.3914225962702673 2.939816058772894
0.008700950859389732 0.004668640999921758 3.3459670281433973 1.6009171404370235
0.005452553903026876 0.18036835036705917 3.4611762627666636 1.071273783500628
-0.006705988429826094 0.5372002971743332 3.0344716378483927 1.4867739106396372
-0.0020618773655219002 0.3444184978453867 3.3005013674743413 2.759503967307854
0.0023904280016508496 0.543961072093081 3.203953980801234 2.3744908608226845
-0.004625760836133528 0.2682215782058679 3.139962247472246 2.4412407779234253
-0.004189524185813569 0.023284495589929954 3.0350148736410487 1.370060697660214
0.007668399302880476 0.3068863732960755 3.487714357665326 1.0143128082592074
0.007078595009760526 0.40994799952114586 3.146339346943595 1.0581597841126884
-0.008717417212738512 0.2611046171987882 3.411478038859311 2.2844902554482487
0.00963509249968281 0.17850653055398313 3.4369767630642496 1.6349887432394177
0.007328601111731953 0.4171679560396349 3.142023921306383 1.0645735468519724
-0.003886685555841813 0.2618940728648661 3.4195045682428375 1.8149806831443565
0.004562034841596086 0.3647865361284099 3.0474157467159126 1.963006496387076
-0.006951916356341856 0.2604078129579637 3.1293109883334376 1.9279115352267087
0.003321674718276724 0.6758971026667564 3.161020288057154 1.1711108293859334
-0.0008893645723963778 0.08183683353997029 2.9543308830544475 1.3946390341477333
0.0010691528694558462 0.03307843854791648 3.3725392257757365 1.8216801797126045
0.006336756515601137 0.15974078760142085 3.3334139284727096 2.5071062164496953
0.005109847556594132 0.11439366260784428 3.1371577808436673 1.0713189851557867
0.005218940831348129 0.274732599037252 3.1879946348407655 2.1279178199239306
-0.002441493837604632 0.549712043478638 3.494457056011797 1.099785288632117
-0.009919263204701663 0.23271197368412824 3.347402983675015 2.7481738003178853
0.008749341402706638 0.6690416030902413 3.3089667827021234 1.377737099159297
-0.005746809913807494 0.5503593563191036 3.0866951298921785 1.5074811570003932
0.00046357384190492783 0.211923382684893 3.3506136147253613 2.689761821215302
-0.006666544242323167 0.37478495563573666 3.3611814163981033 2.170263452049863
0.003656660208140758 0.2432366696631516 3.5040921150821616 2.350281080869373
-0.006247270126696023 0.49695715461618784 3.0644245461620296 1.0748658786494434
0.009085585248721828 0.17882985500151127 3.4030033432433524 1.7324782872616686
0.009724302521009205 0.15313619342261467 3.2071557621270435 1.6559518998068796
-0.006611527104735662 0.4622062338292781 3.1783662177722456 1.8451567270428852
-0.009808434268495059 0.18340454092455252 3.326597882464379 1.8298318812230367
-0.008290361059675932 0.42899645853123736 3.4056876750278313 1.7004147863736592
-0.00016772299967805424 0.651710561150572 3.4220140069997433 1.4113126660833886
0.004426448303765228 0.5502310221556266 3.3552433212188104 1.6074180625047905
0.009693830796874456 0.41595434503287054 3.2530314174263557 2.9563126741862407
-0.005537060296952772 0.6232842650393472 3.2947277920624787 2.2531448327289114
-0.005064580966951164 0.45177796832406575 3.0295318885458364 1.1508511632976646
0.007977598463707637 0.20556606096686328 3.2516598582597607 2.6537314170593986
-0.0005820682487050321 0.26554544935948904 3.2887660819684448 2.884301261076443
0.005257712250554279 0.42231449866422993 3.3321845531569174 2.44973054369353
-0.007916248444859247 0.26516859507324037 3.0115390411545646 2.1194425539518935
-0.0035741550315937995 0.5827778298669886 3.4759971693229184 1.6907009328016
-0.006003354504106974 0.3273226711161393 3.083149104685449 1.0916660972121803
0.001006994709896165 0.6671116668604669 3.4206745169046195 1.434855904636699
0.007339630776630441 0.02596439188421662 3.209639455758553 1.9419180783113392
0.008371914810679747 0.0209725300084746 3.128191624173934 2.098954394432119
0.005590886070834735 0.11130162059593819 3.2336443585886805 1.200472002710711
-0.0020928208257276733 0.6499071200608694 3.0940743824657204 1.5054551205262767
0.0049824360318856 0.26999536428714555 3.4071580834622965 2.3201375286652475
0.006400144038186744 0.6692186134911368 3.4489718747855553 1.974464848539451
-0.005458920415969907 0.3047814511101785 3.032214108861858 1.1814011024943343
-0.009613206530485283 0.16774454093825358 3.4994360678857444 1.47216586787973
-0.004677867484052301 0.5458974617044747 3.2515845276434985 2.1263160382028277
0.002681117258563309 0.1229766826254256 3.224527311767096 2.5701048268359084
0.002850459515351198 0.44637762402082576 3.3596827789313912 2.2489716916754654
-0.009504474920100838 0.15654950380805838 3.2873894667012773 1.820972322713674
-0.008681225992174574 0.3476637380981656 3.356442009531134 2.494039936859074
-0.009797373064582055 0.2958330298641876 2.942513083340983 1.364532520374469
-0.0078598044378348 0.37391040440762074 3.094920525264738 2.96868683687749
-0.0076763625201295566 0.27984972994794066 2.951012200890952 1.1484472098030134
0.0005957859423272455 0.6030078178084726 3.2466830748179882 1.504585955051517
-0.003136752467763475 0.3616913863124224 3.330788951245922 2.67071573687683
-0.005214317440039605 0.07863644457577734 3.1862831246605987 1.4307049226878377
0.008401638057788412 0.09439768158458273 3.3050992141961855 2.8062728461128543
0.0001341260428900223 0.29306446625634563 3.5037676414874066 2.5761800736545832
0.007541426652831659 0.0876811310148921 3.1793206919347585 2.208866838943967
-0.006856151360657651 0.3038891146652022 3.4372932538895538 2.667976608128403
-0.009620979673624123 0.3213413119139182 3.1274462119798336 1.4012550799837236
-0.005145040075900164 0.3193618594795114 3.019215350875146 1.0225404163497165
0.008491353224521521 0.10616417817162588 3.2285829759416784 1.823935057678317
-0.006591381409376411 0.6423128618826279 3.0952555315498493 1.5041487136045446
0.009161248303359786 0.045669780350252154 3.5165469071561986 1.248487958123238
-0.0037302002931128243 0.1747125981273574 3.0663940062717443 1.2883308472463648
0.005862135425062224 0.09805003267333134 3.3240431341926873 2.547836574945235
-0.00541256914296738 0.3952809325051466 3.0435835106012825 2.0723193480195965
0.0008134968482343564 0.34208262731074024 3.2278157259107614 2.442947348370291
-0.0014139312774931346 0.18711764322419083 2.934207468853385 1.431101457621101
-0.009522639897495301 0.24410038033443898 3.463004611639589 2.588894940050017
-0.0035244260947904314 0.431013118614231 3.2203874226809743 2.48650496336385
-0.006183084345955048 0.32309931276793175 3.0642076837943 1.8769155970790692
0.002689414717252136 0.6964241310468514 3.4135071788558142 1.4166006864788145
0.005311509465563486 0.21608573237779202 3.1124034641606806 1.2814527706321939
0.006163492404963365 0.11115918085351884 3.048652098342594 1.4571609145419422
0.007836086125544893 0.3740857630711878 3.1270118908716826 2.7266803081211717
-0.002983032140082922 0.03663866443083835 3.3163843764204177 1.3095057967873767
0.005001530671191053 0.5364604306625734 3.2480450968342356 1.4488365255743911
0.009132633216071124 0.17928205303147712 3.404015737990732 1.7318313343657101
-0.001611545275127748 0.3628657174427703 3.270534720233923 2.360689739683869
0.0028368254893585375 0.36731927507931933 3.05577811830856 1.785460654796148
-0.005276334214215039 0.08963885185808912 3.0049723392263457 1.7881035744622795
0.005538571833996899 0.25023288468468874 3.007140626359714 2.9552735994457926
-0.0030726477198839055 0.2256698019601049 3.346327457747031 2.7171349206898046
-0.007261402250474993 0.6877688356789806 3.33433341676691 2.938096300134572
0.007463940025041945 0.06129805858954174 3.2196960600147255 2.1395509922265576
-0.003924786341037503 0.421340508316397 3.412762920462031 1.6411978803125193
0.007488339085342157 0.16588813022751334 3.042118626467971 2.379091469443618
-0.0033174505572776698 0.5268959566196254 3.324407348941633 1.6601755630831514
0.0027910553727369903 0.1248469075661384 3.2263561161514636 2.5592009955852175
0.005812998379969606 0.10313140039368882 3.2808896911427805 2.628781226936713
0.0056462313476638906 0.10398302528482528 3.414904772849697 2.9057458992134286
0.00633345757419264 0.23302271788947967 3.0013402011877477 1.152235411050691
-0.007499791394261359 0.2182901899293351 3.2356889247720333 2.6001982642666834
0.008296240191705107 0.24703177266085768 3.4049527066779377 1.0394735337045904
0.0071794811901768575 0.048156217980724225 3.0525192273976587 2.5718265582518285
0.007175764156379345 0.040907615683876575 3.004900549168106 1.1872261860459108
0.005363058491843042 0.06483870827104303 3.1430277659752552 2.9672061512367445
0.005977469167765406 0.3454950255306223 3.1917573007435536 1.4509166790696844
-0.005223668942160939 0.39766501095937595 3.2651145374832553 2.3441474811737675
-0.009244186086574705 0.6002195321296775 3.037559961550227 1.4264258111610468
-0.003928723632141074 0.16311629917495946 2.9376241419334876 1.8119255304971593
0.003794403231129558 0.6332801896225916 3.394197816895356 1.2762278192438932
-0.00945024855733287 0.42074992378430215 3.3853883545061425 2.3632171404775852
-0.003472073940098258 0.46426955640985823 3.0205777704481256 1.4021126061962061
-0.0016274064098622315 0.49785595721245085 3.4659689625134726 1.3057332079097754
0.005531655979843404 0.5384336533133717 2.9805288762906006 1.0254713807979423
-0.0025521440216517708 0.39239747585839346 3.290350063807085 2.889928466793677
-0.0004309597520333816 0.5443750940546733 3.5285330972929203 1.3119023117520727
-0.0004133474918142088 0.09609689315846318 3.3884543958118356 1.5572018564905787
-0.006087141807394007 0.5222180316242127 3.3571079242622863 2.9833277368765074
-0.006851792473357302 0.08544859832577256 3.373809338923824 2.9454606611582888
0.007253589978132746 0.2456454278875631 3.138396642278718 2.7896898972267272
-0.000820681265516445 0.6684860657743489 3.1692044758171867 2.5221778961279124
-0.000498709928817175 0.5457621180635371 3.449497980970536 1.711922908985091
0.006838004533007756 0.5779690627151814 3.448276786542598 2.4909570804725014
-0.000530484902427796 0.1837204037256809 3.112971001394856 1.3050227396932113
0.009939860231749354 0.29935840463513175 3.4924018707996423 1.399233231504712
-0.000599377896755791 0.5753338872228103 3.424362107307558 1.7677875149825468
0.005497845702297614 0.3298070061989153 3.1289660486599447 2.831192610654997
0.004351231863487289 0.1329184988423448 3.5176268210347823 2.2607402190832113
-0.004605105513737471 0.1437768490234927 3.5213745788696724 2.847072334616154
0.007050100800165098 0.5689064912395068 3.4629167203835407 1.2016800767515987
-0.00903452968817277 0.48722981065578663 3.2190780278718543 1.8970104374445205
0.0005641401667927852 0.4980862303643606 3.1573008412190533 2.7101732667542153
0.00736370097418047 0.23131401703796478 3.2465279879473092 1.2616427637640335
0.005023867759890607 0.1925933170451175 3.2174708760346213 2.2953450273172438
0.00479789833722007 0.4959258495814755 3.4664962833540773 1.3980556515050937
0.004700708796575717 0.07084741406676565 3.1381498319920826 2.9233327595735235
-0.00029349807381032363 0.42744625286502874 3.507590426182694 1.6471952650333057
0.007801342075027012 0.2015475549237843 3.149931165870682 2.1526227563479123
0.0013891227541354169 0.4876933645561922 3.2830667686263286 1.4872769115111018
0.0014319106801714242 0.0767799003501553 3.45949319411794 2.7379888905013727
0.006160704956781358 0.04473252108191289 3.2687624045945745 2.1273763978369944
0.0060662814524665345 0.4516588317067901 3.3713576524343725 1.1784428701093597
-0.009801219701204875 0.03903616556349432 3.26467242441543 2.7796308560931635
-0.0019471143994624178 0.13209161043097448 3.485389837341421 1.387070829994569
0.0011249010087163542 0.47280764134785125 3.494599883533062 1.6894006304354838
0.0008306354396921973 0.29148912202608734 3.1752433175114065 1.688984522127653
0.009918466273667275 0.4438061220939058 3.1939019583603354 2.6965973268959456
-0.003986362748226274 0.3158937856318733 3.096040957288257 2.8363929465964994
0.009805586695457447 0.3131724799944329 3.4840357787454055 1.3960853601678407
-0.004080746975287878 0.03117614902737048 3.3601021864259857 1.865016085207553
-0.007487958688816817 0.4772837403361619 3.3111408031778877 2.094092209537595
0.003777225626868247 0.41105772041556915 3.484200616206332 1.1800933361165178
-0.0047797873919963995 0.004372250986193205 3.4701793641174485 1.7483891336992767
-0.009433648575119765 0.4587631542264137 2.972884452970142 1.0796754512000497
-0.00995247780111555 0.2948998317429655 3.339053259558219 2.5250637708289316
0.00105728804872216 0.4361579026837462 2.9573482501703996 1.8587034665318298
0.009079995457697363 0.2790239823344695 3.25725737244473 1.8854857088967993
-0.0008235616506050061 0.14259974817047189 3.1972680485955065 1.1045605375385312
0.008546639263075109 0.3179905128274062 3.2723255350839335 2.722730887413738
-0.0009994331582344916 0.11303835072170848 3.0659634793888437 2.4498045226402327
0.007364247173402958 0.17168275285779724 2.987289392549121 1.152548558384868
0.007941921703484525 0.3690893374564685 3.19500070156205 1.0949660607044305
0.008923814471309792 0.14367781487617232 3.4772187673007573 1.626437559205202
-0.008277317763419893 0.20093036413901544 3.2105635532723196 2.7641120699782267
0.0037224330947394036 0.0921103279958987 3.5167026944145072 2.347716917634684
0.00529785677034326 0.3319353346093433 3.125860328679602 2.99979719140934
0.006501569346069045 0.28622414613499403 3.054892115128078 2.4713723119054976
-0.004991075485352101 0.20509765091007282 3.344552065577588 2.097962401086279
6.731793791404017e-05 0.3739584540651477 3.286467821674437 2.8444614305069087
-0.002397090460216151 0.01927134004164592 3.143251672483461 1.3905341267512092
-0.001276323608428935 0.009002273969466401 3.1484809128689615 1.5043554675149649
-0.00511136602584492 0.3172969630180702 3.528802593979681 2.798690117103894
-0.007149749776826921 0.19858096934892597 3.265783421917206 2.4081070682035888
0.008894321766452058 0.20952309617352421 3.0695330166237036 2.4106813357997603
0.0083256756392545 0.29632598337576554 3.3068383331001887 2.6329088086283106
-0.0029718276120493225 0.13373608065253578 3.5258866982944443 1.766768350313892
-0.009506477251242186 0.16979136699233788 3.3157851412393864 1.7358679230143153
-0.009792050194201065 0.21344885898955723 3.4729324392225287 2.6435125343429293
-0.0046802906708825935 0.2451174566857632 3.3477255334225307 2.0563685702541945
-0.0023944779788209556 0.10585992984640341 3.290652168076745 1.6500550018158324
