10.000000 0.000000 0.000000 0.000000 0.000000 0.000000 0.000000 0.000000
10.139395 0.000000 0.000000 0.000000 0.000000 0.000000 0.000000 0.000000
10.280732 0.000000 0.000000 0.000000 0.000000 0.000000 0.000000 0.000000
10.424040 0.000000 0.000000 0.000000 0.000000 0.000000 0.000000 0.000000
10.569346 0.000000 0.000000 0.000000 0.000000 0.000000 0.000000 0.000000
10.716676 0.000000 0.000000 0.000000 0.000000 0.000000 0.000000 0.000000
10.866061 0.000000 0.000000 0.000000 0.000000 0.000000 0.000000 0.000000
11.017528 0.000000 0.000000 0.000000 0.000000 0.000000 0.000000 0.000000
11.171107 0.000000 0.000000 0.000000 0.000000 0.000000 0.000000 0.000000
11.326826 0.000000 0.000000 0.000000 0.000000 0.000000 0.000000 0.000000
11.484715 0.000000 0.000000 0.000000 0.000000 0.000000 0.000000 0.000000
11.644806 0.000000 0.000000 0.000000 0.000000 0.000000 0.000000 0.000000
11.807128 0.000000 0.000000 0.000000 0.000000 0.000000 0.000000 0.000000
11.971713 0.000000 0.000000 0.000000 0.000000 0.000000 0.000000 0.000000
12.138593 0.000000 0.000000 0.000000 0.000000 0.000000 0.000000 0.000000
12.307798 0.000000 0.000000 0.000000 0.000000 0.000000 0.000000 0.000000
12.479362 0.000000 0.000000 0.000000 0.000000 0.000000 0.000000 0.000000
12.653318 0.000000 0.000000 0.000000 0.000000 0.000000 0.000000 0.000000
12.829698 0.000000 0.000000 0.000000 0.000000 0.000000 0.000000 0.000000
13.008537 0.000000 0.000000 0.000000 0.000000 0.000000 0.000000 0.000000
13.189869 0.000000 0.000000 0.000000 0.000000 0.000000 0.000000 0.000000
13.373729 0.000000 0.000000 0.000000 0.000000 0.000000 0.000000 0.000000
13.560151 0.000000 0.000000 0.000000 0.000000 0.000000 0.000000 0.000000
13.749172 0.000000 0.000000 0.000000 0.000000 0.000000 0.000000 0.000000
13.940828 0.000000 0.000000 0.000000 0.000000 0.000000 0.000000 0.000000
14.135156 0.000000 0.000000 0.000000 0.000000 0.000000 0.000000 0.000000
14.332192 0.000000 0.000000 0.000000 0.000000 0.000000 0.000000 0.000000
14.531975 0.000000 0.000000 0.000000 0.000000 0.000000 0.000000 0.000000
14.734543 0.000000 0.000000 0.000000 0.000000 0.000000 0.000000 0.000000
14.939935 0.000000 0.000000 0.000000 0.000000 0.000000 0.000000 0.000000
15.148189 0.000000 0.000000 0.000000 0.000000 0.000000 0.000000 0.000000
15.359347 0.000000 0.000000 0.000000 0.000000 0.000000 0.000000 0.000000
15.573448 0.000000 0.000000 0.000000 0.000000 0.000000 0.000000 0.000000
15.790533 0.000000 0.000000 0.000000 0.000000 0.000000 0.000000 0.000000
16.010645 0.000000 0.000000 0.000000 0.000000 0.000000 0.000000 0.000000
16.233824 0.000000 0.000000 0.000000 0.000000 0.000000 0.000000 0.000000
16.460115 0.000000 0.000000 0.000000 0.000000 0.000000 0.000000 0.000000
16.689560 0.000000 0.000000 0.000000 0.000000 0.000000 0.000000 0.000000
16.922204 0.000000 0.000000 0.000000 0.000000 0.000000 0.000000 0.000000
17.158090 1083.184754 862.010706 1246.362186 705.395821 1459.754868 570.924604 1645.358409
17.397264 1082.602912 861.773965 1245.561141 705.336620 1458.216656 570.862043 1644.139317
17.639773 1082.364838 861.694700 1244.771485 705.276589 1456.655343 570.798604 1642.902308
17.885662 1082.163355 861.630793 1244.466665 705.215716 1455.070556 570.734273 1641.647104
18.134978 1081.951827 861.561084 1243.936581 705.140922 1453.490027 570.645247 1640.366612
18.387770 1081.736233 861.489664 1243.380691 705.063124 1451.889917 570.551408 1639.066229
18.644085 1081.517589 861.417242 1242.976611 704.984232 1450.265700 570.456246 1637.746666
18.903974 1081.386731 861.343804 1242.566765 704.904232 1448.616983 570.359741 1636.407623
19.167485 1081.304385 861.267239 1242.141818 704.818558 1446.971020 570.250898 1635.046068
19.434669 1081.167471 861.188864 1241.707551 704.730083 1445.309921 570.136662 1633.663417
19.705578 1080.596425 861.109389 1241.267075 704.640363 1443.623716 570.020809 1632.260297
19.980263 1080.356167 861.028798 1240.751590 704.549380 1441.911993 569.903318 1630.836386
20.258777 1080.110502 860.946869 1240.074879 704.457059 1440.200061 569.781792 1629.391655
20.541173 1079.860079 860.863657 1239.384846 704.363402 1438.478619 569.657032 1627.925667
20.827506 1079.606105 860.779278 1238.684802 704.268426 1436.731074 569.530505 1626.437895
21.117830 1079.348530 860.693713 1237.974595 704.172113 1434.956997 569.402186 1624.927994
21.412202 1079.086496 860.607645 1237.251090 704.076510 1433.178402 569.274612 1623.397730
21.710676 1078.779457 860.521120 1236.513851 703.981789 1431.397000 569.147995 1621.846949
22.013311 1078.225146 860.433381 1235.765887 703.885735 1429.588500 569.019584 1620.273036
22.320165 1077.662817 860.344410 1235.007034 703.788329 1427.752452 568.889353 1618.675620
22.631296 1077.091584 860.255146 1234.235820 703.692697 1426.037263 568.761688 1617.057231
22.946764 1076.510672 860.166390 1233.396361 703.601512 1424.711214 568.640334 1615.419981
23.266629 1075.921342 860.076388 1232.443180 703.509044 1423.365418 568.517262 1613.758212
23.590953 1075.323467 859.985122 1231.059741 703.415275 1421.999563 568.392447 1612.071530
23.919798 1074.716798 859.893341 1229.609669 703.322690 1420.616302 568.269827 1610.362273
24.253227 1074.100899 859.802946 1228.174237 703.237524 1419.664589 568.159269 1608.636885
24.591304 1073.476054 859.711280 1226.717081 703.151160 1418.931730 568.047147 1606.885556
24.934094 1072.842128 859.618327 1225.742185 703.063581 1418.188268 567.933440 1605.107862
25.281661 1072.199061 859.524413 1225.027055 702.975970 1417.433536 567.820115 1603.304919
25.634074 1071.547388 859.432484 1224.298326 702.898629 1416.662987 567.724266 1601.489566
25.991399 1070.886226 859.339264 1223.558996 702.820201 1415.881269 567.627064 1599.646805
26.353705 1070.215431 859.244734 1222.808905 702.740671 1415.088214 567.528491 1597.776187
26.721062 1069.433570 859.148875 1222.047887 702.660023 1414.283650 567.428525 1595.877255
27.093539 1068.661540 859.055027 1221.128941 702.591470 1413.462023 567.348999 1593.969090
27.471208 1068.151675 858.959979 1220.025444 702.522426 1412.628264 567.269132 1592.032689
27.854142 1067.634454 858.568365 1219.012772 702.452413 1410.540093 567.188140 1590.066888
28.242413 1067.193878 858.114578 1218.593743 702.381417 1408.309086 567.106007 1588.071200
28.636097 1066.575929 857.657001 1218.054492 702.320528 1406.099660 567.041767 1586.065412
29.035269 1066.034067 857.193343 1217.218084 702.260970 1403.866979 566.980373 1584.033067
29.440005 1065.484370 856.757770 1216.331359 702.200577 1401.599545 566.918117 1581.969726
29.850382 1064.804099 856.636031 1215.166200 702.139337 1399.474979 566.854985 1579.874872
30.266481 1063.872637 856.514528 1213.997709 702.086578 1398.423734 566.806356 1577.768150
30.688379 1063.610960 856.392127 1212.891099 702.036973 1397.352050 566.763458 1575.637605
31.116158 1063.199058 856.268002 1212.329847 701.986673 1396.264588 566.719959 1573.474415
31.549901 1062.606185 856.142129 1211.760506 701.935669 1395.161101 566.675851 1571.278031
31.989689 1062.322683 856.015152 1210.592402 701.890952 1394.033148 566.642696 1569.066914
32.435608 1062.037607 855.886878 1209.232425 701.850759 1392.882509 566.617588 1566.835795
32.887743 1061.748478 855.756796 1207.875794 701.810003 1391.714860 566.592128 1564.570327
33.346180 1061.455239 855.624881 1206.506554 701.768677 1390.529933 566.566311 1562.269925
33.811008 1060.696049 855.490950 1205.354108 701.731957 1389.322394 566.548143 1559.950859
34.282315 1059.866188 855.354937 1204.299550 701.701141 1388.090679 566.539630 1557.616839
34.760192 1059.146638 855.217006 1203.397811 701.669893 1386.840677 566.530997 1555.246707
35.244730 1058.847586 855.077129 1202.658074 701.638209 1385.572100 566.522245 1552.839843
35.736022 1058.141732 854.934719 1201.899130 701.609401 1384.282050 566.518280 1550.409249
36.234163 1057.178489 854.789097 1200.792513 701.587314 1382.951721 566.524795 1547.970176
36.739248 1056.200922 854.641421 1199.521736 701.564918 1380.774502 566.531401 1545.493174
37.251373 1055.208803 854.491660 1198.231869 701.542209 1378.563423 566.538098 1542.977584
37.770637 1054.225761 854.339193 1197.132683 701.521015 1376.323979 566.547268 1540.431884
38.297139 1053.952520 854.182036 1196.275894 701.507382 1374.075720 566.566768 1537.885700
38.830980 1053.675397 854.022659 1195.406536 701.493557 1371.792360 566.586540 1535.299713
39.372263 1053.394337 853.861030 1193.798036 701.479540 1369.473285 566.606587 1532.673224
39.921091 1052.778057 853.696856 1193.003847 701.465865 1367.120249 566.627514 1530.008811
40.477570 1051.693693 853.526304 1192.108334 701.460352 1364.767358 566.658087 1527.353725
41.041805 1051.210256 853.353340 1190.577241 701.454761 1362.577016 566.689083 1524.656909
41.613906 1050.719854 853.177929 1189.022793 701.449093 1360.895056 566.720511 1521.917621
42.193981 1050.222381 853.000036 1187.445977 701.443345 1359.187526 566.752374 1519.135106
42.782142 1049.415176 852.814744 1185.855405 701.445033 1357.472781 566.792210 1516.365424
43.378502 1049.129262 852.626468 1184.672221 701.447300 1355.733310 566.833154 1513.556169
43.983175 1048.166425 852.435525 1183.749516 701.449598 1353.967310 566.874667 1510.702421
44.596276 1047.170583 852.241876 1182.526741 701.451929 1352.174338 566.916755 1507.803379
45.217924 1046.571826 852.040726 1181.035471 701.460408 1349.980196 566.964943 1504.912777
45.848238 1045.274617 851.835542 1179.346125 701.470523 1347.876605 567.015168 1501.989762
46.487337 1043.884746 851.627447 1177.899407 701.480779 1346.026296 567.066089 1499.020183
47.135345 1042.473608 851.416400 1176.868172 701.491177 1343.846743 567.117715 1496.003190
47.792386 1041.063973 851.198022 1176.024235 701.506651 1341.203710 567.174228 1492.988762
48.458586 1040.323987 850.974422 1174.744857 701.524753 1338.662109 567.233564 1489.951007
49.134073 1039.624095 850.747646 1173.311429 701.543106 1337.258597 567.293721 1486.864572
49.818975 1038.657433 850.517646 1171.924178 701.561715 1335.834016 567.354710 1483.728558
50.513425 1037.409720 850.280678 1170.049221 701.584417 1334.377146 567.419766 1480.587523
51.217554 1036.470931 850.037213 1168.848218 701.610673 1332.473923 567.488445 1477.434389
51.931499 1035.147197 849.790284 1167.629212 701.637295 1330.448816 567.558074 1474.230415
52.655396 1034.395491 849.012953 1166.229575 701.664287 1328.392329 567.628664 1470.974655
53.389384 1033.097612 848.189517 1164.532507 701.694501 1325.364929 567.702694 1467.704406
54.133603 1031.628113 847.361380 1162.656965 701.729184 1322.663141 567.781254 1464.435670
54.888196 1030.135991 846.980735 1160.842101 701.764348 1320.582889 567.860897 1461.113904
55.653308 1029.155779 846.890202 1158.999037 701.800002 1318.470289 567.941639 1457.738106
56.429085 1028.678449 846.798210 1156.679147 701.838092 1316.330543 568.025253 1454.336229
57.215676 1028.181255 846.231528 1155.288755 701.881614 1313.533557 568.114458 1450.952087
58.013231 1027.676884 845.905811 1154.545176 701.925739 1310.417508 568.204891 1447.512694
58.821904 1027.090964 845.745752 1152.602032 701.970477 1307.347050 568.296571 1444.016994
59.641849 1026.043918 845.582971 1150.848942 702.016909 1305.032879 568.390530 1440.481289
60.473224 1024.668769 845.608170 1148.771780 702.069838 1302.735595 568.491325 1436.982401
61.316188 1022.696032 845.670952 1146.661821 702.123501 1300.402144 568.593506 1433.426021
62.170903 1021.888869 845.734604 1144.979482 702.177908 1298.031883 568.697093 1429.811035
63.037532 1020.112576 845.748438 1142.831048 702.186902 1295.625989 568.802291 1426.139556
63.916241 1018.359280 844.941809 1141.313128 701.932495 1293.249542 568.915768 1422.527111
64.807198 1016.578457 844.534548 1139.771985 701.614095 1290.835501 569.030803 1418.854920
65.710575 1015.283792 844.348869 1138.207228 701.291109 1288.383192 569.147419 1415.121811
66.626545 1014.148186 844.099800 1136.618460 700.963470 1285.891924 569.265636 1411.326583
67.555283 1012.798387 843.006558 1135.197276 700.631523 1283.333099 569.392263 1407.588630
68.496967 1011.294259 842.398635 1133.734426 700.294838 1280.461313 569.521408 1403.802335
69.451778 1010.334196 842.430705 1131.787271 699.953293 1277.147752 569.652324 1399.952805
70.419898 1008.633705 842.463221 1129.986945 699.606818 1274.021239 569.785033 1396.038778
71.401513 1007.662663 842.494346 1128.265389 699.256460 1271.461177 569.925805 1392.171337
72.396811 1006.560385 842.105718 1126.517463 698.901380 1268.684623 570.070401 1388.273243
73.405984 1005.169374 841.703565 1124.742399 698.541166 1265.607856 570.216975 1384.309604
74.429223 1003.540638 841.086518 1122.215371 698.175741 1262.622963 570.365554 1380.279093
75.466726 1002.877456 840.405033 1120.561595 697.806741 1259.590040 570.521625 1376.281832
76.518692 1001.716827 839.714864 1119.200318 697.433373 1256.548835 570.682935 1372.274900
77.585321 1000.538645 839.014495 1117.197267 697.054597 1253.457704 570.846447 1368.200132
78.666818 998.735123 838.723730 1114.631622 696.670330 1250.315681 571.012191 1364.056136
79.763391 997.649466 838.713201 1112.766387 696.282603 1247.184966 571.184759 1359.929154
80.875249 996.118125 838.679975 1111.058140 695.891297 1244.063958 571.364100 1355.817041
82.002606 994.561853 838.122908 1108.675172 695.494312 1240.891430 571.545883 1351.634835
83.145678 993.083629 837.474636 1106.253746 695.091562 1237.666375 571.730141 1347.381077
84.304684 991.641013 836.542289 1103.820509 694.685194 1234.043854 571.920583 1343.124956
85.479845 989.872178 835.731811 1101.952905 694.276586 1230.331854 572.119644 1338.912049
86.671388 988.587671 835.488504 1099.624433 693.862037 1226.556640 572.321410 1334.626840
87.879540 987.658960 834.808281 1097.616290 693.441456 1222.716901 572.525915 1330.267802
89.104533 985.830553 834.377254 1095.157553 693.016733 1218.856923 572.735875 1325.883653
90.346602 984.567051 834.038233 1092.385267 692.591778 1215.068164 572.956731 1321.575116
91.605985 982.779017 833.348662 1090.109965 692.470570 1211.341924 573.180578 1317.192130
92.882923 981.415037 832.432309 1087.524247 692.624469 1208.154452 573.407456 1312.733107
94.177660 980.273848 831.486729 1085.683776 692.781655 1203.771716 573.638854 1308.222627
95.490446 978.520340 830.574314 1083.202858 692.949545 1199.521092 573.883908 1303.824440
96.821531 976.359576 829.650859 1080.195658 693.119734 1196.165002 574.132271 1299.349745
98.171170 975.200479 829.100209 1077.969549 693.292253 1192.884725 574.383987 1294.796886
99.539623 973.589741 828.581718 1075.159265 693.467132 1188.806053 574.639099 1290.164158
100.927151 971.586485 828.246834 1072.441298 693.654650 1184.867278 574.910981 1285.681430
102.334021 969.551654 828.033758 1069.679459 693.844809 1182.001172 575.186625 1281.121976
103.760502 967.484090 827.476876 1066.886512 694.037566 1178.783882 575.465975 1276.482338
105.206867 965.383184 826.795908 1064.341924 694.232955 1174.684633 575.749082 1271.346454
106.673394 963.480677 826.338278 1061.846344 694.440455 1170.692383 576.048959 1266.307165
108.160363 961.656333 825.712826 1059.324484 694.652291 1166.659165 576.354925 1261.222564
109.668060 959.532875 824.362906 1056.761326 694.867014 1162.588697 576.664991 1256.046072
111.196773 957.860426 822.991909 1054.355791 695.084663 1159.598996 576.979208 1250.775549
112.746796 955.703357 821.826407 1051.842953 695.313724 1156.658280 577.309822 1245.909174
114.318425 953.661355 821.591712 1049.495043 695.548985 1153.704987 577.649300 1242.625926
115.911962 951.349375 821.353678 1047.109030 695.787444 1150.702789 577.993306 1238.828744
117.527712 948.999417 820.199845 1044.737657 696.029143 1147.650723 578.341899 1233.954845
119.165984 946.691423 818.918832 1042.220912 696.281400 1144.636030 578.706136 1229.164797
120.827094 944.743903 818.729541 1039.580799 696.541867 1141.629426 579.082455 1224.402216
122.511358 942.965519 818.420675 1036.897021 696.805866 1138.572806 579.463770 1219.554258
124.219100 940.471976 817.452039 1034.334205 697.073442 1135.176929 579.850145 1214.618965
125.950646 938.088782 816.470493 1032.225057 697.350577 1131.118406 580.251175 1209.737495
127.706330 935.949723 815.638906 1029.357457 697.638055 1127.127340 580.668098 1204.927535
129.486487 933.574986 815.110269 1026.526942 697.929420 1123.066160 581.090528 1200.030843
131.291459 931.380757 814.176020 1023.542896 698.224721 1118.933320 581.518533 1195.045408
133.121590 930.647386 813.273816 1021.550848 698.528460 1114.822755 581.959859 1190.079529
134.977233 928.493918 812.956804 1019.547944 698.844758 1113.391280 582.421588 1185.234042
136.858742 926.577328 812.909843 1016.147741 699.165318 1111.331545 582.889380 1180.300702
138.766479 924.492742 812.047080 1012.688485 699.240330 1107.544863 583.363309 1175.277451
140.700809 922.397754 810.743295 1009.536601 699.271059 1103.744289 583.848764 1170.235176
142.662102 920.354238 810.395409 1006.823199 699.321254 1100.067684 584.359878 1165.367040
144.650734 917.493296 810.042520 1004.064486 699.372145 1096.327239 584.877661 1160.410195
146.667087 915.511910 808.963204 1001.259558 699.423742 1092.521580 585.402194 1155.362540
148.711546 913.831819 808.791819 998.464323 699.478408 1088.671402 585.935909 1150.252945
150.784505 911.439884 807.547025 995.896645 699.946531 1084.932430 586.501215 1146.210261
152.886359 909.008180 806.869908 993.531809 700.575211 1081.237398 587.073844 1142.561593
155.017512 906.967352 805.124216 991.410105 701.212079 1077.422722 587.653886 1138.850128
157.178372 904.733282 803.695415 989.000014 701.857234 1073.541032 588.241429 1135.074537
159.369353 902.655775 802.251756 986.887582 702.526561 1069.847019 588.864651 1131.431698
161.590875 900.714971 801.690493 983.949164 701.557447 1066.099716 589.497118 1127.734786
163.843365 898.136395 800.240097 980.960800 700.439370 1062.286681 590.137709 1123.973926
166.127252 896.102942 798.795377 977.921456 700.272202 1058.406469 590.786521 1120.147750
168.442976 894.039691 798.413995 975.111138 700.420419 1054.538172 591.469986 1116.440482
170.790980 892.010397 797.777618 972.170732 700.576320 1050.125620 592.167637 1112.707612
173.171713 889.769212 796.315390 969.179935 700.734358 1046.097273 592.874174 1108.909877
175.585633 887.686853 795.004220 966.137995 700.894563 1043.174926 593.589702 1105.347408
178.033202 885.457572 794.522601 963.222125 701.081949 1039.554757 594.338319 1102.179270
180.514888 883.229913 794.677659 961.783065 701.282690 1035.844703 595.106766 1099.028796
183.031168 880.738719 793.567086 960.050616 701.486169 1033.213909 595.884912 1095.825159
185.582523 879.063733 792.268727 956.810514 701.692425 1028.691850 596.672870 1092.567274
188.169442 877.832241 791.151404 953.447999 701.923473 1024.488672 597.491652 1089.395576
190.792422 875.523908 789.974269 951.050818 702.174322 1020.814964 598.336531 1086.277848
193.451965 873.645624 789.318092 948.605909 702.428577 1017.076497 599.191971 1083.107498
196.148581 871.776645 788.652211 945.576710 702.686282 1013.271835 600.058090 1079.883452
198.882786 869.473457 788.008680 943.068269 702.833661 1009.641869 600.952065 1076.719638
201.655104 867.563590 787.434175 940.645000 702.647401 1006.730729 601.878869 1073.649348
204.466067 865.436723 786.980928 938.372070 702.503320 1003.770389 602.817138 1070.527270
207.316213 863.547894 786.339184 936.040020 702.923128 1000.759842 603.766997 1067.352347
210.206088 862.077650 785.782305 933.797139 702.633727 997.762730 604.741183 1064.208385
213.136247 859.674780 785.595263 931.379288 702.397009 994.858725 605.755315 1061.200218
216.107251 857.698649 784.382025 928.632676 702.156911 992.164626 606.781852 1058.141387
219.119669 855.869202 783.795043 925.413832 701.913381 989.883562 607.820929 1055.030863
222.174078 853.986019 782.703769 922.354317 701.537330 986.308182 608.880283 1052.983366
225.271064 851.810374 781.633753 919.461489 701.384277 985.458448 609.986734 1050.965033
228.411221 849.957413 780.905083 916.518805 701.276103 983.324923 611.106562 1048.914601
231.595149 847.789045 779.892064 913.525846 701.166403 979.601378 612.239908 1046.831486
234.823460 846.229369 778.674495 910.722145 701.016648 975.829430 613.389151 1044.719658
238.096772 844.034591 778.413495 908.202490 700.995541 972.313012 614.592106 1042.655775
241.415712 842.223073 777.441732 906.280061 700.932376 968.734545 615.809430 1040.558943
244.780916 840.029307 777.326214 903.454786 700.868326 965.367373 617.041271 1038.428560
248.193029 837.788617 776.005645 901.029534 700.803376 962.368263 618.287777 1034.896655
251.652705 836.191207 774.504777 898.682411 700.958956 959.544356 619.587369 1031.313635
255.160607 834.559488 773.631864 896.283210 701.364600 955.493048 620.905459 1027.693620
258.717408 832.760663 772.810606 894.214215 701.775659 952.478430 622.239071 1024.010077
262.323788 830.927081 771.745295 891.878729 701.540894 950.626880 623.588361 1020.261610
265.980440 829.587654 771.247747 889.714277 701.297421 948.039726 624.984667 1016.718547
269.688063 827.795216 771.254890 887.501912 701.063803 945.245719 626.405346 1013.184342
273.447368 825.958810 770.305217 885.117628 700.934447 942.404307 627.842547 1009.588240
277.259076 824.123114 769.171456 882.460896 701.030628 939.514514 629.296431 1006.169414
281.123917 822.717266 768.011580 880.109154 701.059989 936.749482 630.790566 1003.565949
285.042632 821.010335 766.924391 877.837882 700.982437 935.035743 632.313743 1001.021440
289.015972 819.952828 766.421943 875.516759 700.879006 931.878649 633.854414 998.434841
293.044698 819.139822 766.050180 873.007934 700.389073 928.806585 635.412747 995.805327
297.129582 817.543404 765.120120 871.000285 700.241394 926.397616 637.004406 993.292541
301.271407 815.989569 764.401549 868.855702 700.163364 924.057425 638.627661 990.878324
305.470967 814.648682 763.555696 866.675807 700.084237 921.678545 640.269341 988.424433
309.729067 813.809500 762.550347 864.859072 700.003999 919.260220 641.929619 985.930101
314.046522 812.364918 761.791987 862.645280 700.122707 917.614482 643.616716 983.513409
318.424160 811.233134 760.899305 861.191866 700.298342 916.606234 645.334605 981.231786
322.862820 809.939516 759.390943 859.329097 700.115779 915.582799 647.071783 978.912929
327.363353 808.552017 758.408438 857.424954 700.825973 913.173466 648.828429 976.556126
331.926620 807.239361 757.303069 855.673034 701.586665 910.781402 650.606795 974.238562
336.553498 806.394270 756.557404 854.251428 702.362659 908.577407 652.410424 972.087589
341.244871 805.739353 755.951361 852.660241 702.721026 906.337217 654.234119 969.901762
346.001639 804.217343 755.456605 851.388176 702.906279 904.060132 656.078059 967.680425
350.824714 802.932116 755.295796 849.982698 703.094934 901.788624 657.264063 965.462152
355.715021 801.947383 754.619317 848.993332 703.291193 899.729737 658.394773 963.435007
360.673495 800.703595 753.878129 847.036147 703.490132 897.637328 659.539265 961.375241
365.701088 799.483862 753.438024 845.273313 703.116468 895.510761 660.697687 959.346532
370.798763 798.955763 753.037048 843.315133 703.097533 893.960789 661.470862 958.284999
375.967497 797.866753 752.204583 841.821116 704.094786 892.409702 661.581243 957.165995
381.208280 796.857866 751.992642 840.541122 704.025779 890.146530 661.693145 956.030055
386.522116 796.070027 751.730171 839.659141 703.992432 887.845921 661.806587 954.876901
391.910025 795.108287 750.729946 837.399957 704.399894 887.055987 661.921591 953.706249
397.373038 794.257187 750.384886 835.924959 704.104125 886.731290 662.125882 952.473212
402.912203 793.673671 749.255790 834.770708 704.205313 886.363661 662.343882 951.215789
408.528580 792.613319 748.574365 833.760820 704.310061 885.247207 662.564848 949.939139
414.223247 791.699801 747.966500 832.864889 705.114026 883.965187 662.788820 948.642939
419.997295 790.589207 747.177097 831.289429 705.027432 882.707184 663.076842 947.282642
425.851829 789.986925 746.227584 829.928538 705.106113 881.443712 663.388078 945.887350
431.787973 789.154239 745.328763 828.752136 705.185882 879.172891 663.703504 944.470503
437.806863 788.075364 744.430917 828.047512 705.266754 876.617069 664.023173 943.031734
443.909653 787.253750 743.903455 826.726283 705.390710 875.747939 664.383855 941.529125
450.097513 785.959164 743.122853 825.656008 705.541045 875.369173 664.770941 939.452287
456.371628 784.606878 742.785578 824.768489 705.693442 874.045049 665.163193 937.012631
462.733201 783.601084 742.486167 823.561879 704.921983 873.229168 665.560677 934.532465
469.183451 782.472622 741.861903 822.882196 704.405397 872.261412 665.979845 932.046524
475.723614 781.365879 741.086122 822.121876 703.915386 870.345060 666.420942 929.554731
482.354943 780.425672 740.420706 821.736488 704.071025 868.364908 667.917292 927.021365
489.078709 779.474849 739.596863 820.194243 704.478101 866.352533 669.626924 924.445597
495.896201 778.623008 738.925437 819.267465 703.905984 864.347211 671.301820 921.846054
502.808725 777.988966 738.163411 817.865678 703.374563 862.376916 672.904326 919.235868
509.817606 777.203473 737.602483 817.057431 702.835324 860.691628 674.525282 916.581708
516.924187 776.183832 737.290320 816.128300 702.605007 859.012719 676.164867 913.882680
524.129830 775.353238 736.655947 814.808512 702.806275 858.494945 676.645032 911.451806
531.435916 774.380648 736.241760 813.410269 701.652214 857.970560 676.069034 909.606110
538.843844 773.384141 735.882946 812.377635 700.709398 857.242901 675.484506 907.730855
546.355035 772.320304 734.995935 811.329265 700.180237 856.629286 674.891313 905.825497
553.970928 771.273908 734.284140 810.063464 699.645504 855.993805 674.284616 903.889665
561.692982 770.102280 733.234248 808.926362 699.413887 855.028391 673.632153 901.924078
569.522678 769.177154 732.446542 807.487152 699.568379 852.436858 672.969950 899.926709
577.461515 767.888365 731.868439 806.209901 699.331943 849.801131 672.913660 897.896961
585.511016 767.165934 730.812121 805.154638 698.748862 847.876831 673.366118 895.834224
593.672722 765.862456 729.862160 803.701296 699.128968 846.956416 673.197163 893.707555
601.948197 764.706132 729.134813 802.797424 699.384423 845.464580 671.939028 891.545595
610.339029 763.738525 728.028090 801.414309 699.366763 843.525974 670.660945 890.289682
618.846824 762.342555 726.881889 799.953185 698.759279 841.825994 669.362555 889.445561
627.473213 761.059272 725.646842 798.875494 697.906648 840.676842 668.056967 888.266474
636.219849 759.482995 724.384805 797.359903 697.035993 839.330970 666.751704 885.746923
645.088409 758.352107 723.102927 795.764463 696.152089 837.629601 665.840051 882.849943
654.080591 756.943405 721.800856 794.529265 695.356850 837.089493 664.914413 879.902842
663.198120 755.647388 720.700082 793.161490 694.306153 835.737582 663.907177 876.879738
672.442742 754.332873 719.419107 791.729147 693.328798 833.831404 662.858742 873.794370
681.816229 752.571341 718.099161 789.981087 692.025407 832.558413 661.793996 870.654831
691.320378 751.065826 716.557782 788.675683 690.713810 831.309556 660.712657 867.459928
700.957009 749.734172 715.243077 786.843825 689.744311 829.676726 659.556483 864.324682
710.727970 748.343140 713.846339 784.785454 687.984432 827.942922 658.342673 861.463694
720.635132 746.592336 712.281304 782.983153 686.910434 826.181235 657.109654 858.553091
730.680395 744.751087 710.897692 781.005005 686.071538 824.391147 655.857080 855.591807
740.865683 743.005310 709.170807 779.089222 685.112092 822.497330 654.540687 852.546732
751.192949 741.266463 707.306377 777.102511 683.690425 820.486764 653.152831 849.411265
761.664172 739.525270 705.985758 775.069555 682.203575 818.088579 651.742611 846.220230
772.281357 737.566858 704.906253 772.729812 680.692683 814.897904 650.309612 842.972380
783.046540 735.721028 703.091364 770.752461 679.270346 811.854284 648.825219 839.650348
793.961785 734.000284 701.074397 768.174618 678.414033 809.168777 647.261074 836.236768
805.029181 731.689075 699.300849 766.167488 676.978399 807.538298 645.671256 832.761318
816.250851 729.600859 697.600333 764.029427 674.989696 805.881722 644.055271 829.222550
827.628946 727.356438 695.509162 761.821306 673.514547 804.142158 642.398839 826.201515
839.165644 725.008822 693.706136 759.833326 671.620926 801.746675 640.662416 824.743547
850.863158 722.869597 691.962293 757.470985 669.695441 797.960387 638.896970 823.262619
862.723729 720.824336 690.199154 755.240577 667.676551 794.102888 637.101919 821.758324
874.749630 718.676818 688.406005 752.921585 665.668030 791.257481 635.273268 820.200705
886.943166 716.360016 686.564339 750.337456 663.734868 788.889773 633.374260 818.275606
899.306672 713.818839 684.569154 747.800972 661.664015 786.337992 631.442950 816.319037
911.842520 711.334454 682.477810 745.282562 659.485487 782.981916 629.478669 814.330394
924.553110 709.007181 680.300660 742.315256 657.269219 779.760553 627.480728 811.107775
937.440879 706.808512 677.687434 739.790177 655.057028 776.972990 625.434453 806.761104
950.508296 704.344165 675.068733 737.068270 652.808578 773.463259 623.352065 802.328032
963.757866 701.794066 672.550992 734.350600 650.520851 769.696434 621.233523 797.808016
977.192128 699.061508 670.109516 731.251483 648.192990 766.246412 619.078048 793.198696
990.813657 696.314277 667.633879 728.089810 645.882117 762.622381 616.898500 788.549498
1004.625062 693.422508 665.340373 724.957352 643.543299 758.949152 614.683682 783.818761
1018.628990 690.869582 662.551492 721.790405 641.163169 755.583948 612.429812 779.395671
1032.828126 688.124593 660.099293 718.843772 638.740805 752.504285 610.136024 775.775808
1047.225190 685.341292 657.645543 715.863377 636.599484 749.135950 607.835786 772.077336
1061.822941 682.536695 655.314422 712.772951 634.561650 745.621786 605.510007 768.304261
1076.624177 679.670321 652.895804 709.479568 632.383753 741.777665 603.142652 764.459579
1091.631734 676.592107 650.308791 706.386564 629.603091 738.133473 600.732772 760.541460
1106.848489 673.666750 647.638896 703.427879 626.852318 734.516094 598.326046 756.584413
1122.277356 670.793511 644.940620 700.645778 624.114621 730.876316 595.912476 752.579581
1137.921294 667.825971 642.174488 697.408442 621.326447 727.105105 593.455240 748.497045
1153.783300 664.478873 639.554148 694.160484 618.988027 724.158270 590.953319 744.334740
1169.866413 661.387920 636.878038 691.013161 616.454600 721.379287 588.455576 740.153427
1186.173716 658.633843 634.106409 687.603071 613.960728 717.486545 585.978071 735.972784
1202.708335 655.712953 631.283720 684.151424 611.233437 714.101829 583.455289 731.709478
1219.473437 652.375238 628.408740 681.041108 608.803423 711.093959 580.886154 727.361231
1236.472235 649.334200 625.369607 677.426162 606.256506 707.346973 578.313769 723.127407
1253.707987 646.488961 622.072486 673.900670 603.750736 703.389943 575.796000 719.156453
1271.183997 643.303097 619.224075 670.283267 601.016107 699.354896 573.231844 715.107632
1288.903612 640.030366 616.213303 666.643666 597.963173 695.239691 570.242260 710.978832
1306.870230 637.030573 613.283191 663.249779 595.657756 691.087232 567.195432 706.809561
1325.087292 633.989964 610.296049 659.869889 592.956951 687.066648 564.274401 703.513569
1343.558290 630.601509 607.608308 656.449550 590.444566 683.274772 561.297131 700.355479
1362.286764 627.317284 604.537496 652.580962 587.617872 679.242428 558.262149 697.138761
1381.276303 624.262618 601.479888 649.193693 584.673303 675.538498 555.701632 693.866320
1400.530545 621.117248 598.491206 646.019855 581.985213 671.615687 553.400723 690.623945
1420.053182 617.742139 595.962017 642.654845 579.263648 667.414872 551.057932 687.320757
1439.847953 614.555893 593.184289 639.187712 576.297090 663.779999 548.672269 683.955237
1459.918652 611.207930 590.281801 635.722906 573.273507 660.150019 546.242714 680.525809
1480.269127 607.996313 587.374919 632.248166 570.451663 656.982533 543.955527 677.151609
1500.903276 605.051058 584.181410 628.792072 567.659959 653.006725 541.643845 673.724250
1521.825053 601.591604 581.092880 625.428608 565.102683 648.880046 539.289822 670.231222
1543.038469 598.699039 577.983900 621.894822 562.169316 645.098215 536.822683 666.670817
1564.547589 595.335971 574.773967 618.576283 558.865073 641.567329 534.305890 663.173160
1586.356534 592.168004 571.841582 615.289504 555.821795 638.058070 531.792583 659.643893
1608.469483 589.242617 568.792934 611.956210 552.584570 634.480077 529.232055 656.046045
1630.890676 586.184684 565.676812 608.507156 549.282740 630.831488 526.623124 652.408441
1653.624407 582.990393 562.796892 605.306774 546.377416 626.924866 524.127954 648.770942
1676.675035 580.038970 559.833040 602.054464 543.430451 623.325015 521.671733 645.163612
1700.046975 576.949762 556.846058 598.733319 540.560853 619.736822 519.169409 641.485287
1723.744708 573.656897 553.666222 595.314127 537.647039 615.914357 516.619829 637.734026
1747.772774 570.622152 550.872905 591.869605 534.895821 612.416808 514.157731 634.034007
1772.135779 567.699550 547.805898 588.537978 531.949099 608.847503 511.771797 630.374166
1796.838391 564.360644 545.029450 585.326042 528.906277 605.526435 509.341193 626.641484
1821.885343 561.144687 542.024942 581.589337 525.864577 602.228244 506.864808 622.833932
1847.281437 557.816452 539.260222 578.298754 522.801423 598.719335 504.446308 619.058716
1873.031539 554.912300 536.466042 575.137216 519.941953 595.217692 502.141633 615.373745
1899.140582 552.136135 533.505068 572.112745 517.040182 592.192100 499.793983 611.614739
1925.613572 548.687244 530.863377 568.660832 514.081239 588.714888 497.402294 607.779599
1952.455581 545.774269 528.306207 565.269634 511.388231 585.320450 495.036895 604.130590
1979.671753 543.005233 525.582358 562.587980 508.457517 582.250933 492.822133 601.100670
2007.267304 540.222898 522.883119 559.659753 505.669662 579.033225 490.566289 598.012840
2035.247521 537.195755 520.273719 557.001504 502.876962 575.476424 488.268360 594.865603
2063.617768 534.330509 517.135932 553.976772 500.071485 572.058385 485.663736 591.700548
2092.383480 531.513188 514.711739 551.143503 497.578633 568.726540 483.231082 588.740317
2121.550171 528.750557 511.900214 548.220484 495.024704 565.076938 480.751951 585.723546
2151.123430 526.070839 509.081225 545.376448 492.421652 561.720420 478.225140 582.648776
2181.108924 523.256722 506.648303 542.264647 489.772524 559.302379 475.653647 579.518091
2211.512400 520.461782 503.919681 539.604490 487.097824 556.921589 473.398032 576.637031
2242.339683 517.930839 501.410266 536.695379 484.363891 554.160241 471.099948 573.701038
2273.596682 515.192694 498.443111 534.116386 481.717846 550.841621 468.758328 570.708698
2305.289387 512.610099 495.908251 531.141875 478.622862 548.242541 466.372062 567.658541
2337.423871 510.079201 493.253320 528.443296 475.984979 545.370066 464.247520 564.827581
2370.006292 507.469269 490.538058 525.856041 473.338449 543.099046 462.124864 561.980184
2403.042894 504.860729 487.822089 523.050452 470.529425 540.502415 459.962618 559.078289
2436.540009 502.113578 485.272737 520.570180 467.878584 537.821826 457.671335 556.120483
2470.504055 499.570016 482.496569 518.332578 465.180810 535.320888 454.952820 553.342260
2504.941542 497.057713 479.825240 515.750510 462.677827 533.000426 452.285378 550.589621
2539.859069 494.647188 477.566219 513.063304 459.898107 530.291735 449.564594 547.784488
2575.263327 492.135543 474.828381 510.545481 457.062380 527.519575 446.788967 544.925511
2611.161101 489.788543 472.515094 508.108147 454.393790 524.930979 444.203063 542.205654
2647.559271 487.497916 470.154574 505.861459 452.246853 522.509508 441.715957 539.552500
2684.464811 485.010829 467.788754 503.421480 449.716998 520.143381 439.179803 536.848975
2721.884795 482.908046 465.687645 501.276319 446.810881 517.125074 436.593253 534.093792
2759.826392 480.798056 463.188949 499.030092 444.355188 515.423481 434.136576 531.437425
2798.296876 478.415159 460.669726 496.762673 442.006045 513.040730 431.819379 528.887421
2837.303617 476.242721 458.484483 494.552712 439.221434 510.978799 429.457116 526.289257
2876.854090 474.092863 456.173680 492.256729 436.425233 509.058148 427.048583 523.641713
2916.955876 472.041852 453.769421 490.156281 434.026018 506.962177 424.717071 521.053455
2957.616659 469.888142 451.620450 488.291242 432.525688 504.613415 422.559017 518.609232
2998.844231 467.746032 449.533848 486.133757 430.256435 502.274521 419.895417 516.119119
3040.646493 465.388500 447.248237 484.094208 427.778189 500.102636 416.919457 513.581969
3083.031457 463.267043 444.903554 482.139405 425.614608 498.435238 413.969974 511.171051
3126.007243 461.279212 442.778057 480.209584 423.473742 496.438249 411.252597 508.729404
3169.582089 459.411537 440.569319 478.358006 421.139024 494.393365 408.478886 506.349276
3213.764344 457.355784 438.530689 476.323985 419.068100 492.311304 405.647146 503.924491
3258.562476 455.183301 436.268844 474.275983 416.829480 490.583382 402.794198 501.484453
3303.985070 453.139162 434.489533 472.893069 414.787348 488.731216 400.208332 499.256758
3350.040830 451.281681 432.239479 471.219570 412.684461 486.846037 397.569249 497.468915
3396.738582 449.265718 430.117004 469.205998 410.435871 485.316419 394.875370 495.999614
3444.087276 447.147113 428.055348 467.355948 408.143288 483.972597 392.125045 494.505375
3492.095985 445.522985 426.231224 465.506989 406.084620 482.774313 389.656282 493.165169
3540.773909 443.875986 424.202107 463.824413 404.121721 481.150768 387.141162 491.806743
3590.130377 442.165817 422.203416 462.029510 402.050687 478.894230 384.261017 490.425539
3640.174847 440.359038 420.023420 459.935428 399.688117 477.464894 381.318514 489.021098
3690.916911 438.510559 418.427281 458.331030 397.683525 476.030592 378.628994 487.739223
3742.366291 436.900468 416.419025 456.846619 395.720668 474.289285 375.939950 486.462471
3794.532847 435.165178 414.697487 455.331317 393.701036 472.931874 373.193640 485.164492
3847.426577 433.448807 412.516088 453.743875 391.642617 471.420831 370.388258 483.844864
3901.057617 431.852740 410.868870 452.389528 389.728720 470.036740 367.784811 482.619152
3955.436245 430.203912 409.206107 450.783422 387.851430 468.789141 365.230361 481.418961
4010.572881 428.497092 407.588217 449.079681 385.990760 467.337748 362.621931 480.198977
4066.478092 426.671509 405.765490 447.960535 384.152967 466.256840 359.957842 478.958814
4123.162591 425.083010 403.700438 446.470121 382.416244 465.019551 357.446219 477.706639
4180.637241 423.451107 401.882686 444.986263 380.823234 463.822872 355.029550 476.405110
4238.913057 421.999887 400.169959 443.483080 379.412584 462.608669 353.166777 475.081797
4298.001206 420.502268 398.596430 442.100562 377.595775 461.387860 351.389202 473.964975
4357.913012 419.200428 396.980288 440.766581 376.134846 460.328938 349.678933 472.971202
4418.659956 417.863160 395.250503 439.645658 374.620165 459.248727 348.056415 472.032901
4480.253680 416.185868 393.338311 438.307399 373.007802 458.220845 346.403521 471.079613
4542.705986 414.882411 391.867946 437.081704 371.365817 457.034994 344.719495 469.985222
4606.028844 413.383471 389.933081 435.782064 369.710114 455.949883 343.073568 468.913451
4670.234388 412.205073 388.968007 434.607060 367.918189 454.947140 341.446009 467.912689
4735.334923 410.956153 387.269796 433.298969 366.168590 453.928157 339.425197 466.895786
4801.342924 409.576544 385.618173 432.033622 364.615342 452.859700 337.363857 466.359424
4868.271040 408.112620 383.962115 430.978127 363.071593 451.868097 335.310396 465.841699
4936.132098 406.924590 382.424429 429.908717 361.440480 450.938108 333.413977 465.415308
5004.939103 405.809207 380.894703 428.792180 359.582231 450.032718 331.480047 464.982575
5074.705239 404.472136 379.593055 427.657104 357.771088 449.153581 329.507570 464.543397
5145.443878 403.171118 378.047495 426.346129 355.902991 448.390775 327.512272 464.105674
5217.168576 401.819307 376.514906 425.365927 354.253082 447.545943 325.694498 463.764614
5289.893076 400.542886 375.468464 424.419823 352.671906 446.498392 323.840968 463.418543
5363.631317 399.289167 374.098563 423.368741 351.126383 445.717224 321.950705 463.067385
5438.397428 397.987362 372.513661 422.503300 349.552339 444.874279 320.022693 462.711059
5514.205739 396.854048 371.271805 421.567670 348.001836 443.971160 318.265322 462.444805
5591.070777 395.614930 370.193202 420.646184 346.604024 443.064215 316.486258 462.180465
5669.007271 394.337425 368.917954 419.569534 345.180947 442.353329 314.672126 461.912286
5748.030158 393.371697 367.741837 418.705680 343.732019 441.631366 312.821964 461.640210
5828.154581 392.249954 366.624003 417.725334 342.392073 440.968639 311.105807 461.437218
5909.395895 391.201470 365.368951 416.853768 341.059369 440.311911 309.395589 461.248125
5991.769669 390.051633 364.182780 415.997411 339.702750 439.645026 307.651825 461.056318
6075.291689 389.048558 363.213424 415.105836 338.321666 438.865263 305.873605 460.861755
6159.977960 388.163645 362.161251 414.275675 337.022230 438.273492 304.196332 460.718450
6245.844712 387.086414 360.966873 413.534741 335.749206 437.697219 302.549760 460.598178
6332.908400 386.072978 359.321218 412.683360 334.453489 437.001787 300.871036 460.476197
6421.185709 384.815795 357.818365 412.162211 333.134565 436.051219 299.159293 460.352483
6510.693555 383.974074 356.409603 411.503631 331.873231 435.313177 297.518755 460.266852
6601.449093 382.940261 355.645302 410.870796 330.655205 434.488028 295.931257 460.212133
6693.469713 382.133122 354.118281 410.223492 329.415601 433.649774 294.312887 460.156645
6786.773051 381.258968 352.907039 409.406293 328.145849 432.798177 292.662821 460.100376
6881.376986 380.452630 351.708227 408.818524 326.779653 431.970583 291.056882 460.069315
6977.299650 379.639387 350.587270 408.135455 325.296810 431.180903 289.524010 460.073081
7074.559423 378.830359 349.646194 407.379176 323.519355 430.378736 287.961441 460.076900
7173.174944 378.002794 348.502104 406.870947 321.707097 429.563858 286.368385 460.080771
7273.165113 377.086067 347.110186 406.142412 320.264140 428.937146 284.795015 460.101314
7374.549090 376.365202 346.209160 405.406363 318.980293 428.274757 283.313079 460.161778
7477.346305 375.665757 345.006343 404.692584 317.929996 427.889775 281.802529 460.223076
7581.576458 374.699901 343.733082 404.053834 316.861504 427.268941 280.262611 460.285220
7687.259522 373.677738 342.639126 403.132010 315.802115 426.507839 278.720002 460.355866
7794.415750 372.991939 341.404724 402.605897 314.324517 426.034395 277.285250 460.465720
7903.065679 372.280768 340.641482 402.021996 312.736663 425.736895 275.822878 460.577079
8013.230128 371.643405 339.336661 401.178816 311.580532 425.435036 274.332163 460.689963
8124.930211 370.755201 338.504473 400.368623 310.081595 425.131148 272.818368 460.806029
8238.187331 369.957943 337.786235 399.960769 308.653088 424.835683 271.427911 460.965111
8353.023195 369.244766 336.916204 399.316808 307.458826 424.292655 270.010761 461.126354
8469.459808 368.587247 335.727277 398.393994 305.906761 423.856453 268.607758 461.289787
8587.519485 367.745192 334.720951 397.952914 304.345724 423.355704 267.540146 461.455439
8707.224849 366.961906 333.769668 397.389299 303.386540 422.902995 266.597816 461.652987
8828.598841 366.152221 332.748406 396.747879 301.976930 422.449094 265.653556 461.856190
8951.664721 365.376897 331.552126 396.081029 300.833158 421.988367 264.692693 462.062134
9076.446073 364.811571 330.761629 395.434859 299.843288 421.520704 263.714863 462.270855
9202.966809 364.052743 329.803938 394.973032 298.922848 421.091483 262.836277 462.507370
9331.251175 363.551308 328.925920 394.621825 298.011374 420.668785 261.975706 462.754161
9461.323756 362.813245 327.567775 394.011416 297.084340 420.239761 261.100244 463.004258
9593.209478 362.251048 327.211168 393.631007 295.683376 419.973578 260.209570 463.257703
9726.933615 361.719494 326.340435 392.983790 294.443708 419.827929 259.390940 463.528298
9862.521795 361.105802 325.495676 392.270875 293.843703 419.770417 258.605786 463.809944
10000.000000 360.364857 324.395855 391.546697 293.234081 419.625640 257.807247 464.095342
