10.000000 0.000000 0.000000 0.000000 0.000000 0.000000 0.000000 0.000000
10.139395 0.000000 0.000000 0.000000 0.000000 0.000000 0.000000 0.000000
10.280732 0.000000 0.000000 0.000000 0.000000 0.000000 0.000000 0.000000
10.424040 0.000000 0.000000 0.000000 0.000000 0.000000 0.000000 0.000000
10.569346 0.000000 0.000000 0.000000 0.000000 0.000000 0.000000 0.000000
10.716676 0.000000 0.000000 0.000000 0.000000 0.000000 0.000000 0.000000
10.866061 0.000000 0.000000 0.000000 0.000000 0.000000 0.000000 0.000000
11.017528 0.000000 0.000000 0.000000 0.000000 0.000000 0.000000 0.000000
11.171107 0.000000 0.000000 0.000000 0.000000 0.000000 0.000000 0.000000
11.326826 0.000000 0.000000 0.000000 0.000000 0.000000 0.000000 0.000000
11.484715 0.000000 0.000000 0.000000 0.000000 0.000000 0.000000 0.000000
11.644806 0.000000 0.000000 0.000000 0.000000 0.000000 0.000000 0.000000
11.807128 0.000000 0.000000 0.000000 0.000000 0.000000 0.000000 0.000000
11.971713 0.000000 0.000000 0.000000 0.000000 0.000000 0.000000 0.000000
12.138593 0.000000 0.000000 0.000000 0.000000 0.000000 0.000000 0.000000
12.307798 0.000000 0.000000 0.000000 0.000000 0.000000 0.000000 0.000000
12.479362 0.000000 0.000000 0.000000 0.000000 0.000000 0.000000 0.000000
12.653318 0.000000 0.000000 0.000000 0.000000 0.000000 0.000000 0.000000
12.829698 0.000000 0.000000 0.000000 0.000000 0.000000 0.000000 0.000000
13.008537 0.000000 0.000000 0.000000 0.000000 0.000000 0.000000 0.000000
13.189869 0.000000 0.000000 0.000000 0.000000 0.000000 0.000000 0.000000
13.373729 0.000000 0.000000 0.000000 0.000000 0.000000 0.000000 0.000000
13.560151 0.000000 0.000000 0.000000 0.000000 0.000000 0.000000 0.000000
13.749172 0.000000 0.000000 0.000000 0.000000 0.000000 0.000000 0.000000
13.940828 0.000000 0.000000 0.000000 0.000000 0.000000 0.000000 0.000000
14.135156 0.000000 0.000000 0.000000 0.000000 0.000000 0.000000 0.000000
14.332192 0.000000 0.000000 0.000000 0.000000 0.000000 0.000000 0.000000
14.531975 0.000000 0.000000 0.000000 0.000000 0.000000 0.000000 0.000000
14.734543 0.000000 0.000000 0.000000 0.000000 0.000000 0.000000 0.000000
14.939935 0.000000 0.000000 0.000000 0.000000 0.000000 0.000000 0.000000
15.148189 0.000000 0.000000 0.000000 0.000000 0.000000 0.000000 0.000000
15.359347 0.000000 0.000000 0.000000 0.000000 0.000000 0.000000 0.000000
15.573448 0.000000 0.000000 0.000000 0.000000 0.000000 0.000000 0.000000
15.790533 0.000000 0.000000 0.000000 0.000000 0.000000 0.000000 0.000000
16.010645 0.000000 0.000000 0.000000 0.000000 0.000000 0.000000 0.000000
16.233824 0.000000 0.000000 0.000000 0.000000 0.000000 0.000000 0.000000
16.460115 0.000000 0.000000 0.000000 0.000000 0.000000 0.000000 0.000000
16.689560 0.000000 0.000000 0.000000 0.000000 0.000000 0.000000 0.000000
16.922204 0.000000 0.000000 0.000000 0.000000 0.000000 0.000000 0.000000
17.158090 32.997004 30.643613 35.337498 28.787381 37.570825 27.227342 39.616431
17.397264 32.995065 30.641867 35.335053 28.785858 37.568122 27.225937 39.613420
17.639773 32.993099 30.640097 35.332575 28.784313 37.565381 27.224512 39.610367
17.885662 32.991105 30.638302 35.330062 28.782747 37.562602 27.223067 39.607271
18.134978 32.988981 30.636390 35.327385 28.781078 37.559641 27.221527 39.603973
18.387770 32.986813 30.634437 35.324651 28.779374 37.556618 27.219955 39.600605
18.644085 32.984614 30.632457 35.321879 28.777646 37.553553 27.218361 39.597191
18.903974 32.982384 30.630450 35.319068 28.775894 37.550444 27.216745 39.593729
19.167485 32.980025 30.628326 35.316096 28.774041 37.547157 27.215035 39.590067
19.434669 32.977599 30.626142 35.313038 28.772135 37.543776 27.213276 39.586301
19.705578 32.975140 30.623927 35.309938 28.770202 37.540348 27.211493 39.582482
19.980263 32.972646 30.621682 35.306795 28.768242 37.536872 27.209685 39.578610
20.258777 32.970027 30.619324 35.303494 28.766184 37.533222 27.207787 39.574545
20.541173 32.967314 30.616881 35.300075 28.764052 37.529441 27.205820 39.570333
20.827506 32.964563 30.614404 35.296609 28.761890 37.525608 27.203826 39.566063
21.117830 32.961774 30.611893 35.293094 28.759699 37.521721 27.201803 39.561734
21.412202 32.958866 30.609275 35.289429 28.757414 37.517669 27.199695 39.557221
21.710676 32.955832 30.606543 35.285606 28.755029 37.513441 27.197496 39.552512
22.013311 32.952756 30.603773 35.281730 28.752611 37.509155 27.195265 39.547737
22.320165 32.949636 30.600965 35.277799 28.750160 37.504809 27.193004 39.542897
22.631296 32.946408 30.598059 35.273732 28.747623 37.500311 27.190663 39.537887
22.946764 32.943016 30.595004 35.269458 28.744956 37.495585 27.188203 39.532623
23.266629 32.939575 30.591906 35.265124 28.742252 37.490793 27.185709 39.527285
23.590953 32.936087 30.588766 35.260729 28.739511 37.485933 27.183180 39.521873
23.919798 32.932504 30.585540 35.256216 28.736695 37.480942 27.180582 39.516314
24.253227 32.928711 30.582124 35.251437 28.733713 37.475659 27.177831 39.510429
24.591304 32.924864 30.578661 35.246592 28.730689 37.470301 27.175042 39.504462
24.934094 32.920964 30.575149 35.241679 28.727624 37.464869 27.172213 39.498412
25.281661 32.916988 30.571569 35.236670 28.724498 37.459331 27.169330 39.492244
25.634074 32.912746 30.567750 35.231329 28.721164 37.453426 27.166254 39.485667
25.991399 32.908446 30.563878 35.225913 28.717783 37.447437 27.163136 39.478997
26.353705 32.904086 30.559952 35.220421 28.714355 37.441366 27.159973 39.472235
26.721062 32.899664 30.555971 35.214853 28.710880 37.435210 27.156767 39.465379
27.093539 32.894932 30.551710 35.208894 28.707159 37.428622 27.153335 39.458042
27.471208 32.890125 30.547381 35.202841 28.703380 37.421929 27.149848 39.450588
27.854142 32.885250 30.542992 35.196704 28.699547 37.415144 27.146313 39.443031
28.242413 32.880308 30.538542 35.190481 28.695661 37.408264 27.142728 39.435369
28.636097 32.875055 30.533812 35.183868 28.691531 37.400954 27.138919 39.427228
29.035269 32.869682 30.528974 35.177104 28.687306 37.393476 27.135021 39.418900
29.440005 32.864233 30.524068 35.170246 28.683022 37.385894 27.131069 39.410456
29.850382 32.858709 30.519094 35.163292 28.678678 37.378206 27.127062 39.401895
30.266481 32.852880 30.513846 35.155956 28.674094 37.370096 27.122834 39.392863
30.688379 32.846875 30.508439 35.148398 28.669372 37.361742 27.118477 39.383560
31.116158 32.840786 30.502956 35.140736 28.664583 37.353271 27.114060 39.374127
31.549901 32.834613 30.497397 35.132966 28.659728 37.344682 27.109582 39.364563
31.989689 32.828146 30.491574 35.124829 28.654642 37.335687 27.104890 39.354546
32.435608 32.821436 30.485532 35.116387 28.649364 37.326356 27.100021 39.344155
32.887743 32.814632 30.479406 35.107827 28.644013 37.316894 27.095085 39.333619
33.346180 32.807734 30.473194 35.099149 28.638587 37.307301 27.090080 39.322937
33.811008 32.800560 30.466734 35.090124 28.632943 37.297326 27.084875 39.311829
34.282315 32.793064 30.459984 35.080696 28.627046 37.286906 27.079435 39.300227
34.760192 32.785463 30.453140 35.071137 28.621066 37.276341 27.073920 39.288462
35.244730 32.777756 30.446201 35.061445 28.615004 37.265628 27.068327 39.276533
35.736022 32.769800 30.439036 35.051440 28.608744 37.254569 27.062553 39.264220
36.234163 32.761427 30.431497 35.040913 28.602156 37.242936 27.056477 39.251268
36.739248 32.752938 30.423852 35.030240 28.595476 37.231141 27.050315 39.238134
37.251373 32.744330 30.416101 35.020895 28.588702 37.219181 27.044068 39.224818
37.770637 32.735508 30.408157 35.011674 28.581760 37.206924 27.037665 39.211172
38.297139 32.726158 30.399737 35.001901 28.574402 37.193940 27.030878 39.196716
38.830980 32.716678 30.391201 34.991992 28.566940 37.180776 27.023996 39.182059
39.372263 32.707066 30.382545 34.981945 28.559375 37.167427 27.017018 39.167198
39.921091 32.697286 30.373738 34.971723 28.551678 37.153847 27.009919 39.152078
40.477570 32.686849 30.364339 34.960814 28.543461 37.139360 27.002340 39.135951
41.041805 32.676265 30.354809 34.948465 28.535129 37.124672 26.994656 39.119600
41.613906 32.665534 30.344750 34.935281 28.526681 37.109779 26.986864 39.103020
42.193981 32.654654 30.333807 34.921913 28.518115 37.094678 26.978964 39.086209
42.782142 32.643047 30.322135 34.907552 28.508975 37.078579 26.970535 39.068288
43.378502 32.631235 30.310258 34.892754 28.499674 37.062197 26.961956 39.050052
43.983175 32.619259 30.298215 34.877749 28.490243 37.045586 26.953259 39.031562
44.596276 32.607116 30.286004 34.862535 28.480680 37.028744 26.944440 39.012814
45.217924 32.594254 30.273073 34.846426 28.470549 37.010915 26.935096 38.992969
45.848238 32.581076 30.259825 34.829923 28.460168 36.992651 26.925523 38.972640
46.487337 32.567714 30.246392 34.813190 28.449642 36.974132 26.915816 38.952028
47.135345 32.554166 30.232772 34.796223 28.438970 36.955355 26.905974 38.931129
47.792386 32.539918 30.218451 34.778386 28.427744 36.935619 26.895621 38.909163
48.458586 32.525220 30.203680 34.759989 28.416162 36.915266 26.884941 38.886512
49.134073 32.510318 30.188703 34.741336 28.404419 36.894630 26.874112 38.863546
49.818975 32.494267 30.173518 34.722423 28.392512 36.873705 26.863132 38.840259
50.513425 32.477199 30.157663 34.702679 28.380076 36.851867 26.851664 38.815956
51.217554 32.459477 30.141201 34.682182 28.367159 36.829198 26.839753 38.790730
51.931499 32.441507 30.124510 34.661398 28.354062 36.806213 26.827677 38.765153
52.655396 32.423502 30.107586 34.640325 28.340783 36.782908 26.815432 38.739220
53.389384 32.407021 30.090041 34.618481 28.327011 36.758754 26.802733 38.712344
54.133603 32.387955 30.072059 34.595654 28.312611 36.733520 26.789456 38.684267
54.888196 32.368049 30.057367 34.572509 28.298011 36.707933 26.775994 38.655799
55.653308 32.349279 30.042471 34.549041 28.283207 36.681991 26.762344 38.626935
56.429085 32.329954 30.027132 34.524885 28.267963 36.655290 26.748288 38.597228
57.215676 32.309619 30.010985 34.499854 28.251917 36.627217 26.733494 38.565999
58.013231 32.289001 29.994613 34.476046 28.235647 36.598754 26.718494 38.534335
58.821904 32.268096 29.978013 34.451906 28.219151 36.569893 26.703285 38.502229
59.641849 32.246723 29.961039 34.427227 28.202284 36.540392 26.687734 38.469412
60.473224 32.224089 29.943055 34.400007 28.184413 36.509185 26.671259 38.434701
61.316188 32.201139 29.924819 34.369841 28.166293 36.477542 26.654555 38.399506
62.170903 32.177869 29.906329 34.339253 28.147921 36.445458 26.637617 38.363820
63.037532 32.154242 29.885076 34.308197 28.129266 36.412882 26.620419 38.327588
63.916241 32.129063 29.861313 34.275150 28.109374 36.378216 26.602082 38.289038
64.807198 32.103534 29.837219 34.242190 28.089205 36.343067 26.583490 38.249951
65.710575 32.078548 29.812789 34.209902 28.068755 36.307428 26.564639 38.210319
66.626545 32.053318 29.788018 34.177163 28.048019 36.271292 26.545525 38.170134
67.555283 32.026542 29.763571 34.142456 28.026004 36.233006 26.525233 38.127567
68.496967 31.998797 29.739449 34.107091 28.003569 36.193996 26.504553 38.084195
69.451778 31.969244 29.714990 34.071233 27.980820 36.154442 26.483585 38.040220
70.419898 31.939279 29.690191 34.034876 27.957755 36.114337 26.462325 37.995631
71.401513 31.907716 29.664459 33.996600 27.933437 36.072140 26.439913 37.948725
72.396811 31.875355 29.639335 33.957361 27.908498 36.028887 26.416929 37.900648
73.405984 31.843007 29.610825 33.917575 27.883211 35.985042 26.393624 37.851902
74.429223 31.809906 29.582495 33.877235 27.857572 35.942109 26.369994 37.802476
75.466726 31.774889 29.553642 33.835056 27.830728 35.897235 26.345256 37.750834
76.518692 31.738771 29.523871 33.791058 27.803028 35.850973 26.319730 37.697601
77.585321 31.702174 29.493206 33.747464 27.774942 35.804066 26.293849 37.643627
78.666818 31.665269 29.459259 33.702750 27.746464 35.756505 26.267606 37.588900
79.763391 31.626437 29.422698 33.656311 27.716852 35.707125 26.240321 37.532097
80.875249 31.587145 29.386573 33.608156 27.686113 35.655937 26.211998 37.473228
82.002606 31.546813 29.351140 33.559331 27.654946 35.604035 26.183281 37.413539
83.145678 31.505918 29.315213 33.509824 27.623344 35.551409 26.154163 37.353017
84.304684 31.463705 29.279367 33.458742 27.590703 35.497123 26.124090 37.290601
85.479845 31.419677 29.243790 33.406953 27.556625 35.440559 26.092696 37.225589
86.671388 31.375036 29.204715 33.356657 27.522073 35.383206 26.060864 37.159671
87.879540 31.329772 29.165496 33.308979 27.487038 35.325053 26.028588 37.092834
89.104533 31.283465 29.125743 33.260072 27.451088 35.265436 25.995470 37.024325
90.346602 31.234768 29.084782 33.208787 27.411574 35.202781 25.960710 36.952638
91.605985 31.185391 29.043251 33.156788 27.371320 35.133747 25.925465 36.879952
92.882923 31.135326 29.001141 33.097579 27.330504 35.063752 25.889729 36.806252
94.177660 31.084290 28.958201 33.037129 27.288887 34.992417 25.853290 36.731146
95.490446 31.031149 28.912899 32.973519 27.245006 34.917453 25.814851 36.652232
96.821531 30.978026 28.866650 32.909022 27.200513 34.841444 25.775876 36.572219
98.171170 30.920854 28.816890 32.842346 27.155401 34.764375 25.736357 36.491090
99.539623 30.867442 28.766435 32.773207 27.109659 34.686231 25.696288 36.408830
100.927151 30.805661 28.713066 32.705342 27.061244 34.607335 25.653853 36.322149
102.334021 30.745639 28.658937 32.636315 27.012139 34.528070 25.610812 36.234235
103.760502 30.685736 28.606038 32.565501 26.962349 34.447700 25.567171 36.145095
105.206867 30.630500 28.554380 32.495078 26.911865 34.366209 25.522922 36.054713
106.673394 30.572407 28.500042 32.423214 26.858794 34.284151 25.476380 35.960109
108.160363 30.505493 28.444422 32.352395 26.804684 34.204977 25.428922 35.863714
109.668060 30.436081 28.388454 32.280608 26.749820 34.124698 25.380803 35.765975
111.196773 30.367099 28.331491 32.207820 26.694190 34.043300 25.332012 35.666874
112.746796 30.304738 28.271436 32.131868 26.636097 33.958465 25.281034 35.563803
114.318425 30.242038 28.207337 32.054072 26.576577 33.871608 25.228794 35.458350
115.911962 30.167700 28.143756 31.975192 26.516227 33.783539 25.175825 35.351428
117.527712 30.089818 28.076169 31.895105 26.455036 33.693487 25.122119 35.243014
119.165984 30.012577 28.003167 31.799886 26.391537 33.590112 25.066359 35.130929
120.827094 29.936908 27.928085 31.702085 26.326794 33.483949 25.008963 35.015858
122.511358 29.861395 27.857556 31.602921 26.265018 33.376306 24.950767 34.899183
124.219100 29.775460 27.789332 31.502374 26.202382 33.267162 24.891759 34.780881
125.950646 29.680446 27.718963 31.404849 26.137752 33.154883 24.830863 34.659239
127.706330 29.596892 27.642682 31.306358 26.070977 33.039245 24.767932 34.534020
129.486487 29.512174 27.564485 31.204100 25.998212 32.921995 24.704124 34.407055
131.291459 29.424361 27.485521 31.102810 25.925395 32.803111 24.639427 34.278321
133.121590 29.331504 27.404372 30.994718 25.854993 32.681416 24.573030 34.146592
134.977233 29.232573 27.323632 30.891180 25.782021 32.555829 24.504188 34.010744
136.858742 29.135383 27.245531 30.774574 25.708031 32.428491 24.434387 33.873002
138.766479 29.040260 27.160833 30.662015 25.633010 32.299378 24.363613 33.733341
140.700809 28.945462 27.070232 30.551506 25.556414 32.167774 24.291346 33.591021
142.662102 28.853769 26.976199 30.437044 25.476825 32.031819 24.216228 33.444132
144.650734 28.755157 26.884945 30.320987 25.396127 31.893970 24.140064 33.295194
146.667087 28.646252 26.794068 30.203313 25.314304 31.754199 24.062837 33.144181
148.711546 28.541971 26.696031 30.084122 25.227681 31.612222 23.984330 32.990802
150.784505 28.421655 26.597478 29.959813 25.136278 31.465562 23.902590 32.832550
152.886359 28.301054 26.502643 29.834157 25.043600 31.316858 23.819710 32.672091
155.017512 28.180696 26.406486 29.702534 24.949630 31.166080 23.735675 32.509396
157.178372 28.067280 26.308988 29.571423 24.854350 31.013201 23.650469 32.344433
159.369353 27.944467 26.198321 29.436018 24.755349 30.857444 23.561886 32.174719
161.590875 27.822433 26.087121 29.293823 24.654862 30.701237 23.471972 32.002531
163.843365 27.704247 25.973089 29.156669 24.552975 30.542853 23.380806 31.827943
166.127252 27.584414 25.858334 29.014871 24.449667 30.382261 23.288368 31.650921
168.442976 27.459235 25.747843 28.873792 24.342974 30.217789 23.192850 31.469801
170.790980 27.331744 25.635379 28.728737 24.232138 30.050684 23.095629 31.285818
173.171713 27.190229 25.521346 28.576049 24.118729 29.881249 22.997052 31.109989
175.585633 27.052502 25.389855 28.424463 24.003740 29.709453 22.897102 30.939577
178.033202 26.904814 25.272984 28.257750 23.890354 29.534336 22.794408 30.765655
180.514888 26.779588 25.152980 28.112029 23.775928 29.352133 22.692467 30.588817
183.031168 26.624543 25.020952 27.947283 23.659908 29.175941 22.589105 30.409515
185.582523 26.473310 24.892560 27.778731 23.542270 28.992988 22.484302 30.227712
188.169442 26.338964 24.766352 27.604698 23.419501 28.807201 22.377002 30.042893
190.792422 26.183230 24.624719 27.442394 23.299049 28.618608 22.267421 29.855130
193.451965 26.037447 24.490412 27.265225 23.170212 28.427386 22.156313 29.664750
196.148581 25.883404 24.346357 27.102247 23.038570 28.238811 22.043656 29.471717
198.882786 25.718167 24.197315 26.940265 22.906930 28.048227 21.928779 29.276040
201.655104 25.553283 24.050288 26.758162 22.773104 27.849573 21.811472 29.077695
204.466067 25.388165 23.907718 26.583843 22.637413 27.641572 21.692530 28.876585
207.316213 25.214889 23.761424 26.401535 22.508354 27.432312 21.571930 28.672673
210.206088 25.044440 23.606805 26.220840 22.379593 27.238483 21.449330 28.466306
213.136247 24.882200 23.453477 26.039535 22.242850 27.033772 21.324312 28.257928
216.107251 24.698383 23.299316 25.850416 22.101112 26.824825 21.197552 28.046645
219.119669 24.520668 23.135237 25.668663 21.954902 26.631841 21.069025 27.832417
222.174078 24.330714 22.967063 25.478646 21.806104 26.423259 20.938623 27.615673
225.271064 24.146291 22.809169 25.285398 21.655355 26.213199 20.806029 27.398028
228.411221 23.955304 22.636557 25.089456 21.502505 25.986471 20.671587 27.177349
231.595149 23.771176 22.453630 24.903075 21.347523 25.756583 20.535271 26.953594
234.823460 23.584602 22.284762 24.706413 21.190437 25.523762 20.397068 26.726938
238.096772 23.391120 22.111337 24.498888 21.034346 25.292549 20.257165 26.501018
241.415712 23.200389 21.937128 24.290403 20.887782 25.088216 20.115312 26.271949
244.780916 23.008521 21.756428 24.084079 20.732808 24.894792 19.971481 26.039687
248.193029 22.820776 21.580250 23.869364 20.570292 24.668159 19.816741 25.804187
251.652705 22.626444 21.404129 23.658315 20.406913 24.484373 19.658607 25.570766
255.160607 22.429677 21.227373 23.444646 20.241372 24.296049 19.498406 25.334535
258.717408 22.230167 21.050296 23.227999 20.073524 24.102601 19.335971 25.095011
262.323788 22.027370 20.870694 23.004867 19.898803 23.880663 19.171272 24.852148
265.980440 21.826777 20.683687 22.795945 19.724133 23.631761 19.006581 24.611964
269.688063 21.622660 20.483817 22.582561 19.547778 23.403976 18.840192 24.370008
273.447368 21.409832 20.295121 22.359849 19.370192 23.198730 18.678255 24.124680
277.259076 21.194930 20.113530 22.135580 19.197448 22.988435 18.516580 23.875931
281.123917 20.983959 19.931507 21.928451 19.018185 22.760674 18.355018 23.630078
285.042632 20.769736 19.733571 21.724303 18.836736 22.533709 18.192403 23.384018
289.015972 20.566228 19.532985 21.512581 18.659882 22.285952 18.027520 23.134527
293.044698 20.349162 19.335304 21.298977 18.473061 22.052822 17.860339 22.881559
297.129582 20.141096 19.139555 21.075051 18.279187 21.835138 17.693392 22.631256
301.271407 19.932984 18.934121 20.841696 18.093543 21.598318 17.526350 22.382856
305.470967 19.713109 18.730931 20.622075 17.905311 21.344712 17.356980 22.130992
309.729067 19.502410 18.524223 20.396457 17.711450 21.119786 17.185249 21.861840
314.046522 19.287977 18.322182 20.158530 17.516278 20.895470 17.013601 21.588214
318.424160 19.077947 18.123090 19.934252 17.328876 20.667770 16.843195 21.319901
322.862820 18.853107 17.919821 19.703719 17.137955 20.423054 16.670413 21.047847
327.363353 18.627934 17.703626 19.474902 16.946127 20.190409 16.495223 20.772001
331.926620 18.408574 17.486271 19.261587 16.756696 19.967216 16.319657 20.497138
336.553498 18.186195 17.278475 19.041575 16.568484 19.748631 16.147056 20.231089
341.244871 17.966266 17.070960 18.820006 16.373194 19.523718 15.965229 19.998446
346.001639 17.738856 16.855783 18.597376 16.176436 19.295670 15.777989 19.779422
350.824714 17.513809 16.641031 18.361558 15.985759 19.066277 15.589603 19.558935
355.715021 17.300044 16.430393 18.136833 15.792078 18.844287 15.407051 19.344557
360.673495 17.078548 16.210387 17.920173 15.600569 18.619201 15.221955 19.124976
365.701088 16.860919 15.997123 17.691104 15.397326 18.387190 15.034278 18.904582
370.798763 16.644017 15.776745 17.455374 15.192985 18.159843 14.825466 18.681351
375.967497 16.426110 15.575624 17.233355 15.011399 17.934527 14.621826 18.467182
381.208280 16.214350 15.374056 17.007683 14.816744 17.694934 14.415348 18.250028
386.522116 15.999268 15.160302 16.787033 14.613110 17.468338 14.205991 18.029847
391.910025 15.781363 14.954229 16.559382 14.414551 17.243003 13.993717 17.806596
397.373038 15.575975 14.765386 16.337819 14.217775 17.027809 13.796400 17.592639
402.912203 15.360341 14.572959 16.121382 14.029011 16.801404 13.616303 17.377246
408.528580 15.147428 14.373028 15.887740 13.833638 16.574733 13.433696 17.158850
414.223247 14.938233 14.164867 15.659816 13.623775 16.365376 13.248544 16.937410
419.997295 14.730631 13.967015 15.450445 13.433547 16.152117 13.071388 16.724539
425.851829 14.534567 13.767146 15.251382 13.259505 15.935703 12.895116 16.512396
431.787973 14.324618 13.567892 15.046040 13.084074 15.716273 12.716388 16.297295
437.806863 14.112954 13.371636 14.836305 12.896782 15.493783 12.535167 16.079196
443.909653 13.913980 13.174335 14.636730 12.725619 15.279832 12.360847 15.868481
450.097513 13.719336 12.983804 14.428359 12.543090 15.069742 12.189641 15.660959
456.371628 13.518368 12.785537 14.215277 12.351866 14.859746 12.016048 15.450544
462.733201 13.321397 12.583314 14.007132 12.159661 14.644311 11.823296 15.237197
469.183451 13.120440 12.394337 13.815157 11.979483 14.439396 11.636815 15.029642
475.723614 12.928392 12.211211 13.628459 11.809094 14.240694 11.457624 14.827950
482.354943 12.740108 12.024259 13.441797 11.635550 14.046984 11.275934 14.623447
489.078709 12.545877 11.834701 13.242649 11.456915 13.851081 11.091713 14.416093
495.896201 12.352142 11.648169 13.046689 11.279282 13.659049 10.912318 14.212613
502.808725 12.169457 11.474936 12.860524 11.110678 13.475526 10.742952 14.017757
509.817606 11.987072 11.295643 12.671763 10.939854 13.280590 10.571226 13.820184
516.924187 11.804910 11.109557 12.480371 10.766384 13.094517 10.397106 13.619858
524.129830 11.620443 10.933198 12.294118 10.601760 12.910628 10.225349 13.421254
531.435916 11.449323 10.770536 12.122997 10.444140 12.737454 10.066184 13.234007
538.843844 11.272082 10.607942 11.943815 10.281308 12.559700 9.904800 13.044151
546.355035 11.099950 10.438544 11.764644 10.118274 12.378920 9.741167 12.851647
553.970928 10.917900 10.270946 11.582694 9.957461 12.191134 9.577451 12.658591
561.692982 10.756814 10.117775 11.416912 9.810005 12.024568 9.428616 12.479483
569.522678 10.595837 9.963548 11.246610 9.656115 11.857051 9.277707 12.297878
577.461515 10.432961 9.808701 11.075046 9.502285 11.682593 9.124695 12.113741
585.511016 10.263824 9.647944 10.901090 9.344423 11.501554 8.969549 11.927038
593.672722 10.113809 9.499476 10.743792 9.201671 11.337037 8.830669 11.756071
601.948197 9.962501 9.347431 10.585349 9.058273 11.170520 8.690137 11.583004
610.339029 9.811844 9.196479 10.423179 8.912341 11.001683 8.547645 11.407524
618.846824 9.653946 9.048422 10.260025 8.765228 10.830492 8.403168 11.229598
627.473213 9.506567 8.912780 10.111407 8.632804 10.672858 8.271943 11.064770
636.219849 9.366777 8.776994 9.967217 8.501000 10.515735 8.141482 10.900290
645.088409 9.223925 8.640750 9.818159 8.367150 10.356422 8.009203 10.733517
654.080591 9.075595 8.501885 9.665450 8.227141 10.194888 7.875080 10.564419
663.198120 8.937522 8.372872 9.521137 8.097553 10.044732 7.751304 10.405734
672.442742 8.802710 8.246532 9.379950 7.970852 9.902752 7.630435 10.249680
681.816229 8.666733 8.118230 9.236142 7.843881 9.750413 7.507882 10.091451
691.320378 8.531189 7.988085 9.090266 7.715064 9.598289 7.383620 9.931016
700.957009 8.400505 7.862509 8.951565 7.595649 9.456947 7.266988 9.778369
710.727970 8.279982 7.740956 8.819275 7.480212 9.322179 7.155092 9.630404
720.635132 8.157517 7.623116 8.689203 7.363633 9.184055 7.041635 9.480376
730.680395 8.027339 7.501128 8.555085 7.245429 9.042149 6.926597 9.328258
740.865683 7.904407 7.384462 8.425793 7.132401 8.904704 6.816726 9.181448
751.192949 7.786121 7.271766 8.301599 7.025614 8.774867 6.713078 9.041101
761.664172 7.668666 7.160329 8.177165 6.917338 8.643571 6.607986 8.898798
772.281357 7.551019 7.046034 8.053379 6.807552 8.510269 6.501428 8.754512
783.046540 7.433737 6.937002 7.929591 6.700781 8.384271 6.397867 8.613262
793.961785 7.322282 6.833780 7.814392 6.601461 8.264902 6.301680 8.479976
805.029181 7.213187 6.731517 7.696949 6.500756 8.140736 6.204152 8.344831
816.250851 7.100061 6.628376 7.576827 6.398672 8.013697 6.105264 8.207803
827.628946 6.987459 6.520465 7.458542 6.297677 7.883172 6.007513 8.071780
839.165644 6.882810 6.424368 7.346743 6.205045 7.763370 5.917968 7.944954
850.863158 6.779027 6.326439 7.234296 6.111122 7.644842 5.827175 7.816359
862.723729 6.674291 6.227354 7.120116 6.015890 7.524662 5.735117 7.685972
874.749630 6.567120 6.126732 7.002021 5.920217 7.403768 5.642643 7.555831
886.943166 6.471342 6.035947 6.895079 5.832930 7.292319 5.558927 7.439993
899.306672 6.373041 5.943409 6.790605 5.745115 7.179317 5.474044 7.327706
911.842520 6.273624 5.850448 6.684318 5.656076 7.064739 5.387978 7.213853
924.553110 6.173617 5.754082 6.575209 5.563204 6.948565 5.300712 7.098414
937.440879 6.081378 5.666401 6.476067 5.477454 6.841418 5.221564 6.991366
950.508296 5.988392 5.578971 6.375825 5.393124 6.733333 5.141800 6.883348
963.757866 5.892285 5.490773 6.274700 5.308800 6.623742 5.060923 6.773825
977.192128 5.797344 5.399204 6.169793 5.220932 6.512623 4.978920 6.662774
990.813657 5.707409 5.314209 6.073788 5.138899 6.408491 4.903016 6.558176
1004.625062 5.618214 5.234177 5.978221 5.057427 6.304775 4.827638 6.453872
1018.628990 5.525187 5.151096 5.881322 4.976931 6.198141 4.751210 6.348113
1032.828126 5.434981 5.063764 5.783072 4.895735 6.089994 4.673717 6.240880
1047.225190 5.349156 4.983132 5.688714 4.818450 5.986878 4.600634 6.138463
1061.822941 5.262784 4.903829 5.589222 4.741019 5.886091 4.528991 6.036749
1076.624177 5.175595 4.823210 5.492646 4.662508 5.782006 4.456349 5.933574
1091.631734 5.087672 4.742063 5.396553 4.584519 5.680314 4.382695 5.828961
1106.848489 5.003729 4.663344 5.301349 4.510559 5.581576 4.312054 5.727795
1122.277356 4.923566 4.587622 5.208726 4.440136 5.480298 4.243588 5.629055
1137.921294 4.841049 4.513431 5.117413 4.368730 5.378845 4.174168 5.528939
1153.783300 4.756228 4.436734 5.026358 4.295826 5.273486 4.103779 5.427427
1169.866413 4.673132 4.361542 4.937543 4.219516 5.171950 4.035253 5.328152
1186.173716 4.593335 4.288474 4.851861 4.149520 5.079532 3.969510 5.232297
1202.708335 4.512426 4.214560 4.762110 4.079479 4.987411 3.902851 5.135106
1219.473437 4.430388 4.142361 4.671555 4.008462 4.889588 3.835262 5.036561
1236.472235 4.349996 4.068515 4.583561 3.938432 4.792985 3.768578 4.939156
1253.707987 4.272834 3.997940 4.498605 3.871346 4.700979 3.705213 4.846180
1271.183997 4.193374 3.926382 4.417097 3.800626 4.611572 3.640965 4.751909
1288.903612 4.115132 3.854341 4.331013 3.728920 4.518109 3.575821 4.656323
1306.870230 4.035007 3.783452 4.247788 3.657366 4.428476 3.510768 4.560842
1325.087292 3.958846 3.715179 4.165319 3.590275 4.344277 3.449544 4.470851
1343.558290 3.881877 3.648369 4.080688 3.521225 4.258136 3.387467 4.379606
1362.286764 3.803623 3.578727 3.998704 3.453276 4.167091 3.324524 4.287088
1381.276303 3.725871 3.509351 3.914318 3.383629 4.076779 3.260953 4.193659
1400.530545 3.653823 3.444073 3.838246 3.319121 3.995078 3.201735 4.106847
1420.053182 3.580194 3.377071 3.757726 3.253515 3.912232 3.141691 4.018826
1439.847953 3.507673 3.309449 3.678092 3.185793 3.828243 3.080811 3.929577
1459.918652 3.432313 3.241320 3.598771 3.117127 3.743077 3.019081 3.839084
1480.269127 3.361911 3.177539 3.523670 3.055136 3.663832 2.961383 3.755019
1500.903276 3.292999 3.113573 3.448385 2.994839 3.584134 2.903329 3.670486
1521.825053 3.220278 3.047963 3.370144 2.931771 3.503324 2.844467 3.584775
1543.038469 3.146927 2.981373 3.293855 2.868450 3.421969 2.784783 3.497942
1564.547589 3.077738 2.917824 3.218471 2.809623 3.346120 2.728414 3.418294
1586.356534 3.009181 2.855298 3.145657 2.751261 3.270840 2.672387 3.339269
1608.469483 2.940393 2.791901 3.073632 2.690161 3.194510 2.615579 3.259143
1630.890676 2.868426 2.727620 2.997599 2.628265 3.117053 2.557979 3.177899
1653.624407 2.799232 2.666105 2.926719 2.567525 3.042436 2.503035 3.100925
1676.675035 2.732566 2.606589 2.858766 2.508559 2.969047 2.449135 3.026344
1700.046975 2.667025 2.545868 2.789069 2.449424 2.893178 2.394483 2.951874
1723.744708 2.600239 2.483100 2.718745 2.388857 2.818491 2.337872 2.876366
1747.772774 2.536212 2.422931 2.650740 2.332827 2.745101 2.283138 2.802027
1772.135779 2.474281 2.364493 2.584803 2.278224 2.676286 2.230321 2.729859
1796.838391 2.410599 2.307919 2.518409 2.220611 2.607061 2.176766 2.658240
1821.885343 2.345933 2.248493 2.451737 2.163068 2.537040 2.122466 2.586585
1847.281437 2.284325 2.190758 2.387435 2.107515 2.469832 2.069666 2.517121
1873.031539 2.225795 2.135976 2.326389 2.055503 2.407031 2.019550 2.451519
1899.140582 2.167134 2.081081 2.264582 2.002767 2.343355 1.967279 2.385001
1925.613572 2.107207 2.024605 2.201439 1.949086 2.279553 1.913492 2.317557
1952.455581 2.049894 1.968684 2.139661 1.894850 2.214701 1.860619 2.251332
1979.671753 1.995390 1.916569 2.082703 1.844343 2.154871 1.810971 2.190058
2007.267304 1.940199 1.865856 2.026723 1.791321 2.096365 1.760520 2.127929
2035.247521 1.883578 1.812877 1.967839 1.740185 2.037151 1.706927 2.065848
2063.617768 1.827950 1.760090 1.910491 1.688085 1.978014 1.654562 2.006582
2092.383480 1.779034 1.711289 1.858057 1.642532 1.924305 1.607384 1.951515
2121.550171 1.727186 1.661346 1.806379 1.594949 1.870353 1.559548 1.896606
2151.123430 1.677237 1.611339 1.751409 1.546993 1.814287 1.511046 1.843713
2181.108924 1.625225 1.560010 1.696333 1.497857 1.758731 1.461943 1.790292
2211.512400 1.579298 1.515383 1.647231 1.454182 1.709384 1.418664 1.742294
2242.339683 1.532571 1.470071 1.598104 1.409847 1.658561 1.374781 1.693604
2273.596682 1.485604 1.424131 1.547752 1.366082 1.605890 1.330286 1.644224
2305.289387 1.436103 1.376215 1.497768 1.321563 1.553776 1.285171 1.594156
2337.423871 1.392412 1.334288 1.452542 1.280894 1.507464 1.245049 1.548878
2370.006292 1.348599 1.290874 1.407296 1.241001 1.460731 1.205122 1.503707
2403.042894 1.304123 1.248953 1.361381 1.200371 1.414228 1.164639 1.457907
2436.540009 1.259688 1.205167 1.315583 1.157973 1.366455 1.123591 1.411467
2470.504055 1.219313 1.165688 1.273494 1.120949 1.323335 1.086564 1.368993
2504.941542 1.179660 1.127956 1.231873 1.084306 1.281754 1.050537 1.327450
2539.859069 1.139966 1.088761 1.190079 1.046535 1.239593 1.014007 1.285327
2575.263327 1.099237 1.049948 1.148143 1.008237 1.197080 0.976969 1.242617
2611.161101 1.061989 1.014081 1.109518 0.973131 1.158386 0.943015 1.203030
2647.559271 1.026918 0.979691 1.073463 0.939800 1.121082 0.910774 1.165150
2684.464811 0.991244 0.944657 1.035587 0.906004 1.082543 0.878084 1.126741
2721.884795 0.955201 0.909840 0.997794 0.871341 1.043661 0.844800 1.087797
2759.826392 0.921877 0.877232 0.962283 0.839190 1.008037 0.813357 1.051145
2798.296876 0.889814 0.846317 0.929222 0.808802 0.974128 0.784330 1.016900
2837.303617 0.857282 0.815745 0.895360 0.778585 0.940390 0.754898 0.982178
2876.854090 0.824712 0.783666 0.861225 0.748652 0.905650 0.725055 0.946972
2916.955876 0.793969 0.752967 0.829190 0.719219 0.872409 0.696682 0.913264
2957.616659 0.766009 0.726118 0.800291 0.692975 0.841973 0.671020 0.882568
2998.844231 0.737880 0.698337 0.770863 0.666560 0.811528 0.644526 0.851445
3040.646493 0.709141 0.671521 0.741464 0.639042 0.780549 0.617663 0.819887
3083.031457 0.681121 0.643970 0.712993 0.612389 0.750224 0.591597 0.789097
3126.007243 0.656194 0.620329 0.687656 0.589461 0.724156 0.568988 0.761811
3169.582089 0.631098 0.596126 0.662186 0.565961 0.697195 0.546064 0.734145
3213.764344 0.605810 0.571585 0.635988 0.542133 0.669858 0.522820 0.706094
3258.562476 0.580258 0.547499 0.610573 0.518453 0.642569 0.499726 0.678158
3303.985070 0.558951 0.527419 0.588048 0.498630 0.619341 0.480298 0.654100
3350.040830 0.537263 0.506471 0.565946 0.478541 0.595710 0.460599 0.629707
3396.738582 0.515414 0.485468 0.542810 0.458162 0.572058 0.440625 0.604974
3444.087276 0.492916 0.463944 0.519839 0.437270 0.548167 0.420479 0.579896
3492.095985 0.474088 0.446070 0.500425 0.420036 0.528057 0.404134 0.558752
3540.773909 0.455242 0.428039 0.480937 0.402713 0.507761 0.387647 0.537413
3590.130377 0.436152 0.409694 0.461305 0.385432 0.487089 0.370929 0.515776
3640.174847 0.416872 0.391075 0.441016 0.367911 0.466204 0.353979 0.493838
3690.916911 0.400378 0.375339 0.423843 0.353006 0.448210 0.339603 0.474965
3742.366291 0.384128 0.359856 0.407215 0.338320 0.430635 0.325534 0.456437
3794.532847 0.367749 0.344307 0.389963 0.323219 0.412814 0.311269 0.437651
3847.426577 0.351060 0.328601 0.372726 0.308006 0.394745 0.296805 0.418603
3901.057617 0.336588 0.314808 0.357373 0.294899 0.378872 0.284226 0.401855
3955.436245 0.322811 0.301663 0.342778 0.282322 0.363741 0.272294 0.385883
4010.572881 0.308853 0.288325 0.328233 0.269569 0.348400 0.260196 0.369688
4066.478092 0.294566 0.274803 0.313451 0.256639 0.332822 0.247929 0.353268
4123.162591 0.281812 0.262797 0.299984 0.245125 0.318590 0.236978 0.338488
4180.637241 0.270167 0.251722 0.287740 0.234716 0.305458 0.226917 0.324812
4238.913057 0.258133 0.240646 0.275301 0.224232 0.292142 0.216716 0.310946
4298.001206 0.245984 0.229336 0.262654 0.213602 0.278641 0.206372 0.296887
4357.913012 0.234977 0.218768 0.251039 0.203845 0.266293 0.196885 0.283916
4418.659956 0.225095 0.209475 0.240660 0.195158 0.255342 0.188446 0.272282
4480.253680 0.215129 0.199916 0.230030 0.186349 0.244237 0.179890 0.260485
4542.705986 0.204889 0.190303 0.219182 0.177417 0.232978 0.171196 0.248524
4606.028844 0.195347 0.181270 0.209028 0.168961 0.222324 0.162920 0.237202
4670.234388 0.187098 0.173484 0.200268 0.161650 0.213072 0.155810 0.227363
4735.334923 0.178674 0.165589 0.191360 0.154238 0.203691 0.148600 0.217387
4801.342924 0.170148 0.157584 0.182321 0.146674 0.194180 0.141290 0.207272
4868.271040 0.161926 0.149818 0.173538 0.139322 0.184937 0.134203 0.197441
4936.132098 0.155018 0.143338 0.166197 0.133212 0.177164 0.128315 0.189166
5004.939103 0.148001 0.136769 0.158735 0.127018 0.169283 0.122345 0.180777
5074.705239 0.140838 0.130143 0.151169 0.120737 0.161291 0.116292 0.172270
5145.443878 0.133723 0.123464 0.143616 0.114471 0.153313 0.110253 0.163776
5217.168576 0.127983 0.118064 0.137481 0.109431 0.146816 0.105396 0.156854
5289.893076 0.122146 0.112599 0.131251 0.104371 0.140228 0.100472 0.149835
5363.631317 0.116261 0.107104 0.124941 0.099259 0.133548 0.095480 0.142719
5438.397428 0.110277 0.101509 0.118535 0.094071 0.126776 0.090418 0.135503
5514.205739 0.105442 0.097017 0.113343 0.089862 0.121288 0.086362 0.129652
5591.070777 0.100636 0.092516 0.108163 0.085662 0.115808 0.082316 0.123808
5669.007271 0.095725 0.087968 0.102952 0.081404 0.110251 0.078213 0.117883
5748.030158 0.090749 0.083365 0.097668 0.077087 0.104617 0.074053 0.111875
5828.154581 0.086598 0.079521 0.093260 0.073510 0.099912 0.070609 0.106854
5909.395895 0.082622 0.075807 0.088997 0.070068 0.095373 0.067295 0.102010
5991.769669 0.078592 0.072041 0.084679 0.066577 0.090770 0.063935 0.097099
6075.291689 0.074486 0.068225 0.080296 0.063024 0.086103 0.060528 0.092119
6159.977960 0.070946 0.064965 0.076514 0.059984 0.082084 0.057612 0.087828
6245.844712 0.067688 0.061938 0.073012 0.057163 0.078340 0.054906 0.083829
6332.908400 0.064380 0.058889 0.069476 0.054302 0.074543 0.052162 0.079775
6421.185709 0.060998 0.055798 0.065861 0.051401 0.070693 0.049380 0.075664
6510.693555 0.058011 0.053058 0.062660 0.048837 0.067273 0.046920 0.072010
6601.449093 0.055335 0.050582 0.059789 0.046541 0.064195 0.044717 0.068722
6693.469713 0.052604 0.048071 0.056871 0.044212 0.061074 0.042482 0.065387
6786.773051 0.049847 0.045526 0.053894 0.041851 0.057910 0.040217 0.062006
6881.376986 0.047332 0.043199 0.051168 0.039695 0.055010 0.038147 0.058907
6977.299650 0.045147 0.041184 0.048803 0.037831 0.052488 0.036358 0.056211
7074.559423 0.042917 0.039140 0.046416 0.035940 0.049932 0.034543 0.053477
7173.174944 0.040655 0.037068 0.043999 0.034023 0.047340 0.032703 0.050706
7273.165113 0.038521 0.035113 0.041714 0.032215 0.044890 0.030967 0.048086
7374.549090 0.036732 0.033476 0.039795 0.030705 0.042830 0.029516 0.045884
7477.346305 0.034927 0.031817 0.037849 0.029173 0.040743 0.028046 0.043650
7581.576458 0.033098 0.030135 0.035877 0.027620 0.038626 0.026555 0.041386
7687.259522 0.031316 0.028497 0.033954 0.026108 0.036562 0.025102 0.039178
7794.415750 0.029866 0.027179 0.032393 0.024887 0.034885 0.023929 0.037383
7903.065679 0.028400 0.025844 0.030810 0.023649 0.033185 0.022740 0.035564
8013.230128 0.026904 0.024490 0.029205 0.022394 0.031461 0.021534 0.033719
8124.930211 0.025404 0.023125 0.027592 0.021132 0.029728 0.020322 0.031864
8238.187331 0.024236 0.022052 0.026324 0.020147 0.028366 0.019376 0.030406
8353.023195 0.023051 0.020964 0.025037 0.019148 0.026984 0.018415 0.028927
8469.459808 0.021847 0.019866 0.023733 0.018135 0.025584 0.017442 0.027427
8587.519485 0.020619 0.018752 0.022410 0.017108 0.024164 0.016455 0.025907
8707.224849 0.019641 0.017862 0.021355 0.016291 0.023029 0.015670 0.024692
8828.598841 0.018676 0.016984 0.020316 0.015486 0.021910 0.014897 0.023493
8951.664721 0.017698 0.016094 0.019264 0.014670 0.020775 0.014112 0.022277
9076.446073 0.016709 0.015192 0.018194 0.013843 0.019624 0.013317 0.021044
9202.966809 0.015892 0.014447 0.017307 0.013160 0.018671 0.012661 0.020023
9331.251175 0.015117 0.013740 0.016464 0.012512 0.017765 0.012038 0.019053
9461.323756 0.014334 0.013023 0.015609 0.011856 0.016847 0.011407 0.018069
9593.209478 0.013540 0.012296 0.014742 0.011190 0.015916 0.010767 0.017072
9726.933615 0.012855 0.011673 0.014000 0.010621 0.015118 0.010219 0.016216
9862.521795 0.012230 0.011103 0.013320 0.010101 0.014387 0.009719 0.015433
10000.000000 0.011597 0.010526 0.012631 0.009573 0.013645 0.009212 0.014638
