10.000000 0.254892 0.074622 0.480903 0.015651 0.596724 0.000491 0.659465
10.139395 0.255588 0.074898 0.481703 0.015672 0.598194 0.000504 0.660640
10.280732 0.255963 0.075170 0.482893 0.015692 0.599779 0.000516 0.661776
10.424040 0.256639 0.075439 0.483521 0.015712 0.601256 0.000528 0.662874
10.569346 0.257417 0.075705 0.484333 0.015733 0.602700 0.000540 0.663934
10.716676 0.257973 0.075967 0.485504 0.015753 0.604064 0.000552 0.664959
10.866061 0.258337 0.076198 0.486451 0.015772 0.605137 0.000563 0.665949
11.017528 0.258689 0.076408 0.487207 0.015792 0.606508 0.000574 0.666906
11.171107 0.259028 0.076616 0.488350 0.015812 0.607959 0.000585 0.667830
11.326826 0.259572 0.076822 0.489834 0.015831 0.609377 0.000596 0.668722
11.484715 0.260176 0.077027 0.491296 0.015850 0.610705 0.000606 0.669584
11.644806 0.260770 0.077229 0.492735 0.015869 0.611934 0.000617 0.670416
11.807128 0.261354 0.077406 0.494153 0.015888 0.613135 0.000627 0.671219
11.971713 0.261884 0.077578 0.495548 0.015907 0.614308 0.000637 0.671887
12.138593 0.262145 0.077747 0.496922 0.015933 0.615453 0.000646 0.672507
12.307798 0.262396 0.077914 0.498275 0.015972 0.616572 0.000656 0.673102
12.479362 0.262637 0.078077 0.499606 0.016009 0.617664 0.000665 0.673675
12.653318 0.262869 0.078238 0.500856 0.016046 0.618731 0.000674 0.674225
12.829698 0.263193 0.078396 0.502205 0.016082 0.619772 0.000683 0.674755
13.008537 0.263662 0.078551 0.503474 0.016117 0.620788 0.000692 0.675265
13.189869 0.263894 0.078703 0.504387 0.016152 0.621780 0.000700 0.675754
13.373729 0.264118 0.078853 0.504948 0.016185 0.622748 0.000708 0.676225
13.560151 0.264335 0.079000 0.505310 0.016218 0.623693 0.000717 0.676678
13.749172 0.264544 0.079144 0.505659 0.016251 0.624464 0.000724 0.677113
13.940828 0.265105 0.079286 0.505995 0.016282 0.625516 0.000732 0.677532
14.135156 0.265765 0.079425 0.506696 0.016313 0.626394 0.000740 0.677934
14.332192 0.266088 0.079562 0.507657 0.016343 0.627250 0.000747 0.678321
14.531975 0.266234 0.079697 0.508601 0.016373 0.628086 0.000755 0.678692
14.734543 0.266374 0.079828 0.509099 0.016402 0.628901 0.000762 0.679049
14.939935 0.266509 0.079985 0.509390 0.016430 0.629697 0.000769 0.679393
15.148189 0.266975 0.080170 0.510232 0.016458 0.630472 0.000776 0.679723
15.359347 0.267067 0.080353 0.510588 0.016485 0.631229 0.000782 0.680040
15.573448 0.267553 0.080534 0.510867 0.016511 0.631967 0.000789 0.680345
15.790533 0.268097 0.080713 0.511136 0.016537 0.632669 0.000795 0.680638
16.010645 0.268633 0.080890 0.511866 0.016562 0.632944 0.000801 0.680919
16.233824 0.269161 0.081065 0.512649 0.016587 0.633209 0.000808 0.681189
16.460115 0.269681 0.081239 0.513417 0.016611 0.633643 0.000813 0.681449
16.689560 0.270193 0.081410 0.514171 0.016635 0.634446 0.000819 0.681699
16.922204 0.270501 0.081579 0.514910 0.016658 0.635348 0.000825 0.681939
17.158090 0.270933 0.081747 0.515635 0.016681 0.636479 0.000831 0.682169
17.397264 0.271423 0.081912 0.516347 0.016703 0.637109 0.000836 0.682391
17.639773 0.271907 0.082076 0.517045 0.016724 0.637832 0.000841 0.682604
17.885662 0.272384 0.082238 0.517729 0.016745 0.638404 0.000847 0.682808
18.134978 0.272855 0.082397 0.518400 0.016766 0.638962 0.000852 0.683004
18.387770 0.273310 0.082556 0.518931 0.016786 0.639606 0.000857 0.683230
18.644085 0.273411 0.082712 0.519063 0.016806 0.640280 0.000861 0.683527
18.903974 0.273509 0.082866 0.519424 0.016825 0.640940 0.000866 0.683813
19.167485 0.273842 0.083019 0.520205 0.016844 0.641586 0.000871 0.684090
19.434669 0.274224 0.083170 0.520974 0.016862 0.642217 0.000875 0.684356
19.705578 0.274601 0.083319 0.521730 0.016880 0.642992 0.000880 0.684614
19.980263 0.274971 0.083466 0.522474 0.016898 0.643951 0.000884 0.684862
20.258777 0.275335 0.083612 0.522854 0.016915 0.644894 0.000888 0.685102
20.541173 0.275693 0.083756 0.522942 0.016931 0.645822 0.000893 0.685333
20.827506 0.276046 0.083898 0.523026 0.016948 0.646734 0.000897 0.685556
21.117830 0.276392 0.084039 0.523265 0.016964 0.647033 0.000900 0.685771
21.412202 0.276748 0.084178 0.523829 0.016979 0.647629 0.000904 0.685979
21.710676 0.277162 0.084315 0.524278 0.016994 0.648495 0.000908 0.686180
22.013311 0.277571 0.084450 0.524468 0.017009 0.649065 0.000912 0.686373
22.320165 0.277974 0.084584 0.525023 0.017024 0.649481 0.000915 0.686560
22.631296 0.278372 0.084716 0.525566 0.017038 0.649887 0.000919 0.686740
22.946764 0.278581 0.084847 0.526065 0.017052 0.650282 0.000922 0.686914
23.266629 0.278626 0.084976 0.526132 0.017065 0.650667 0.000926 0.687081
23.590953 0.278669 0.085103 0.526197 0.017079 0.651042 0.000929 0.687243
23.919798 0.278710 0.085161 0.526612 0.017091 0.651407 0.000932 0.687399
24.253227 0.278750 0.085173 0.526898 0.017104 0.651762 0.000935 0.687550
24.591304 0.278862 0.085184 0.527321 0.017116 0.652108 0.000938 0.687695
24.934094 0.279161 0.085194 0.527736 0.017128 0.652445 0.000941 0.687835
25.281661 0.279455 0.085204 0.528142 0.017140 0.652773 0.000944 0.687970
25.634074 0.279745 0.085214 0.528539 0.017151 0.653093 0.000947 0.688101
25.991399 0.280030 0.085223 0.528827 0.017163 0.653713 0.000950 0.688227
26.353705 0.280310 0.085232 0.529255 0.017174 0.654332 0.000952 0.688348
26.721062 0.280586 0.085241 0.529684 0.017184 0.654698 0.000955 0.688465
27.093539 0.280858 0.085249 0.530050 0.017195 0.654921 0.000958 0.688578
27.471208 0.281126 0.085257 0.530408 0.017205 0.655553 0.000960 0.688687
27.854142 0.281389 0.085265 0.530759 0.017215 0.656174 0.000963 0.688792
28.242413 0.281648 0.085272 0.531103 0.017224 0.656784 0.000965 0.688893
28.636097 0.281941 0.085279 0.531440 0.017234 0.657383 0.000967 0.688991
29.035269 0.282347 0.085286 0.531769 0.017243 0.657971 0.000970 0.689085
29.440005 0.282682 0.085293 0.532092 0.017252 0.658404 0.000972 0.689176
29.850382 0.282831 0.085299 0.532408 0.017261 0.658704 0.000974 0.689264
30.266481 0.282976 0.085305 0.532718 0.017269 0.658997 0.000976 0.689349
30.688379 0.283118 0.085310 0.533021 0.017278 0.659283 0.000978 0.689431
31.116158 0.283312 0.085316 0.533318 0.017286 0.659562 0.000980 0.689509
31.549901 0.283394 0.085321 0.533608 0.017294 0.659835 0.000982 0.689585
31.989689 0.283527 0.085326 0.533893 0.017302 0.660101 0.000984 0.689659
32.435608 0.283658 0.085331 0.534171 0.017309 0.660361 0.000986 0.689729
32.887743 0.283785 0.085336 0.534444 0.017317 0.660614 0.000988 0.689797
33.346180 0.283910 0.085340 0.534634 0.017324 0.660862 0.000990 0.689863
33.811008 0.284032 0.085345 0.534771 0.017331 0.661103 0.000991 0.689927
34.282315 0.284152 0.085349 0.535228 0.017338 0.661339 0.000993 0.689988
34.760192 0.284268 0.085353 0.535479 0.017345 0.661600 0.000995 0.690047
35.244730 0.284383 0.085357 0.535724 0.017351 0.662115 0.000996 0.690104
35.736022 0.284495 0.085360 0.535960 0.017358 0.662622 0.000998 0.690159
36.234163 0.284604 0.085364 0.536185 0.017364 0.662902 0.001000 0.690211
36.739248 0.284711 0.085367 0.536406 0.017370 0.663071 0.001001 0.690263
37.251373 0.284816 0.085370 0.536621 0.017376 0.663235 0.001003 0.690312
37.770637 0.284959 0.085374 0.536832 0.017382 0.663395 0.001004 0.690359
38.297139 0.285130 0.085380 0.536946 0.017387 0.663551 0.001005 0.690405
38.830980 0.285299 0.085416 0.537031 0.017393 0.663612 0.001007 0.690449
39.372263 0.285464 0.085450 0.537113 0.017398 0.663630 0.001008 0.690492
39.921091 0.285627 0.085485 0.537193 0.017404 0.663647 0.001009 0.690533
40.477570 0.285754 0.085518 0.537271 0.017409 0.663765 0.001011 0.690573
41.041805 0.285820 0.085551 0.537347 0.017414 0.663937 0.001012 0.690611
41.613906 0.286098 0.085583 0.537420 0.017419 0.664104 0.001013 0.690648
42.193981 0.286250 0.085614 0.537491 0.017423 0.664268 0.001014 0.690683
42.782142 0.286399 0.085645 0.537679 0.017428 0.664428 0.001015 0.690718
43.378502 0.286546 0.085675 0.537967 0.017433 0.664584 0.001017 0.690751
43.983175 0.286613 0.085704 0.538264 0.017437 0.664736 0.001018 0.690782
44.596276 0.286622 0.085733 0.538556 0.017441 0.664885 0.001019 0.690813
45.217924 0.286632 0.085761 0.538843 0.017446 0.665029 0.001020 0.690843
45.848238 0.286641 0.085789 0.539125 0.017450 0.665171 0.001021 0.690872
46.487337 0.286694 0.085816 0.539402 0.017454 0.665309 0.001022 0.690899
47.135345 0.286700 0.085842 0.539618 0.017458 0.665444 0.001023 0.690926
47.792386 0.286706 0.085868 0.539761 0.017462 0.665548 0.001024 0.690951
48.458586 0.286711 0.085893 0.539900 0.017465 0.665646 0.001025 0.690976
49.134073 0.286717 0.085918 0.540035 0.017469 0.665742 0.001026 0.691000
49.818975 0.286722 0.085942 0.540168 0.017473 0.665835 0.001026 0.691023
50.513425 0.286727 0.085966 0.540298 0.017476 0.665926 0.001027 0.691045
51.217554 0.286732 0.085989 0.540425 0.017479 0.666014 0.001028 0.691067
51.931499 0.286744 0.086011 0.540548 0.017483 0.666100 0.001029 0.691087
52.655396 0.286804 0.086033 0.540669 0.017486 0.666184 0.001030 0.691107
53.389384 0.286863 0.086055 0.540788 0.017489 0.666265 0.001031 0.691126
54.133603 0.286920 0.086076 0.540903 0.017492 0.666376 0.001031 0.691145
54.888196 0.286976 0.086097 0.541016 0.017495 0.666726 0.001032 0.691163
55.653308 0.287031 0.086117 0.541126 0.017498 0.666826 0.001033 0.691180
56.429085 0.287085 0.086137 0.541234 0.017501 0.666924 0.001033 0.691197
57.215676 0.287138 0.086156 0.541339 0.017504 0.667019 0.001034 0.691213
58.013231 0.287189 0.086175 0.541442 0.017506 0.667112 0.001035 0.691228
58.821904 0.287239 0.086194 0.541716 0.017509 0.667203 0.001036 0.691243
59.641849 0.287288 0.086212 0.542028 0.017512 0.667292 0.001036 0.691257
60.473224 0.287336 0.086230 0.542134 0.017514 0.667378 0.001037 0.691271
61.316188 0.287383 0.086247 0.542237 0.017517 0.667463 0.001037 0.691285
62.170903 0.287429 0.086264 0.542338 0.017519 0.667545 0.001038 0.691297
63.037532 0.287474 0.086275 0.542437 0.017521 0.667625 0.001039 0.691310
63.916241 0.287518 0.086279 0.542534 0.017524 0.667704 0.001039 0.691322
64.807198 0.287561 0.086283 0.542629 0.017526 0.667780 0.001040 0.691333
65.710575 0.287603 0.086287 0.542722 0.017528 0.667855 0.001040 0.691345
66.626545 0.287644 0.086290 0.542813 0.017530 0.667927 0.001041 0.691355
67.555283 0.287684 0.086294 0.542901 0.017532 0.667998 0.001041 0.691366
68.496967 0.287723 0.086297 0.542995 0.017534 0.668068 0.001042 0.691376
69.451778 0.287762 0.086301 0.543120 0.017536 0.668106 0.001042 0.691385
70.419898 0.287799 0.086304 0.543242 0.017538 0.668120 0.001043 0.691395
71.401513 0.287836 0.086307 0.543362 0.017540 0.668133 0.001043 0.691404
72.396811 0.287872 0.086310 0.543479 0.017542 0.668236 0.001044 0.691412
73.405984 0.287907 0.086313 0.543594 0.017544 0.668244 0.001044 0.691420
74.429223 0.287941 0.086316 0.543652 0.017545 0.668321 0.001045 0.691429
75.466726 0.287975 0.086319 0.543662 0.017547 0.668398 0.001045 0.691436
76.518692 0.288008 0.086321 0.543672 0.017549 0.668474 0.001045 0.691444
77.585321 0.288040 0.086324 0.543753 0.017550 0.668548 0.001046 0.691451
78.666818 0.288071 0.086327 0.543817 0.017552 0.668621 0.001046 0.691458
79.763391 0.288102 0.086329 0.543829 0.017553 0.668691 0.001047 0.691465
80.875249 0.288132 0.086332 0.543895 0.017555 0.668761 0.001047 0.691471
82.002606 0.288161 0.086334 0.543961 0.017556 0.668828 0.001047 0.691477
83.145678 0.288190 0.086344 0.544025 0.017558 0.668877 0.001048 0.691483
84.304684 0.288217 0.086358 0.544087 0.017559 0.668925 0.001048 0.691489
85.479845 0.288245 0.086371 0.544148 0.017561 0.668983 0.001048 0.691495
86.671388 0.288316 0.086384 0.544208 0.017562 0.669017 0.001049 0.691500
87.879540 0.288393 0.086397 0.544267 0.017563 0.669061 0.001049 0.691505
89.104533 0.288468 0.086409 0.544324 0.017564 0.669105 0.001049 0.691510
90.346602 0.288542 0.086421 0.544380 0.017566 0.669147 0.001050 0.691543
91.605985 0.288615 0.086433 0.544435 0.017567 0.669188 0.001050 0.691660
92.882923 0.288687 0.086445 0.544489 0.017568 0.669228 0.001050 0.691774
94.177660 0.288758 0.086456 0.544541 0.017569 0.669267 0.001050 0.691886
95.490446 0.288827 0.086468 0.544592 0.017570 0.669306 0.001051 0.691995
96.821531 0.288895 0.086479 0.544643 0.017571 0.669343 0.001051 0.692103
98.171170 0.288962 0.086489 0.544697 0.017572 0.669379 0.001051 0.692208
99.539623 0.289028 0.086500 0.544908 0.017573 0.669448 0.001051 0.692312
100.927151 0.289093 0.086510 0.545116 0.017574 0.669676 0.001052 0.692413
102.334021 0.289156 0.086521 0.545215 0.017575 0.669722 0.001052 0.692512
103.760502 0.289219 0.086530 0.545274 0.017576 0.669768 0.001052 0.692610
105.206867 0.289280 0.086531 0.545332 0.017577 0.669813 0.001052 0.692705
106.673394 0.289340 0.086531 0.545388 0.017578 0.669856 0.001053 0.692799
108.160363 0.289400 0.086532 0.545443 0.017579 0.669899 0.001053 0.692890
109.668060 0.289458 0.086532 0.545497 0.017580 0.669941 0.001053 0.692918
111.196773 0.289515 0.086532 0.545550 0.017581 0.669981 0.001053 0.692920
112.746796 0.289572 0.086533 0.545602 0.017582 0.670021 0.001054 0.692922
114.318425 0.289627 0.086533 0.545613 0.017582 0.670060 0.001054 0.692924
115.911962 0.289681 0.086534 0.545622 0.017583 0.670098 0.001054 0.692925
117.527712 0.289735 0.086534 0.545630 0.017584 0.670135 0.001054 0.692927
119.165984 0.289787 0.086534 0.545637 0.017585 0.670171 0.001054 0.692929
120.827094 0.289839 0.086535 0.545645 0.017585 0.670207 0.001054 0.692943
122.511358 0.289890 0.086535 0.545652 0.017586 0.670241 0.001055 0.693020
124.219100 0.289939 0.086535 0.545659 0.017587 0.670275 0.001055 0.693095
125.950646 0.289988 0.086536 0.545666 0.017588 0.670308 0.001055 0.693168
127.706330 0.290037 0.086536 0.545673 0.017588 0.670341 0.001055 0.693240
129.486487 0.290084 0.086536 0.545680 0.017589 0.670372 0.001055 0.693310
131.291459 0.290130 0.086537 0.545686 0.017589 0.670403 0.001055 0.693379
133.121590 0.290176 0.086537 0.545692 0.017590 0.670433 0.001056 0.693447
134.977233 0.290221 0.086537 0.545698 0.017591 0.670463 0.001056 0.693513
136.858742 0.290265 0.086537 0.545704 0.017591 0.670466 0.001056 0.693578
138.766479 0.290308 0.086538 0.545709 0.017592 0.670466 0.001056 0.693642
140.700809 0.290351 0.086538 0.545715 0.017592 0.670467 0.001056 0.693705
142.662102 0.290393 0.086538 0.545720 0.017593 0.670467 0.001056 0.693766
144.650734 0.290434 0.086538 0.545725 0.017593 0.670467 0.001056 0.693826
146.667087 0.290474 0.086539 0.545733 0.017594 0.670468 0.001057 0.693885
148.711546 0.290514 0.086539 0.545758 0.017594 0.670468 0.001057 0.693942
150.784505 0.290553 0.086539 0.545783 0.017595 0.670469 0.001057 0.693999
152.886359 0.290592 0.086539 0.545807 0.017595 0.670469 0.001057 0.694054
155.017512 0.290629 0.086539 0.545831 0.017596 0.670469 0.001057 0.694108
157.178372 0.290666 0.086540 0.545854 0.017596 0.670470 0.001057 0.694162
159.369353 0.290703 0.086540 0.545877 0.017597 0.670470 0.001057 0.694214
161.590875 0.290739 0.086540 0.545899 0.017597 0.670470 0.001057 0.694265
163.843365 0.290774 0.086540 0.545921 0.017598 0.670470 0.001058 0.694315
166.127252 0.290808 0.086540 0.545942 0.017598 0.670471 0.001058 0.694364
168.442976 0.290842 0.086540 0.545963 0.017598 0.670471 0.001058 0.694412
170.790980 0.290875 0.086541 0.545983 0.017599 0.670471 0.001058 0.694460
173.171713 0.290908 0.086541 0.546003 0.017599 0.670472 0.001058 0.694506
175.585633 0.290940 0.086541 0.546022 0.017600 0.670472 0.001058 0.694551
178.033202 0.290972 0.086541 0.546030 0.017600 0.670472 0.001058 0.694596
180.514888 0.291003 0.086541 0.546032 0.017600 0.670472 0.001058 0.694639
183.031168 0.291034 0.086541 0.546033 0.017601 0.670472 0.001058 0.694682
185.582523 0.291064 0.086541 0.546034 0.017601 0.670473 0.001058 0.694724
188.169442 0.291093 0.086541 0.546036 0.017601 0.670473 0.001058 0.694765
190.792422 0.291122 0.086542 0.546037 0.017602 0.670473 0.001059 0.694805
193.451965 0.291151 0.086542 0.546038 0.017602 0.670505 0.001059 0.694844
196.148581 0.291179 0.086542 0.546039 0.017602 0.670591 0.001059 0.694883
198.882786 0.291206 0.086542 0.546040 0.017603 0.670676 0.001059 0.694921
201.655104 0.291227 0.086542 0.546041 0.017603 0.670759 0.001059 0.694958
204.466067 0.291233 0.086542 0.546042 0.017603 0.670841 0.001059 0.694994
207.316213 0.291239 0.086542 0.546043 0.017603 0.670922 0.001059 0.695030
210.206088 0.291245 0.086542 0.546044 0.017604 0.671001 0.001059 0.695065
213.136247 0.291251 0.086542 0.546045 0.017604 0.671079 0.001059 0.695099
216.107251 0.291256 0.086542 0.546046 0.017604 0.671148 0.001059 0.695132
219.119669 0.291262 0.086543 0.546047 0.017604 0.671161 0.001059 0.695165
222.174078 0.291267 0.086543 0.546048 0.017605 0.671174 0.001059 0.695197
225.271064 0.291272 0.086543 0.546049 0.017605 0.671186 0.001059 0.695229
228.411221 0.291277 0.086543 0.546049 0.017605 0.671198 0.001059 0.695260
231.595149 0.291282 0.086543 0.546050 0.017605 0.671210 0.001059 0.695290
234.823460 0.291287 0.086543 0.546051 0.017606 0.671222 0.001060 0.695320
238.096772 0.291291 0.086543 0.546052 0.017606 0.671233 0.001060 0.695349
241.415712 0.291296 0.086543 0.546052 0.017606 0.671244 0.001060 0.695378
244.780916 0.291300 0.086543 0.546053 0.017606 0.671255 0.001060 0.695406
248.193029 0.291305 0.086543 0.546054 0.017606 0.671266 0.001060 0.695433
251.652705 0.291309 0.086543 0.546054 0.017607 0.671276 0.001060 0.695460
255.160607 0.291313 0.086543 0.546055 0.017607 0.671286 0.001060 0.695486
258.717408 0.291317 0.086543 0.546056 0.017607 0.671296 0.001060 0.695512
262.323788 0.291321 0.086543 0.546090 0.017607 0.671306 0.001060 0.695537
265.980440 0.291325 0.086543 0.546186 0.017607 0.671316 0.001060 0.695562
269.688063 0.291329 0.086543 0.546282 0.017607 0.671325 0.001060 0.695586
273.447368 0.291333 0.086544 0.546376 0.017608 0.671334 0.001060 0.695610
277.259076 0.291336 0.086544 0.546469 0.017608 0.671343 0.001060 0.695634
281.123917 0.291340 0.086544 0.546482 0.017608 0.671351 0.001060 0.695657
285.042632 0.291343 0.086544 0.546491 0.017608 0.671360 0.001060 0.695679
289.015972 0.291346 0.086544 0.546500 0.017608 0.671368 0.001060 0.695701
293.044698 0.291350 0.086544 0.546508 0.017608 0.671376 0.001060 0.695722
297.129582 0.291353 0.086544 0.546517 0.017609 0.671384 0.001060 0.695744
301.271407 0.291356 0.086544 0.546525 0.017609 0.671392 0.001060 0.695764
305.470967 0.291359 0.086544 0.546533 0.017609 0.671399 0.001060 0.695785
309.729067 0.291362 0.086544 0.546541 0.017609 0.671406 0.001060 0.695804
314.046522 0.291365 0.086544 0.546548 0.017609 0.671414 0.001060 0.695824
318.424160 0.291368 0.086544 0.546556 0.017609 0.671421 0.001060 0.695843
322.862820 0.291371 0.086544 0.546563 0.017609 0.671427 0.001060 0.695862
327.363353 0.291374 0.086544 0.546570 0.017609 0.671434 0.001060 0.695880
331.926620 0.291376 0.086544 0.546577 0.017610 0.671441 0.001061 0.695898
336.553498 0.291379 0.086544 0.546584 0.017610 0.671447 0.001061 0.695916
341.244871 0.291381 0.086544 0.546591 0.017610 0.671453 0.001061 0.695933
346.001639 0.291384 0.086544 0.546598 0.017610 0.671459 0.001061 0.695950
350.824714 0.291386 0.086544 0.546604 0.017610 0.671465 0.001061 0.695966
355.715021 0.291389 0.086544 0.546610 0.017610 0.671471 0.001061 0.695983
360.673495 0.291391 0.086544 0.546616 0.017610 0.671499 0.001061 0.695998
365.701088 0.291393 0.086544 0.546622 0.017610 0.671540 0.001061 0.696014
370.798763 0.291395 0.086544 0.546628 0.017610 0.671581 0.001061 0.696029
375.967497 0.291398 0.086544 0.546634 0.017611 0.671621 0.001061 0.696044
381.208280 0.291400 0.086544 0.546640 0.017611 0.671660 0.001061 0.696059
386.522116 0.291402 0.086544 0.546645 0.017611 0.671699 0.001061 0.696073
391.910025 0.291404 0.086544 0.546655 0.017611 0.671737 0.001061 0.696088
397.373038 0.291406 0.086544 0.546701 0.017611 0.671775 0.001061 0.696101
402.912203 0.291408 0.086544 0.546746 0.017611 0.671812 0.001061 0.696115
408.528580 0.291410 0.086544 0.546791 0.017611 0.671848 0.001061 0.696128
414.223247 0.291411 0.086544 0.546835 0.017611 0.671883 0.001061 0.696141
419.997295 0.291413 0.086544 0.546878 0.017611 0.671919 0.001061 0.696154
425.851829 0.291415 0.086544 0.546921 0.017611 0.671953 0.001061 0.696166
431.787973 0.291417 0.086544 0.546962 0.017611 0.671987 0.001061 0.696179
437.806863 0.291418 0.086544 0.547004 0.017611 0.672020 0.001061 0.696191
443.909653 0.291420 0.086544 0.547045 0.017612 0.672053 0.001061 0.696202
450.097513 0.291422 0.086545 0.547085 0.017612 0.672086 0.001061 0.696214
456.371628 0.291423 0.086545 0.547124 0.017612 0.672117 0.001061 0.696225
462.733201 0.291425 0.086545 0.547163 0.017612 0.672149 0.001061 0.696236
469.183451 0.291426 0.086545 0.547201 0.017612 0.672179 0.001061 0.696247
475.723614 0.291428 0.086545 0.547239 0.017612 0.672210 0.001061 0.696258
482.354943 0.291429 0.086545 0.547276 0.017612 0.672240 0.001061 0.696268
489.078709 0.291430 0.086545 0.547313 0.017612 0.672269 0.001061 0.696278
495.896201 0.291432 0.086545 0.547349 0.017612 0.672298 0.001061 0.696288
502.808725 0.291433 0.086545 0.547385 0.017612 0.672326 0.001061 0.696298
509.817606 0.291434 0.086545 0.547420 0.017612 0.672354 0.001061 0.696308
516.924187 0.291436 0.086545 0.547454 0.017612 0.672381 0.001061 0.696317
524.129830 0.291437 0.086545 0.547488 0.017612 0.672408 0.001061 0.696327
531.435916 0.291438 0.086545 0.547522 0.017612 0.672435 0.001061 0.696336
538.843844 0.291439 0.086545 0.547555 0.017612 0.672461 0.001061 0.696344
546.355035 0.291440 0.086545 0.547587 0.017612 0.672486 0.001061 0.696353
553.970928 0.291442 0.086545 0.547619 0.017612 0.672512 0.001061 0.696362
561.692982 0.291443 0.086545 0.547651 0.017612 0.672536 0.001061 0.696370
569.522678 0.291444 0.086545 0.547682 0.017613 0.672561 0.001061 0.696378
577.461515 0.291445 0.086545 0.547712 0.017613 0.672585 0.001061 0.696386
585.511016 0.291446 0.086545 0.547742 0.017613 0.672609 0.001061 0.696394
593.672722 0.291447 0.086545 0.547772 0.017613 0.672632 0.001061 0.696402
601.948197 0.291448 0.086545 0.547801 0.017613 0.672655 0.001061 0.696409
610.339029 0.291449 0.086545 0.547830 0.017613 0.672677 0.001061 0.696417
618.846824 0.291450 0.086545 0.547858 0.017613 0.672699 0.001061 0.696424
627.473213 0.291451 0.086545 0.547886 0.017613 0.672721 0.001061 0.696431
636.219849 0.291451 0.086545 0.547914 0.017613 0.672742 0.001061 0.696438
645.088409 0.291452 0.086545 0.547928 0.017613 0.672763 0.001061 0.696445
654.080591 0.291453 0.086545 0.547932 0.017613 0.672784 0.001061 0.696452
663.198120 0.291454 0.086545 0.547936 0.017613 0.672805 0.001061 0.696458
672.442742 0.291455 0.086545 0.547940 0.017613 0.672825 0.001061 0.696465
681.816229 0.291456 0.086545 0.547943 0.017613 0.672844 0.001061 0.696471
691.320378 0.291456 0.086545 0.547947 0.017613 0.672864 0.001061 0.696477
700.957009 0.291457 0.086545 0.547950 0.017613 0.672883 0.001061 0.696483
710.727970 0.291458 0.086545 0.547954 0.017613 0.672901 0.001061 0.696489
720.635132 0.291459 0.086545 0.547957 0.017613 0.672920 0.001061 0.696495
730.680395 0.291459 0.086545 0.547960 0.017613 0.672938 0.001061 0.696500
740.865683 0.291460 0.086545 0.547963 0.017613 0.672956 0.001061 0.696506
751.192949 0.291461 0.086545 0.547967 0.017613 0.672973 0.001061 0.696511
761.664172 0.291461 0.086545 0.547970 0.017613 0.672991 0.001061 0.696517
772.281357 0.291462 0.086545 0.547973 0.017613 0.673008 0.001061 0.696522
783.046540 0.291463 0.086545 0.547976 0.017613 0.673024 0.001061 0.696527
793.961785 0.291463 0.086545 0.547979 0.017613 0.673041 0.001061 0.696532
805.029181 0.291464 0.086545 0.547981 0.017613 0.673057 0.001061 0.696537
816.250851 0.291464 0.086545 0.547984 0.017613 0.673073 0.001061 0.696542
827.628946 0.291465 0.086545 0.547987 0.017613 0.673088 0.001061 0.696547
839.165644 0.291466 0.086545 0.547990 0.017613 0.673104 0.001061 0.696551
850.863158 0.291466 0.086545 0.547992 0.017613 0.673119 0.001061 0.696556
862.723729 0.291467 0.086545 0.547995 0.017613 0.673134 0.001061 0.696560
874.749630 0.291467 0.086545 0.547997 0.017613 0.673148 0.001061 0.696565
886.943166 0.291468 0.086545 0.548000 0.017613 0.673163 0.001061 0.696569
899.306672 0.291468 0.086545 0.548002 0.017613 0.673177 0.001061 0.696573
911.842520 0.291469 0.086545 0.548005 0.017614 0.673191 0.001061 0.696577
924.553110 0.291469 0.086545 0.548007 0.017614 0.673205 0.001061 0.696581
937.440879 0.291470 0.086545 0.548009 0.017614 0.673218 0.001062 0.696585
950.508296 0.291470 0.086545 0.548011 0.017614 0.673231 0.001062 0.696589
963.757866 0.291470 0.086545 0.548013 0.017614 0.673244 0.001062 0.696593
977.192128 0.291471 0.086545 0.548016 0.017614 0.673257 0.001062 0.696597
990.813657 0.291471 0.086545 0.548018 0.017614 0.673270 0.001062 0.696600
1004.625062 0.291472 0.086545 0.548020 0.017614 0.673282 0.001062 0.696604
1018.628990 0.291472 0.086545 0.548022 0.017614 0.673294 0.001062 0.696608
1032.828126 0.291473 0.086545 0.548024 0.017614 0.673306 0.001062 0.696611
1047.225190 0.291473 0.086545 0.548026 0.017614 0.673318 0.001062 0.696614
1061.822941 0.291473 0.086545 0.548028 0.017614 0.673330 0.001062 0.696618
1076.624177 0.291474 0.086545 0.548029 0.017614 0.673341 0.001062 0.696621
1091.631734 0.291474 0.086545 0.548031 0.017614 0.673352 0.001062 0.696624
1106.848489 0.291474 0.086545 0.548033 0.017614 0.673363 0.001062 0.696627
1122.277356 0.291475 0.086545 0.548035 0.017614 0.673374 0.001062 0.696630
1137.921294 0.291475 0.086545 0.548036 0.017614 0.673385 0.001062 0.696633
1153.783300 0.291475 0.086545 0.548038 0.017614 0.673396 0.001062 0.696636
1169.866413 0.291476 0.086545 0.548040 0.017614 0.673406 0.001062 0.696639
1186.173716 0.291476 0.086545 0.548041 0.017614 0.673416 0.001062 0.696642
1202.708335 0.291476 0.086545 0.548043 0.017614 0.673426 0.001062 0.696645
1219.473437 0.291477 0.086545 0.548044 0.017614 0.673436 0.001062 0.696647
1236.472235 0.291477 0.086545 0.548046 0.017614 0.673446 0.001062 0.696650
1253.707987 0.291477 0.086545 0.548047 0.017614 0.673455 0.001062 0.696652
1271.183997 0.291477 0.086545 0.548049 0.017614 0.673464 0.001062 0.696655
1288.903612 0.291478 0.086545 0.548050 0.017614 0.673474 0.001062 0.696657
1306.870230 0.291478 0.086545 0.548052 0.017614 0.673483 0.001062 0.696660
1325.087292 0.291478 0.086545 0.548053 0.017614 0.673492 0.001062 0.696662
1343.558290 0.291478 0.086545 0.548054 0.017614 0.673500 0.001062 0.696665
1362.286764 0.291479 0.086545 0.548056 0.017614 0.673509 0.001062 0.696667
1381.276303 0.291479 0.086545 0.548057 0.017614 0.673517 0.001062 0.696669
1400.530545 0.291479 0.086545 0.548058 0.017614 0.673526 0.001062 0.696671
1420.053182 0.291479 0.086545 0.548059 0.017614 0.673534 0.001062 0.696674
1439.847953 0.291480 0.086545 0.548061 0.017614 0.673542 0.001062 0.696676
1459.918652 0.291480 0.086545 0.548062 0.017614 0.673550 0.001062 0.696678
1480.269127 0.291480 0.086545 0.548063 0.017614 0.673558 0.001062 0.696680
1500.903276 0.291480 0.086545 0.548064 0.017614 0.673565 0.001062 0.696682
1521.825053 0.291480 0.086545 0.548065 0.017614 0.673573 0.001062 0.696684
1543.038469 0.291481 0.086545 0.548066 0.017614 0.673580 0.001062 0.696686
1564.547589 0.291481 0.086545 0.548067 0.017614 0.673584 0.001062 0.696687
1586.356534 0.291481 0.086545 0.548068 0.017614 0.673584 0.001062 0.696689
1608.469483 0.291481 0.086545 0.548069 0.017614 0.673584 0.001062 0.696691
1630.890676 0.291481 0.086545 0.548070 0.017614 0.673584 0.001062 0.696693
1653.624407 0.291482 0.086545 0.548071 0.017614 0.673584 0.001062 0.696695
1676.675035 0.291482 0.086545 0.548072 0.017614 0.673584 0.001062 0.696696
1700.046975 0.291482 0.086545 0.548073 0.017614 0.673584 0.001062 0.696698
1723.744708 0.291482 0.086545 0.548074 0.017614 0.673584 0.001062 0.696700
1747.772774 0.291482 0.086545 0.548075 0.017614 0.673584 0.001062 0.696701
1772.135779 0.291482 0.086545 0.548076 0.017614 0.673584 0.001062 0.696703
1796.838391 0.291483 0.086545 0.548077 0.017614 0.673584 0.001062 0.696704
1821.885343 0.291483 0.086545 0.548078 0.017614 0.673584 0.001062 0.696706
1847.281437 0.291483 0.086545 0.548078 0.017614 0.673584 0.001062 0.696707
1873.031539 0.291483 0.086545 0.548079 0.017614 0.673584 0.001062 0.696709
1899.140582 0.291483 0.086545 0.548080 0.017614 0.673584 0.001062 0.696710
1925.613572 0.291483 0.086545 0.548081 0.017614 0.673584 0.001062 0.696711
1952.455581 0.291483 0.086545 0.548082 0.017614 0.673584 0.001062 0.696713
1979.671753 0.291484 0.086545 0.548082 0.017614 0.673584 0.001062 0.696714
2007.267304 0.291484 0.086545 0.548083 0.017614 0.673584 0.001062 0.696715
2035.247521 0.291484 0.086545 0.548084 0.017614 0.673584 0.001062 0.696717
2063.617768 0.291484 0.086545 0.548084 0.017614 0.673584 0.001062 0.696718
2092.383480 0.291484 0.086545 0.548085 0.017614 0.673584 0.001062 0.696719
2121.550171 0.291484 0.086545 0.548086 0.017614 0.673584 0.001062 0.696720
2151.123430 0.291484 0.086545 0.548086 0.017614 0.673584 0.001062 0.696722
2181.108924 0.291484 0.086545 0.548087 0.017614 0.673584 0.001062 0.696723
2211.512400 0.291485 0.086545 0.548088 0.017614 0.673584 0.001062 0.696724
2242.339683 0.291485 0.086545 0.548088 0.017614 0.673584 0.001062 0.696725
2273.596682 0.291485 0.086545 0.548089 0.017614 0.673584 0.001062 0.696726
2305.289387 0.291485 0.086545 0.548090 0.017614 0.673584 0.001062 0.696727
2337.423871 0.291485 0.086545 0.548090 0.017614 0.673584 0.001062 0.696728
2370.006292 0.291485 0.086545 0.548091 0.017614 0.673584 0.001062 0.696729
2403.042894 0.291485 0.086545 0.548091 0.017614 0.673584 0.001062 0.696730
2436.540009 0.291485 0.086545 0.548092 0.017614 0.673584 0.001062 0.696731
2470.504055 0.291485 0.086545 0.548092 0.017614 0.673584 0.001062 0.696732
2504.941542 0.291485 0.086545 0.548093 0.017614 0.673584 0.001062 0.696733
2539.859069 0.291485 0.086545 0.548093 0.017614 0.673584 0.001062 0.696734
2575.263327 0.291486 0.086545 0.548094 0.017614 0.673584 0.001062 0.696735
2611.161101 0.291486 0.086545 0.548094 0.017614 0.673584 0.001062 0.696736
2647.559271 0.291486 0.086545 0.548095 0.017614 0.673584 0.001062 0.696737
2684.464811 0.291486 0.086545 0.548095 0.017614 0.673584 0.001062 0.696738
2721.884795 0.291486 0.086545 0.548096 0.017614 0.673584 0.001062 0.696738
2759.826392 0.291486 0.086545 0.548096 0.017614 0.673584 0.001062 0.696739
2798.296876 0.291486 0.086545 0.548097 0.017614 0.673584 0.001062 0.696740
2837.303617 0.291486 0.086545 0.548097 0.017614 0.673584 0.001062 0.696741
2876.854090 0.291486 0.086545 0.548098 0.017614 0.673584 0.001062 0.696742
2916.955876 0.291486 0.086545 0.548098 0.017614 0.673584 0.001062 0.696742
2957.616659 0.291486 0.086545 0.548098 0.017614 0.673584 0.001062 0.696743
2998.844231 0.291486 0.086545 0.548099 0.017614 0.673584 0.001062 0.696744
3040.646493 0.291486 0.086545 0.548099 0.017614 0.673584 0.001062 0.696744
3083.031457 0.291487 0.086545 0.548100 0.017614 0.673584 0.001062 0.696745
3126.007243 0.291487 0.086545 0.548100 0.017614 0.673584 0.001062 0.696746
3169.582089 0.291487 0.086545 0.548100 0.017614 0.673584 0.001062 0.696747
3213.764344 0.291487 0.086545 0.548101 0.017614 0.673584 0.001062 0.696747
3258.562476 0.291487 0.086545 0.548101 0.017614 0.673584 0.001062 0.696748
3303.985070 0.291487 0.086545 0.548101 0.017614 0.673584 0.001062 0.696748
3350.040830 0.291487 0.086545 0.548102 0.017614 0.673584 0.001062 0.696749
3396.738582 0.291487 0.086545 0.548102 0.017614 0.673584 0.001062 0.696750
3444.087276 0.291487 0.086545 0.548102 0.017614 0.673584 0.001062 0.696750
3492.095985 0.291487 0.086545 0.548103 0.017614 0.673584 0.001062 0.696751
3540.773909 0.291487 0.086545 0.548103 0.017614 0.673584 0.001062 0.696751
3590.130377 0.291487 0.086545 0.548103 0.017614 0.673584 0.001062 0.696752
3640.174847 0.291487 0.086545 0.548104 0.017614 0.673584 0.001062 0.696753
3690.916911 0.291487 0.086545 0.548104 0.017614 0.673584 0.001062 0.696753
3742.366291 0.291487 0.086545 0.548104 0.017614 0.673584 0.001062 0.696754
3794.532847 0.291487 0.086545 0.548105 0.017614 0.673584 0.001062 0.696754
3847.426577 0.291487 0.086545 0.548105 0.017614 0.673584 0.001062 0.696755
3901.057617 0.291487 0.086545 0.548105 0.017614 0.673584 0.001062 0.696755
3955.436245 0.291487 0.086545 0.548105 0.017614 0.673584 0.001062 0.696756
4010.572881 0.291487 0.086545 0.548106 0.017614 0.673584 0.001062 0.696756
4066.478092 0.291487 0.086545 0.548106 0.017614 0.673584 0.001062 0.696756
4123.162591 0.291488 0.086545 0.548106 0.017614 0.673584 0.001062 0.696757
4180.637241 0.291488 0.086545 0.548106 0.017614 0.673584 0.001062 0.696757
4238.913057 0.291488 0.086545 0.548107 0.017614 0.673584 0.001062 0.696758
4298.001206 0.291488 0.086545 0.548107 0.017614 0.673584 0.001062 0.696758
4357.913012 0.291488 0.086545 0.548107 0.017614 0.673584 0.001062 0.696759
4418.659956 0.291488 0.086545 0.548107 0.017614 0.673584 0.001062 0.696759
4480.253680 0.291488 0.086545 0.548108 0.017614 0.673584 0.001062 0.696760
4542.705986 0.291488 0.086545 0.548108 0.017614 0.673584 0.001062 0.696760
4606.028844 0.291488 0.086545 0.548108 0.017614 0.673584 0.001062 0.696760
4670.234388 0.291488 0.086545 0.548108 0.017614 0.673584 0.001062 0.696761
4735.334923 0.291488 0.086545 0.548108 0.017614 0.673584 0.001062 0.696761
4801.342924 0.291488 0.086545 0.548109 0.017614 0.673584 0.001062 0.696761
4868.271040 0.291488 0.086545 0.548109 0.017614 0.673584 0.001062 0.696762
4936.132098 0.291488 0.086545 0.548109 0.017614 0.673584 0.001062 0.696762
5004.939103 0.291488 0.086545 0.548109 0.017614 0.673584 0.001062 0.696762
5074.705239 0.291488 0.086545 0.548109 0.017614 0.673584 0.001062 0.696763
5145.443878 0.291488 0.086545 0.548110 0.017614 0.673584 0.001062 0.696763
5217.168576 0.291488 0.086545 0.548110 0.017614 0.673584 0.001062 0.696763
5289.893076 0.291488 0.086545 0.548110 0.017614 0.673584 0.001062 0.696764
5363.631317 0.291488 0.086545 0.548110 0.017614 0.673584 0.001062 0.696764
5438.397428 0.291488 0.086545 0.548110 0.017614 0.673584 0.001062 0.696764
5514.205739 0.291488 0.086545 0.548110 0.017614 0.673584 0.001062 0.696765
5591.070777 0.291488 0.086545 0.548111 0.017614 0.673584 0.001062 0.696765
5669.007271 0.291488 0.086545 0.548111 0.017614 0.673584 0.001062 0.696765
5748.030158 0.291488 0.086545 0.548111 0.017614 0.673584 0.001062 0.696766
5828.154581 0.291488 0.086545 0.548111 0.017614 0.673584 0.001062 0.696766
5909.395895 0.291488 0.086545 0.548111 0.017614 0.673584 0.001062 0.696766
5991.769669 0.291488 0.086545 0.548111 0.017614 0.673584 0.001062 0.696766
6075.291689 0.291488 0.086545 0.548111 0.017614 0.673584 0.001062 0.696767
6159.977960 0.291488 0.086545 0.548112 0.017614 0.673584 0.001062 0.696767
6245.844712 0.291488 0.086545 0.548112 0.017614 0.673584 0.001062 0.696767
6332.908400 0.291488 0.086545 0.548112 0.017614 0.673584 0.001062 0.696767
6421.185709 0.291488 0.086545 0.548112 0.017614 0.673584 0.001062 0.696768
6510.693555 0.291488 0.086545 0.548112 0.017614 0.673584 0.001062 0.696768
6601.449093 0.291488 0.086545 0.548112 0.017614 0.673584 0.001062 0.696768
6693.469713 0.291488 0.086545 0.548112 0.017614 0.673584 0.001062 0.696768
6786.773051 0.291488 0.086545 0.548113 0.017614 0.673584 0.001062 0.696768
6881.376986 0.291488 0.086545 0.548113 0.017614 0.673584 0.001062 0.696769
6977.299650 0.291488 0.086545 0.548113 0.017615 0.673584 0.001062 0.696769
7074.559423 0.291488 0.086545 0.548113 0.017615 0.673584 0.001062 0.696769
7173.174944 0.291488 0.086545 0.548113 0.017615 0.673584 0.001062 0.696769
7273.165113 0.291489 0.086545 0.548113 0.017615 0.673584 0.001062 0.696770
7374.549090 0.291489 0.086545 0.548113 0.017615 0.673584 0.001062 0.696770
7477.346305 0.291489 0.086545 0.548113 0.017615 0.673584 0.001062 0.696770
7581.576458 0.291489 0.086545 0.548113 0.017615 0.673584 0.001062 0.696770
7687.259522 0.291489 0.086545 0.548113 0.017615 0.673584 0.001062 0.696770
7794.415750 0.291489 0.086545 0.548114 0.017615 0.673584 0.001062 0.696770
7903.065679 0.291489 0.086545 0.548114 0.017615 0.673584 0.001062 0.696771
8013.230128 0.291489 0.086545 0.548114 0.017615 0.673584 0.001062 0.696771
8124.930211 0.291489 0.086545 0.548114 0.017615 0.673584 0.001062 0.696771
8238.187331 0.291489 0.086545 0.548114 0.017615 0.673584 0.001062 0.696771
8353.023195 0.291489 0.086545 0.548114 0.017615 0.673584 0.001062 0.696771
8469.459808 0.291489 0.086545 0.548114 0.017616 0.673584 0.001062 0.696771
8587.519485 0.291489 0.086545 0.548114 0.017616 0.673584 0.001062 0.696772
8707.224849 0.291489 0.086545 0.548114 0.017616 0.673584 0.001062 0.696772
8828.598841 0.291489 0.086545 0.548114 0.017616 0.673584 0.001062 0.696772
8951.664721 0.291489 0.086545 0.548114 0.017616 0.673584 0.001062 0.696772
9076.446073 0.291489 0.086545 0.548115 0.017616 0.673584 0.001062 0.696772
9202.966809 0.291489 0.086545 0.548115 0.017616 0.673584 0.001062 0.696772
9331.251175 0.291489 0.086545 0.548115 0.017616 0.673584 0.001062 0.696772
9461.323756 0.291489 0.086545 0.548115 0.017616 0.673584 0.001062 0.696773
9593.209478 0.291489 0.086545 0.548115 0.017616 0.673584 0.001062 0.696773
9726.933615 0.291489 0.086545 0.548115 0.017616 0.673584 0.001062 0.696773
9862.521795 0.291489 0.086545 0.548115 0.017616 0.673584 0.001062 0.696773
10000.000000 0.291489 0.086545 0.548115 0.017616 0.673584 0.001062 0.696773
