10.000000 0.001141 -0.006187 0.008003 -0.009567 0.009792 -0.009964 0.010158
10.139395 0.001141 -0.006149 0.008005 -0.009567 0.009801 -0.009964 0.010170
10.280732 0.001141 -0.006148 0.008008 -0.009567 0.009809 -0.009964 0.010181
10.424040 0.001141 -0.006147 0.008011 -0.009567 0.009819 -0.009964 0.010193
10.569346 0.001141 -0.006146 0.008014 -0.009567 0.009821 -0.009964 0.010205
10.716676 0.001141 -0.006145 0.008017 -0.009567 0.009824 -0.009964 0.010217
10.866061 0.001141 -0.006144 0.008020 -0.009567 0.009826 -0.009964 0.010230
11.017528 0.001141 -0.006143 0.008023 -0.009567 0.009828 -0.009964 0.010242
11.171107 0.001143 -0.006142 0.008026 -0.009567 0.009831 -0.009964 0.010255
11.326826 0.001145 -0.006141 0.008030 -0.009567 0.009831 -0.009964 0.010269
11.484715 0.001148 -0.006140 0.008033 -0.009567 0.009831 -0.009964 0.010282
11.644806 0.001150 -0.006139 0.008040 -0.009567 0.009831 -0.009964 0.010295
11.807128 0.001151 -0.006136 0.008048 -0.009567 0.009834 -0.009964 0.010309
11.971713 0.001151 -0.006136 0.008056 -0.009567 0.009834 -0.009964 0.010323
12.138593 0.001152 -0.006135 0.008064 -0.009567 0.009834 -0.009964 0.010338
12.307798 0.001153 -0.006134 0.008066 -0.009567 0.009834 -0.009964 0.010352
12.479362 0.001153 -0.006133 0.008067 -0.009567 0.009834 -0.009964 0.010367
12.653318 0.001154 -0.006132 0.008067 -0.009567 0.009834 -0.009964 0.010382
12.829698 0.001155 -0.006130 0.008068 -0.009567 0.009834 -0.009964 0.010397
13.008537 0.001155 -0.006129 0.008079 -0.009567 0.009834 -0.009964 0.010413
13.189869 0.001156 -0.006128 0.008080 -0.009566 0.009834 -0.009964 0.010429
13.373729 0.001157 -0.006126 0.008087 -0.009565 0.009856 -0.009964 0.010445
13.560151 0.001161 -0.006125 0.008089 -0.009564 0.009856 -0.009964 0.010461
13.749172 0.001172 -0.006123 0.008089 -0.009563 0.009856 -0.009964 0.010478
13.940828 0.001172 -0.006115 0.008089 -0.009562 0.009856 -0.009964 0.010495
14.135156 0.001172 -0.006115 0.008092 -0.009561 0.009862 -0.009964 0.010512
14.332192 0.001172 -0.006115 0.008096 -0.009560 0.009862 -0.009964 0.010530
14.531975 0.001172 -0.006106 0.008101 -0.009559 0.009863 -0.009964 0.010548
14.734543 0.001172 -0.006104 0.008106 -0.009558 0.009863 -0.009964 0.010566
14.939935 0.001172 -0.006095 0.008110 -0.009556 0.009864 -0.009964 0.010584
15.148189 0.001172 -0.006091 0.008115 -0.009555 0.009865 -0.009964 0.010603
15.359347 0.001172 -0.006087 0.008120 -0.009554 0.009865 -0.009964 0.010622
15.573448 0.001172 -0.006087 0.008126 -0.009550 0.009876 -0.009964 0.010642
15.790533 0.001172 -0.006087 0.008131 -0.009548 0.009893 -0.009964 0.010663
16.010645 0.001172 -0.006087 0.008133 -0.009548 0.009916 -0.009964 0.010736
16.233824 0.001172 -0.006087 0.008133 -0.009548 0.009920 -0.009964 0.010809
16.460115 0.001172 -0.006087 0.008133 -0.009548 0.009925 -0.009964 0.010884
16.689560 0.001172 -0.006063 0.008137 -0.009546 0.009939 -0.009964 0.010960
16.922204 0.001172 -0.006052 0.008148 -0.009545 0.009939 -0.009964 0.011037
17.158090 0.001189 -0.006052 0.008160 -0.009544 0.009939 -0.009964 0.011115
17.397264 0.001209 -0.006052 0.008171 -0.009542 0.009943 -0.009964 0.011193
17.639773 0.001222 -0.006052 0.008177 -0.009540 0.009948 -0.009964 0.011274
17.885662 0.001222 -0.006052 0.008183 -0.009533 0.009953 -0.009964 0.011355
18.134978 0.001223 -0.006052 0.008190 -0.009526 0.009953 -0.009964 0.011437
18.387770 0.001223 -0.006052 0.008197 -0.009522 0.009966 -0.009964 0.011521
18.644085 0.001223 -0.006052 0.008203 -0.009522 0.009969 -0.009964 0.011605
18.903974 0.001224 -0.006049 0.008222 -0.009522 0.009972 -0.009964 0.011691
19.167485 0.001224 -0.006039 0.008239 -0.009522 0.009973 -0.009964 0.011778
19.434669 0.001229 -0.006027 0.008239 -0.009522 0.009981 -0.009964 0.011866
19.705578 0.001238 -0.006006 0.008250 -0.009522 0.009981 -0.009964 0.011956
19.980263 0.001248 -0.005985 0.008276 -0.009522 0.009982 -0.009964 0.012047
20.258777 0.001258 -0.005973 0.008278 -0.009522 0.009983 -0.009964 0.012138
20.541173 0.001261 -0.005972 0.008278 -0.009522 0.009985 -0.009964 0.012232
20.827506 0.001267 -0.005972 0.008278 -0.009521 0.009993 -0.009964 0.012326
21.117830 0.001275 -0.005967 0.008278 -0.009519 0.009993 -0.009964 0.012422
21.412202 0.001283 -0.005956 0.008278 -0.009517 0.009993 -0.009964 0.012519
21.710676 0.001288 -0.005945 0.008298 -0.009515 0.009993 -0.009964 0.012584
22.013311 0.001288 -0.005934 0.008301 -0.009513 0.010000 -0.009964 0.012646
22.320165 0.001297 -0.005931 0.008312 -0.009511 0.010011 -0.009964 0.012708
22.631296 0.001315 -0.005931 0.008320 -0.009509 0.010023 -0.009964 0.012772
22.946764 0.001328 -0.005931 0.008320 -0.009506 0.010033 -0.009964 0.012836
23.266629 0.001337 -0.005930 0.008330 -0.009504 0.010035 -0.009964 0.012902
23.590953 0.001346 -0.005930 0.008340 -0.009502 0.010050 -0.009964 0.012968
23.919798 0.001356 -0.005930 0.008347 -0.009500 0.010070 -0.009964 0.013044
24.253227 0.001366 -0.005929 0.008353 -0.009497 0.010076 -0.009964 0.013150
24.591304 0.001376 -0.005929 0.008358 -0.009495 0.010084 -0.009964 0.013259
24.934094 0.001387 -0.005929 0.008375 -0.009493 0.010108 -0.009964 0.013368
25.281661 0.001397 -0.005928 0.008375 -0.009490 0.010122 -0.009964 0.013480
25.634074 0.001408 -0.005921 0.008376 -0.009488 0.010136 -0.009964 0.013593
25.991399 0.001419 -0.005910 0.008381 -0.009487 0.010150 -0.009964 0.013707
26.353705 0.001430 -0.005898 0.008389 -0.009487 0.010164 -0.009963 0.013823
26.721062 0.001432 -0.005886 0.008402 -0.009487 0.010178 -0.009963 0.013941
27.093539 0.001432 -0.005873 0.008413 -0.009487 0.010193 -0.009963 0.014060
27.471208 0.001445 -0.005870 0.008425 -0.009487 0.010230 -0.009963 0.014181
27.854142 0.001474 -0.005866 0.008438 -0.009487 0.010247 -0.009963 0.014304
28.242413 0.001480 -0.005851 0.008443 -0.009487 0.010253 -0.009963 0.014428
28.636097 0.001480 -0.005836 0.008448 -0.009487 0.010259 -0.009963 0.014555
29.035269 0.001515 -0.005832 0.008471 -0.009487 0.010272 -0.009963 0.014682
29.440005 0.001528 -0.005828 0.008490 -0.009487 0.010288 -0.009963 0.014812
29.850382 0.001541 -0.005823 0.008499 -0.009487 0.010305 -0.009963 0.014944
30.266481 0.001543 -0.005818 0.008519 -0.009487 0.010323 -0.009963 0.015077
30.688379 0.001544 -0.005814 0.008533 -0.009487 0.010340 -0.009963 0.015212
31.116158 0.001545 -0.005810 0.008540 -0.009487 0.010358 -0.009963 0.015349
31.549901 0.001546 -0.005805 0.008545 -0.009486 0.010394 -0.009963 0.015488
31.989689 0.001612 -0.005792 0.008550 -0.009486 0.010506 -0.009963 0.015629
32.435608 0.001627 -0.005743 0.008550 -0.009485 0.010612 -0.009963 0.015772
32.887743 0.001643 -0.005739 0.008559 -0.009480 0.010642 -0.009963 0.015917
33.346180 0.001658 -0.005738 0.008560 -0.009475 0.010673 -0.009963 0.016064
33.811008 0.001674 -0.005736 0.008565 -0.009472 0.010705 -0.009963 0.016213
34.282315 0.001721 -0.005735 0.008565 -0.009472 0.010737 -0.009963 0.016364
34.760192 0.001722 -0.005733 0.008611 -0.009471 0.010769 -0.009963 0.016517
35.244730 0.001724 -0.005732 0.008622 -0.009471 0.010802 -0.009962 0.016672
35.736022 0.001742 -0.005730 0.008634 -0.009470 0.010835 -0.009962 0.016829
36.234163 0.001759 -0.005729 0.008646 -0.009470 0.010869 -0.009962 0.016988
36.739248 0.001769 -0.005727 0.008688 -0.009469 0.010904 -0.009962 0.017150
37.251373 0.001777 -0.005725 0.008695 -0.009469 0.010938 -0.009962 0.017314
37.770637 0.001785 -0.005725 0.008695 -0.009468 0.010974 -0.009962 0.017480
38.297139 0.001794 -0.005724 0.008695 -0.009467 0.011010 -0.009962 0.017649
38.830980 0.001803 -0.005721 0.008700 -0.009467 0.011046 -0.009962 0.017819
39.372263 0.001825 -0.005718 0.008717 -0.009463 0.011083 -0.009962 0.017993
39.921091 0.001829 -0.005716 0.008731 -0.009458 0.011180 -0.009962 0.018168
40.477570 0.001831 -0.005714 0.008735 -0.009454 0.011285 -0.009962 0.018346
41.041805 0.001840 -0.005706 0.008739 -0.009452 0.011392 -0.009961 0.018526
41.613906 0.001850 -0.005687 0.008744 -0.009452 0.011500 -0.009961 0.018709
42.193981 0.001860 -0.005637 0.008769 -0.009451 0.011610 -0.009961 0.018895
42.782142 0.001882 -0.005635 0.008798 -0.009451 0.011722 -0.009961 0.019083
43.378502 0.001919 -0.005633 0.008820 -0.009451 0.011835 -0.009961 0.019273
43.983175 0.001945 -0.005632 0.008836 -0.009451 0.011950 -0.009961 0.019466
44.596276 0.001981 -0.005630 0.008837 -0.009451 0.012067 -0.009961 0.019662
45.217924 0.001981 -0.005623 0.008837 -0.009451 0.012174 -0.009961 0.019860
45.848238 0.001981 -0.005608 0.008838 -0.009450 0.012233 -0.009960 0.020061
46.487337 0.001982 -0.005593 0.008865 -0.009450 0.012294 -0.009960 0.020265
47.135345 0.001982 -0.005535 0.008895 -0.009450 0.012356 -0.009960 0.020472
47.792386 0.001996 -0.005532 0.008945 -0.009450 0.012419 -0.009960 0.020681
48.458586 0.002108 -0.005529 0.008956 -0.009450 0.012483 -0.009960 0.020893
49.134073 0.002181 -0.005526 0.008978 -0.009449 0.012548 -0.009960 0.021109
49.818975 0.002182 -0.005522 0.008979 -0.009448 0.012615 -0.009959 0.021327
50.513425 0.002182 -0.005519 0.008993 -0.009443 0.012683 -0.009959 0.021548
51.217554 0.002277 -0.005516 0.008996 -0.009437 0.012751 -0.009959 0.021772
51.931499 0.002278 -0.005513 0.009018 -0.009432 0.012822 -0.009959 0.021999
52.655396 0.002278 -0.005510 0.009018 -0.009426 0.012893 -0.009959 0.022229
53.389384 0.002279 -0.005439 0.009026 -0.009420 0.012966 -0.009958 0.022462
54.133603 0.002280 -0.005431 0.009066 -0.009415 0.013040 -0.009958 0.022699
54.888196 0.002304 -0.005425 0.009067 -0.009412 0.013115 -0.009958 0.022938
55.653308 0.002342 -0.005419 0.009103 -0.009410 0.013205 -0.009958 0.023181
56.429085 0.002346 -0.005413 0.009126 -0.009409 0.013379 -0.009957 0.023427
57.215676 0.002349 -0.005405 0.009162 -0.009408 0.013555 -0.009957 0.023677
58.013231 0.002375 -0.005397 0.009164 -0.009406 0.013733 -0.009957 0.023930
58.821904 0.002416 -0.005384 0.009166 -0.009405 0.013915 -0.009956 0.024186
59.641849 0.002464 -0.005366 0.009197 -0.009403 0.014099 -0.009956 0.024445
60.473224 0.002465 -0.005348 0.009231 -0.009402 0.014226 -0.009956 0.024708
61.316188 0.002466 -0.005329 0.009246 -0.009400 0.014323 -0.009956 0.024975
62.170903 0.002511 -0.005310 0.009255 -0.009398 0.014422 -0.009955 0.025245
63.037532 0.002598 -0.005290 0.009259 -0.009397 0.014522 -0.009955 0.025519
63.916241 0.002618 -0.005269 0.009262 -0.009395 0.014624 -0.009954 0.025797
64.807198 0.002618 -0.005253 0.009272 -0.009393 0.014727 -0.009954 0.026078
65.710575 0.002650 -0.005250 0.009290 -0.009391 0.014832 -0.009954 0.026363
66.626545 0.002708 -0.005247 0.009341 -0.009389 0.014945 -0.009953 0.026651
67.555283 0.002763 -0.005224 0.009358 -0.009387 0.015137 -0.009953 0.026944
68.496967 0.002821 -0.005210 0.009411 -0.009385 0.015332 -0.009952 0.027240
69.451778 0.002852 -0.005176 0.009445 -0.009383 0.015506 -0.009952 0.027541
70.419898 0.002904 -0.005114 0.009465 -0.009381 0.015624 -0.009951 0.027845
71.401513 0.002977 -0.005106 0.009488 -0.009378 0.015745 -0.009951 0.028153
72.396811 0.003001 -0.005106 0.009527 -0.009371 0.015868 -0.009950 0.028466
73.405984 0.003064 -0.005106 0.009546 -0.009363 0.015993 -0.009950 0.028782
74.429223 0.003139 -0.005106 0.009550 -0.009354 0.016138 -0.009949 0.029103
75.466726 0.003194 -0.005075 0.009588 -0.009350 0.016250 -0.009949 0.029428
76.518692 0.003261 -0.005067 0.009659 -0.009348 0.016382 -0.009948 0.029757
77.585321 0.003266 -0.005066 0.009678 -0.009345 0.016516 -0.009947 0.030091
78.666818 0.003269 -0.005047 0.009699 -0.009338 0.016652 -0.009947 0.030428
79.763391 0.003280 -0.005041 0.009723 -0.009328 0.016791 -0.009946 0.030771
80.875249 0.003298 -0.005039 0.009767 -0.009319 0.016933 -0.009945 0.031117
82.002606 0.003331 -0.005010 0.009773 -0.009309 0.017077 -0.009945 0.031469
83.145678 0.003365 -0.004977 0.009793 -0.009298 0.017223 -0.009944 0.031825
84.304684 0.003381 -0.004974 0.009860 -0.009288 0.017421 -0.009943 0.032185
85.479845 0.003416 -0.004906 0.009865 -0.009277 0.017611 -0.009942 0.032550
86.671388 0.003476 -0.004863 0.009911 -0.009266 0.017766 -0.009941 0.032920
87.879540 0.003534 -0.004851 0.009919 -0.009254 0.017922 -0.009940 0.033295
89.104533 0.003573 -0.004839 0.009958 -0.009248 0.018201 -0.009939 0.033674
90.346602 0.003590 -0.004813 0.009982 -0.009246 0.018459 -0.009938 0.034059
91.605985 0.003610 -0.004809 0.010006 -0.009244 0.018620 -0.009937 0.034448
92.882923 0.003646 -0.004801 0.010030 -0.009241 0.018783 -0.009936 0.034843
94.177660 0.003697 -0.004778 0.010032 -0.009239 0.018950 -0.009935 0.035242
95.490446 0.003707 -0.004757 0.010057 -0.009237 0.019119 -0.009934 0.035647
96.821531 0.003730 -0.004725 0.010086 -0.009234 0.019291 -0.009933 0.036056
98.171170 0.003744 -0.004696 0.010108 -0.009226 0.019466 -0.009932 0.036471
99.539623 0.003745 -0.004666 0.010123 -0.009224 0.019644 -0.009930 0.036892
100.927151 0.003745 -0.004636 0.010194 -0.009223 0.019824 -0.009929 0.037317
102.334021 0.003810 -0.004622 0.010202 -0.009223 0.020008 -0.009928 0.037748
103.760502 0.003842 -0.004620 0.010253 -0.009220 0.020195 -0.009926 0.038185
105.206867 0.003969 -0.004617 0.010283 -0.009217 0.020385 -0.009925 0.038627
106.673394 0.004059 -0.004614 0.010318 -0.009214 0.020578 -0.009923 0.039075
108.160363 0.004085 -0.004611 0.010364 -0.009211 0.020775 -0.009922 0.039528
109.668060 0.004101 -0.004597 0.010384 -0.009207 0.020974 -0.009920 0.039987
111.196773 0.004117 -0.004592 0.010412 -0.009204 0.021177 -0.009918 0.040451
112.746796 0.004134 -0.004543 0.010446 -0.009200 0.021383 -0.009916 0.040922
114.318425 0.004218 -0.004477 0.010521 -0.009196 0.021593 -0.009915 0.041399
115.911962 0.004304 -0.004434 0.010594 -0.009192 0.021806 -0.009913 0.041881
117.527712 0.004382 -0.004402 0.010691 -0.009188 0.022023 -0.009911 0.042369
119.165984 0.004414 -0.004388 0.010744 -0.009184 0.022447 -0.009908 0.042864
120.827094 0.004455 -0.004373 0.010825 -0.009180 0.022893 -0.009906 0.043364
122.511358 0.004462 -0.004360 0.010843 -0.009175 0.023346 -0.009904 0.043871
124.219100 0.004529 -0.004352 0.010880 -0.009171 0.023785 -0.009902 0.044384
125.950646 0.004644 -0.004317 0.010939 -0.009166 0.024017 -0.009899 0.044904
127.706330 0.004671 -0.004306 0.011038 -0.009160 0.024251 -0.009897 0.045430
129.486487 0.004693 -0.004285 0.011152 -0.009150 0.024489 -0.009894 0.045962
131.291459 0.004731 -0.004262 0.011244 -0.009147 0.024730 -0.009891 0.046501
133.121590 0.004778 -0.004230 0.011299 -0.009137 0.024974 -0.009888 0.047046
134.977233 0.004791 -0.004186 0.011516 -0.009126 0.025222 -0.009885 0.047598
136.858742 0.004795 -0.004105 0.011620 -0.009115 0.025473 -0.009882 0.048157
138.766479 0.004871 -0.004023 0.011785 -0.009104 0.025727 -0.009879 0.048722
140.700809 0.004923 -0.004001 0.011917 -0.009094 0.026128 -0.009876 0.049294
142.662102 0.005038 -0.003985 0.012059 -0.009092 0.026531 -0.009872 0.049873
144.650734 0.005109 -0.003960 0.012206 -0.009090 0.026809 -0.009869 0.050460
146.667087 0.005155 -0.003934 0.012443 -0.009088 0.027091 -0.009865 0.051053
148.711546 0.005172 -0.003877 0.012606 -0.009086 0.027377 -0.009861 0.051653
150.784505 0.005261 -0.003869 0.012775 -0.009084 0.027896 -0.009857 0.052260
152.886359 0.005333 -0.003831 0.012892 -0.009079 0.028461 -0.009853 0.052875
155.017512 0.005336 -0.003817 0.013245 -0.009072 0.029034 -0.009848 0.053497
157.178372 0.005407 -0.003802 0.013318 -0.009063 0.029566 -0.009844 0.054126
159.369353 0.005420 -0.003787 0.013385 -0.009055 0.029917 -0.009839 0.054763
161.590875 0.005458 -0.003768 0.013562 -0.009046 0.030274 -0.009834 0.055407
163.843365 0.005568 -0.003730 0.013713 -0.009037 0.030636 -0.009829 0.056059
166.127252 0.005666 -0.003717 0.013958 -0.009028 0.031004 -0.009823 0.056719
168.442976 0.005791 -0.003667 0.014095 -0.009018 0.031531 -0.009818 0.057386
170.790980 0.005812 -0.003578 0.014274 -0.009006 0.032129 -0.009812 0.058061
173.171713 0.005851 -0.003560 0.014471 -0.008994 0.032736 -0.009806 0.058743
175.585633 0.005943 -0.003524 0.014699 -0.008984 0.033351 -0.009800 0.059434
178.033202 0.005973 -0.003467 0.014850 -0.008968 0.033880 -0.009794 0.060132
180.514888 0.006003 -0.003446 0.015060 -0.008954 0.034272 -0.009787 0.060839
183.031168 0.006039 -0.003372 0.015296 -0.008951 0.034669 -0.009780 0.061553
185.582523 0.006073 -0.003324 0.015415 -0.008942 0.035101 -0.009773 0.062276
188.169442 0.006142 -0.003306 0.015522 -0.008929 0.035659 -0.009769 0.063007
190.792422 0.006254 -0.003287 0.015778 -0.008916 0.036225 -0.009764 0.063746
193.451965 0.006318 -0.003267 0.015997 -0.008900 0.036798 -0.009760 0.064494
196.148581 0.006359 -0.003247 0.016143 -0.008887 0.037378 -0.009756 0.065250
198.882786 0.006420 -0.003213 0.016451 -0.008875 0.037965 -0.009751 0.066014
201.655104 0.006564 -0.003193 0.016645 -0.008860 0.038547 -0.009746 0.066787
204.466067 0.006699 -0.003172 0.016922 -0.008845 0.039057 -0.009741 0.067568
207.316213 0.006777 -0.003093 0.017122 -0.008829 0.039576 -0.009736 0.068359
210.206088 0.007002 -0.002975 0.017298 -0.008813 0.040028 -0.009730 0.069157
213.136247 0.007079 -0.002912 0.017475 -0.008796 0.040440 -0.009725 0.069965
216.107251 0.007159 -0.002889 0.017655 -0.008778 0.040856 -0.009719 0.070782
219.119669 0.007241 -0.002847 0.017989 -0.008761 0.041277 -0.009713 0.071607
222.174078 0.007373 -0.002834 0.018354 -0.008741 0.041703 -0.009707 0.072441
225.271064 0.007414 -0.002786 0.018586 -0.008720 0.042133 -0.009701 0.073285
228.411221 0.007505 -0.002734 0.018970 -0.008703 0.042568 -0.009694 0.074137
231.595149 0.007553 -0.002709 0.019254 -0.008683 0.043046 -0.009687 0.074998
234.823460 0.007597 -0.002705 0.019470 -0.008662 0.043736 -0.009680 0.075869
238.096772 0.007745 -0.002684 0.019826 -0.008640 0.044438 -0.009673 0.076749
241.415712 0.007809 -0.002627 0.020213 -0.008620 0.045206 -0.009665 0.077638
244.780916 0.007849 -0.002608 0.020426 -0.008609 0.045985 -0.009657 0.078537
248.193029 0.007938 -0.002549 0.020630 -0.008598 0.046775 -0.009649 0.079445
251.652705 0.007954 -0.002446 0.020837 -0.008587 0.047575 -0.009641 0.080363
255.160607 0.008022 -0.002382 0.021046 -0.008575 0.048386 -0.009632 0.081290
258.717408 0.008191 -0.002316 0.021307 -0.008562 0.049208 -0.009623 0.082226
262.323788 0.008279 -0.002262 0.021649 -0.008549 0.050040 -0.009614 0.083173
265.980440 0.008382 -0.002218 0.021990 -0.008536 0.050884 -0.009604 0.084128
269.688063 0.008408 -0.002125 0.022325 -0.008491 0.051739 -0.009594 0.085094
273.447368 0.008540 -0.002045 0.022613 -0.008442 0.052415 -0.009583 0.086069
277.259076 0.008640 -0.002004 0.022902 -0.008414 0.053008 -0.009573 0.087055
281.123917 0.008714 -0.001962 0.023181 -0.008405 0.053607 -0.009562 0.088050
285.042632 0.008835 -0.001918 0.023502 -0.008396 0.054373 -0.009550 0.089055
289.015972 0.008911 -0.001872 0.024101 -0.008386 0.055282 -0.009538 0.090070
293.044698 0.009053 -0.001825 0.024553 -0.008364 0.056202 -0.009526 0.091095
297.129582 0.009109 -0.001775 0.025080 -0.008333 0.056987 -0.009513 0.092130
301.271407 0.009208 -0.001668 0.025646 -0.008302 0.057717 -0.009500 0.093175
305.470967 0.009316 -0.001618 0.026204 -0.008269 0.058584 -0.009487 0.094379
309.729067 0.009449 -0.001595 0.026486 -0.008235 0.059462 -0.009474 0.095698
314.046522 0.009607 -0.001467 0.026967 -0.008200 0.060350 -0.009462 0.097031
318.424160 0.009854 -0.001384 0.027347 -0.008158 0.061103 -0.009445 0.098377
322.862820 0.009922 -0.001315 0.027739 -0.008125 0.061787 -0.009427 0.099716
327.363353 0.009948 -0.001252 0.028227 -0.008086 0.062479 -0.009411 0.100822
331.926620 0.010069 -0.001181 0.028639 -0.008046 0.063178 -0.009394 0.101938
336.553498 0.010145 -0.001011 0.029036 -0.008004 0.063884 -0.009376 0.103064
341.244871 0.010369 -0.000938 0.029469 -0.007960 0.064598 -0.009364 0.104200
346.001639 0.010489 -0.000846 0.029899 -0.007915 0.065320 -0.009353 0.105347
350.824714 0.010697 -0.000818 0.030337 -0.007869 0.066161 -0.009340 0.106504
355.715021 0.010875 -0.000741 0.030784 -0.007821 0.067068 -0.009322 0.107670
360.673495 0.010998 -0.000705 0.031239 -0.007771 0.067988 -0.009304 0.108848
365.701088 0.011131 -0.000678 0.031703 -0.007719 0.068919 -0.009285 0.110035
370.798763 0.011248 -0.000562 0.032281 -0.007665 0.069863 -0.009265 0.111233
375.967497 0.011372 -0.000388 0.032753 -0.007610 0.071167 -0.009244 0.112441
381.208280 0.011617 -0.000370 0.033148 -0.007552 0.072344 -0.009222 0.113659
386.522116 0.011741 -0.000330 0.033648 -0.007493 0.073175 -0.009200 0.114888
391.910025 0.011862 -0.000234 0.034379 -0.007431 0.074014 -0.009176 0.116127
397.373038 0.012045 -0.000191 0.035155 -0.007367 0.074861 -0.009152 0.117376
402.912203 0.012224 -0.000010 0.035722 -0.007301 0.075785 -0.009127 0.118636
408.528580 0.012542 0.000038 0.036339 -0.007245 0.076816 -0.009101 0.119906
414.223247 0.012770 0.000121 0.037027 -0.007174 0.077860 -0.009074 0.121186
419.997295 0.012927 0.000275 0.037370 -0.007101 0.078917 -0.009046 0.122477
425.851829 0.013159 0.000445 0.037853 -0.007046 0.079986 -0.009017 0.123778
431.787973 0.013413 0.000541 0.038393 -0.007003 0.081069 -0.008986 0.125089
437.806863 0.013724 0.000671 0.039003 -0.006958 0.082165 -0.008955 0.126411
443.909653 0.013975 0.000790 0.039664 -0.006912 0.083274 -0.008922 0.127743
450.097513 0.014242 0.000918 0.040349 -0.006863 0.084395 -0.008889 0.129085
456.371628 0.014522 0.001041 0.041293 -0.006813 0.085531 -0.008854 0.130437
462.733201 0.014762 0.001168 0.042066 -0.006761 0.086679 -0.008817 0.131800
469.183451 0.015118 0.001307 0.043036 -0.006706 0.087841 -0.008779 0.133173
475.723614 0.015369 0.001480 0.044071 -0.006650 0.089016 -0.008740 0.134556
482.354943 0.015751 0.001600 0.045053 -0.006588 0.090205 -0.008699 0.135949
489.078709 0.016135 0.001847 0.045782 -0.006490 0.091407 -0.008657 0.137352
495.896201 0.016380 0.001995 0.046521 -0.006388 0.092856 -0.008613 0.138766
502.808725 0.016637 0.002020 0.047268 -0.006283 0.094546 -0.008568 0.140189
509.817606 0.017079 0.002147 0.048285 -0.006174 0.096257 -0.008521 0.141623
516.924187 0.017565 0.002368 0.049001 -0.006060 0.097991 -0.008472 0.143066
524.129830 0.017810 0.002511 0.049728 -0.005943 0.099747 -0.008421 0.144520
531.435916 0.018014 0.002683 0.050808 -0.005821 0.101513 -0.008369 0.145983
538.843844 0.018240 0.002830 0.051705 -0.005695 0.102750 -0.008319 0.147456
546.355035 0.018642 0.002921 0.052673 -0.005564 0.103997 -0.008270 0.148940
553.970928 0.018970 0.003142 0.053473 -0.005428 0.105254 -0.008219 0.150432
561.692982 0.019410 0.003429 0.054324 -0.005288 0.106520 -0.008166 0.151935
569.522678 0.019868 0.003599 0.055797 -0.005255 0.107797 -0.008111 0.153447
577.461515 0.020201 0.003808 0.057025 -0.005127 0.109082 -0.008054 0.154969
585.511016 0.020537 0.003922 0.057899 -0.004946 0.110378 -0.007994 0.156500
593.672722 0.021028 0.004051 0.058840 -0.004759 0.111682 -0.007932 0.158041
601.948197 0.021581 0.004361 0.060390 -0.004564 0.112997 -0.007867 0.159591
610.339029 0.022051 0.004679 0.061267 -0.004462 0.114321 -0.007799 0.161150
618.846824 0.022586 0.004902 0.062228 -0.004269 0.115654 -0.007729 0.162719
627.473213 0.023355 0.005069 0.063079 -0.004212 0.118101 -0.007656 0.164297
636.219849 0.023941 0.005201 0.064181 -0.004169 0.119917 -0.007579 0.165883
645.088409 0.024528 0.005442 0.065267 -0.003947 0.121368 -0.007500 0.167479
654.080591 0.024954 0.005553 0.066894 -0.003781 0.122830 -0.007417 0.169084
663.198120 0.025428 0.005777 0.067831 -0.003691 0.125014 -0.007331 0.170698
672.442742 0.026236 0.005941 0.068812 -0.003597 0.127812 -0.007241 0.172320
681.816229 0.026971 0.006319 0.069861 -0.003499 0.130657 -0.007152 0.173951
691.320378 0.027595 0.006807 0.070847 -0.003398 0.132482 -0.007076 0.175590
700.957009 0.028268 0.006984 0.071992 -0.003292 0.134319 -0.006997 0.177238
710.727970 0.028935 0.007258 0.073280 -0.003183 0.137518 -0.006914 0.179271
720.635132 0.029459 0.007440 0.074746 -0.003069 0.140689 -0.006828 0.183572
730.680395 0.029938 0.007667 0.075918 -0.003027 0.142344 -0.006739 0.187935
740.865683 0.030610 0.007926 0.077295 -0.002989 0.145085 -0.006646 0.192359
751.192949 0.030936 0.008093 0.078713 -0.002812 0.147036 -0.006549 0.196843
761.664172 0.031545 0.008112 0.080220 -0.002618 0.148714 -0.006449 0.201386
772.281357 0.032305 0.008349 0.081528 -0.002479 0.150402 -0.006344 0.205986
783.046540 0.032983 0.008773 0.083034 -0.002448 0.152103 -0.006235 0.210642
793.961785 0.033573 0.008785 0.084464 -0.002417 0.154306 -0.006122 0.215354
805.029181 0.034443 0.008997 0.086647 -0.002357 0.155961 -0.006004 0.220119
816.250851 0.035002 0.009319 0.088320 -0.002179 0.157749 -0.005881 0.222812
827.628946 0.035924 0.009735 0.089941 -0.001927 0.160092 -0.005754 0.225088
839.165644 0.036814 0.009982 0.091411 -0.001674 0.161657 -0.005621 0.227374
850.863158 0.037581 0.010236 0.093237 -0.001419 0.163864 -0.005483 0.229670
862.723729 0.038211 0.010605 0.094332 -0.001395 0.165430 -0.005339 0.231976
874.749630 0.039207 0.010814 0.096600 -0.001234 0.167357 -0.005190 0.234292
886.943166 0.039961 0.011030 0.098479 -0.000903 0.169802 -0.005035 0.236617
899.306672 0.040615 0.011307 0.100610 -0.000569 0.172267 -0.004873 0.238952
911.842520 0.041349 0.011656 0.102080 -0.000324 0.175353 -0.004730 0.241295
924.553110 0.042099 0.011879 0.103589 -0.000229 0.177288 -0.004608 0.243647
937.440879 0.042950 0.012057 0.106259 0.000012 0.179531 -0.004402 0.246008
950.508296 0.043625 0.012431 0.109153 0.000361 0.181340 -0.004297 0.248377
963.757866 0.044430 0.012612 0.110600 0.000591 0.183134 -0.004226 0.250755
977.192128 0.045585 0.013100 0.112591 0.000681 0.185341 -0.004128 0.253140
990.813657 0.047010 0.013421 0.114212 0.000772 0.187290 -0.004002 0.255533
1004.625062 0.047987 0.013858 0.115495 0.000864 0.190711 -0.003874 0.257933
1018.628990 0.048754 0.014200 0.116781 0.000957 0.193911 -0.003744 0.260341
1032.828126 0.049705 0.014516 0.118730 0.001051 0.196432 -0.003612 0.262756
1047.225190 0.050596 0.015069 0.120578 0.001173 0.199529 -0.003505 0.265177
1061.822941 0.052008 0.015232 0.122161 0.001413 0.202667 -0.003478 0.267605
1076.624177 0.053250 0.015589 0.123982 0.001708 0.205725 -0.003451 0.270039
1091.631734 0.054264 0.015853 0.126032 0.001841 0.208614 -0.003423 0.272479
1106.848489 0.055591 0.016391 0.127601 0.002023 0.211229 -0.003395 0.274925
1122.277356 0.056288 0.016708 0.129591 0.002299 0.213771 -0.003366 0.277377
1137.921294 0.057336 0.017342 0.131291 0.002453 0.217692 -0.003337 0.279833
1153.783300 0.058660 0.017693 0.134234 0.002571 0.220757 -0.003307 0.282295
1169.866413 0.059761 0.018440 0.136216 0.002689 0.223842 -0.003238 0.284761
1186.173716 0.061373 0.019002 0.138592 0.003029 0.226946 -0.003170 0.287232
1202.708335 0.062470 0.019203 0.140645 0.003232 0.229655 -0.003103 0.289707
1219.473437 0.063985 0.019455 0.143199 0.003285 0.231962 -0.003035 0.292186
1236.472235 0.065325 0.020154 0.144884 0.003616 0.234278 -0.002969 0.294668
1253.707987 0.066214 0.020943 0.146959 0.004068 0.236603 -0.002903 0.297154
1271.183997 0.067606 0.021795 0.149520 0.004088 0.238937 -0.002838 0.300397
1288.903612 0.068289 0.022319 0.152301 0.004109 0.243273 -0.002773 0.304117
1306.870230 0.069769 0.022919 0.154449 0.004168 0.248063 -0.002709 0.307840
1325.087292 0.071094 0.023437 0.156770 0.004456 0.252382 -0.002645 0.311603
1343.558290 0.072208 0.023909 0.159567 0.004749 0.255629 -0.002583 0.315329
1362.286764 0.073660 0.024907 0.162039 0.005050 0.258889 -0.002520 0.319016
1381.276303 0.075123 0.025420 0.164519 0.005357 0.262161 -0.002459 0.322663
1400.530545 0.076413 0.026099 0.166039 0.005671 0.265446 -0.002398 0.326268
1420.053182 0.078130 0.026651 0.167808 0.005991 0.268741 -0.002338 0.329830
1439.847953 0.079554 0.027140 0.170096 0.006379 0.271168 -0.002279 0.333348
1459.918652 0.081147 0.027554 0.172417 0.006652 0.273111 -0.002220 0.336820
1480.269127 0.082851 0.028148 0.174756 0.006858 0.275052 -0.002162 0.340245
1500.903276 0.084386 0.028691 0.177351 0.006965 0.276989 -0.002105 0.343622
1521.825053 0.085449 0.029023 0.180618 0.007031 0.278922 -0.002049 0.346951
1543.038469 0.086925 0.029642 0.183432 0.007099 0.281190 -0.001994 0.350230
1564.547589 0.088532 0.029815 0.185141 0.007230 0.283105 -0.001939 0.353458
1586.356534 0.090403 0.030180 0.188127 0.007304 0.285019 -0.001885 0.356989
1608.469483 0.092661 0.030657 0.190936 0.007428 0.286931 -0.001832 0.360596
1630.890676 0.094634 0.031219 0.193994 0.007554 0.290286 -0.001780 0.364166
1653.624407 0.096198 0.031619 0.196496 0.007680 0.296042 -0.001728 0.367699
1676.675035 0.098125 0.032225 0.198686 0.007808 0.299606 -0.001678 0.371194
1700.046975 0.099303 0.032816 0.201291 0.007925 0.302005 -0.001628 0.374649
1723.744708 0.100639 0.033316 0.204112 0.008028 0.304381 -0.001579 0.378063
1747.772774 0.102076 0.034014 0.206821 0.008131 0.308612 -0.001531 0.381437
1772.135779 0.103428 0.035096 0.208987 0.008236 0.311062 -0.001484 0.384768
1796.838391 0.104814 0.035765 0.211401 0.008341 0.315047 -0.001437 0.388057
1821.885343 0.106968 0.036175 0.214156 0.008447 0.320075 -0.001392 0.391302
1847.281437 0.108768 0.036677 0.216923 0.008554 0.325099 -0.001347 0.394504
1873.031539 0.110604 0.037174 0.219703 0.008662 0.327613 -0.001303 0.397660
1899.140582 0.112418 0.037613 0.222658 0.008770 0.330259 -0.001260 0.400772
1925.613572 0.114080 0.038521 0.225591 0.008880 0.334664 -0.001217 0.403837
1952.455581 0.115727 0.039221 0.228580 0.008990 0.339039 -0.001176 0.407230
1979.671753 0.116764 0.039507 0.231138 0.009100 0.343382 -0.001135 0.411187
2007.267304 0.118676 0.040308 0.233759 0.009203 0.347692 -0.001095 0.415071
2035.247521 0.120693 0.040539 0.236595 0.009303 0.353004 -0.001056 0.418884
2063.617768 0.123169 0.041174 0.239445 0.009388 0.359336 -0.001017 0.422624
2092.383480 0.125715 0.042367 0.242671 0.009461 0.362654 -0.000980 0.426291
2121.550171 0.127790 0.043036 0.245302 0.009585 0.365823 -0.000943 0.429885
2151.123430 0.129748 0.043269 0.248320 0.009745 0.368665 -0.000907 0.433405
2181.108924 0.132301 0.043767 0.253525 0.009775 0.371493 -0.000871 0.436851
2211.512400 0.133106 0.044263 0.255649 0.009789 0.375718 -0.000837 0.440224
2242.339683 0.135338 0.044662 0.258844 0.009829 0.378812 -0.000803 0.443524
2273.596682 0.137543 0.045157 0.262470 0.009984 0.383390 -0.000770 0.446750
2305.289387 0.139504 0.045751 0.264950 0.010139 0.386235 -0.000738 0.449903
2337.423871 0.140808 0.046285 0.267827 0.010263 0.389034 -0.000706 0.452983
2370.006292 0.142138 0.046740 0.270862 0.010309 0.391788 -0.000675 0.455992
2403.042894 0.144197 0.047232 0.273230 0.010356 0.394497 -0.000645 0.458995
2436.540009 0.145811 0.047939 0.276113 0.010402 0.397160 -0.000615 0.463058
2470.504055 0.147939 0.048734 0.279497 0.010476 0.399778 -0.000586 0.467064
2504.941542 0.149904 0.049291 0.282933 0.010604 0.402349 -0.000558 0.471013
2539.859069 0.152192 0.049986 0.287047 0.010733 0.404875 -0.000530 0.474904
2575.263327 0.154708 0.050808 0.289939 0.010864 0.407355 -0.000503 0.478736
2611.161101 0.156623 0.051601 0.292821 0.010996 0.410534 -0.000477 0.482508
2647.559271 0.158130 0.052414 0.296564 0.011129 0.414153 -0.000451 0.486222
2684.464811 0.160360 0.053098 0.298665 0.011263 0.417738 -0.000426 0.489875
2721.884795 0.163444 0.053662 0.300768 0.011397 0.421288 -0.000402 0.493468
2759.826392 0.165001 0.054054 0.302604 0.011533 0.423641 -0.000378 0.497000
2798.296876 0.167826 0.054444 0.305262 0.011669 0.426167 -0.000355 0.501327
2837.303617 0.170187 0.054832 0.308476 0.011806 0.429786 -0.000332 0.505668
2876.854090 0.172329 0.055338 0.311679 0.011944 0.432141 -0.000310 0.509931
2916.955876 0.173244 0.056108 0.312984 0.012082 0.434481 -0.000273 0.514117
2957.616659 0.174618 0.056469 0.313973 0.012221 0.437574 -0.000218 0.518224
2998.844231 0.176988 0.057036 0.316975 0.012360 0.441201 -0.000162 0.522254
3040.646493 0.178829 0.057605 0.320261 0.012499 0.444800 -0.000107 0.526205
3083.031457 0.181145 0.058176 0.322344 0.012638 0.448371 -0.000052 0.530077
3126.007243 0.182797 0.058546 0.325111 0.012778 0.451505 0.000004 0.533871
3169.582089 0.184277 0.059153 0.330203 0.012918 0.454009 0.000059 0.537587
3213.764344 0.185751 0.059397 0.334986 0.013057 0.457425 0.000114 0.541224
3258.562476 0.187906 0.059639 0.336437 0.013197 0.459360 0.000169 0.544784
3303.985070 0.189715 0.060114 0.337851 0.013336 0.463297 0.000224 0.548327
3350.040830 0.192009 0.060570 0.339242 0.013475 0.465742 0.000279 0.552245
3396.738582 0.192752 0.060710 0.342205 0.013613 0.468597 0.000334 0.556062
3444.087276 0.194992 0.060901 0.345164 0.013751 0.471280 0.000388 0.559780
3492.095985 0.196775 0.061059 0.348117 0.013889 0.473890 0.000442 0.563398
3540.773909 0.198787 0.061228 0.351064 0.014022 0.475638 0.000477 0.566918
3590.130377 0.201213 0.061794 0.352438 0.014111 0.477280 0.000490 0.570342
3640.174847 0.204163 0.062360 0.354350 0.014180 0.478877 0.000503 0.573670
3690.916911 0.206185 0.062925 0.356517 0.014249 0.483427 0.000515 0.576904
3742.366291 0.207344 0.063490 0.359734 0.014318 0.487823 0.000527 0.580046
3794.532847 0.209882 0.064055 0.362277 0.014387 0.490151 0.000539 0.583096
3847.426577 0.211759 0.064619 0.364254 0.014455 0.491962 0.000551 0.586057
3901.057617 0.214290 0.065023 0.365881 0.014524 0.493820 0.000562 0.588930
3955.436245 0.215418 0.065583 0.367924 0.014593 0.496835 0.000573 0.591717
4010.572881 0.216822 0.066133 0.370341 0.014661 0.499656 0.000584 0.594419
4066.478092 0.218810 0.066675 0.372052 0.014729 0.501844 0.000595 0.597038
4123.162591 0.220793 0.067207 0.374528 0.014798 0.503973 0.000606 0.599576
4180.637241 0.222770 0.067730 0.376167 0.014866 0.506293 0.000616 0.602035
4238.913057 0.224014 0.068243 0.378759 0.014934 0.508064 0.000626 0.604416
4298.001206 0.224478 0.068423 0.382128 0.015001 0.510027 0.000636 0.606721
4357.913012 0.224755 0.068516 0.385490 0.015069 0.512030 0.000646 0.608952
4418.659956 0.225025 0.068605 0.387889 0.015111 0.514185 0.000655 0.611111
4480.253680 0.225679 0.068691 0.390126 0.015135 0.516312 0.000664 0.613200
4542.705986 0.227269 0.068774 0.393450 0.015159 0.518793 0.000673 0.615220
4606.028844 0.228987 0.068854 0.396233 0.015183 0.521933 0.000682 0.617173
4670.234388 0.229692 0.068931 0.398019 0.015206 0.525393 0.000691 0.619060
4735.334923 0.231417 0.069140 0.400109 0.015230 0.527251 0.000699 0.620885
4801.342924 0.233449 0.069761 0.402282 0.015253 0.528320 0.000708 0.622648
4868.271040 0.234659 0.069974 0.405472 0.015276 0.531393 0.000716 0.624351
4936.132098 0.235143 0.070164 0.407095 0.015300 0.533787 0.000724 0.625996
5004.939103 0.236099 0.070571 0.409756 0.015335 0.536140 0.000732 0.627584
5074.705239 0.237529 0.070973 0.411754 0.015413 0.538336 0.000739 0.629118
5145.443878 0.238536 0.071080 0.413621 0.015491 0.538867 0.000747 0.630598
5217.168576 0.239527 0.071152 0.415261 0.015567 0.540851 0.000754 0.632026
5289.893076 0.241239 0.071223 0.416824 0.015642 0.543439 0.000761 0.633405
5363.631317 0.242815 0.071291 0.418342 0.015716 0.545988 0.000768 0.634735
5438.397428 0.244174 0.071358 0.419887 0.015789 0.547987 0.000775 0.636018
5514.205739 0.245760 0.071739 0.422695 0.015861 0.551477 0.000782 0.637255
5591.070777 0.246568 0.072190 0.424603 0.015932 0.553510 0.000788 0.638448
5669.007271 0.247197 0.072639 0.425409 0.016002 0.555791 0.000795 0.639598
5748.030158 0.248349 0.073084 0.428186 0.016070 0.557662 0.000801 0.640708
5828.154581 0.249296 0.073525 0.430259 0.016138 0.559367 0.000807 0.641777
5909.395895 0.249829 0.073963 0.432538 0.016204 0.560980 0.000813 0.642807
5991.769669 0.250744 0.074398 0.434037 0.016270 0.562568 0.000819 0.643800
6075.291689 0.251935 0.074829 0.435544 0.016334 0.564133 0.000825 0.644757
6159.977960 0.253180 0.075256 0.437698 0.016397 0.565673 0.000830 0.645679
6245.844712 0.254215 0.075679 0.440880 0.016460 0.567190 0.000836 0.646567
6332.908400 0.254816 0.076099 0.442987 0.016521 0.568683 0.000841 0.647422
6421.185709 0.255220 0.076432 0.445886 0.016581 0.570154 0.000846 0.648246
6510.693555 0.255609 0.076597 0.448230 0.016640 0.571601 0.000851 0.649040
6601.449093 0.255984 0.076992 0.450028 0.016699 0.573390 0.000856 0.649804
6693.469713 0.256345 0.077238 0.452746 0.016756 0.575617 0.000861 0.650539
6786.773051 0.256774 0.077487 0.454793 0.016790 0.577771 0.000866 0.651248
6881.376986 0.258203 0.077879 0.455515 0.016810 0.579642 0.000871 0.651930
6977.299650 0.259297 0.078263 0.456221 0.016829 0.581114 0.000875 0.652586
7074.559423 0.259463 0.078638 0.458515 0.016848 0.582554 0.000880 0.653393
7173.174944 0.260391 0.078811 0.461217 0.016866 0.584581 0.000884 0.654698
7273.165113 0.261343 0.078959 0.464041 0.016884 0.587250 0.000888 0.655955
7374.549090 0.261655 0.079104 0.464963 0.016901 0.589851 0.000892 0.657168
7477.346305 0.261956 0.079246 0.467163 0.016918 0.592385 0.000896 0.658336
7581.576458 0.262247 0.079386 0.470153 0.016935 0.594852 0.000900 0.659461
7687.259522 0.263068 0.079524 0.472824 0.016951 0.597254 0.000904 0.660545
7794.415750 0.263236 0.079659 0.474143 0.016967 0.599592 0.000908 0.661589
7903.065679 0.263398 0.079791 0.476706 0.016982 0.600395 0.000912 0.662336
8013.230128 0.263556 0.079921 0.477815 0.016998 0.600938 0.000915 0.663415
8124.930211 0.264038 0.080049 0.478778 0.017012 0.601466 0.000919 0.664457
8238.187331 0.265033 0.080175 0.480121 0.017027 0.601977 0.000922 0.665393
8353.023195 0.265669 0.080298 0.481470 0.017041 0.602587 0.000925 0.666258
8469.459808 0.265923 0.080418 0.482570 0.017055 0.603817 0.000929 0.667089
8587.519485 0.266236 0.080537 0.484615 0.017068 0.605003 0.000932 0.667890
8707.224849 0.266412 0.080653 0.486754 0.017081 0.606146 0.000935 0.668661
8828.598841 0.266646 0.080767 0.488844 0.017094 0.607247 0.000938 0.669402
8951.664721 0.266874 0.080879 0.489014 0.017107 0.608140 0.000941 0.670115
9076.446073 0.267080 0.080989 0.489120 0.017119 0.608566 0.000944 0.670802
9202.966809 0.267188 0.081097 0.490089 0.017131 0.608978 0.000947 0.671462
9331.251175 0.267374 0.081203 0.491328 0.017143 0.609378 0.000950 0.672098
9461.323756 0.267725 0.081307 0.493188 0.017154 0.609765 0.000952 0.672709
9593.209478 0.267923 0.081408 0.494300 0.017165 0.611612 0.000955 0.673296
9726.933615 0.268195 0.081508 0.494632 0.017176 0.613435 0.000957 0.673862
9862.521795 0.268774 0.081606 0.495880 0.017186 0.614725 0.000960 0.674405
10000.000000 0.269029 0.081702 0.497349 0.017197 0.615511 0.000962 0.674928
