10.000000 -0.496468 -1.365668 0.307860 -2.079299 0.705402 -2.732991 0.926686
10.139395 -0.506190 -1.385049 0.304158 -2.187008 0.702436 -2.741611 0.925810
10.280732 -0.513397 -1.394332 0.300425 -2.194289 0.699441 -2.750231 0.924919
10.424040 -0.524588 -1.403746 0.297293 -2.201570 0.696418 -2.758850 0.924014
10.569346 -0.528351 -1.413994 0.297096 -2.203507 0.693449 -2.767467 0.923094
10.716676 -0.531186 -1.423369 0.292522 -2.203507 0.691476 -2.776082 0.922161
10.866061 -0.535466 -1.438272 0.290076 -2.223409 0.689611 -2.784692 0.921212
11.017528 -0.544861 -1.444205 0.284926 -2.230686 0.688687 -2.793299 0.920249
11.171107 -0.549534 -1.488356 0.284221 -2.237959 0.687751 -2.801900 0.919269
11.326826 -0.563735 -1.518017 0.279345 -2.245230 0.686803 -2.810496 0.918275
11.484715 -0.577328 -1.524885 0.273161 -2.252496 0.685842 -2.819085 0.917264
11.644806 -0.584298 -1.537409 0.269592 -2.254120 0.684869 -2.827666 0.916238
11.807128 -0.593289 -1.558945 0.261430 -2.254120 0.683883 -2.836240 0.915197
11.971713 -0.596337 -1.576361 0.257364 -2.254120 0.682609 -2.844804 0.914859
12.138593 -0.605748 -1.585436 0.253459 -2.274234 0.679253 -2.853358 0.914523
12.307798 -0.613658 -1.590974 0.252153 -2.274234 0.675867 -2.861902 0.914169
12.479362 -0.624464 -1.603626 0.251515 -2.274234 0.672452 -2.870434 0.913823
12.653318 -0.630874 -1.612735 0.250894 -2.254120 0.669007 -2.878954 0.913464
12.829698 -0.642729 -1.623412 0.250251 -2.254120 0.665532 -2.887461 0.913101
13.008537 -0.661978 -1.634989 0.241936 -2.265735 0.663464 -2.895953 0.912732
13.189869 -0.670794 -1.663139 0.238975 -2.272542 0.662527 -2.904430 0.912358
13.373729 -0.675069 -1.689348 0.233322 -2.254120 0.661579 -2.804911 0.911979
13.560151 -0.681823 -1.706716 0.226231 -2.254120 0.660617 -2.812306 0.911594
13.749172 -0.685134 -1.737236 0.221955 -2.254120 0.659644 -2.819682 0.911197
13.940828 -0.688235 -1.746181 0.216308 -2.259515 0.657501 -2.827038 0.910807
14.135156 -0.694793 -1.769250 0.210074 -2.266399 0.653918 -2.834372 0.910404
14.332192 -0.704243 -1.794018 0.204106 -2.273268 0.652187 -2.841686 0.909996
14.531975 -0.710239 -1.814386 0.198130 -2.274234 0.651695 -2.848979 0.909582
14.734543 -0.714520 -1.837805 0.196094 -2.280632 0.651197 -2.856250 0.909156
14.939935 -0.718834 -1.847216 0.193644 -2.280632 0.650692 -2.760163 0.908735
15.148189 -0.725243 -1.851660 0.191935 -2.280632 0.650180 -2.768984 0.908302
15.359347 -0.731945 -1.871777 0.187881 -2.287298 0.649661 -2.777807 0.907862
15.573448 -0.739261 -1.885220 0.187064 -2.293113 0.649135 -2.786632 0.907411
15.790533 -0.746538 -1.908630 0.183634 -2.293113 0.648437 -2.795458 0.906964
16.010645 -0.760840 -1.939249 0.178021 -2.300111 0.646323 -2.804284 0.906505
16.233824 -0.766135 -1.960894 0.173599 -2.308235 0.644186 -2.813110 0.906034
16.460115 -0.771456 -1.971645 0.168588 -2.310865 0.642025 -2.821934 0.905562
16.689560 -0.782013 -1.975845 0.164645 -2.310865 0.639653 -2.830756 0.905087
16.922204 -0.794842 -1.990118 0.157946 -2.310865 0.637105 -2.839575 0.904595
17.158090 -0.797454 -2.005795 0.154368 -2.317352 0.634525 -2.848390 0.904106
17.397264 -0.799783 -2.018158 0.149664 -2.324043 0.631912 -2.857200 0.903604
17.639773 -0.819486 -2.023910 0.144594 -2.345959 0.629266 -2.866004 0.903095
17.885662 -0.825167 -2.023910 0.139501 -2.367477 0.626586 -2.874802 0.902579
18.134978 -0.837567 -2.043435 0.128259 -2.378170 0.623873 -2.883592 0.902050
18.387770 -0.843740 -2.052531 0.122582 -2.388314 0.621124 -2.892374 0.901522
18.644085 -0.848764 -2.061154 0.116906 -2.376935 0.618341 -2.901146 0.900978
18.903974 -0.854392 -2.063575 0.111229 -2.387155 0.615522 -2.909909 0.900434
19.167485 -0.859720 -2.076169 0.106877 -2.397036 0.612668 -2.918660 0.899873
19.434669 -0.867789 -2.081947 0.098249 -2.405309 0.609777 -2.927398 0.899313
19.705578 -0.878999 -2.088862 0.083728 -2.383608 0.606850 -2.936124 0.898740
19.980263 -0.887980 -2.090128 0.079980 -2.399417 0.603885 -2.944835 0.898158
20.258777 -0.890738 -2.097953 0.076199 -2.396454 0.600883 -2.953531 0.897567
20.541173 -0.897293 -2.108507 0.072490 -2.404952 0.597842 -2.962211 0.896964
20.827506 -0.902425 -2.111478 0.068663 -2.385174 0.594764 -2.970873 0.896355
21.117830 -0.910319 -2.116594 0.064652 -2.391989 0.591645 -2.979517 0.895738
21.412202 -0.914091 -2.120168 0.060223 -2.409558 0.588488 -2.988141 0.895115
21.710676 -0.919911 -2.128246 0.054573 -2.426531 0.585290 -2.996744 0.894474
22.013311 -0.937683 -2.130581 0.046124 -2.442895 0.583303 -3.005325 0.893828
22.320165 -0.946635 -2.130804 0.036332 -2.458642 0.582604 -3.013883 0.893173
22.631296 -0.969767 -2.133846 0.022004 -2.473763 0.581901 -3.022416 0.892507
22.946764 -0.980893 -2.133846 0.022977 -2.489042 0.581186 -3.030924 0.891835
23.266629 -0.987149 -2.140514 0.015500 -2.495830 0.579886 -3.039405 0.891145
23.590953 -0.999480 -2.142767 0.003221 -2.505583 0.577056 -3.047857 0.890452
23.919798 -1.005709 -2.148014 0.001808 -2.507144 0.574199 -3.056279 0.889745
24.253227 -1.017071 -2.151061 -0.006010 -2.513051 0.571314 -3.064671 0.889027
24.591304 -1.050486 -2.156170 -0.013169 -2.518891 0.563600 -3.073029 0.888298
24.934094 -1.069475 -2.157004 -0.024431 -2.523288 0.562890 -3.081353 0.887558
25.281661 -1.083280 -2.157004 -0.028451 -2.527118 0.561493 -3.089642 0.886806
25.634074 -1.094713 -2.157092 -0.032545 -2.530731 0.556754 -3.097893 0.886040
25.991399 -1.109153 -2.158052 -0.036143 -2.534139 0.551965 -3.106105 0.885266
26.353705 -1.119330 -2.163137 -0.040963 -2.547005 0.547127 -3.114277 0.884482
26.721062 -1.145003 -2.166826 -0.047193 -2.556961 0.542238 -2.992117 0.883684
27.093539 -1.155239 -2.167524 -0.050106 -2.544648 0.537300 -2.999653 0.882870
27.471208 -1.174385 -2.168457 -0.054189 -2.561833 0.532310 -3.007145 0.882050
27.854142 -1.182808 -2.170519 -0.058763 -2.575436 0.527902 -3.014590 0.881210
28.242413 -1.187177 -2.171978 -0.063424 -2.589857 0.526487 -3.021987 0.880364
28.636097 -1.195084 -2.173738 -0.068172 -2.601553 0.525039 -3.029335 0.879499
29.035269 -1.201230 -2.173738 -0.073009 -2.606233 0.523564 -3.036631 0.878627
29.440005 -1.207815 -2.173738 -0.077937 -2.598968 0.522063 -3.043875 0.877738
29.850382 -1.211045 -2.175415 -0.084945 -2.592298 0.520526 -3.051064 0.876832
30.266481 -1.223614 -2.176914 -0.097638 -2.596848 0.518964 -3.058197 0.875918
30.688379 -1.242798 -2.180411 -0.107819 -2.565690 0.517368 -3.065272 0.874987
31.116158 -1.248728 -2.182347 -0.109335 -2.565364 0.514476 -3.072286 0.874039
31.549901 -1.260514 -2.183224 -0.118693 -2.567179 0.512365 -3.079239 0.873078
31.989689 -1.267751 -2.183811 -0.124789 -2.568966 0.511866 -3.086127 0.872106
32.435608 -1.290339 -2.184285 -0.142570 -2.579521 0.507973 -3.092949 0.871115
32.887743 -1.297607 -2.184689 -0.153344 -2.586681 0.506629 -3.099702 0.870106
33.346180 -1.316727 -2.190604 -0.177555 -2.591744 0.506093 -3.106386 0.868469
33.811008 -1.315700 -2.190765 -0.184505 -2.599737 0.505258 -3.112996 0.866432
34.282315 -1.336126 -2.193240 -0.203745 -2.603230 0.500432 -3.119531 0.864356
34.760192 -1.374977 -2.193908 -0.209264 -2.606420 0.498492 -3.125989 0.862239
35.244730 -1.378982 -2.193280 -0.218691 -2.601114 0.496530 -3.091759 0.860080
35.736022 -1.394335 -2.195417 -0.223482 -2.612005 0.494546 -3.099283 0.857877
36.234163 -1.407054 -2.195582 -0.228301 -2.620797 0.492540 -3.106766 0.855634
36.739248 -1.415183 -2.195582 -0.233127 -2.630388 0.482083 -3.114206 0.853344
37.251373 -1.418576 -2.195417 -0.238022 -2.627371 0.479735 -3.121601 0.851010
37.770637 -1.429605 -2.196369 -0.244667 -2.647236 0.477359 -3.128951 0.848630
38.297139 -1.441369 -2.196369 -0.254859 -2.648172 0.474957 -3.136255 0.846202
38.830980 -1.468886 -2.199461 -0.257389 -2.646877 0.472527 -3.143510 0.843728
39.372263 -1.479861 -2.203507 -0.263931 -2.643298 0.470070 -3.150715 0.841202
39.921091 -1.487630 -2.204317 -0.270350 -2.639358 0.467586 -3.157869 0.838626
40.477570 -1.503941 -2.205746 -0.276473 -2.643056 0.465073 -3.164969 0.836000
41.041805 -1.515607 -2.205865 -0.283355 -2.641863 0.462533 -3.172015 0.833320
41.613906 -1.556816 -2.206240 -0.290775 -2.640737 0.435971 -3.179005 0.830589
42.193981 -1.565442 -2.207310 -0.298550 -2.643453 0.408385 -3.185937 0.827800
42.782142 -1.579011 -2.209459 -0.320103 -2.648133 0.407227 -3.192809 0.824955
43.378502 -1.585999 -2.211352 -0.331075 -2.670120 0.406040 -3.199619 0.822054
43.983175 -1.630515 -2.213425 -0.341366 -2.674016 0.404823 -3.206366 0.819095
44.596276 -1.635870 -2.219202 -0.347086 -2.676914 0.403574 -3.213046 0.816074
45.217924 -1.643472 -2.219202 -0.352830 -2.677352 0.402295 -3.219659 0.812994
45.848238 -1.650290 -2.219202 -0.364385 -2.676738 0.400982 -3.226202 0.809849
46.487337 -1.665018 -2.222371 -0.369804 -2.675849 0.356968 -3.232673 0.806641
47.135345 -1.676257 -2.222652 -0.389419 -2.656235 0.351920 -3.239069 0.803369
47.792386 -1.685090 -2.222674 -0.398521 -2.653432 0.346779 -3.245388 0.800030
48.458586 -1.690155 -2.222652 -0.403632 -2.645480 0.341541 -3.251628 0.796621
49.134073 -1.730370 -2.222652 -0.407884 -2.644902 0.336205 -3.257786 0.793142
49.818975 -1.742801 -2.222652 -0.413796 -2.645627 0.330769 -3.263859 0.789594
50.513425 -1.746916 -2.220631 -0.418849 -2.647878 0.325231 -3.269845 0.785971
51.217554 -1.753462 -2.220631 -0.426503 -2.649807 0.319589 -3.275741 0.782275
51.931499 -1.783527 -2.222652 -0.432748 -2.652023 0.313841 -3.281543 0.778502
52.655396 -1.804403 -2.222674 -0.446089 -2.654320 0.307985 -3.287249 0.774652
53.389384 -1.816146 -2.222674 -0.448979 -2.656694 0.302018 -3.292855 0.770721
54.133603 -1.823270 -2.222674 -0.453180 -2.662203 0.295939 -3.298358 0.766709
54.888196 -1.829558 -2.222652 -0.457953 -2.662017 0.289745 -3.303755 0.762615
55.653308 -1.836076 -2.222674 -0.464316 -2.666874 0.283434 -3.309043 0.758435
56.429085 -1.876078 -2.224223 -0.474191 -2.668878 0.277004 -3.314216 0.754170
57.215676 -1.882582 -2.223119 -0.489068 -2.673065 0.270628 -3.319273 0.749814
58.013231 -1.918364 -2.226302 -0.509286 -2.677621 0.263776 -3.324208 0.668721
58.821904 -1.931249 -2.226679 -0.529978 -2.675174 0.256973 -3.329019 0.665638
59.641849 -1.943845 -2.228325 -0.538815 -2.678032 0.250041 -3.333699 0.662525
60.473224 -1.958797 -2.229883 -0.545501 -2.680932 0.242978 -3.338246 0.659380
61.316188 -1.964075 -2.231353 -0.567359 -2.689661 0.235781 -3.342655 0.656205
62.170903 -1.969134 -2.233626 -0.574492 -2.697946 0.228447 -3.346921 0.652999
63.037532 -1.973659 -2.235667 -0.581097 -2.701292 0.220974 -3.351040 0.649762
63.916241 -1.974220 -2.235249 -0.593633 -2.699703 0.213359 -3.355006 0.646493
64.807198 -1.983234 -2.233626 -0.601757 -2.697199 0.205599 -3.358814 0.643192
65.710575 -1.998568 -2.235667 -0.630772 -2.700667 0.197692 -3.362460 0.639860
66.626545 -2.003958 -2.238404 -0.641237 -2.702076 0.189635 -3.365937 0.636496
67.555283 -2.005576 -2.240842 -0.657417 -2.703621 0.181425 -3.369242 0.633100
68.496967 -2.005994 -2.244974 -0.666369 -2.703277 0.173059 -3.372366 0.629671
69.451778 -2.014382 -2.246233 -0.667664 -2.704433 0.164534 -3.375306 0.626210
70.419898 -2.014382 -2.246233 -0.677616 -2.704952 0.155848 -3.378055 0.622717
71.401513 -2.014758 -2.247955 -0.683504 -2.693930 0.151000 -3.230763 0.619191
72.396811 -2.015277 -2.246233 -0.689855 -2.695671 0.149223 -3.233438 0.615632
73.405984 -2.015942 -2.246233 -0.695024 -2.686955 0.147444 -3.235949 0.612040
74.429223 -2.018129 -2.247955 -0.700507 -2.689310 0.145583 -3.238291 0.608415
75.466726 -2.018949 -2.248041 -0.705527 -2.679820 0.143717 -3.240461 0.604756
76.518692 -2.020781 -2.248347 -0.714158 -2.682635 0.100168 -3.242453 0.601064
77.585321 -2.028003 -2.249392 -0.723948 -2.685490 0.091153 -3.244262 0.597339
78.666818 -2.028003 -2.249392 -0.729430 -2.691503 0.085769 -3.245885 0.593580
79.763391 -2.030382 -2.249445 -0.734898 -2.704518 0.081100 -3.247317 0.589787
80.875249 -2.032067 -2.249445 -0.740353 -2.717575 0.076399 -3.248551 0.585960
82.002606 -2.032067 -2.251359 -0.753044 -2.725391 0.071666 -3.249585 0.582099
83.145678 -2.036053 -2.251626 -0.767047 -2.729531 0.067232 -3.250412 0.578204
84.304684 -2.038585 -2.257055 -0.780941 -2.731999 0.063414 -3.251028 0.574274
85.479845 -2.041444 -2.259264 -0.801612 -2.734723 0.059560 -3.251851 0.570310
86.671388 -2.043027 -2.257207 -0.813498 -2.741286 0.055672 -3.255203 0.566311
87.879540 -2.043090 -2.254120 -0.852166 -2.744116 0.051748 -3.251555 0.562278
89.104533 -2.045755 -2.254120 -0.858868 -2.746947 0.047788 -3.251274 0.558210
90.346602 -2.047612 -2.259264 -0.863958 -2.749777 0.043793 -3.250756 0.554107
91.605985 -2.051219 -2.259264 -0.869029 -2.749908 0.039762 -3.249996 0.549969
92.882923 -2.054109 -2.259264 -0.880077 -2.752878 0.035696 -3.248989 0.545795
94.177660 -2.054685 -2.260000 -0.886067 -2.755823 0.031593 -3.247729 0.541587
95.490446 -2.057031 -2.259264 -0.894732 -2.755628 0.027453 -3.246212 0.537342
96.821531 -2.057031 -2.257207 -0.904279 -2.753205 0.023278 -3.244432 0.533063
98.171170 -2.057211 -2.252082 -0.914083 -2.740271 0.019066 -3.242384 0.528748
99.539623 -2.057031 -2.251626 -0.917738 -2.748955 0.017248 -3.178574 0.524397
100.927151 -2.057031 -2.252082 -0.924279 -2.751875 0.010532 -3.180259 0.520010
102.334021 -2.057031 -2.254120 -0.931269 -2.754779 0.011365 -3.181206 0.515588
103.760502 -2.057211 -2.254120 -0.935924 -2.757666 0.010178 -3.181434 0.511129
105.206867 -2.057725 -2.254120 -0.942323 -2.768350 0.010035 -3.180963 0.506635
106.673394 -2.059098 -2.255381 -0.948744 -2.770100 0.009891 -3.179815 0.502104
108.160363 -2.060043 -2.254120 -0.954028 -2.771657 0.010272 -3.179059 0.497537
109.668060 -2.060247 -2.255231 -0.961655 -2.769005 0.006710 -3.187950 0.492933
111.196773 -2.060247 -2.255381 -0.965383 -2.771784 0.003068 -3.196844 0.488294
112.746796 -2.061154 -2.259264 -0.968687 -2.775281 -0.000656 -3.205742 0.483617
114.318425 -2.062797 -2.259264 -0.972024 -2.777267 -0.004463 -3.214644 0.478904
115.911962 -2.064089 -2.260000 -0.976344 -2.776941 -0.006158 -3.223551 0.474154
117.527712 -2.063575 -2.260000 -0.993309 -2.777578 -0.006299 -3.155072 0.469367
119.165984 -2.063575 -2.260012 -1.000763 -2.784426 -0.006438 -3.149518 0.464544
120.827094 -2.064089 -2.260012 -1.007545 -2.787929 -0.009381 -3.151897 0.459684
122.511358 -2.064089 -2.260000 -1.014188 -2.790529 -0.021862 -3.158544 0.454786
124.219100 -2.064884 -2.260000 -1.020284 -2.793103 -0.029153 -3.164309 0.449851
125.950646 -2.066696 -2.259264 -1.029297 -2.787867 -0.033594 -3.169198 0.444879
127.706330 -2.069485 -2.259264 -1.034250 -2.790469 -0.038133 -3.173222 0.439869
129.486487 -2.069853 -2.257207 -1.041243 -2.793043 -0.042772 -3.176393 0.434823
131.291459 -2.066854 -2.254021 -1.049900 -2.779469 -0.045394 -3.178726 0.429738
133.121590 -2.066696 -2.252082 -1.058624 -2.779613 -0.044760 -3.180237 0.424616
134.977233 -2.066696 -2.252082 -1.067417 -2.779625 -0.045722 -3.180947 0.419456
136.858742 -2.066854 -2.252052 -1.076279 -2.779630 -0.045119 -3.161347 0.414259
138.766479 -2.067018 -2.252082 -1.082428 -2.779637 -0.046063 -3.160631 0.409023
140.700809 -2.069853 -2.252082 -1.086045 -2.779654 -0.045490 -3.161876 0.403750
142.662102 -2.069853 -2.251626 -1.091675 -2.780996 -0.045682 -3.167036 0.398438
144.650734 -2.070530 -2.251626 -1.095620 -2.783681 -0.045879 -3.171337 0.393088
146.667087 -2.070685 -2.251359 -1.104160 -2.786337 -0.046076 -3.174788 0.387700
148.711546 -2.071188 -2.250638 -1.110450 -2.788965 -0.046282 -3.177405 0.382274
150.784505 -2.072381 -2.250638 -1.118775 -2.791564 -0.046488 -3.179203 0.376809
152.886359 -2.074518 -2.250638 -1.143640 -2.794134 -0.051236 -3.180200 0.371305
155.017512 -2.076169 -2.251359 -1.155798 -2.796677 -0.057080 -3.180417 0.365762
157.178372 -2.076887 -2.250638 -1.162337 -2.785961 -0.062926 -3.179878 0.360180
159.369353 -2.081947 -2.251626 -1.179877 -2.788592 -0.068773 -3.178608 0.354560
161.590875 -2.085190 -2.255862 -1.199415 -2.791195 -0.133323 -3.176634 0.348900
163.843365 -2.086335 -2.259264 -1.208550 -2.793770 -0.138969 -3.173985 0.343201
166.127252 -2.087908 -2.259264 -1.215606 -2.782881 -0.145770 -3.170693 0.337462
168.442976 -2.088345 -2.257530 -1.220956 -2.731693 -0.152712 -3.166791 0.331683
170.790980 -2.088862 -2.259264 -1.242268 -2.730987 -0.159797 -3.162314 0.325865
173.171713 -2.089054 -2.254120 -1.246988 -2.664202 -0.167027 -2.985106 0.320007
175.585633 -2.089520 -2.254226 -1.251540 -2.668052 -0.174404 -2.982907 0.314108
178.033202 -2.090251 -2.259264 -1.260093 -2.671867 -0.181931 -2.987630 0.308169
180.514888 -2.090251 -2.259264 -1.274525 -2.675647 -0.204400 -2.988365 0.302190
183.031168 -2.090128 -2.259264 -1.283709 -2.679391 -0.210393 -2.986294 0.296169
185.582523 -2.090251 -2.259264 -1.292867 -2.683100 -0.216431 -2.983936 0.290108
188.169442 -2.093354 -2.261861 -1.311259 -2.649385 -0.222511 -2.981314 0.284006
190.792422 -2.093482 -2.262458 -1.316179 -2.631174 -0.228636 -2.978450 0.277861
193.451965 -2.093923 -2.260012 -1.326337 -2.635313 -0.234804 -2.975366 0.271676
196.148581 -2.095096 -2.260012 -1.337748 -2.635360 -0.241017 -2.972087 0.265448
198.882786 -2.095096 -2.262458 -1.350967 -2.640483 -0.247778 -2.968635 0.259177
201.655104 -2.095365 -2.262458 -1.357162 -2.604861 -0.256742 -2.965033 0.252865
204.466067 -2.096344 -2.262458 -1.377292 -2.599459 -0.309892 -2.961303 0.246509
207.316213 -2.096892 -2.262941 -1.384732 -2.614492 -0.315574 -2.957468 0.240110
210.206088 -2.097099 -2.263453 -1.391804 -2.619234 -0.321248 -2.953549 0.233668
213.136247 -2.097274 -2.262777 -1.408039 -2.518873 -0.344621 -2.934511 0.227181
216.107251 -2.097953 -2.263773 -1.412119 -2.523913 -0.349418 -2.930634 0.220651
219.119669 -2.098507 -2.262777 -1.421406 -2.477224 -0.354212 -2.894614 0.214075
222.174078 -2.097953 -2.262777 -1.427391 -2.478240 -0.359003 -2.895988 0.207455
225.271064 -2.098906 -2.263453 -1.447116 -2.477224 -0.363790 -2.897344 0.200789
228.411221 -2.098906 -2.262777 -1.466197 -2.472655 -0.375175 -2.898684 0.194077
231.595149 -2.100114 -2.262777 -1.489547 -2.477224 -0.388571 -2.900007 0.187318
234.823460 -2.099991 -2.262458 -1.498144 -2.472655 -0.411549 -2.901314 0.180865
238.096772 -2.101012 -2.263453 -1.516688 -2.472655 -0.427897 -2.902605 0.175451
241.415712 -2.102215 -2.265305 -1.535841 -2.477224 -0.525264 -2.903879 0.169970
244.780916 -2.102507 -2.267452 -1.545481 -2.472655 -0.530335 -2.899373 0.164422
248.193029 -2.102215 -2.267452 -1.554146 -2.477224 -0.535425 -2.900687 0.158807
251.652705 -2.102215 -2.267452 -1.566165 -2.478581 -0.540535 -2.901986 0.153123
255.160607 -2.104510 -2.269316 -1.577540 -2.481643 -0.599890 -2.903268 0.147369
258.717408 -2.105125 -2.269316 -1.588131 -2.484727 -0.631735 -2.901356 0.141544
262.323788 -2.105936 -2.269316 -1.598887 -2.487283 -0.636727 -2.911200 0.135648
265.980440 -2.106066 -2.270355 -1.605304 -2.490978 -0.641734 -2.912367 0.128853
269.688063 -2.106066 -2.269316 -1.610819 -2.486965 -0.646756 -2.913520 0.114102
273.447368 -2.107183 -2.269316 -1.618625 -2.477224 -0.651795 -2.914658 0.102395
277.259076 -2.107342 -2.270355 -1.632613 -2.477224 -0.656851 -2.915782 0.094980
281.123917 -2.107738 -2.270355 -1.642056 -2.486965 -0.662980 -2.916892 0.087509
285.042632 -2.107962 -2.270355 -1.645474 -2.499926 -0.668091 -2.917988 0.079982
289.015972 -2.111478 -2.272703 -1.656962 -2.510614 -0.673225 -2.923289 0.072398
293.044698 -2.111908 -2.273792 -1.666240 -2.514033 -0.697959 -2.956902 0.064755
297.129582 -2.112776 -2.274992 -1.686710 -2.517497 -0.738114 -2.990366 0.057053
301.271407 -2.112887 -2.278035 -1.698297 -2.519985 -0.763309 -3.023651 0.049291
305.470967 -2.113787 -2.278234 -1.704602 -2.524558 -0.767863 -3.056725 0.041468
309.729067 -2.113787 -2.279481 -1.710933 -2.528154 -0.772463 -3.089557 0.033582
314.046522 -2.115092 -2.279973 -1.716967 -2.531792 -0.777112 -3.122114 0.025632
318.424160 -2.116814 -2.279973 -1.722864 -2.535393 -0.781812 -3.154360 0.017618
322.862820 -2.116898 -2.279481 -1.728827 -2.538851 -0.827283 -3.186262 0.009539
327.363353 -2.117400 -2.280632 -1.747982 -2.528548 -0.867935 -3.217783 0.001391
331.926620 -2.118311 -2.281396 -1.766590 -2.532487 -0.927330 -3.248887 -0.141187
336.553498 -2.120474 -2.282533 -1.770270 -2.509768 -0.931688 -3.279537 -0.160611
341.244871 -2.120768 -2.284658 -1.774539 -2.514873 -0.936100 -3.309694 -0.180349
346.001639 -2.121341 -2.285781 -1.780123 -2.519941 -0.940569 -3.339320 -0.200405
350.824714 -2.123132 -2.285781 -1.792694 -2.507352 -0.981672 -3.368376 -0.220778
355.715021 -2.125231 -2.287300 -1.805305 -2.507352 -0.992020 -3.396821 -0.241471
360.673495 -2.125328 -2.287300 -1.811287 -2.497613 -1.001068 -3.424616 -0.262485
365.701088 -2.126901 -2.289828 -1.826549 -2.502803 -1.031673 -3.451719 -0.283820
370.798763 -2.128064 -2.291234 -1.831795 -2.510671 -1.038902 -3.478089 -0.305477
375.967497 -2.128846 -2.291287 -1.837033 -2.546100 -1.046260 -3.503687 -0.327457
381.208280 -2.130581 -2.291817 -1.847437 -2.519452 -1.061913 -3.528469 -0.349760
386.522116 -2.130867 -2.292762 -1.865030 -2.524522 -1.074297 -3.505983 -0.372386
391.910025 -2.131189 -2.292762 -1.871388 -2.536450 -1.084715 -3.529301 -0.395334
397.373038 -2.132417 -2.293113 -1.882458 -2.548503 -1.095327 -3.551700 -0.418603
402.912203 -2.132486 -2.292762 -1.886842 -2.526824 -1.106136 -3.573141 -0.442193
408.528580 -2.133179 -2.292571 -1.891778 -2.524508 -1.117149 -3.593586 -0.462484
414.223247 -2.133846 -2.293113 -1.902997 -2.536579 -1.128873 -3.612997 -0.473431
419.997295 -2.133891 -2.293113 -1.911432 -2.541406 -1.139801 -3.631339 -0.484517
425.851829 -2.133891 -2.292762 -1.913362 -2.546198 -1.151450 -3.648575 -0.495745
431.787973 -2.133846 -2.292571 -1.918364 -2.507352 -1.163321 -3.591996 -0.507120
437.806863 -2.133891 -2.292762 -1.926049 -2.497918 -1.175418 -3.609946 -0.518645
443.909653 -2.137290 -2.293484 -1.935552 -2.497918 -1.226429 -3.626910 -0.530325
450.097513 -2.138599 -2.292762 -1.937141 -2.497918 -1.231046 -3.260069 -0.542162
456.371628 -2.138818 -2.293113 -1.942042 -2.486965 -1.237587 -3.287474 -0.554161
462.733201 -2.139875 -2.293113 -1.942042 -2.495431 -1.248878 -3.314399 -0.566326
469.183451 -2.139875 -2.293113 -1.948062 -2.507295 -1.255958 -3.340807 -0.578661
475.723614 -2.140937 -2.293113 -1.953721 -2.507352 -1.263115 -3.366664 -0.591170
482.354943 -2.141116 -2.293567 -1.956313 -2.523681 -1.286711 -3.391932 -0.603857
489.078709 -2.142147 -2.293633 -1.959386 -2.528699 -1.334019 -3.416574 -0.616727
495.896201 -2.142767 -2.293633 -1.959386 -2.533679 -1.339810 -3.440554 -0.627156
502.808725 -2.142767 -2.293567 -1.962773 -2.538620 -1.345707 -3.463833 -0.637040
509.817606 -2.144174 -2.293633 -1.969605 -2.533928 -1.351712 -3.330656 -0.647043
516.924187 -2.147057 -2.297834 -1.973659 -2.548389 -1.357828 -3.363532 -0.657167
524.129830 -2.148115 -2.298040 -1.973713 -2.555131 -1.377209 -3.395899 -0.667417
531.435916 -2.149397 -2.300357 -1.974220 -2.558007 -1.381752 -3.427715 -0.677795
538.843844 -2.149929 -2.300501 -1.977335 -2.562759 -1.387447 -3.458939 -0.688305
546.355035 -2.154257 -2.303018 -1.980995 -2.612073 -1.403848 -3.489525 -0.698952
553.970928 -2.154653 -2.304645 -1.987913 -2.612072 -1.420560 -3.519432 -0.709737
561.692982 -2.156170 -2.306565 -1.993337 -2.628883 -1.426609 -3.548613 -0.720666
569.522678 -2.156766 -2.308451 -1.997724 -2.639120 -1.430787 -3.577025 -0.731742
577.461515 -2.156766 -2.310044 -2.003773 -2.643188 -1.435039 -3.604621 -0.742969
585.511016 -2.156997 -2.310044 -2.005576 -2.649329 -1.450544 -3.631356 -0.754350
593.672722 -2.157092 -2.311969 -2.007840 -2.662032 -1.487119 -3.657185 -0.818593
601.948197 -2.157092 -2.311247 -2.008078 -2.655206 -1.493831 -3.682062 -0.834747
610.339029 -2.157698 -2.313079 -2.011766 -2.661024 -1.504677 -3.705940 -0.851157
618.846824 -2.157698 -2.315718 -2.012638 -2.660735 -1.523395 -3.728776 -0.867829
627.473213 -2.158209 -2.315718 -2.014758 -2.660919 -1.542458 -3.750526 -0.884767
636.219849 -2.159227 -2.315718 -2.014382 -2.664799 -1.557019 -3.771144 -0.901976
645.088409 -2.159690 -2.316048 -2.015209 -2.674627 -1.566700 -3.790588 -0.919460
654.080591 -2.161192 -2.316048 -2.017703 -2.678422 -1.575790 -3.808817 -0.937225
663.198120 -2.161192 -2.316048 -2.017838 -2.631546 -1.584601 -3.825790 -0.955275
672.442742 -2.161835 -2.316048 -2.018594 -2.633739 -1.590743 -3.841469 -0.973615
681.816229 -2.162506 -2.316732 -2.020697 -2.640619 -1.597192 -3.855818 -0.985102
691.320378 -2.163175 -2.318698 -2.023841 -2.663905 -1.613616 -3.868802 -0.993279
700.957009 -2.164021 -2.320026 -2.023910 -2.682415 -1.623457 -3.880390 -1.001599
710.727970 -2.164337 -2.320026 -2.027081 -2.694567 -1.633458 -3.890551 -1.010068
720.635132 -2.165643 -2.320026 -2.028570 -2.704180 -1.643626 -3.899261 -1.018689
730.680395 -2.167008 -2.325606 -2.030768 -2.707747 -1.665589 -3.906498 -1.027466
740.865683 -2.167097 -2.329069 -2.031261 -2.720466 -1.670576 -3.816887 -1.036403
751.192949 -2.165927 -2.321655 -2.032029 -2.714798 -1.677110 -3.579019 -1.045505
761.664172 -2.167175 -2.325343 -2.032282 -2.718283 -1.697431 -3.602580 -1.054775
772.281357 -2.167524 -2.329808 -2.032864 -2.721741 -1.717989 -3.625140 -1.064218
783.046540 -2.167524 -2.331868 -2.033599 -2.718808 -1.724371 -3.259399 -1.073837
793.961785 -2.168484 -2.332992 -2.033599 -2.722137 -1.730778 -3.291995 -1.083638
805.029181 -2.169770 -2.335799 -2.033599 -2.725433 -1.737208 -3.324249 -1.093625
816.250851 -2.169770 -2.336118 -2.033663 -2.732600 -1.743664 -3.356123 -1.103802
827.628946 -2.171614 -2.339279 -2.035759 -2.738466 -1.755198 -3.387580 -1.114174
839.165644 -2.171905 -2.339877 -2.035759 -2.743103 -1.767430 -3.418581 -1.124745
850.863158 -2.171978 -2.339877 -2.037254 -2.756150 -1.779872 -3.449085 -1.135815
862.723729 -2.172987 -2.340839 -2.037254 -2.756150 -1.792528 -3.479052 -1.153302
874.749630 -2.173051 -2.345747 -2.037254 -2.756150 -1.805403 -3.508440 -1.171074
886.943166 -2.175415 -2.345986 -2.037319 -2.754890 -1.818499 -3.537207 -1.189135
899.306672 -2.175474 -2.346684 -2.037627 -2.756150 -1.831820 -3.565310 -1.207488
911.842520 -2.176629 -2.349473 -2.041027 -2.756523 -1.844052 -3.592707 -1.226138
924.553110 -2.176914 -2.350622 -2.041085 -2.764344 -1.857373 -3.619352 -1.245089
937.440879 -2.177750 -2.351447 -2.041717 -2.767446 -1.862195 -3.645203 -1.264346
950.508296 -2.178694 -2.352313 -2.042488 -2.770524 -1.871094 -3.670215 -1.283911
963.757866 -2.178694 -2.353057 -2.045066 -2.782237 -1.871093 -3.694342 -1.303790
977.192128 -2.178694 -2.353057 -2.045066 -2.802541 -1.871388 -3.717542 -1.323984
990.813657 -2.179553 -2.353057 -2.045237 -2.779920 -1.872934 -3.739770 -1.344499
1004.625062 -2.181535 -2.352933 -2.045755 -2.782596 -1.872934 -3.760982 -1.365337
1018.628990 -2.182347 -2.353697 -2.045755 -2.800171 -1.880303 -3.781135 -1.386501
1032.828126 -2.182649 -2.353697 -2.045872 -2.809068 -1.882298 -3.800186 -1.407995
1047.225190 -2.182777 -2.355322 -2.046213 -2.825464 -1.882582 -3.803207 -1.429821
1061.822941 -2.183175 -2.355322 -2.046213 -2.819180 -1.882582 -3.795507 -1.451981
1076.624177 -2.183604 -2.353697 -2.048749 -2.812696 -1.883852 -3.786518 -1.474478
1091.631734 -2.183174 -2.354589 -2.047182 -2.799990 -1.883852 -3.776281 -1.497315
1106.848489 -2.185066 -2.355323 -2.050081 -2.802807 -1.886842 -3.785987 -1.520492
1122.277356 -2.185488 -2.359072 -2.050082 -2.805600 -1.885677 -3.806623 -1.544011
1137.921294 -2.185488 -2.360332 -2.050082 -2.808369 -1.891778 -3.826087 -1.564881
1153.783300 -2.185959 -2.363035 -2.050082 -2.814295 -1.891778 -3.844338 -1.564882
1169.866413 -2.188171 -2.367469 -2.052463 -2.821141 -1.898063 -3.861333 -1.564881
1186.173716 -2.187412 -2.368476 -2.054109 -2.823335 -1.899517 -3.877032 -1.564882
1202.708335 -2.189338 -2.373380 -2.054109 -2.851227 -1.899517 -3.891397 -1.564882
1219.473437 -2.189338 -2.377996 -2.056458 -2.871601 -1.905711 -3.904393 -1.564881
1236.472235 -2.190588 -2.382153 -2.057031 -2.873310 -1.905711 -3.915986 -1.564881
1253.707987 -2.190766 -2.387957 -2.057211 -2.860490 -1.905711 -3.926146 -1.564881
1271.183997 -2.191955 -2.391252 -2.057413 -2.861708 -1.905711 -3.930021 -1.564881
1288.903612 -2.193241 -2.393028 -2.059098 -2.876325 -1.909963 -3.927249 -1.577959
1306.870230 -2.193280 -2.396752 -2.059099 -2.876679 -1.918364 -3.923017 -1.597498
1325.087292 -2.193280 -2.397948 -2.059099 -2.866399 -1.918364 -3.917339 -1.617396
1343.558290 -2.193280 -2.399433 -2.059099 -2.876510 -1.920775 -3.910235 -1.637657
1362.286764 -2.193908 -2.399433 -2.059099 -2.876022 -1.920775 -3.901731 -1.658284
1381.276303 -2.193280 -2.397949 -2.058052 -2.863475 -1.923319 -3.711771 -1.679281
1400.530545 -2.195182 -2.400365 -2.059098 -2.862987 -1.923319 -3.739774 -1.700651
1420.053182 -2.195182 -2.403036 -2.059248 -2.873171 -1.923319 -3.766914 -1.722398
1439.847953 -2.195182 -2.405469 -2.059248 -2.871820 -1.923319 -3.793141 -1.744524
1459.918652 -2.195417 -2.415568 -2.059248 -2.886136 -1.923319 -3.818409 -1.746130
1480.269127 -2.195417 -2.422257 -2.060043 -2.901327 -1.923319 -3.842665 -1.746129
1500.903276 -2.196370 -2.420771 -2.060058 -2.889945 -1.923319 -3.865862 -1.746130
1521.825053 -2.196370 -2.428518 -2.060058 -2.902034 -1.923319 -3.887951 -1.746130
1543.038469 -2.197323 -2.428993 -2.060058 -2.917692 -1.924567 -3.897637 -1.746130
1564.547589 -2.197323 -2.429729 -2.060058 -2.929465 -1.925073 -3.884082 -1.746130
1586.356534 -2.197278 -2.428993 -2.060247 -2.917692 -1.925073 -3.869264 -1.746130
1608.469483 -2.197278 -2.433371 -2.060247 -2.935538 -1.926049 -3.853241 -1.746130
1630.890676 -2.196370 -2.428993 -2.060247 -2.951364 -1.926049 -3.836077 -1.746130
1653.624407 -2.196370 -2.428993 -2.060247 -2.972864 -1.926049 -3.826030 -1.746130
1676.675035 -2.197278 -2.439364 -2.060247 -2.994437 -1.926049 -3.839594 -1.746130
1700.046975 -2.197278 -2.439890 -2.060247 -3.016068 -1.926049 -3.851864 -1.746129
1723.744708 -2.197278 -2.443595 -2.060488 -3.037741 -1.926049 -3.862814 -1.746130
1747.772774 -2.196370 -2.439890 -2.060247 -3.056593 -1.925073 -3.872412 -1.746129
1772.135779 -2.196370 -2.439890 -2.060488 -3.063550 -1.925073 -3.880636 -1.746130
1796.838391 -2.196370 -2.432480 -2.060247 -3.033152 -1.923320 -3.887462 -1.746130
1821.885343 -2.195583 -2.428993 -2.060247 -3.057669 -1.923320 -3.892874 -1.746129
1847.281437 -2.196369 -2.433371 -2.060248 -3.062815 -1.923319 -3.896856 -1.746129
1873.031539 -2.196369 -2.433371 -2.060247 -3.060101 -1.923319 -3.899397 -1.746130
1899.140582 -2.195418 -2.428993 -2.060058 -3.071922 -1.920775 -3.917164 -1.746130
1925.613572 -2.195313 -2.428517 -2.060044 -3.087644 -1.920776 -3.934968 -1.746129
1952.455581 -2.195417 -2.428518 -2.060043 -3.102907 -1.920775 -3.951515 -1.746130
1979.671753 -2.195313 -2.428518 -2.059249 -3.116942 -1.918364 -3.966759 -1.746130
2007.267304 -2.195313 -2.426041 -2.059248 -3.131977 -1.918364 -3.980666 -1.746130
2035.247521 -2.193280 -2.423328 -2.059099 -3.134439 -1.911513 -3.967422 -1.702499
2063.617768 -2.193240 -2.422256 -2.059098 -3.154810 -1.911512 -3.981363 -1.702499
2092.383480 -2.193240 -2.422256 -2.059098 -3.176329 -1.911512 -3.993923 -1.702498
2121.550171 -2.192169 -2.420768 -2.058051 -3.200287 -1.911512 -4.005066 -1.702499
2151.123430 -2.191954 -2.418794 -2.057725 -3.195277 -1.908597 -4.014753 -1.702499
2181.108924 -2.191692 -2.418794 -2.057725 -3.206194 -1.908597 -4.022957 -1.702499
2211.512400 -2.190765 -2.418351 -2.057725 -3.216494 -1.908597 -4.029651 -1.702498
2242.339683 -2.190765 -2.415567 -2.057725 -3.226164 -1.908597 -4.034809 -1.702499
2273.596682 -2.190604 -2.410880 -2.057412 -3.241611 -1.908597 -4.038413 -1.702499
2305.289387 -2.190587 -2.407654 -2.057210 -3.253478 -1.905711 -4.038816 -1.702498
2337.423871 -2.189975 -2.401253 -2.057031 -3.266932 -1.905711 -4.036082 -1.702499
2370.006292 -2.189975 -2.401253 -2.057031 -3.283357 -1.905711 -4.031765 -1.702499
2403.042894 -2.189975 -2.401253 -2.057031 -3.315309 -1.905711 -4.025878 -1.702499
2436.540009 -2.189975 -2.401252 -2.057031 -3.345190 -1.905711 -4.018441 -1.702498
2470.504055 -2.189975 -2.401253 -2.057031 -3.361531 -1.905711 -4.025805 -1.702499
2504.941542 -2.188170 -2.399432 -2.054573 -3.367817 -1.893083 -4.019404 -1.702498
2539.859069 -2.188170 -2.399432 -2.054573 -3.373521 -1.893083 -4.016868 -1.702499
2575.263327 -2.188170 -2.399432 -2.054573 -3.345123 -1.893082 -4.019904 -1.702499
2611.161101 -2.187411 -2.397948 -2.054573 -3.340465 -1.893083 -4.021405 -1.702499
2647.559271 -2.187411 -2.394036 -2.054573 -3.327500 -1.893082 -4.031002 -1.702499
2684.464811 -2.187322 -2.393800 -2.054108 -3.348880 -1.893082 -4.047993 -1.702499
2721.884795 -2.185959 -2.388262 -2.052475 -3.357698 -1.891778 -4.063620 -1.702498
2759.826392 -2.185959 -2.388262 -2.052475 -3.293870 -1.891778 -4.077835 -1.702498
2798.296876 -2.185488 -2.388117 -2.052463 -3.296754 -1.886842 -4.090595 -1.702499
2837.303617 -2.185488 -2.388117 -2.052463 -3.301998 -1.886842 -4.101858 -1.702498
2876.854090 -2.185488 -2.388117 -2.052463 -3.321632 -1.886842 -4.111590 -1.702498
2916.955876 -2.185488 -2.382153 -2.051219 -3.342598 -1.886555 -4.119752 -1.702499
2957.616659 -2.185488 -2.382153 -2.051219 -3.363375 -1.886555 -4.126316 -1.702498
2998.844231 -2.184985 -2.380728 -2.049884 -3.357276 -1.882582 -4.131247 -1.673869
3040.646493 -2.184689 -2.379513 -2.048748 -3.313153 -1.882581 -4.134529 -1.673869
3083.031457 -2.184689 -2.379513 -2.048748 -3.313809 -1.882581 -4.135299 -1.673868
3126.007243 -2.184689 -2.379513 -2.048748 -3.313944 -1.882581 -4.127909 -1.673869
3169.582089 -2.184689 -2.379514 -2.048748 -3.321618 -1.882581 -4.126658 -1.673869
3213.764344 -2.184285 -2.378618 -2.047847 -3.341654 -1.882581 -4.130834 -1.673869
3258.562476 -2.183810 -2.377349 -2.047181 -3.311294 -1.882581 -4.133237 -1.673869
3303.985070 -2.183652 -2.372771 -2.047181 -3.284833 -1.882581 -4.146634 -1.673869
3350.040830 -2.183604 -2.369850 -2.047181 -3.293578 -1.882581 -4.158491 -1.673869
3396.738582 -2.183604 -2.367469 -2.047181 -3.240993 -1.882581 -4.168771 -1.673868
3444.087276 -2.183174 -2.364120 -2.046212 -2.985904 -1.882298 -4.177437 -1.673868
3492.095985 -2.183121 -2.363315 -2.045871 -2.976742 -1.882132 -4.184448 -1.673869
3540.773909 -2.183001 -2.362872 -2.045755 -2.966458 -1.877923 -4.188003 -1.662519
3590.130377 -2.182649 -2.361683 -2.045752 -2.962454 -1.877661 -4.188092 -1.662519
3640.174847 -2.182649 -2.361683 -2.045752 -2.960737 -1.877660 -4.186422 -1.662519
3690.916911 -2.182346 -2.360209 -2.045752 -2.948176 -1.877661 -4.182996 -1.662519
3742.366291 -2.182317 -2.359071 -2.045237 -2.948175 -1.876078 -4.177810 -1.662519
3794.532847 -2.182274 -2.355322 -2.045065 -2.917691 -1.872934 -4.170874 -1.662519
3847.426577 -2.179552 -2.353698 -2.042488 -2.907247 -1.871093 -4.162198 -1.662519
3901.057617 -2.179553 -2.353697 -2.042487 -2.908463 -1.871093 -4.151807 -1.662519
3955.436245 -2.177749 -2.353057 -2.041817 -2.909665 -1.871093 -4.139718 -1.662519
4010.572881 -2.177441 -2.352933 -2.041717 -2.905531 -1.865534 -4.125978 -1.662519
4066.478092 -2.177441 -2.352933 -2.041716 -2.905531 -1.865534 -4.110639 -1.662519
4123.162591 -2.177441 -2.352934 -2.041718 -2.905533 -1.865535 -4.101866 -1.662519
4180.637241 -2.177441 -2.352314 -2.041718 -2.911206 -1.865534 -4.100814 -1.662519
4238.913057 -2.176915 -2.350796 -2.041086 -2.901328 -1.857942 -4.098143 -1.564882
4298.001206 -2.176915 -2.350796 -2.041086 -2.890809 -1.857942 -4.034233 -1.564882
4357.913012 -2.176781 -2.348119 -2.041028 -2.861997 -1.846065 -4.011731 -1.490721
4418.659956 -2.176547 -2.347565 -2.037629 -2.861997 -1.844053 -3.988030 -1.490721
4480.253680 -2.176268 -2.345987 -2.037320 -2.837545 -1.841876 -3.845701 -1.458586
4542.705986 -2.176267 -2.345987 -2.037320 -2.837545 -1.841876 -3.849612 -1.458585
4606.028844 -2.175697 -2.345947 -2.037255 -2.828663 -1.836766 -3.769160 -1.452006
4670.234388 -2.175697 -2.345947 -2.037256 -2.828664 -1.836765 -3.762493 -1.452006
4735.334923 -2.175475 -2.345747 -2.036680 -2.787425 -1.833142 -3.674409 -1.452006
4801.342924 -2.175416 -2.343600 -2.036054 -2.779920 -1.829035 -3.656111 -1.452006
4868.271040 -2.173739 -2.339877 -2.035760 -2.756151 -1.819258 -3.084539 -1.452006
4936.132098 -2.172602 -2.336959 -2.033664 -2.742884 -1.803178 -2.996640 -1.452005
5004.939103 -2.172482 -2.336178 -2.033599 -2.738467 -1.803178 -2.990750 -1.452006
5074.705239 -2.172482 -2.336177 -2.033600 -2.738467 -1.803178 -2.990749 -1.452005
5145.443878 -2.172482 -2.336177 -2.033599 -2.738467 -1.803178 -2.990748 -1.452006
5217.168576 -2.172482 -2.336177 -2.033599 -2.738465 -1.803178 -2.990750 -1.452005
5289.893076 -2.172482 -2.336177 -2.033600 -2.738468 -1.803178 -2.990749 -1.452005
5363.631317 -2.172481 -2.336178 -2.033600 -2.738468 -1.803178 -2.990750 -1.452006
5438.397428 -2.172482 -2.336178 -2.033600 -2.738468 -1.803178 -2.990750 -1.452005
5514.205739 -2.172482 -2.336178 -2.033600 -2.738467 -1.803178 -2.990749 -1.452005
5591.070777 -2.172482 -2.336177 -2.033600 -2.738467 -1.803177 -2.990750 -1.452006
5669.007271 -2.172482 -2.336178 -2.033599 -2.738467 -1.803178 -2.990750 -1.452005
5748.030158 -2.172482 -2.336176 -2.033600 -2.738466 -1.803179 -2.990750 -1.452006
5828.154581 -2.172482 -2.336178 -2.033599 -2.738466 -1.803179 -2.990748 -1.452006
5909.395895 -2.172482 -2.336179 -2.033599 -2.738468 -1.803178 -2.990748 -1.452006
5991.769669 -2.172482 -2.336177 -2.033600 -2.738468 -1.803178 -2.990749 -1.452005
6075.291689 -2.172482 -2.336177 -2.033600 -2.738468 -1.803179 -2.990750 -1.452007
6159.977960 -2.172481 -2.336178 -2.033601 -2.738467 -1.803177 -2.990749 -1.452005
6245.844712 -2.172482 -2.336177 -2.033601 -2.738467 -1.803179 -2.990749 -1.452005
6332.908400 -2.172483 -2.336177 -2.033599 -2.738467 -1.803178 -2.990750 -1.452006
6421.185709 -2.172482 -2.336176 -2.033599 -2.738467 -1.803178 -2.990750 -1.452006
6510.693555 -2.172482 -2.336177 -2.033600 -2.738467 -1.803179 -2.990750 -1.452006
6601.449093 -2.172481 -2.336176 -2.033599 -2.738466 -1.803179 -2.990748 -1.452007
6693.469713 -2.172482 -2.336178 -2.033600 -2.738467 -1.803178 -2.990748 -1.452006
6786.773051 -2.172481 -2.336177 -2.033600 -2.738467 -1.803178 -2.990750 -1.452006
6881.376986 -2.172483 -2.336179 -2.033599 -2.738467 -1.803178 -2.990750 -1.452006
6977.299650 -2.172483 -2.336178 -2.033598 -2.738467 -1.803178 -2.990749 -1.452006
7074.559423 -2.172482 -2.336179 -2.033599 -2.738467 -1.803179 -2.990750 -1.452006
7173.174944 -2.172482 -2.336176 -2.033599 -2.738468 -1.803177 -2.990750 -1.452006
7273.165113 -2.172482 -2.336177 -2.033601 -2.738467 -1.803178 -2.990750 -1.452006
7374.549090 -2.172483 -2.336177 -2.033599 -2.738467 -1.803179 -2.990749 -1.452006
7477.346305 -2.172482 -2.336176 -2.033600 -2.738467 -1.803179 -2.990748 -1.452005
7581.576458 -2.172482 -2.336178 -2.033599 -2.738467 -1.803177 -2.990750 -1.452006
7687.259522 -2.172482 -2.336176 -2.033600 -2.738466 -1.803179 -2.990749 -1.452006
7794.415750 -2.172483 -2.336176 -2.033599 -2.738466 -1.803178 -2.990749 -1.452006
7903.065679 -2.172482 -2.336177 -2.033600 -2.738468 -1.803178 -2.990750 -1.452006
8013.230128 -2.172483 -2.336177 -2.033601 -2.738467 -1.803179 -2.990750 -1.452005
8124.930211 -2.172483 -2.336178 -2.033600 -2.738467 -1.803179 -2.990749 -1.452005
8238.187331 -2.172481 -2.336177 -2.033600 -2.738466 -1.803178 -2.990749 -1.452006
8353.023195 -2.172482 -2.336178 -2.033600 -2.738467 -1.803179 -2.990750 -1.452006
8469.459808 -2.172483 -2.336178 -2.033601 -2.738467 -1.803177 -2.990750 -1.452006
8587.519485 -2.172482 -2.336177 -2.033600 -2.738467 -1.803178 -2.990750 -1.452005
8707.224849 -2.172483 -2.336178 -2.033599 -2.738467 -1.803178 -2.990750 -1.452006
8828.598841 -2.172482 -2.336177 -2.033599 -2.738468 -1.803178 -2.990751 -1.452006
8951.664721 -2.172483 -2.336176 -2.033600 -2.738467 -1.803179 -2.990749 -1.452005
9076.446073 -2.172482 -2.336178 -2.033601 -2.738467 -1.803178 -2.990751 -1.452007
9202.966809 -2.172481 -2.336177 -2.033599 -2.738465 -1.803178 -2.990749 -1.452006
9331.251175 -2.172482 -2.336178 -2.033601 -2.738467 -1.803179 -2.990748 -1.452006
9461.323756 -2.172482 -2.336178 -2.033600 -2.738467 -1.803179 -2.990748 -1.452006
9593.209478 -2.172481 -2.336176 -2.033599 -2.738468 -1.803177 -2.990748 -1.452005
9726.933615 -2.172483 -2.336177 -2.033599 -2.738470 -1.803179 -2.990748 -1.452008
9862.521795 -2.172482 -2.336179 -2.033599 -2.738469 -1.803178 -2.990748 -1.452005
10000.000000 -2.172482 -2.336178 -2.033599 -2.738465 -1.803179 -2.990751 -1.452006
