10.000000 0.002279 -0.012451 0.015878 -0.019319 0.019393 -0.020129 0.020112
10.139395 0.002279 -0.012374 0.015884 -0.019319 0.019412 -0.020129 0.020134
10.280732 0.002279 -0.012373 0.015889 -0.019319 0.019428 -0.020129 0.020157
10.424040 0.002279 -0.012371 0.015895 -0.019319 0.019447 -0.020129 0.020180
10.569346 0.002279 -0.012369 0.015901 -0.019319 0.019452 -0.020129 0.020204
10.716676 0.002279 -0.012367 0.015907 -0.019319 0.019456 -0.020129 0.020228
10.866061 0.002279 -0.012365 0.015913 -0.019319 0.019461 -0.020129 0.020252
11.017528 0.002279 -0.012363 0.015919 -0.019319 0.019465 -0.020129 0.020277
11.171107 0.002283 -0.012361 0.015925 -0.019319 0.019470 -0.020129 0.020303
11.326826 0.002288 -0.012359 0.015932 -0.019319 0.019471 -0.020129 0.020328
11.484715 0.002292 -0.012356 0.015938 -0.019319 0.019471 -0.020129 0.020354
11.644806 0.002297 -0.012354 0.015952 -0.019319 0.019471 -0.020129 0.020381
11.807128 0.002299 -0.012347 0.015968 -0.019319 0.019476 -0.020129 0.020408
11.971713 0.002300 -0.012347 0.015984 -0.019319 0.019476 -0.020129 0.020436
12.138593 0.002301 -0.012347 0.016000 -0.019319 0.019476 -0.020129 0.020464
12.307798 0.002303 -0.012344 0.016003 -0.019319 0.019476 -0.020129 0.020492
12.479362 0.002304 -0.012342 0.016004 -0.019319 0.019477 -0.020129 0.020521
12.653318 0.002305 -0.012339 0.016006 -0.019319 0.019477 -0.020129 0.020551
12.829698 0.002307 -0.012336 0.016008 -0.019319 0.019477 -0.020129 0.020581
13.008537 0.002308 -0.012334 0.016028 -0.019319 0.019477 -0.020129 0.020611
13.189869 0.002310 -0.012331 0.016031 -0.019317 0.019477 -0.020129 0.020642
13.373729 0.002311 -0.012328 0.016045 -0.019315 0.019520 -0.020129 0.020674
13.560151 0.002320 -0.012325 0.016047 -0.019313 0.019520 -0.020129 0.020706
13.749172 0.002340 -0.012322 0.016048 -0.019311 0.019520 -0.020129 0.020739
13.940828 0.002340 -0.012306 0.016048 -0.019308 0.019520 -0.020129 0.020772
14.135156 0.002340 -0.012306 0.016053 -0.019306 0.019531 -0.020129 0.020806
14.332192 0.002341 -0.012306 0.016062 -0.019304 0.019532 -0.020129 0.020840
14.531975 0.002341 -0.012287 0.016072 -0.019302 0.019533 -0.020129 0.020875
14.734543 0.002341 -0.012284 0.016081 -0.019300 0.019534 -0.020129 0.020911
14.939935 0.002341 -0.012264 0.016090 -0.019297 0.019535 -0.020129 0.020947
15.148189 0.002341 -0.012256 0.016100 -0.019295 0.019537 -0.020129 0.020984
15.359347 0.002341 -0.012249 0.016110 -0.019292 0.019538 -0.020129 0.021021
15.573448 0.002341 -0.012249 0.016120 -0.019284 0.019559 -0.020129 0.021060
15.790533 0.002341 -0.012249 0.016131 -0.019279 0.019592 -0.020129 0.021101
16.010645 0.002341 -0.012249 0.016134 -0.019279 0.019637 -0.020129 0.021243
16.233824 0.002341 -0.012249 0.016135 -0.019279 0.019645 -0.020129 0.021388
16.460115 0.002341 -0.012249 0.016135 -0.019279 0.019654 -0.020129 0.021534
16.689560 0.002341 -0.012199 0.016142 -0.019277 0.019682 -0.020129 0.021682
16.922204 0.002342 -0.012178 0.016165 -0.019274 0.019682 -0.020129 0.021832
17.158090 0.002375 -0.012178 0.016188 -0.019271 0.019682 -0.020129 0.021985
17.397264 0.002414 -0.012178 0.016209 -0.019268 0.019691 -0.020129 0.022139
17.639773 0.002441 -0.012178 0.016221 -0.019264 0.019700 -0.020129 0.022296
17.885662 0.002442 -0.012178 0.016234 -0.019250 0.019710 -0.020129 0.022455
18.134978 0.002442 -0.012178 0.016246 -0.019234 0.019710 -0.020129 0.022615
18.387770 0.002443 -0.012178 0.016261 -0.019228 0.019736 -0.020129 0.022779
18.644085 0.002444 -0.012178 0.016272 -0.019228 0.019741 -0.020129 0.022944
18.903974 0.002444 -0.012171 0.016311 -0.019227 0.019746 -0.020129 0.023112
19.167485 0.002445 -0.012151 0.016343 -0.019227 0.019748 -0.020128 0.023282
19.434669 0.002454 -0.012127 0.016343 -0.019227 0.019764 -0.020128 0.023454
19.705578 0.002472 -0.012085 0.016366 -0.019227 0.019765 -0.020128 0.023629
19.980263 0.002493 -0.012043 0.016415 -0.019227 0.019767 -0.020128 0.023806
20.258777 0.002513 -0.012018 0.016420 -0.019227 0.019768 -0.020128 0.023986
20.541173 0.002519 -0.012016 0.016420 -0.019227 0.019773 -0.020128 0.024168
20.827506 0.002531 -0.012015 0.016420 -0.019224 0.019788 -0.020128 0.024352
21.117830 0.002547 -0.012005 0.016420 -0.019220 0.019788 -0.020128 0.024540
21.412202 0.002564 -0.011983 0.016420 -0.019216 0.019788 -0.020128 0.024729
21.710676 0.002573 -0.011961 0.016460 -0.019212 0.019788 -0.020128 0.024855
22.013311 0.002573 -0.011938 0.016465 -0.019208 0.019802 -0.020128 0.024975
22.320165 0.002591 -0.011933 0.016488 -0.019204 0.019824 -0.020128 0.025097
22.631296 0.002626 -0.011932 0.016503 -0.019200 0.019846 -0.020128 0.025221
22.946764 0.002652 -0.011932 0.016503 -0.019195 0.019867 -0.020128 0.025347
23.266629 0.002670 -0.011931 0.016522 -0.019191 0.019870 -0.020128 0.025474
23.590953 0.002689 -0.011931 0.016542 -0.019186 0.019899 -0.020128 0.025604
23.919798 0.002709 -0.011930 0.016556 -0.019182 0.019940 -0.020128 0.025751
24.253227 0.002728 -0.011929 0.016567 -0.019177 0.019950 -0.020128 0.025959
24.591304 0.002748 -0.011928 0.016578 -0.019172 0.019967 -0.020128 0.026170
24.934094 0.002769 -0.011928 0.016610 -0.019167 0.020014 -0.020128 0.026384
25.281661 0.002791 -0.011927 0.016611 -0.019162 0.020042 -0.020128 0.026601
25.634074 0.002812 -0.011913 0.016612 -0.019157 0.020068 -0.020128 0.026821
25.991399 0.002834 -0.011890 0.016624 -0.019155 0.020096 -0.020128 0.027044
26.353705 0.002856 -0.011866 0.016639 -0.019155 0.020123 -0.020127 0.027270
26.721062 0.002860 -0.011841 0.016664 -0.019155 0.020152 -0.020127 0.027499
27.093539 0.002860 -0.011816 0.016686 -0.019155 0.020181 -0.020127 0.027731
27.471208 0.002886 -0.011809 0.016710 -0.019155 0.020253 -0.020127 0.027966
27.854142 0.002944 -0.011802 0.016734 -0.019155 0.020285 -0.020127 0.028205
28.242413 0.002955 -0.011771 0.016744 -0.019155 0.020297 -0.020127 0.028446
28.636097 0.002956 -0.011740 0.016755 -0.019155 0.020309 -0.020127 0.028692
29.035269 0.003025 -0.011732 0.016800 -0.019155 0.020334 -0.020127 0.028940
29.440005 0.003051 -0.011723 0.016838 -0.019155 0.020367 -0.020127 0.029192
29.850382 0.003078 -0.011715 0.016856 -0.019155 0.020400 -0.020127 0.029447
30.266481 0.003081 -0.011704 0.016893 -0.019155 0.020434 -0.020127 0.029706
30.688379 0.003083 -0.011697 0.016922 -0.019155 0.020469 -0.020127 0.029969
31.116158 0.003085 -0.011688 0.016935 -0.019155 0.020504 -0.020126 0.030234
31.549901 0.003087 -0.011678 0.016945 -0.019155 0.020575 -0.020126 0.030504
31.989689 0.003219 -0.011652 0.016954 -0.019155 0.020794 -0.020126 0.030777
32.435608 0.003249 -0.011553 0.016956 -0.019151 0.021001 -0.020126 0.031054
32.887743 0.003280 -0.011545 0.016972 -0.019142 0.021060 -0.020126 0.031335
33.346180 0.003311 -0.011542 0.016975 -0.019132 0.021121 -0.020126 0.031619
33.811008 0.003343 -0.011539 0.016985 -0.019125 0.021183 -0.020126 0.031908
34.282315 0.003436 -0.011536 0.016985 -0.019124 0.021245 -0.020126 0.032200
34.760192 0.003438 -0.011533 0.017075 -0.019123 0.021309 -0.020126 0.032496
35.244730 0.003443 -0.011530 0.017097 -0.019122 0.021373 -0.020125 0.032797
35.736022 0.003477 -0.011527 0.017119 -0.019121 0.021438 -0.020125 0.033101
36.234163 0.003512 -0.011524 0.017144 -0.019120 0.021505 -0.020125 0.033409
36.739248 0.003531 -0.011520 0.017226 -0.019119 0.021572 -0.020125 0.033722
37.251373 0.003548 -0.011517 0.017240 -0.019118 0.021640 -0.020125 0.034039
37.770637 0.003565 -0.011515 0.017240 -0.019117 0.021709 -0.020125 0.034360
38.297139 0.003582 -0.011514 0.017240 -0.019116 0.021779 -0.020124 0.034685
38.830980 0.003600 -0.011508 0.017250 -0.019114 0.021851 -0.020124 0.035015
39.372263 0.003643 -0.011502 0.017284 -0.019106 0.021923 -0.020124 0.035349
39.921091 0.003652 -0.011499 0.017311 -0.019097 0.022112 -0.020124 0.035688
40.477570 0.003655 -0.011494 0.017320 -0.019088 0.022318 -0.020124 0.036031
41.041805 0.003674 -0.011477 0.017328 -0.019084 0.022527 -0.020123 0.036379
41.613906 0.003694 -0.011440 0.017337 -0.019083 0.022738 -0.020123 0.036731
42.193981 0.003714 -0.011337 0.017386 -0.019083 0.022954 -0.020123 0.037088
42.782142 0.003756 -0.011334 0.017442 -0.019083 0.023172 -0.020123 0.037450
43.378502 0.003830 -0.011330 0.017486 -0.019082 0.023393 -0.020122 0.037817
43.983175 0.003883 -0.011327 0.017518 -0.019082 0.023618 -0.020122 0.038189
44.596276 0.003954 -0.011323 0.017519 -0.019082 0.023847 -0.020122 0.038565
45.217924 0.003954 -0.011310 0.017520 -0.019081 0.024055 -0.020122 0.038947
45.848238 0.003955 -0.011280 0.017521 -0.019081 0.024171 -0.020121 0.039333
46.487337 0.003955 -0.011250 0.017575 -0.019081 0.024290 -0.020121 0.039725
47.135345 0.003956 -0.011131 0.017633 -0.019080 0.024411 -0.020121 0.040122
47.792386 0.003985 -0.011125 0.017731 -0.019080 0.024533 -0.020120 0.040524
48.458586 0.004207 -0.011119 0.017753 -0.019079 0.024659 -0.020120 0.040932
49.134073 0.004353 -0.011113 0.017797 -0.019079 0.024786 -0.020120 0.041344
49.818975 0.004354 -0.011105 0.017799 -0.019076 0.024916 -0.020119 0.041763
50.513425 0.004354 -0.011100 0.017825 -0.019065 0.025047 -0.020119 0.042186
51.217554 0.004543 -0.011094 0.017832 -0.019054 0.025182 -0.020118 0.042616
51.931499 0.004545 -0.011087 0.017874 -0.019043 0.025318 -0.020118 0.043051
52.655396 0.004546 -0.011080 0.017875 -0.019032 0.025458 -0.020117 0.043491
53.389384 0.004548 -0.010937 0.017890 -0.019020 0.025599 -0.020117 0.043938
54.133603 0.004549 -0.010922 0.017968 -0.019008 0.025743 -0.020117 0.044390
54.888196 0.004598 -0.010910 0.017970 -0.019002 0.025890 -0.020116 0.044848
55.653308 0.004674 -0.010898 0.018042 -0.018999 0.026066 -0.020116 0.045312
56.429085 0.004681 -0.010885 0.018087 -0.018997 0.026404 -0.020115 0.045782
57.215676 0.004688 -0.010868 0.018157 -0.018994 0.026747 -0.020114 0.046258
58.013231 0.004738 -0.010853 0.018161 -0.018991 0.027095 -0.020114 0.046741
58.821904 0.004820 -0.010827 0.018165 -0.018988 0.027448 -0.020113 0.047229
59.641849 0.004915 -0.010791 0.018226 -0.018985 0.027806 -0.020113 0.047724
60.473224 0.004918 -0.010754 0.018294 -0.018982 0.028052 -0.020112 0.048225
61.316188 0.004920 -0.010715 0.018324 -0.018978 0.028242 -0.020111 0.048733
62.170903 0.005009 -0.010676 0.018340 -0.018975 0.028434 -0.020111 0.049247
63.037532 0.005182 -0.010636 0.018347 -0.018972 0.028629 -0.020110 0.049768
63.916241 0.005223 -0.010594 0.018354 -0.018968 0.028827 -0.020109 0.050296
64.807198 0.005223 -0.010561 0.018374 -0.018964 0.029027 -0.020108 0.050830
65.710575 0.005287 -0.010555 0.018409 -0.018960 0.029230 -0.020107 0.051371
66.626545 0.005402 -0.010549 0.018509 -0.018956 0.029450 -0.020107 0.051919
67.555283 0.005510 -0.010503 0.018543 -0.018952 0.029822 -0.020106 0.052474
68.496967 0.005626 -0.010475 0.018646 -0.018948 0.030201 -0.020105 0.053036
69.451778 0.005688 -0.010406 0.018713 -0.018943 0.030538 -0.020104 0.053605
70.419898 0.005792 -0.010281 0.018753 -0.018939 0.030768 -0.020103 0.054181
71.401513 0.005936 -0.010265 0.018798 -0.018934 0.031002 -0.020102 0.054765
72.396811 0.005985 -0.010265 0.018874 -0.018919 0.031240 -0.020101 0.055356
73.405984 0.006110 -0.010264 0.018911 -0.018902 0.031483 -0.020100 0.055954
74.429223 0.006258 -0.010264 0.018919 -0.018885 0.031763 -0.020098 0.056560
75.466726 0.006368 -0.010202 0.018995 -0.018876 0.031980 -0.020097 0.057173
76.518692 0.006500 -0.010186 0.019134 -0.018871 0.032235 -0.020096 0.057794
77.585321 0.006512 -0.010183 0.019170 -0.018867 0.032495 -0.020095 0.058423
78.666818 0.006517 -0.010145 0.019211 -0.018852 0.032759 -0.020093 0.059060
79.763391 0.006540 -0.010133 0.019259 -0.018833 0.033028 -0.020092 0.059704
80.875249 0.006574 -0.010130 0.019345 -0.018813 0.033302 -0.020090 0.060357
82.002606 0.006640 -0.010071 0.019357 -0.018792 0.033580 -0.020089 0.061017
83.145678 0.006708 -0.010004 0.019397 -0.018771 0.033863 -0.020087 0.061686
84.304684 0.006739 -0.009997 0.019528 -0.018750 0.034246 -0.020086 0.062363
85.479845 0.006809 -0.009860 0.019537 -0.018727 0.034613 -0.020084 0.063048
86.671388 0.006929 -0.009773 0.019628 -0.018705 0.034911 -0.020082 0.063742
87.879540 0.007044 -0.009750 0.019644 -0.018681 0.035213 -0.020080 0.064444
89.104533 0.007120 -0.009726 0.019719 -0.018669 0.035752 -0.020079 0.065155
90.346602 0.007155 -0.009673 0.019766 -0.018664 0.036249 -0.020077 0.065874
91.605985 0.007194 -0.009665 0.019814 -0.018660 0.036559 -0.020074 0.066602
92.882923 0.007266 -0.009649 0.019860 -0.018655 0.036874 -0.020072 0.067339
94.177660 0.007367 -0.009602 0.019865 -0.018650 0.037195 -0.020070 0.068085
95.490446 0.007387 -0.009560 0.019913 -0.018645 0.037520 -0.020068 0.068839
96.821531 0.007433 -0.009495 0.019971 -0.018640 0.037852 -0.020065 0.069603
98.171170 0.007460 -0.009436 0.020013 -0.018624 0.038188 -0.020063 0.070376
99.539623 0.007461 -0.009376 0.020043 -0.018620 0.038530 -0.020060 0.071158
100.927151 0.007463 -0.009314 0.020182 -0.018619 0.038878 -0.020057 0.071950
102.334021 0.007591 -0.009288 0.020198 -0.018617 0.039232 -0.020055 0.072750
103.760502 0.007655 -0.009282 0.020297 -0.018612 0.039591 -0.020052 0.073561
105.206867 0.007906 -0.009276 0.020357 -0.018606 0.039956 -0.020049 0.074381
106.673394 0.008086 -0.009271 0.020425 -0.018599 0.040327 -0.020046 0.075210
108.160363 0.008138 -0.009264 0.020516 -0.018592 0.040704 -0.020042 0.076049
109.668060 0.008168 -0.009237 0.020554 -0.018585 0.041087 -0.020039 0.076899
111.196773 0.008200 -0.009226 0.020609 -0.018578 0.041476 -0.020035 0.077758
112.746796 0.008234 -0.009128 0.020676 -0.018571 0.041871 -0.020032 0.078627
114.318425 0.008401 -0.008995 0.020822 -0.018563 0.042273 -0.020028 0.079506
115.911962 0.008572 -0.008908 0.020966 -0.018555 0.042682 -0.020024 0.080395
117.527712 0.008726 -0.008844 0.021155 -0.018547 0.043096 -0.020020 0.081294
119.165984 0.008789 -0.008814 0.021260 -0.018539 0.043908 -0.020015 0.082204
120.827094 0.008871 -0.008785 0.021418 -0.018530 0.044762 -0.020011 0.083124
122.511358 0.008884 -0.008758 0.021454 -0.018521 0.045627 -0.020006 0.084055
124.219100 0.009017 -0.008743 0.021525 -0.018511 0.046466 -0.020001 0.084996
125.950646 0.009246 -0.008672 0.021641 -0.018502 0.046907 -0.019996 0.085948
127.706330 0.009299 -0.008650 0.021834 -0.018490 0.047354 -0.019991 0.086911
129.486487 0.009343 -0.008607 0.022057 -0.018470 0.047807 -0.019986 0.087884
131.291459 0.009418 -0.008560 0.022239 -0.018462 0.048266 -0.019980 0.088869
133.121590 0.009511 -0.008496 0.022345 -0.018442 0.048731 -0.019974 0.089864
134.977233 0.009537 -0.008407 0.022770 -0.018421 0.049203 -0.019968 0.090870
136.858742 0.009545 -0.008244 0.022973 -0.018399 0.049680 -0.019962 0.091888
138.766479 0.009695 -0.008078 0.023296 -0.018376 0.050164 -0.019955 0.092917
140.700809 0.009798 -0.008035 0.023553 -0.018355 0.050926 -0.019948 0.093957
142.662102 0.010025 -0.008002 0.023831 -0.018351 0.051691 -0.019941 0.095008
144.650734 0.010166 -0.007952 0.024117 -0.018347 0.052218 -0.019934 0.096071
146.667087 0.010257 -0.007899 0.024579 -0.018343 0.052753 -0.019926 0.097146
148.711546 0.010291 -0.007784 0.024899 -0.018338 0.053296 -0.019918 0.098232
150.784505 0.010466 -0.007768 0.025229 -0.018334 0.054278 -0.019910 0.099330
152.886359 0.010610 -0.007692 0.025456 -0.018325 0.055346 -0.019901 0.100440
155.017512 0.010615 -0.007663 0.026143 -0.018309 0.056430 -0.019892 0.101561
157.178372 0.010755 -0.007633 0.026286 -0.018293 0.057434 -0.019883 0.102694
159.369353 0.010781 -0.007602 0.026416 -0.018276 0.058096 -0.019873 0.103840
161.590875 0.010856 -0.007565 0.026762 -0.018258 0.058769 -0.019863 0.104997
163.843365 0.011075 -0.007488 0.027055 -0.018240 0.059451 -0.019853 0.106167
166.127252 0.011269 -0.007462 0.027533 -0.018221 0.060143 -0.019842 0.107349
168.442976 0.011516 -0.007361 0.027798 -0.018201 0.061134 -0.019831 0.108543
170.790980 0.011557 -0.007181 0.028145 -0.018176 0.062259 -0.019819 0.109749
173.171713 0.011635 -0.007145 0.028529 -0.018151 0.063397 -0.019807 0.110968
175.585633 0.011816 -0.007074 0.028973 -0.018131 0.064550 -0.019794 0.112199
178.033202 0.011874 -0.006959 0.029266 -0.018098 0.065540 -0.019781 0.113443
180.514888 0.011934 -0.006915 0.029674 -0.018070 0.066272 -0.019767 0.114699
183.031168 0.012005 -0.006767 0.030132 -0.018063 0.067015 -0.019753 0.115968
185.582523 0.012072 -0.006670 0.030362 -0.018044 0.067821 -0.019738 0.117250
188.169442 0.012210 -0.006633 0.030570 -0.018019 0.068863 -0.019730 0.118545
190.792422 0.012431 -0.006596 0.031065 -0.017993 0.069917 -0.019721 0.119852
193.451965 0.012556 -0.006556 0.031490 -0.017960 0.070983 -0.019713 0.121172
196.148581 0.012638 -0.006515 0.031773 -0.017933 0.072062 -0.019703 0.122506
198.882786 0.012757 -0.006447 0.032370 -0.017908 0.073152 -0.019694 0.123852
201.655104 0.013043 -0.006407 0.032744 -0.017878 0.074232 -0.019684 0.125211
204.466067 0.013309 -0.006365 0.033280 -0.017847 0.075178 -0.019674 0.126584
207.316213 0.013463 -0.006205 0.033668 -0.017815 0.076138 -0.019663 0.127969
210.206088 0.013907 -0.005968 0.034007 -0.017782 0.076975 -0.019652 0.129368
213.136247 0.014059 -0.005841 0.034350 -0.017748 0.077736 -0.019641 0.130780
216.107251 0.014216 -0.005794 0.034698 -0.017712 0.078505 -0.019629 0.132205
219.119669 0.014378 -0.005711 0.035343 -0.017676 0.079282 -0.019617 0.133644
222.174078 0.014639 -0.005684 0.036046 -0.017637 0.080067 -0.019604 0.135096
225.271064 0.014719 -0.005588 0.036493 -0.017594 0.080859 -0.019591 0.136561
228.411221 0.014898 -0.005482 0.037234 -0.017559 0.081660 -0.019578 0.138040
231.595149 0.014993 -0.005433 0.037781 -0.017517 0.082540 -0.019564 0.139532
234.823460 0.015079 -0.005426 0.038196 -0.017474 0.083808 -0.019549 0.141038
238.096772 0.015372 -0.005383 0.038881 -0.017430 0.085094 -0.019534 0.142557
241.415712 0.015497 -0.005268 0.039625 -0.017391 0.086502 -0.019519 0.144090
244.780916 0.015575 -0.005230 0.040034 -0.017368 0.087927 -0.019503 0.145636
248.193029 0.015750 -0.005111 0.040427 -0.017346 0.089369 -0.019486 0.147196
251.652705 0.015783 -0.004903 0.040823 -0.017322 0.090829 -0.019469 0.148770
255.160607 0.015916 -0.004775 0.041224 -0.017298 0.092305 -0.019451 0.150357
258.717408 0.016249 -0.004643 0.041724 -0.017272 0.093800 -0.019433 0.151958
262.323788 0.016422 -0.004534 0.042381 -0.017246 0.095311 -0.019414 0.153572
265.980440 0.016625 -0.004446 0.043033 -0.017219 0.096840 -0.019394 0.155200
269.688063 0.016675 -0.004259 0.043675 -0.017128 0.098387 -0.019374 0.156842
273.447368 0.016934 -0.004099 0.044226 -0.017028 0.099609 -0.019352 0.158497
277.259076 0.017131 -0.004017 0.044779 -0.016970 0.100679 -0.019331 0.160166
281.123917 0.017277 -0.003932 0.045312 -0.016952 0.101760 -0.019308 0.161849
285.042632 0.017515 -0.003843 0.045925 -0.016934 0.103139 -0.019284 0.163545
289.015972 0.017665 -0.003751 0.047067 -0.016915 0.104772 -0.019260 0.165255
293.044698 0.017943 -0.003656 0.047930 -0.016869 0.106423 -0.019235 0.166979
297.129582 0.018053 -0.003557 0.048933 -0.016807 0.107828 -0.019209 0.168716
301.271407 0.018248 -0.003342 0.050009 -0.016742 0.109134 -0.019182 0.170466
305.470967 0.018460 -0.003241 0.051070 -0.016676 0.110684 -0.019155 0.172479
309.729067 0.018720 -0.003195 0.051605 -0.016606 0.112250 -0.019130 0.174679
314.046522 0.019031 -0.002938 0.052519 -0.016535 0.113830 -0.019104 0.176897
318.424160 0.019515 -0.002771 0.053238 -0.016451 0.115168 -0.019071 0.179131
322.862820 0.019650 -0.002634 0.053980 -0.016384 0.116383 -0.019033 0.181349
327.363353 0.019699 -0.002507 0.054904 -0.016305 0.117609 -0.019000 0.183176
331.926620 0.019937 -0.002365 0.055684 -0.016222 0.118847 -0.018966 0.185016
336.553498 0.020085 -0.002024 0.056434 -0.016137 0.120096 -0.018930 0.186869
341.244871 0.020525 -0.001878 0.057250 -0.016049 0.121357 -0.018904 0.188735
346.001639 0.020761 -0.001694 0.058061 -0.015957 0.122630 -0.018882 0.190613
350.824714 0.021167 -0.001638 0.058888 -0.015863 0.124110 -0.018857 0.192505
355.715021 0.021516 -0.001482 0.059729 -0.015765 0.125706 -0.018820 0.194409
360.673495 0.021756 -0.001410 0.060585 -0.015663 0.127319 -0.018783 0.196326
365.701088 0.022017 -0.001357 0.061457 -0.015558 0.128951 -0.018743 0.198255
370.798763 0.022246 -0.001125 0.062544 -0.015449 0.130602 -0.018702 0.200197
375.967497 0.022488 -0.000775 0.063429 -0.015336 0.132877 -0.018660 0.202152
381.208280 0.022967 -0.000740 0.064169 -0.015220 0.134927 -0.018616 0.204118
386.522116 0.023209 -0.000661 0.065105 -0.015099 0.136371 -0.018570 0.206098
391.910025 0.023447 -0.000467 0.066472 -0.014974 0.137827 -0.018523 0.208089
397.373038 0.023803 -0.000381 0.067922 -0.014844 0.139295 -0.018473 0.210093
402.912203 0.024154 -0.000020 0.068979 -0.014710 0.140893 -0.018422 0.212108
408.528580 0.024773 0.000076 0.070129 -0.014596 0.142673 -0.018369 0.214136
414.223247 0.025219 0.000242 0.071410 -0.014452 0.144471 -0.018314 0.216175
419.997295 0.025523 0.000549 0.072048 -0.014304 0.146289 -0.018257 0.218226
425.851829 0.025975 0.000889 0.072944 -0.014192 0.148125 -0.018198 0.220289
431.787973 0.026470 0.001082 0.073947 -0.014105 0.149979 -0.018136 0.222363
437.806863 0.027077 0.001340 0.075078 -0.014014 0.151852 -0.018072 0.224449
443.909653 0.027564 0.001579 0.076301 -0.013919 0.153744 -0.018006 0.226546
450.097513 0.028084 0.001834 0.077568 -0.013821 0.155654 -0.017937 0.228654
456.371628 0.028629 0.002080 0.079311 -0.013719 0.157583 -0.017865 0.230773
462.733201 0.029095 0.002334 0.080736 -0.013613 0.159530 -0.017791 0.232903
469.183451 0.029787 0.002610 0.082520 -0.013503 0.161496 -0.017714 0.235044
475.723614 0.030272 0.002955 0.084422 -0.013389 0.163480 -0.017634 0.237195
482.354943 0.031014 0.003195 0.086222 -0.013264 0.165482 -0.017551 0.239357
489.078709 0.031758 0.003688 0.087556 -0.013065 0.167503 -0.017466 0.241530
495.896201 0.032232 0.003981 0.088905 -0.012859 0.169933 -0.017376 0.243713
502.808725 0.032729 0.004032 0.090268 -0.012645 0.172758 -0.017284 0.245905
509.817606 0.033585 0.004284 0.092122 -0.012424 0.175610 -0.017188 0.248108
516.924187 0.034524 0.004724 0.093424 -0.012194 0.178491 -0.017089 0.250320
524.129830 0.034996 0.005009 0.094744 -0.011956 0.181400 -0.016986 0.252542
531.435916 0.035391 0.005352 0.096703 -0.011710 0.184315 -0.016879 0.254774
538.843844 0.035826 0.005644 0.098326 -0.011455 0.186353 -0.016778 0.257015
546.355035 0.036601 0.005824 0.100074 -0.011190 0.188401 -0.016678 0.259264
553.970928 0.037233 0.006265 0.101518 -0.010916 0.190461 -0.016575 0.261523
561.692982 0.038082 0.006835 0.103051 -0.010631 0.192532 -0.016467 0.263791
569.522678 0.038961 0.007173 0.105697 -0.010565 0.194614 -0.016355 0.266067
577.461515 0.039602 0.007588 0.107897 -0.010307 0.196707 -0.016239 0.268351
585.511016 0.040248 0.007814 0.109461 -0.009941 0.198811 -0.016117 0.270644
593.672722 0.041191 0.008069 0.111141 -0.009563 0.200925 -0.015990 0.272945
601.948197 0.042251 0.008684 0.113901 -0.009170 0.203050 -0.015858 0.275254
610.339029 0.043150 0.009315 0.115461 -0.008963 0.205184 -0.015721 0.277570
618.846824 0.044174 0.009756 0.117166 -0.008576 0.207329 -0.015578 0.279894
627.473213 0.045645 0.010086 0.118672 -0.008461 0.211253 -0.015429 0.282225
636.219849 0.046763 0.010348 0.120621 -0.008373 0.214153 -0.015274 0.284563
645.088409 0.047881 0.010824 0.122537 -0.007925 0.216465 -0.015113 0.286907
654.080591 0.048694 0.011044 0.125400 -0.007592 0.218787 -0.014945 0.289259
663.198120 0.049595 0.011487 0.127045 -0.007409 0.222244 -0.014770 0.291617
672.442742 0.051130 0.011812 0.128763 -0.007220 0.226655 -0.014588 0.293981
681.816229 0.052526 0.012560 0.130599 -0.007023 0.231117 -0.014407 0.296351
691.320378 0.053709 0.013523 0.132320 -0.006818 0.233967 -0.014253 0.298727
700.957009 0.054981 0.013872 0.134315 -0.006606 0.236827 -0.014092 0.301109
710.727970 0.056242 0.014411 0.136553 -0.006386 0.241786 -0.013925 0.304037
720.635132 0.057231 0.014771 0.139095 -0.006157 0.246673 -0.013751 0.310200
730.680395 0.058136 0.015218 0.141122 -0.006072 0.249214 -0.013570 0.316406
740.865683 0.059403 0.015727 0.143497 -0.005995 0.253404 -0.013381 0.322653
751.192949 0.060016 0.016057 0.145939 -0.005640 0.256376 -0.013185 0.328937
761.664172 0.061161 0.016094 0.148525 -0.005249 0.258922 -0.012981 0.335255
772.281357 0.062588 0.016560 0.150764 -0.004970 0.261478 -0.012769 0.341606
783.046540 0.063859 0.017393 0.153335 -0.004908 0.264044 -0.012549 0.347985
793.961785 0.064966 0.017417 0.155771 -0.004845 0.267357 -0.012319 0.354389
805.029181 0.066592 0.017834 0.159476 -0.004725 0.269838 -0.012080 0.360815
816.250851 0.067637 0.018466 0.162305 -0.004367 0.272510 -0.011832 0.364425
827.628946 0.069356 0.019281 0.165038 -0.003861 0.275998 -0.011574 0.367464
839.165644 0.071013 0.019767 0.167510 -0.003353 0.278322 -0.011305 0.370505
850.863158 0.072440 0.020264 0.170571 -0.002842 0.281586 -0.011026 0.373548
862.723729 0.073610 0.020987 0.172402 -0.002795 0.283895 -0.010736 0.376592
874.749630 0.075456 0.021396 0.176181 -0.002472 0.286729 -0.010434 0.379638
886.943166 0.076850 0.021820 0.179301 -0.001809 0.290310 -0.010121 0.382685
899.306672 0.078059 0.022362 0.182826 -0.001139 0.293905 -0.009795 0.385732
911.842520 0.079415 0.023044 0.185250 -0.000649 0.298384 -0.009504 0.388780
924.553110 0.080796 0.023480 0.187732 -0.000458 0.301180 -0.009258 0.391827
937.440879 0.082363 0.023827 0.192105 0.000024 0.304411 -0.008843 0.394874
950.508296 0.083602 0.024556 0.196822 0.000721 0.307007 -0.008632 0.397920
963.757866 0.085081 0.024911 0.199172 0.001181 0.309575 -0.008487 0.400966
977.192128 0.087194 0.025860 0.202394 0.001361 0.312721 -0.008290 0.404009
990.813657 0.089799 0.026486 0.205009 0.001544 0.315492 -0.008036 0.407051
1004.625062 0.091580 0.027338 0.207073 0.001727 0.320332 -0.007778 0.410091
1018.628990 0.092976 0.028003 0.209139 0.001913 0.324833 -0.007516 0.413128
1032.828126 0.094703 0.028617 0.212259 0.002100 0.328363 -0.007251 0.416162
1047.225190 0.096318 0.029690 0.215206 0.002342 0.332679 -0.007035 0.419194
1061.822941 0.098873 0.030007 0.217725 0.002821 0.337029 -0.006981 0.422222
1076.624177 0.101115 0.030699 0.220611 0.003411 0.341247 -0.006926 0.425245
1091.631734 0.102943 0.031212 0.223852 0.003675 0.345212 -0.006870 0.428265
1106.848489 0.105327 0.032254 0.226322 0.004038 0.348784 -0.006813 0.431281
1122.277356 0.106577 0.032866 0.229448 0.004588 0.352243 -0.006756 0.434291
1137.921294 0.108453 0.034093 0.232108 0.004894 0.357548 -0.006697 0.437296
1153.783300 0.110819 0.034772 0.236695 0.005128 0.361673 -0.006635 0.440296
1169.866413 0.112782 0.036213 0.239771 0.005363 0.365802 -0.006497 0.443290
1186.173716 0.115648 0.037295 0.243445 0.006040 0.369936 -0.006360 0.446278
1202.708335 0.117593 0.037682 0.246606 0.006443 0.373528 -0.006224 0.449260
1219.473437 0.120274 0.038168 0.250524 0.006548 0.376574 -0.006089 0.452235
1236.472235 0.122639 0.039511 0.253098 0.007207 0.379620 -0.005956 0.455203
1253.707987 0.124204 0.041028 0.256258 0.008102 0.382667 -0.005823 0.458163
1271.183997 0.126650 0.042661 0.260143 0.008143 0.385713 -0.005692 0.462008
1288.903612 0.127848 0.043663 0.264342 0.008184 0.391343 -0.005561 0.466395
1306.870230 0.130437 0.044810 0.267571 0.008301 0.397517 -0.005432 0.470761
1325.087292 0.132750 0.045800 0.271048 0.008871 0.403043 -0.005305 0.475148
1343.558290 0.134691 0.046702 0.275218 0.009454 0.407173 -0.005178 0.479468
1362.286764 0.137212 0.048603 0.278887 0.010049 0.411298 -0.005054 0.483718
1381.276303 0.139747 0.049579 0.282552 0.010657 0.415417 -0.004930 0.487899
1400.530545 0.141978 0.050871 0.284791 0.011277 0.419529 -0.004808 0.492009
1420.053182 0.144936 0.051919 0.287390 0.011910 0.423634 -0.004687 0.496049
1439.847953 0.147384 0.052846 0.290738 0.012677 0.426644 -0.004568 0.500016
1459.918652 0.150113 0.053630 0.294122 0.013216 0.429046 -0.004450 0.503912
1480.269127 0.153024 0.054754 0.297518 0.013622 0.431436 -0.004334 0.507735
1500.903276 0.155639 0.055782 0.301271 0.013833 0.433815 -0.004220 0.511486
1521.825053 0.157445 0.056409 0.305972 0.013964 0.436183 -0.004107 0.515165
1543.038469 0.159946 0.057576 0.310000 0.014098 0.438951 -0.003995 0.518770
1564.547589 0.162663 0.057903 0.312437 0.014356 0.441281 -0.003886 0.522304
1586.356534 0.165816 0.058591 0.316678 0.014502 0.443602 -0.003778 0.526149
1608.469483 0.169606 0.059490 0.320649 0.014747 0.445916 -0.003671 0.530056
1630.890676 0.172905 0.060548 0.324950 0.014994 0.449956 -0.003566 0.533903
1653.624407 0.175512 0.061300 0.328452 0.015244 0.456840 -0.003463 0.537690
1676.675035 0.178714 0.062437 0.331507 0.015495 0.461072 -0.003361 0.541417
1700.046975 0.180666 0.063546 0.335125 0.015726 0.463908 -0.003261 0.545083
1723.744708 0.182873 0.064484 0.339024 0.015928 0.466706 -0.003163 0.548688
1747.772774 0.185243 0.065791 0.342754 0.016132 0.471664 -0.003067 0.552232
1772.135779 0.187466 0.067813 0.345722 0.016337 0.474519 -0.002972 0.555715
1796.838391 0.189741 0.069060 0.349020 0.016544 0.479142 -0.002879 0.559137
1821.885343 0.193263 0.069825 0.352765 0.016753 0.484934 -0.002787 0.562498
1847.281437 0.196197 0.070758 0.356511 0.016963 0.490679 -0.002697 0.565798
1873.031539 0.199179 0.071684 0.360256 0.017175 0.493536 -0.002609 0.569037
1899.140582 0.202114 0.072500 0.364219 0.017388 0.496534 -0.002522 0.572215
1925.613572 0.204796 0.074185 0.368135 0.017603 0.501495 -0.002437 0.575334
1952.455581 0.207448 0.075481 0.372104 0.017819 0.506392 -0.002354 0.578769
1979.671753 0.209111 0.076010 0.375487 0.018036 0.511221 -0.002272 0.582753
2007.267304 0.212172 0.077493 0.378938 0.018238 0.515981 -0.002192 0.586644
2035.247521 0.215391 0.077919 0.382655 0.018435 0.521808 -0.002114 0.590441
2063.617768 0.219324 0.079091 0.386375 0.018602 0.528693 -0.002037 0.594147
2092.383480 0.223351 0.081290 0.390563 0.018744 0.532276 -0.001961 0.597762
2121.550171 0.226621 0.082521 0.393964 0.018988 0.535681 -0.001887 0.601286
2151.123430 0.229694 0.082950 0.397847 0.019302 0.538722 -0.001815 0.604721
2181.108924 0.233685 0.083863 0.404500 0.019361 0.541735 -0.001744 0.608068
2211.512400 0.234940 0.084775 0.407198 0.019388 0.546214 -0.001675 0.611327
2242.339683 0.238410 0.085505 0.411241 0.019467 0.549475 -0.001607 0.614501
2273.596682 0.241824 0.086411 0.415804 0.019771 0.554276 -0.001541 0.617591
2305.289387 0.244850 0.087499 0.418910 0.020074 0.557243 -0.001476 0.620597
2337.423871 0.246857 0.088475 0.422498 0.020317 0.560151 -0.001413 0.623522
2370.006292 0.248899 0.089305 0.426266 0.020408 0.563000 -0.001351 0.626366
2403.042894 0.252049 0.090204 0.429192 0.020499 0.565791 -0.001290 0.629194
2436.540009 0.254511 0.091492 0.432741 0.020590 0.568525 -0.001231 0.633000
2470.504055 0.257747 0.092939 0.436886 0.020734 0.571202 -0.001173 0.636733
2504.941542 0.260724 0.093951 0.441072 0.020985 0.573822 -0.001116 0.640393
2539.859069 0.264179 0.095212 0.446056 0.021239 0.576386 -0.001061 0.643979
2575.263327 0.267960 0.096703 0.449539 0.021495 0.578894 -0.001007 0.647493
2611.161101 0.270829 0.098139 0.452995 0.021753 0.582097 -0.000955 0.650935
2647.559271 0.273077 0.099608 0.457461 0.022013 0.585726 -0.000903 0.654306
2684.464811 0.276397 0.100841 0.459957 0.022274 0.589302 -0.000853 0.657605
2721.884795 0.280966 0.101858 0.462446 0.022538 0.592826 -0.000804 0.660835
2759.826392 0.283263 0.102563 0.464614 0.022803 0.595151 -0.000756 0.663995
2798.296876 0.287416 0.103265 0.467741 0.023069 0.597640 -0.000709 0.667845
2837.303617 0.290871 0.103964 0.471504 0.023337 0.601189 -0.000664 0.671686
2876.854090 0.293994 0.104872 0.475237 0.023606 0.603490 -0.000619 0.675436
2916.955876 0.295324 0.106255 0.476752 0.023876 0.605768 -0.000546 0.679098
2957.616659 0.297319 0.106901 0.477899 0.024146 0.608768 -0.000435 0.682672
2998.844231 0.300747 0.107917 0.481369 0.024418 0.612268 -0.000325 0.686158
3040.646493 0.303401 0.108935 0.485149 0.024689 0.615725 -0.000214 0.689560
3083.031457 0.306729 0.109955 0.487534 0.024961 0.619139 -0.000103 0.692876
3126.007243 0.309093 0.110616 0.490692 0.025234 0.622120 0.000007 0.696109
3169.582089 0.311207 0.111698 0.496470 0.025506 0.624492 0.000118 0.699260
3213.764344 0.313306 0.112133 0.501857 0.025778 0.627717 0.000228 0.702330
3258.562476 0.316365 0.112565 0.503484 0.026049 0.629536 0.000338 0.705320
3303.985070 0.318925 0.113411 0.505065 0.026321 0.633224 0.000448 0.708283
3350.040830 0.322160 0.114222 0.506618 0.026591 0.635503 0.000558 0.711544
3396.738582 0.323205 0.114470 0.509915 0.026861 0.638156 0.000667 0.714705
3444.087276 0.326349 0.114809 0.513192 0.027130 0.640640 0.000776 0.717768
3492.095985 0.328842 0.115092 0.516449 0.027397 0.643047 0.000885 0.720735
3540.773909 0.331646 0.115391 0.519685 0.027655 0.644654 0.000954 0.723609
3590.130377 0.335017 0.116395 0.521189 0.027828 0.646160 0.000980 0.726392
3640.174847 0.339095 0.117398 0.523277 0.027963 0.647623 0.001005 0.729086
3690.916911 0.341880 0.118400 0.525635 0.028097 0.651770 0.001030 0.731692
3742.366291 0.343472 0.119400 0.529124 0.028231 0.655754 0.001054 0.734214
3794.532847 0.346946 0.120398 0.531870 0.028365 0.657854 0.001078 0.736653
3847.426577 0.349506 0.121394 0.533998 0.028499 0.659483 0.001101 0.739012
3901.057617 0.352948 0.122106 0.535744 0.028632 0.661150 0.001124 0.741292
3955.436245 0.354476 0.123093 0.537930 0.028766 0.663848 0.001146 0.743495
4010.572881 0.356375 0.124062 0.540509 0.028899 0.666361 0.001168 0.745625
4066.478092 0.359055 0.125014 0.542329 0.029031 0.668303 0.001189 0.747682
4123.162591 0.361720 0.125949 0.544955 0.029164 0.670189 0.001210 0.749669
4180.637241 0.364370 0.126867 0.546688 0.029296 0.672237 0.001231 0.751588
4238.913057 0.366031 0.127767 0.549421 0.029428 0.673796 0.001251 0.753441
4298.001206 0.366651 0.128082 0.552956 0.029559 0.675520 0.001271 0.755229
4357.913012 0.367021 0.128245 0.556467 0.029690 0.677275 0.001290 0.756955
4418.659956 0.367380 0.128401 0.558963 0.029772 0.679157 0.001309 0.758621
4480.253680 0.368251 0.128552 0.561282 0.029818 0.681011 0.001328 0.760228
4542.705986 0.370365 0.128697 0.564713 0.029865 0.683165 0.001346 0.761778
4606.028844 0.372644 0.128837 0.567574 0.029911 0.685882 0.001363 0.763274
4670.234388 0.373577 0.128971 0.569404 0.029957 0.688862 0.001381 0.764716
4735.334923 0.375855 0.129337 0.571540 0.030003 0.690458 0.001398 0.766106
4801.342924 0.378530 0.130423 0.573754 0.030048 0.691374 0.001415 0.767447
4868.271040 0.380119 0.130796 0.576991 0.030093 0.694000 0.001431 0.768739
4936.132098 0.380754 0.131127 0.578632 0.030138 0.696038 0.001447 0.769984
5004.939103 0.382006 0.131838 0.581315 0.030206 0.698036 0.001462 0.771185
5074.705239 0.383876 0.132540 0.583323 0.030359 0.699894 0.001478 0.772341
5145.443878 0.385190 0.132725 0.585194 0.030509 0.700342 0.001492 0.773456
5217.168576 0.386481 0.132852 0.586833 0.030657 0.702016 0.001507 0.774530
5289.893076 0.388707 0.132974 0.588392 0.030803 0.704193 0.001521 0.775564
5363.631317 0.390750 0.133094 0.589903 0.030946 0.706329 0.001535 0.776560
5438.397428 0.392508 0.133210 0.591437 0.031088 0.708000 0.001549 0.777519
5514.205739 0.394554 0.133873 0.594217 0.031227 0.710906 0.001562 0.778443
5591.070777 0.395595 0.134659 0.596100 0.031364 0.712593 0.001575 0.779333
5669.007271 0.396404 0.135439 0.596894 0.031499 0.714480 0.001588 0.780189
5748.030158 0.397883 0.136213 0.599623 0.031632 0.716025 0.001601 0.781014
5828.154581 0.399099 0.136979 0.601652 0.031763 0.717428 0.001613 0.781808
5909.395895 0.399781 0.137739 0.603876 0.031892 0.718753 0.001625 0.782572
5991.769669 0.400952 0.138492 0.605336 0.032018 0.720056 0.001636 0.783307
6075.291689 0.402473 0.139239 0.606800 0.032143 0.721336 0.001648 0.784015
6159.977960 0.404059 0.139978 0.608888 0.032265 0.722594 0.001659 0.784696
6245.844712 0.405377 0.140710 0.611959 0.032386 0.723831 0.001670 0.785351
6332.908400 0.406141 0.141435 0.613986 0.032505 0.725046 0.001681 0.785982
6421.185709 0.406654 0.142009 0.616765 0.032621 0.726239 0.001691 0.786589
6510.693555 0.407147 0.142295 0.619004 0.032736 0.727412 0.001701 0.787173
6601.449093 0.407623 0.142975 0.620716 0.032849 0.728859 0.001711 0.787735
6693.469713 0.408081 0.143399 0.623296 0.032960 0.730656 0.001721 0.788275
6786.773051 0.408624 0.143828 0.625234 0.033026 0.732389 0.001730 0.788795
6881.376986 0.410432 0.144504 0.625916 0.033064 0.733890 0.001740 0.789295
6977.299650 0.411812 0.145164 0.626582 0.033101 0.735069 0.001749 0.789776
7074.559423 0.412022 0.145810 0.628742 0.033137 0.736220 0.001757 0.790366
7173.174944 0.413191 0.146107 0.631278 0.033172 0.737837 0.001766 0.791320
7273.165113 0.414389 0.146361 0.633918 0.033207 0.739959 0.001775 0.792238
7374.549090 0.414781 0.146610 0.634778 0.033241 0.742021 0.001783 0.793121
7477.346305 0.415159 0.146855 0.636825 0.033274 0.744022 0.001791 0.793971
7581.576458 0.415524 0.147095 0.639597 0.033306 0.745965 0.001799 0.794789
7687.259522 0.416553 0.147331 0.642065 0.033337 0.747851 0.001806 0.795576
7794.415750 0.416764 0.147563 0.643280 0.033368 0.749681 0.001814 0.796333
7903.065679 0.416968 0.147790 0.645635 0.033398 0.750308 0.001821 0.796874
8013.230128 0.417165 0.148013 0.646651 0.033427 0.750733 0.001829 0.797654
8124.930211 0.417769 0.148232 0.647532 0.033456 0.751144 0.001836 0.798407
8238.187331 0.419014 0.148447 0.648759 0.033484 0.751543 0.001842 0.799083
8353.023195 0.419808 0.148658 0.649989 0.033511 0.752017 0.001849 0.799705
8469.459808 0.420125 0.148865 0.650991 0.033537 0.752975 0.001856 0.800304
8587.519485 0.420516 0.149068 0.652849 0.033563 0.753896 0.001862 0.800880
8707.224849 0.420735 0.149268 0.654787 0.033589 0.754783 0.001868 0.801434
8828.598841 0.421027 0.149463 0.656676 0.033614 0.755637 0.001874 0.801966
8951.664721 0.421311 0.149655 0.656829 0.033638 0.756327 0.001880 0.802478
9076.446073 0.421568 0.149843 0.656925 0.033662 0.756656 0.001886 0.802970
9202.966809 0.421703 0.150027 0.657799 0.033685 0.756975 0.001892 0.803443
9331.251175 0.421934 0.150208 0.658914 0.033707 0.757284 0.001897 0.803898
9461.323756 0.422370 0.150386 0.660584 0.033729 0.757583 0.001903 0.804334
9593.209478 0.422617 0.150560 0.661580 0.033751 0.759007 0.001908 0.804754
9726.933615 0.422956 0.150730 0.661878 0.033772 0.760409 0.001913 0.805158
9862.521795 0.423675 0.150898 0.662994 0.033792 0.761399 0.001918 0.805546
10000.000000 0.423992 0.151062 0.664306 0.033812 0.762002 0.001923 0.805919
