10.000000 226420933432.703735 11617093397.130394 1975448790871.586914 719575108.903004 6313851759086.030273 67165642.195378 16851167546780.470703
10.139395 235504551643.112915 12119394136.694883 2045409220950.722900 757930104.278336 6437291327696.567383 70862583.436470 17106096956421.880859
10.280732 245156442709.060272 12642652826.760357 2093279627081.802979 798302170.396596 6562684835863.574219 74761923.232254 17363638541806.765625
10.424040 254681536374.469818 13187705472.293266 2142269515834.425537 840795622.413866 6690051216637.341797 78874667.919004 17623791603300.171875
10.569346 264796048324.717377 13755419575.991734 2192405035670.891357 885520058.753915 6819409306186.005859 83212417.289985 17886554837277.546875
10.716676 275275717964.514587 14346695241.372469 2260670829437.317871 932590621.781290 6950777837105.898438 87787396.253038 18151926331502.269531
10.866061 284823775124.349121 14962466311.013464 2316359572037.378418 982128270.918847 7084175431727.176758 92612488.154085 18419903560818.457031
11.017528 295587843755.211548 15603701540.943810 2370339242926.347656 1034260068.779093 7219620595419.475586 97701269.852739 18690483383164.230469
11.171107 306523914695.904602 16271405812.199242 2436412906631.733887 1089119480.904088 7357131709902.984375 103068048.640557 18963662035911.601562
11.326826 319083620704.220276 17026716599.903667 2505105345928.260254 1146846689.733685 7496727026569.829102 108727901.096957 19239435132537.375000
11.484715 330645224105.141846 17899443621.065815 2568016753475.501465 1207588923.449142 7638424659821.071289 114696713.982720 19517797659630.324219
11.644806 343222165863.428711 18816752696.332771 2639586100932.426270 1271500800.366774 7782242580424.391602 120991227.276046 19798743974238.886719
11.807128 356665160416.364319 19613146254.409370 2725148382822.353516 1338744689.585126 7928198608897.850586 127629079.461292 20082267801563.511719
11.971713 369813521320.829407 20373531046.790920 2800116728469.616699 1409491088.619425 8076310408924.594727 134628855.186056 20368362232997.656250
12.138593 382672462294.864868 21163068582.694744 2862706442600.083984 1483919018.788266 8226595480804.145508 142010135.408331 20657019724520.128906
12.307798 398441721930.666504 22068768232.121410 2944380175174.662109 1562216439.149916 8379071154945.108398 149793550.161121 20948232095442.890625
12.479362 413567196029.379700 23067114733.469997 3014241861950.083984 1644580679.819663 8533754585404.766602 158000834.068680 21241990527516.203125
12.653318 429114578719.760681 24109757154.767719 3096100640010.096680 1731218895.534308 8673516139540.232422 166654884.754896 21538285564393.726562
12.829698 444539605765.910645 25198611751.578876 3179951330502.486328 1822348540.367136 8771473555586.772461 175779824.291718 21837107111459.429688
13.008537 458715664590.653992 26335674949.397137 3265834217280.006836 1918197864.533695 8869897801694.949219 185401063.842472 22138444436018.089844
13.189869 475528977085.597046 27523026549.646690 3373526405774.803711 2019006434.268889 9034573601781.318359 195545371.662862 22442286167850.417969
13.373729 495650503741.705933 28797220301.092754 3443860399606.769043 2125025675.796447 9252575090051.820312 206240944.630644 22748620300133.566406
13.560151 509019382478.904846 30057351125.609928 3536086939849.279297 2236519444.454381 9474338185078.171875 217517483.482951 23057434190727.613281
13.749172 528016998466.541382 31408931148.027721 3630512159737.524414 2353764620.084328 9679756749903.460938 229406271.949647 23290531957018.644531
13.940828 547936392365.532104 32820020958.625404 3713260937281.852539 2477051729.837974 9852696528735.910156 241940259.980106 23497334075526.121094
14.135156 569518871573.769287 34293169688.550220 3820700646919.649414 2606685599.602417 10027989478376.148438 255154151.270413 23704297072718.406250
14.332192 591898691401.269409 35831031757.301117 3918515910678.550293 2742986035.294364 10205650647989.955078 269084495.308599 23911397370551.839844
14.531975 614297802157.532471 37436371012.185997 4031066478815.248535 2886288535.325356 10420340801668.869141 283769784.165670 24118611367855.304688
14.734543 639156160281.019653 39112065019.606522 4139777115695.595703 3036945035.593025 10687413694819.181641 299250554.271862 24325915448682.464844
14.939935 664088416080.746948 40612724578.525612 4245676748258.375977 3195324688.408399 10959438779376.804688 315569493.428846 24533285990616.660156
15.148189 689927238358.309692 41943665628.395645 4356723950346.615723 3361814676.826911 11171311097287.292969 332771553.321135 24740699373022.195312
15.359347 716578613270.374146 43318086555.753197 4464457059190.217773 3527565583.554255 11276420629483.181641 350904067.802784 24948131985237.246094
15.573448 744441415304.847778 44737401340.836029 4569690061551.804688 3696311185.991749 11382707415616.132812 370016877.248662 25155560234702.132812
15.790533 771081584885.482300 46331477124.402176 4677032765724.612305 3872879123.234524 11516800756276.076172 390162459.273818 25362960555018.621094
16.010645 797901304420.858032 48184637499.297417 4794268970134.246094 4057618501.135483 11713919182593.210938 411396066.139333 25570309413934.406250
16.233824 831269472884.489258 50273431412.791794 4898174013224.261719 4250893310.015511 11913529705236.480469 433775869.178021 25777583321248.386719
16.460115 859444229396.911621 52673057373.603806 5001140299097.667969 4453083025.505173 12104686966839.042969 457363110.590027 25984758836631.531250
16.689560 886633191114.906006 55240637279.268570 5161631651794.318359 4664583232.124821 12244948085359.404297 482222262.974522 26191812577358.734375
16.922204 918623634072.507568 58073098370.391884 5249695213995.279297 4885806270.402435 12458841186939.888672 508421196.982234 26398721225947.500000
17.158090 949688789231.721558 60659713368.019859 5347455877256.608398 5117181908.354698 12697768098318.947266 536031357.491157 26605461537698.515625
17.397264 987057144517.820312 63456273611.012634 5467170799198.543945 5359158038.183362 12949386970803.169922 565127948.727532 26821631331568.453125
17.639773 1016959285891.935547 66476290986.963745 5587751872748.001953 5612201399.067032 13164199808613.062500 595790128.774427 27120953564906.089844
17.885662 1049168382863.087158 69638105418.441360 5683699509578.261719 5876798326.956350 13381940395092.378906 628101213.931218 27421605391559.976562
18.134978 1084651537376.474121 72927291952.850906 5812896404678.485352 6153455532.310544 13678378362187.761719 662148893.409003 27723555899756.769531
18.387770 1125325080858.143799 75864587077.638367 5934133791697.749023 6442700906.742939 14017778954644.470703 698025454.871241 28026773679363.792969
18.644085 1169302825725.183105 78915117738.454605 6076946879489.177734 6745084359.574547 14281821730635.156250 735828021.351052 28331226833141.269531
18.903974 1204449286601.775146 82083012168.019455 6221327658918.666992 7061178685.326787 14614120350394.535156 775658800.104231 28636882988350.964844
19.167485 1250052390537.359863 85372538662.818390 6367293338892.688477 7391580463.217446 14903970585552.304688 817625343.981196 28943709308712.687500
19.434669 1291655567587.550537 88788109910.655121 6478436579396.619141 7736910989.758138 15221690085316.728516 861840825.929992 29251672506701.738281
19.705578 1329763500030.158691 92334287436.466690 6582603626810.769531 8097817245.586342 15593155950305.556641 908424327.270916 29560738856177.480469
19.980263 1379613176950.234863 96914393190.306366 6728565462225.492188 8474972897.701842 15982448628316.531250 957501140.413067 29870874205335.343750
20.258777 1433581028429.173584 101849100996.460388 6844727654483.330078 8869079338.313593 16327104580085.853516 1009203086.714960 30182043989972.527344
20.541173 1482639205236.032959 107031058318.153976 6962644672262.282227 9295158273.332184 16485703240607.199219 1063668850.223646 30494213247058.281250
20.827506 1539862471060.418213 112472339254.027328 7100787427065.536133 9768978034.573399 16715314217638.740234 1121044328.061961 30807346628599.097656
21.117830 1600674022031.564209 118185583184.376389 7283531675745.571289 10266655638.360071 17030740757503.535156 1181482998.267989 31121408415788.570312
21.412202 1654796334941.437256 123062835289.710159 7470241371962.291016 10798234672.807631 17350004170979.253906 1245146305.929046 31436362533432.054688
21.710676 1719434875664.747559 129612705841.051315 7609185651401.164062 11369360909.908085 17673111896423.183594 1312204068.491794 31752172564635.601562
22.013311 1771579112039.198730 136140991048.831238 7729054564896.343750 11970334730.953587 17910164745161.796875 1382834901.169361 32068801765748.453125
22.320165 1836281027332.072021 141668134611.245758 7849695625347.137695 12602692764.749485 18192840613515.851562 1457226663.410310 32386213081548.210938
22.631296 1917723424195.064453 147412834283.385376 7975995238868.376953 13268049271.427946 18367907033203.253906 1535576927.438248 32704369160657.656250
22.946764 1984293151934.997070 153383306946.006195 8177835351400.838867 13968099972.056990 18599257401761.398438 1618093469.915939 33023232371182.035156
23.266629 2046316189017.012695 159341279815.132324 8311881060074.638672 14704626061.517847 18787805489465.742188 1704994787.837953 33342764816555.605469
23.590953 2110132649097.353271 164683490337.347107 8449401721848.921875 15479498413.087755 18969404841538.554688 1796510639.804655 33662928351585.222656
23.919798 2177449090720.290283 172496135514.616974 8614373860044.349609 16294681983.525475 19152957952825.660156 1887950429.048535 33983684598680.507812
24.253227 2243332817824.241699 179697737287.478485 8782215481087.600586 17152240427.850830 19338485843088.546875 1983752948.864250 34304994964257.828125
24.591304 2312812594726.124023 186930939656.622070 8952958155533.402344 18039824309.866199 19526009758232.429688 2084401050.740649 34626820655306.730469
24.934094 2384277965832.429199 194445725043.647797 9121706181193.759766 18855035603.888130 19736371033692.101562 2190138789.837636 35077600692151.371094
25.281661 2457779622094.602051 202252576941.505615 9279620363716.416016 19705657266.097454 20105366627576.289062 2301222446.884927 35592737366978.507812
25.634074 2544440362351.595215 210362346047.107910 9425606959834.134766 20593157788.695412 20508480770183.886719 2417921136.295697 36113056362382.210938
25.991399 2641909887101.217773 218786262052.057190 9611793145120.500000 21554132735.403809 20754308216931.207031 2540517444.255381 36638553912541.039062
26.353705 2742759608059.327637 228018498983.716003 9817452028715.197266 22640746604.178196 21001700812198.019531 2669308098.239872 37169224864310.335938
26.721062 2847088088389.105469 238225985351.865204 10019336639055.664062 23781316632.302444 21308762725140.742188 2804604669.500493 37705062661138.093750
27.093539 2961591276277.782227 247344122709.339996 10231981061628.599609 24978470681.887428 21628963362729.898438 2946734310.104632 38246059327611.007812
27.471208 3068473006948.340332 256490621898.104706 10427035353173.681641 26144987118.720535 21951044764994.078125 3096040526.219821 38792205454650.085938
27.854142 3181959663280.345703 266039170458.937531 10640681163235.890625 27344001214.278934 22274997998599.015625 3252883989.403829 39343490185378.906250
28.242413 3301225898184.669922 276606585716.470459 10826689389743.718750 28597484147.230225 22600815348174.015625 3417643387.734622 39899901201683.796875
28.636097 3412668670111.963867 287578429390.101990 11031345894891.685547 29907879272.239925 22928490291231.558594 3590716318.723608 40461424711485.406250
29.035269 3500398919542.924805 298969428888.966614 11264939531314.384766 31277737694.301727 23258017468366.113281 3772520226.017466 41028045436743.304688
29.440005 3604063519098.330566 310794812528.417908 11535008819410.320312 32758348145.147247 23589392648967.191406 3963493382.029734 41599746602209.992188
29.850382 3706143676126.597168 323070324969.921753 11742584866040.531250 34390239076.681953 23922612692701.878906 4164095918.705098 42176509924954.765625
30.266481 3795112375655.652344 335812243068.280518 11923042013604.402344 36101187365.371864 24257675507040.171875 4374810908.754643 42758315604673.515625
30.688379 3870628935587.096680 349037392134.145630 12105588444872.007812 37894896267.135628 24594580001112.519531 4616558306.290543 43345142314803.210938
31.116158 4014467696253.080566 362763162619.779541 12328630726248.912109 39775235626.462517 24933326036203.351562 4871853227.149550 43936967194455.859375
31.549901 4109694264281.200684 380644879995.346497 12546841092580.398438 41783449673.798683 25273914373196.617188 5141213141.149239 44533765841188.875000
31.989689 4222409447902.560547 395236406336.888062 12741788187761.332031 43898842296.627357 25800774508012.175781 5425409153.870017 45135512304626.335938
32.435608 4353005744801.922363 407721592385.270874 12938892706050.501953 46119484033.813324 26345119659277.167969 5725254374.967285 45742179080944.968750
32.887743 4497593609027.971680 423041018678.727539 13138164406127.207031 48450498602.395706 26894136913731.425781 6041606186.692874 46353737108239.132812
33.346180 4639429629191.125000 439551756020.059509 13339612940235.177734 50897252415.837517 27447666097864.160156 6375368633.491234 46970155762776.375000
33.811008 4773262023005.922852 456680315222.759888 13525526528861.699219 53448291812.554382 27899580374470.710938 6727494939.077506 47591402856155.664062
34.282315 4888277008309.600586 473531881464.961609 13730116652677.550781 56061993781.954330 28194438334399.933594 7098990157.649151 48217444633379.898438
34.760192 5008376984711.001953 490376187636.670288 13957114479660.542969 58799620666.698036 28492389111649.140625 7490913966.285248 48640098959894.671875
35.244730 5126056204366.853516 511039014617.398621 14189482169203.154297 61666835286.967461 28793465147326.523438 7904383605.903059 49059390849484.367188
35.736022 5266914932212.431641 531820636424.104004 14421120940042.732422 64669548116.953430 29097699222820.773438 8340576978.570189 49479113652416.906250
36.234163 5407874693320.329102 552380680676.728149 14732266598691.394531 67813927568.966843 29405124463370.359375 8800735909.305737 49899230682521.812500
36.739248 5540100732881.580078 573700799285.910034 14940394222219.654297 71106410679.674347 29715774341670.281250 9286169580.956020 50319705343511.593750
37.251373 5672180079464.317383 595807455163.881104 15146972639595.070312 74553714213.155548 30029682681516.531250 9798258151.188829 50740501140889.726562
37.770637 5806989277069.407227 619570931421.157227 15396916320412.896484 78162846195.973862 30434845061957.035156 10338456561.036840 51161581693731.531250
38.297139 5955825677625.674805 643041950236.413940 15686323186680.804688 81941117899.976608 31065272243738.156250 10908298544.972231 51582910746334.460938
38.830980 6128533713373.205078 667124135370.335327 15912572856889.886719 85896156289.065475 31700598770201.070312 11509400852.956997 52004452179733.500000
39.372263 6394345070173.377930 690739724145.434814 16141389368758.171875 90035916946.731567 32340622164426.238281 12142655572.968903 52426170023078.367188
39.921091 6538149494183.271484 715820370670.839844 16372801843548.457031 94368697501.713318 32985137598239.613281 12776956911.050047 52848028464869.250000
40.477570 6781275802236.045898 741756986826.288940 16665453016914.324219 98903151569.726151 33633938385024.226562 13443813142.751791 53269991864048.062500
41.041805 6997303874002.772461 768576610195.248291 16907397641427.058594 103648303229.810471 34286816481182.421875 14144858890.785761 53692024760942.195312
41.613906 7145207366168.875000 797219828792.153809 17123620437928.716797 108613562054.467575 34742784193508.257812 14881808639.088984 54114091888059.000000
42.193981 7326078096472.988281 830315589105.572021 17446018735181.257812 113808738713.399246 35116138296699.140625 15656460502.561331 54536158180727.343750
42.782142 7541329948269.905273 864720622018.991211 17714020382592.828125 119244061171.325836 35493127297520.906250 16470700167.125467 54958188787586.054688
43.378502 7715405322320.856445 899358778671.151611 18025465908459.378906 124702364799.223801 35873786584578.281250 17326505007.381832 55380149080915.328125
43.983175 7922778120295.230469 933301692672.536621 18290999317432.480469 130562654537.396927 36258151891012.093750 18225948389.416840 55802004666811.789062
44.596276 8144670605255.685547 960413384489.659546 18586572841071.285156 136372045823.293610 36646259297853.578125 19171204166.621220 56223721395203.906250
45.217924 8354478884513.573242 988110660993.297729 18949815745692.492188 142438758551.537964 37038145237411.320312 20164551376.683937 56645265369707.976562
45.848238 8630831668926.358398 1018431472920.377319 19267176855762.550781 148774113466.634308 37433846496691.265625 21208379148.246437 57066602957323.195312
46.487337 8896737765947.296875 1054549457951.949219 19543653119212.480469 155219415803.219879 37833400220849.992188 22305191826.032951 57487700797965.687500
47.135345 9094211847133.265625 1091866856586.171265 19822954359720.152344 161839446452.556702 38236843916681.593750 23457614323.614010 57908525813840.460938
47.792386 9343551456634.917969 1130420390671.325928 20105489165244.183594 168729373096.568146 38644215456138.429688 24668397713.314438 58329045218651.710938
48.458586 9567900654569.242188 1176316662604.512939 20391294971861.464844 175899663184.152771 39055553079886.281250 25940425063.142845 58749226526651.265625
49.134073 9809290290433.744141 1224116859206.081543 20695454493137.511719 183361168816.378937 39470895400894.125000 27276717531.001659 59169037561525.515625
49.818975 10028074656204.406250 1273760563631.234619 21019259839687.707031 191125140110.511871 39890281408058.734375 28680440726.820396 59588446465121.078125
50.513425 10221876040847.013672 1325314622369.835938 21300685481690.597656 199203239003.117462 40313750469864.601562 30154911353.668705 60007421706010.289062
51.217554 10421349869655.572266 1376135612530.994141 21628304097886.738281 207607553505.908356 40741342338079.585938 31703604139.319206 60425932087897.093750
51.931499 10623925621807.654297 1427218912096.211426 21937739861386.785156 216350612428.373718 41173097151486.476562 33330159070.161297 60843946757864.492188
52.655396 10857706421248.697266 1477508157870.050537 22294620840781.851562 225445400581.659058 41609055439650.882812 35038388939.818962 61261435214464.992188
53.389384 11093188469014.291016 1530582848729.293457 22633402076164.550781 234905374478.577850 42049258126725.796875 36832287225.279930 61678367315655.187500
54.133603 11335808089645.046875 1589903510747.677490 22975988071971.093750 244744478545.065369 42493746535293.210938 38716036303.829735 62094713286576.546875
54.888196 11603104226924.335938 1641192866108.754150 23323507986122.191406 254977161858.829468 42942562390243.140625 40694016024.564812 62510443727183.867188
55.653308 11826379927500.562500 1694025097025.559326 23682035430620.316406 265618395431.407257 43395747822690.453125 42770812648.776649 62925529619723.625000
56.429085 12098978244632.734375 1749408516283.181641 24046184549449.285156 276683690050.294800 43853345373929.773438 44951228174.019585 63339942336064.406250
57.215676 12319765584573.216797 1811949063498.847656 24410165959238.410156 288189114698.298706 44315397999428.843750 47240290057.212982 63753653644881.515625
58.013231 12534803836128.453125 1868669636842.205811 24779844946417.593750 300151315567.750244 44781949072860.875000 49643261352.693863 64166635718698.515625
58.821904 12745195877306.261719 1927098937072.968262 25163127895877.652344 312587535687.711792 45253042390176.156250 52165651281.705490 64578861140788.296875
59.641849 12964337921791.330078 1987285583697.595459 25649652012721.417969 325515635182.825256 45728722173713.195312 54813226250.403534 64990302911936.398438
60.473224 13234262362039.400391 2049279461024.466064 26079799050030.710938 338954112182.974243 46209033076349.929688 57592021334.075478 65400934457069.390625
61.316188 13468727906491.648438 2120089780666.250977 26489372549999.304688 352922124403.473206 46694020185695.398438 60508352245.899834 65845309867750.242188
62.170903 13907433152203.925781 2209251369011.839844 26846573179679.890625 367439511416.042053 47183729028322.242188 63568827809.216690 66595437686347.164062
63.037532 14284822269398.402344 2301362191265.418945 27207785235748.628906 382526817631.384583 47678205574040.257812 66780362952.961105 67349987258546.757812
63.916241 14717470268961.746094 2375788122221.646484 27573053767234.902344 400011673207.083740 48177496240211.757812 70150192250.590454 68108938111167.039062
64.807198 15121143949489.195312 2443040167309.194336 27942424329076.679688 418344753921.529785 48681647896108.750000 73685884023.559509 68872269310756.195312
65.710575 15349220886016.726562 2512160501063.497559 28315942987801.984375 437487090612.496338 49190707867312.742188 77395355031.116562 69639959481561.429688
66.626545 15732093806340.531250 2583199551277.970703 28694321248955.675781 457472848063.224548 49704723940157.250000 81286885768.958282 70411986823396.734375
67.555283 16018805959179.992188 2687150411824.802734 29146735218245.507812 478337559659.908691 50223744366213.460938 85369136400.045929 71188329129355.203125
68.496967 16332200721204.939453 2795210487945.406738 29567131051742.445312 500118178976.860657 50747817866819.921875 89651163341.696762 71968963803317.671875
69.451778 16673223082980.699219 2907349967603.038086 30002239671269.328125 522853133176.961060 51276993637655.828125 94142436533.867783 72753867877212.984375
70.419898 17018595992961.007812 3020348280469.172852 30376803206257.839844 546582378286.809570 51811321353359.335938 98852857414.409149 73543018027992.828125
71.401513 17365175979868.003906 3117995791964.381348 30802825230926.042969 571347456407.740234 52350851172190.507812 103792777627.916458 74336390594286.968750
72.396811 17683965325239.035156 3218712937397.147461 31243643164472.707031 597191554925.773682 52895633740739.687500 108973018495.717056 75133961592711.078125
73.405984 18003334283772.679688 3327489566239.631348 31686769302085.019531 624159567785.477173 53445720198681.921875 114404891275.427338 75935706733803.796875
74.429223 18286552039746.234375 3444641217556.886719 32122117906798.062500 652298158894.676880 54001162183577.421875 120100218239.466156 76741601437573.937500
75.466726 18636651970981.894531 3560775085765.612305 32595501734949.437500 681655827729.000488 54562011835718.953125 126071354602.873947 77551620848643.421875
76.518692 19068143060320.902344 3696790103848.408691 33024365559506.175781 712282977207.306763 55128321803026.234375 132331211331.771835 78365739850975.390625
77.585321 19429388042041.078125 3824775413664.573242 33482445512658.195312 744231983911.228516 55700145245988.171875 138893278864.819153 79183933082181.015625
78.666818 19937008553344.039062 3927720961906.458984 33949910512750.304688 777557270724.241089 56009608451489.125000 145771651781.066742 80006174947401.046875
79.763391 20264395027312.058594 4050910494815.740723 34429164095636.640625 812315381967.944580 56250188974509.609375 152981054448.670959 80832439632762.906250
80.875249 20601559878582.898438 4183580743530.039062 34902257309249.000000 848565061115.583374 56663727169654.109375 160536867690.029022 81662701118414.796875
82.002606 20950882349983.546875 4320306537476.882324 35362259480614.234375 886367331165.256958 57306126544640.648438 168455156500.020142 82496933191142.390625
83.145678 21328136397706.890625 4461200231591.609375 35844331457466.468750 925785577757.711304 57952045364787.789062 176752698855.191864 83335109456575.671875
84.304684 21702875550166.820312 4606376855117.065430 36384182538046.304688 966885635126.127075 58601454856461.304688 185447015652.889587 84177203350993.765625
85.479845 22100522792050.691406 4755954159761.597656 36901369556359.468750 1009735874968.002686 59198367641182.656250 194556401820.555634 85023188152739.187500
86.671388 22502796218933.199219 4910052668197.882812 37475345300002.093750 1054407298331.842651 59674079384014.734375 204099958636.638794 85873036993252.718750
87.879540 22978158695522.789062 5068795722885.038086 37926683133855.984375 1100973630614.161865 60345032954357.234375 214097627305.819183 86726722867741.781250
89.104533 23342212299822.023438 5222097932590.298828 38447364642645.421875 1144682676635.582520 61063321830316.257812 224570223832.546936 87584218645495.187500
90.346602 23688907254481.886719 5378940316396.179688 38973470337582.921875 1188434685006.996582 61785568949754.343750 235539475238.195251 88445497079858.406250
91.605985 24051401075983.320312 5540099374272.103516 39603296000958.765625 1233777620276.847656 62511710518589.781250 247028057168.481750 89310530817883.265625
92.882923 24420473010351.402344 5705679949654.968750 40228014933420.968750 1280766365698.107422 63241681171866.765625 259059632939.176270 90179292409665.875000
94.177660 24791701405866.078125 5872617664498.899414 40722444236064.734375 1329457597141.805908 63917533405735.773438 271658894069.518250 91051754317387.171875
95.490446 25169346040875.820312 6044801307432.291992 41241402281526.195312 1379909838363.828369 64256006351545.851562 284851602354.168457 91927888924069.390625
96.821531 25552128117829.406250 6231913770063.802734 41721260045716.281250 1432183517862.666016 64598982579275.984375 298664633526.000061 92807668542061.687500
98.171170 26041838088246.734375 6428770136533.641602 42318381900127.414062 1486341027369.240967 65252063957068.500000 313126022563.490601 93691065421268.390625
99.539623 26589450775799.789062 6655587414965.461914 42889815526149.820312 1542446782010.669922 65912278447392.671875 328265010697.977783 94578051757131.468750
100.927151 27073436836714.140625 6875252011377.105469 43309739662139.820312 1600567282190.684326 66415686927756.843750 344112094177.589355 95468599698379.156250
102.334021 27572872696810.828125 7112422728494.839844 43962030629671.507812 1660771177230.184570 66893290440737.117188 360699074846.164612 96362681354551.484375
103.760502 28099808079351.335938 7334516694044.438477 44545585214867.015625 1723129330812.322266 67373940832265.367188 378059112597.126526 97260268803313.937500
105.206867 28570178922747.050781 7565211341804.714844 45188808550178.945312 1787714888277.151611 67857628170216.750000 396226779763.786560 98161334097567.546875
106.673394 29046574967330.550781 7827598133964.873047 45755869334360.804688 1854603345811.790527 68344340655156.578125 415238117509.229492 99065849272365.125000
108.160363 29514954603314.300781 8075457651456.103516 46348261087348.773438 1940279070235.335938 68834064636303.804688 435130694280.562805 99973786351641.765625
109.668060 30073621877766.078125 8300200934293.593750 47044248691385.257812 2036906013964.780518 69326784631918.328125 455943666393.931458 100885117354767.000000
111.196773 30539207698955.281250 8530900813982.794922 47839792917857.945312 2138226079188.257812 69857415344099.882812 477717840818.423950 101799814302925.125000
112.746796 31091409897341.851562 8825237067443.218750 48510864000880.867188 2244460114479.933105 70496340223402.406250 500495740228.653259 102717849225331.328125
114.318425 31549269322117.238281 9060677987976.416016 49174860028096.085938 2355838947718.593262 71142044042225.203125 524321670397.487244 103639194165286.859375
115.911962 32068799853757.285156 9309435660969.904297 49861726435539.210938 2472603813497.438965 72053597850005.328125 549241790002.168945 104563821186081.140625
117.527712 32671491843936.175781 9598642619261.900391 50465498403018.617188 2595006797530.400391 73209853962746.359375 575304182918.714111 105491702376743.250000
119.165984 33199627089831.429688 9984233746702.458984 51121469520666.273438 2723311298659.365723 74138766204366.265625 602558933081.265503 106422809857647.781250
120.827094 33802460489753.089844 10331653742151.669922 51858541328665.390625 2857792509083.602539 74524856441903.156250 631058201984.790161 107357115785979.031250
122.511358 34486391869330.593750 10602146392383.441406 52680681893853.625000 2998737913450.595703 74916306225058.796875 660856308911.221069 108294592361056.468750
124.219100 35046291490563.707031 10902821166861.429688 53500553438061.492188 3097374578916.263672 75313189952837.437500 692009813960.906616 109235211829524.250000
125.950646 35563351868717.671875 11266110722257.033203 54089970048881.468750 3198182033496.608887 75857919873920.765625 724577603972.945312 110178946490408.609375
127.706330 36089260313633.109375 11572333981542.378906 54688780604768.093750 3302213104161.650391 76515312715462.078125 758620981419.660889 111125768700044.093750
129.486487 36718213989407.851562 11880489940703.025391 55699310490037.625000 3434226027913.636230 77270553752972.421875 794203756362.213379 112075650876871.531250
131.291459 37270972012464.523438 12241059878377.251953 56394296455725.453125 3590604080346.681152 77988131410649.234375 831392341556.023926 113028565506110.625000
133.121590 37881407597069.093750 12638953288308.273438 57097048340918.664062 3753854745329.088379 78766944242967.187500 870255850796.280273 113984485144307.343750
134.977233 38499135918870.265625 13096546711574.320312 57807652923636.882812 3924262672063.638184 79595358984040.515625 910866200595.496582 114943382423759.171875
136.858742 39289819338089.539062 13560955732142.441406 58575526981920.890625 4102123105500.833008 80432463113929.875000 953298215286.616089 115905230056819.171875
138.766479 39853542423635.687500 13916190532841.222656 59510669098999.476562 4287742200678.978027 81278347777172.281250 997629735646.760254 116870000840080.781250
140.700809 40601857241401.226562 14334257270966.496094 60052973983887.125000 4481437341095.999023 82142757885883.640625 1043941731138.144653 117837667658444.453125
142.662102 41380226581016.812500 14746202963702.216797 60938605002568.234375 4683537460782.665039 83138860493714.953125 1092318415864.208374 118808203489068.218750
144.650734 41994811441340.648438 15148249514632.781250 61762515975045.031250 4894383369716.251953 84212469449904.046875 1142847368340.294922 119781581405201.875000
146.667087 42589651450241.554688 15564230359351.943359 62542688406261.734375 5114328082185.806641 85202823607265.062500 1195293962366.839111 120757774579908.890625
148.711546 43405666549544.382812 16034976920818.480469 63467168010172.492188 5343737147715.936523 86300119796652.312500 1248401410576.500244 121736756289674.203125
150.784505 44037325487082.289062 16466210739481.716797 64295419929209.367188 5582988984060.460938 87083824323452.875000 1303769509369.157959 122718499917901.812500
152.886359 44677026185489.054688 17016942497742.126953 65197971164846.054688 5809519396733.754883 88053533012869.578125 1361489571864.709961 123702978958302.000000
155.017512 45421070787670.515625 17528852422673.212891 65949903109158.398438 5993790422402.214844 89103706852786.328125 1421656365924.222412 124690167018169.843750
157.178372 46195283171320.156250 18052287637705.804688 66660638824989.000000 6183493773387.983398 90161167449245.453125 1484368234210.875977 125680037821556.265625
159.369353 46972203780786.343750 18596307106647.167969 67475647390247.437500 6441962906370.711914 91225904148257.703125 1549727217949.198486 126672565212333.781250
161.590875 47704303549641.656250 19169048063036.964844 68389409039088.554688 6690945417400.031250 92297905858552.250000 1617839184474.564697 127667723157156.328125
163.843365 48460990868017.515625 19785436370657.539062 69300195357036.046875 6930120533157.596680 93377161057147.171875 1688813958666.488037 128665485748317.000000
166.127252 49101053854915.546875 20417412144667.078125 70115532264071.125000 7177381646900.033203 94314627786173.015625 1762765458359.893799 129665827206503.015625
168.442976 49916323938142.218750 21065192905269.425781 70940359570322.140625 7432976171697.932617 95303679115156.546875 1839811833829.985840 130668721883450.187500
170.790980 50678362676629.015625 21728993587226.394531 71774787742611.406250 7697157664581.291016 96392151076345.968750 1920075611446.966797 131674144264498.390625
173.171713 51463221657739.203125 22260634435262.089844 72618928533578.578125 7970185902022.595703 97378852023441.171875 2003683841597.942383 132682068971049.250000
175.585633 52326501727233.078125 22884083878799.468750 73472894996647.218750 8252326952013.057617 98205319542440.609375 2090768250973.950439 133692470762927.000000
178.033202 53280855283270.593750 23667955381251.472656 74629611998456.640625 8543853242457.053711 99040365989497.640625 2181465399320.783691 134705324540644.906250
180.514888 54215550718235.953125 24448423150867.812500 75294075178925.015625 8845043625614.480469 99884080415911.984375 2275916840752.964844 135720605347578.250000
183.031168 54991073473418.609375 25081912001912.531250 76124212941054.453125 9156183438304.085938 100736552797356.593750 2374269289730.243652 136738288372044.640625
185.582523 55873736966372.914062 25867286336213.269531 77170761551743.453125 9477564557587.957031 101597874043473.390625 2476674791796.831055 137758348949294.703125
188.169442 56692561340237.945312 26522020494656.921875 78043987601714.734375 9809485451650.468750 102468136007567.718750 2583290899183.246582 138780762563412.843750
190.792422 57628354039931.054688 27192004722196.097656 78874744949008.125000 10152251225583.742188 103381731939870.437500 2694280851370.858887 139805504849131.093750
193.451965 58444512792631.609375 27945645404780.984375 79995650465976.390625 10548605595340.765625 104235854280102.734375 2809813760718.999023 140832551593556.656250
196.148581 59356235842157.640625 28732966455046.425781 81164562706328.937500 11031234707320.761719 105203631147961.312500 2930064803254.061523 141861878737815.031250
198.882786 60397210722302.000000 29413646535330.976562 82282492818087.859375 11430521159025.384766 106306905775628.234375 3055215414719.397949 142813923946720.406250
201.655104 61222751458944.367188 30108616238162.480469 83263801654396.453125 11817613514038.869141 107421029580432.109375 3185453491984.227051 143588733063412.968750
204.466067 62029938472668.195312 30939836017954.308594 84083886433261.281250 12216971632781.179688 108609099553975.140625 3331956049577.900391 144372048726373.500000
207.316213 62995575136648.703125 31760723239143.214844 84913962482759.203125 12628946732882.748047 109682252517058.562500 3488241789477.553711 145163964328062.031250
210.206088 63916941167852.265625 32510895925802.875000 85973492568262.406250 13053898218466.822266 110829568179789.593750 3651666849721.386230 145964574286284.375000
213.136247 64787541218686.585938 33361532896908.082031 87178663918444.640625 13492193765791.962891 111988166102208.984375 3822545866866.449707 146773974055449.250000
216.107251 65880485428739.679688 34188604105547.593750 88410361143618.046875 13944209402760.966797 113245125398784.187500 4001206657860.511719 147592260137949.093750
219.119669 66842933730596.937500 35033877565364.789062 89475763222156.187500 14410329581724.431641 114690690919319.328125 4187990731354.356445 148419530095665.843750
222.174078 67725757288898.140625 35935081449433.734375 90548441768065.625000 14882436265507.992188 115770843089565.671875 4383253816401.175293 149255882561602.906250
225.271064 68733839517262.234375 36935236934186.515625 91671424930770.812500 15337846556821.376953 116737615725959.171875 4587366408981.911133 150101417251644.687500
228.411221 69705691006264.882812 38387136340204.890625 92782007277741.562500 15897289580059.132812 117954311109114.406250 4800714336798.113281 150956234976445.781250
231.595149 70723485620901.656250 39269794157475.507812 93959326337130.281250 16423843060614.742188 119182971005367.656250 5023699342772.875977 151820437653450.062500
234.823460 71652380305524.500000 39966566548603.171875 94982899069840.953125 16966551712287.957031 120423713069125.875000 5256739687699.416016 152694128319042.125000
238.096772 72578377966837.750000 41024074121378.070312 96294426932582.000000 17525851608142.849609 121676656111764.015625 5500270772475.884766 153577411140832.062500
241.415712 73573088658734.250000 42105824370116.921875 97433555789916.968750 18102187513404.886719 122941920113002.250000 5746428936209.524414 154470391430074.812500
244.780916 74632733413546.921875 43212249088750.640625 98677110646274.593750 18736659638845.160156 124274233198480.609375 5992886896576.702148 155373175654226.531250
248.193029 75948976876677.937500 44343783551620.765625 99886672615536.468750 19520958299617.781250 125984466665921.218750 6249340125854.684570 156285871449638.062500
251.652705 76998024035486.484375 45322971425307.890625 101180809459763.906250 20336063973360.855469 126884956369253.250000 6516165374057.371094 157208587634388.093750
255.160607 78262931773280.625000 46599083958991.109375 102383633537544.640625 21180503765745.796875 128258830838412.250000 6793752165149.909180 158141434221257.531250
258.717408 79331378437663.250000 47893447256645.976562 103839507415919.281250 21938791745721.476562 129457337029719.453125 7082503156288.904297 159084522430845.656250
262.323788 80409963181638.625000 49101766647973.742188 105024686097875.125000 22578103011206.832031 130799113245965.421875 7382834502985.334961 160037964704830.875000
265.980440 81649583666062.156250 50164849338780.265625 106121683974544.812500 23181144287463.402344 132154083971976.312500 7695176230006.211914 161001874719376.781250
269.688063 82890340807529.281250 51247834597957.554688 107752636655641.531250 23798883186078.875000 133522378957471.796875 8019972607805.537109 161976367398685.250000
273.447368 84016049174184.421875 52311009175310.914062 109018184231802.562500 24431642785668.960938 134823511410114.781250 8357682534247.315430 162961558928698.812500
277.259076 85278018577402.078125 53209696932713.945312 110165782939883.078125 25079752458508.335938 135683434155469.062500 8708779921354.183594 164204207076540.687500
281.123917 86508596576445.296875 54387648494505.625000 111342067431915.281250 25743547972758.660156 136544678992789.015625 9073754086783.845703 166035639674025.406250
285.042632 87691712404134.937500 55452630387616.898438 112615273689682.281250 26520648634727.210938 137810135683546.625000 9453110149702.601562 167880490898232.750000
289.015972 88843444601165.640625 56337310708931.593750 113890942567579.500000 27362807160750.781250 139009155890411.812500 9847369430690.384766 169738859065389.906250
293.044698 89962774512398.625000 57586665826180.703125 115266885957924.796875 28229110203102.523438 140764314348942.312500 10257069855274.183594 171610843212071.812500
297.129582 91117149042004.281250 58919049944444.953125 116348943119687.875000 29120123191052.250000 142654235333521.687500 10682766360648.281250 173496543100479.375000
301.271407 92489795401754.062500 60440742567631.460938 118172071958127.406250 30036418036340.632812 144541749967999.750000 11125031305097.714844 174778360348138.468750
305.470967 93737376464655.578125 61935762094293.406250 119580066682381.375000 30978572795347.023438 145744651147569.500000 11584454879598.470703 175868936516368.031250
309.729067 94935531557267.421875 63234272304607.187500 120989442984817.031250 31947171300748.964844 146961421101786.250000 12061645521021.490234 176961091976216.843750
314.046522 96323458115900.250000 64638771499327.578125 122280665071514.984375 32891615749064.398438 148523706953206.593750 12557230326319.953125 178878570882211.937500
318.424160 97675011900020.046875 66111590102383.375000 123797564890868.812500 33852872030846.128906 150191973381585.687500 13071855467027.820312 180963249537148.781250
322.862820 99061929171064.750000 67558607575793.171875 125356826895845.093750 34898230140942.972656 151869842359796.125000 13606186603345.943359 183060677853991.437500
327.363353 100672313476121.953125 69060296787208.609375 126746289182247.640625 35971211886767.648438 153557263311163.125000 14160909297034.173828 185170792487407.531250
331.926620 102155867990262.515625 70556642962687.625000 128383395053261.640625 36959788636255.179688 155226882427446.843750 14736729422272.546875 187293529321057.218750
336.553498 103695059929463.437500 72173580660003.000000 130128729599994.937500 37878471398983.687500 156960555727102.125000 15334373573590.912109 189428823507416.468750
341.244871 105182377466471.312500 73792608170631.390625 131806065725999.265625 38939043278733.843750 158676322999120.750000 15954589469905.156250 191576609507774.875000
346.001639 106595027005961.187500 75394205712101.531250 133287703682457.968750 40038538688371.382812 160401433899271.312500 16598146353630.929688 193736821132377.125000
350.824714 108024904160093.656250 76792568006707.593750 134785664419841.234375 41165618580116.312500 162135834931899.281250 17265835383777.134766 195909391580683.000000
355.715021 109427508407264.484375 78414033110137.234375 136300127761550.718750 42658871133341.117188 163879472077372.781250 17944647590602.835938 198094253481713.406250
360.673495 110833583811405.734375 80000468571838.359375 138333021121733.171875 44211305467940.312500 165971371971539.687500 18555938154956.042969 200291338934455.687500
365.701088 112257607040696.640625 81573712905990.500000 139840954947190.531250 45613063505744.625000 167789878132735.593750 19186906509693.597656 202500579548298.593750
370.798763 113745966157207.640625 83205456403163.421875 141694447936090.062500 46958565150671.679688 169263033011776.937500 19838143929997.898438 204721906483466.312500
375.967497 115536686558748.765625 84796924328372.843750 143615829006391.312500 48337033561233.421875 170945284156697.468750 20510257753602.441406 206955250491422.562500
381.208280 117173731108607.437500 86447389934027.484375 145429737772474.000000 49962326110908.695312 172734274606146.812500 21203871736708.816406 209200541955213.437500
386.522116 118871465645532.312500 88277537330839.437500 146990585661092.250000 51532321332279.109375 174532167142654.781250 21919626413308.175781 211457710929717.968750
391.910025 120556479645295.015625 89827277489272.421875 148986407678300.281250 53010222029786.750000 176604988999665.906250 22658179457631.750000 213726687181776.281250
397.373038 122060099424355.750000 91652007780277.531250 150645610219590.937500 54455186264008.328125 178322754163088.843750 23420206049430.011719 216007400230162.281250
402.912203 123768014650310.093750 93314072491678.984375 152589408781654.718750 56095511980869.500000 180664497595282.437500 24206399241751.871094 218299779385368.625000
408.528580 125348876929749.453125 95248720300007.078125 154493523007940.562500 57565447620746.687500 182632290322125.093750 25017470330868.167969 220603753789173.562500
414.223247 126946110167138.437500 96856186069816.984375 156531050316961.125000 59071071441545.445312 184620344654224.500000 25854149227950.753906 222919252453952.187500
419.997295 128854368018819.484375 98565584931048.250000 158434513297437.875000 60831524964869.507812 186628869217541.187500 26717184832089.753906 225246204301703.281250
425.851829 130470237153152.171875 100468349902580.515625 160259944301169.250000 62909506875719.703125 188611169520775.687500 27607345404194.761719 227584538202753.468750
431.787973 132043679568163.906250 102368892274820.562500 162194444517344.093750 64460401837134.429688 190708174304493.375000 28525418941292.882812 229934183014105.656250
437.806863 134004696723822.468750 104022877660629.203125 164068491458916.875000 66289882288179.414062 192779382909458.343750 29472213550697.917969 232293704377430.687500
443.909653 135656801173064.015625 106245952364754.062500 166003165278766.500000 68339108192069.960938 195565760532269.406250 30448557823486.785156 234624018314731.656250
450.097513 137503192846499.234375 108174858747718.750000 167958393267393.312500 70099655948939.617188 197932251453666.187500 31455301206677.570312 236971406106082.156250
456.371628 139470017655644.218750 110168057655836.390625 169934393794348.843750 71901902347232.625000 200576870206568.531250 32493314373462.804688 239335992849001.375000
462.733201 141257878831382.843750 112016715304638.593750 171931387549164.656250 73746700423975.031250 203242865842734.843750 33563489590803.707031 241717904557578.968750
469.183451 143289613557687.062500 113952289433802.937500 173949597565999.531250 75634914708803.890625 205374799195277.468750 34666741083646.875000 244117268169189.875000
475.723614 145203161096120.312500 115962519444290.031250 175729494314507.250000 77567421066054.562500 207790390012687.593750 35804005394976.085938 246534211551260.531250
482.354943 147222905064675.937500 118171104493351.859375 177619104478720.968750 79545106515013.187500 210266811072112.000000 37111448745523.453125 248968863508082.125000
489.078709 149331039064638.593750 120038789897387.515625 179653549847396.781250 81568869027234.250000 212761218712459.187500 38470349983405.703125 251421353787675.343750
495.896201 151303065857327.031250 122068037458112.718750 181565843316579.531250 83667522655629.578125 214977963020665.250000 39874818485942.445312 253891813088704.531250
502.808725 153316362820280.187500 124299991111530.796875 184208736852585.562500 85864247751295.125000 216170914945308.812500 41326185938822.039062 256380373067443.593750
509.817606 155244815706651.156250 126322536275822.250000 186517190838541.531250 87956635196988.234375 217883360631112.281250 42825813208788.156250 258887166344791.312500
516.924187 157182952102650.656250 128365136605195.265625 188648117256149.531250 90143019054895.765625 220039733165658.875000 44375090446517.734375 261412326513339.937500
524.129830 159495289130699.093750 130409387907954.703125 190443921775338.406250 92411002466595.625000 222217099693173.781250 45975437152422.468750 263955988144493.875000
531.435916 161700374640529.406250 132375355116575.859375 192811463976220.375000 94517464518072.625000 224415664606791.218750 47628302202728.226562 266488174292606.937500
538.843844 163700801365735.437500 134658566864663.453125 195151895813507.687500 96802572629826.375000 226635634289574.375000 49335163833082.648438 269009248477734.656250
546.355035 166071605602790.062500 136896032021404.000000 197538612307650.375000 99138387721527.265625 228877217133888.625000 51097529576845.023438 271540456785501.968750
553.970928 168289421794896.281250 139163470299699.421875 200067807093087.656250 101525904754295.406250 231334375076079.375000 52916936155113.726562 274081733760687.593750
561.692982 170735663382831.406250 141159731030926.218750 202538747758435.437500 103966132255472.234375 233929782795781.218750 54794949315448.921875 276633014545050.187500
569.522678 173080034161131.812500 143611791691793.437500 204976367844829.437500 106460092351417.156250 236446027688293.500000 56733163616154.554688 279194234900335.875000
577.461515 175472841920108.593750 146089163385779.000000 207329854915156.093750 109008820797771.406250 238988181387178.656250 58733202152894.257812 281765331230072.875000
585.511016 177761801106043.937500 148592107382274.937500 210070824129804.687500 111613367006843.187500 241708249442932.781250 60796716224322.085938 284987811152973.375000
593.672722 180162723708432.500000 151049978103269.625000 212318330841636.062500 114439578690085.046875 244510539944967.968750 62925384933331.140625 287704206756767.250000
601.948197 182531716182324.718750 153675770872775.562500 214756658946861.968750 117356073562203.859375 247292780251781.968750 65120914720441.507812 290440504975971.812500
610.339029 184874704881264.750000 156207542438735.656250 217005277094067.875000 119602815466822.468750 250054132996034.468750 67385038825774.367188 293196851634008.375000
618.846824 187581238729920.093750 158503986065569.687500 219401314722619.218750 122214401400654.031250 252793810285446.812500 69719516675995.312500 295973393622723.875000
627.473213 190321134219334.625000 161084166580423.125000 221797070313514.156250 125123525539929.953125 255484525882246.000000 72126133192549.906250 298770278910219.562500
636.219849 192838519003851.781250 163546375149567.156250 224963069872769.468750 128106095701563.984375 257844358142449.250000 74606698017464.468750 301587656548736.500000
645.088409 195657652625717.062500 165993516532637.281250 227558820875921.687500 131453034288279.765625 260290724799378.250000 77163044652943.906250 304425676682598.250000
654.080591 198066813413263.687500 168625479022949.187500 230362323019750.781250 134589627761940.109375 263078398178128.000000 79797029510972.640625 307284490556213.500000
663.198120 200813674557371.062500 171094520544353.437500 233006329881664.187500 137648236667131.875000 265894775158031.656250 82510530869100.156250 310164250522134.875000
672.442742 203545492229014.562500 173576805323302.687500 235494579155835.937500 140387381770940.609375 268740151289036.406250 85305447728598.953125 313065110049179.312500
681.816229 206040172973637.500000 176194195384576.031250 238036924259336.687500 142768152725381.750000 271562909338541.343750 88183698571182.531250 315987223730606.500000
691.320378 208794435883143.125000 178956611382815.187500 241429852136073.625000 144993183188841.687500 274519098451292.093750 91147220010506.687500 318930747292356.875000
700.957009 211690267453568.531250 181421601522393.125000 244308995636152.750000 147213560097719.656250 277713945495187.281250 94197965334716.390625 321895837601351.500000
710.727970 214390834040214.875000 183918955854526.281250 247186751078973.656250 149467879255421.687500 280987816057445.187500 97337902936366.703125 324882652673851.125000
720.635132 217117283286360.500000 186520375892138.312500 249990192098453.437500 151864805399810.437500 284108580939821.875000 100569014626126.734375 327891351683877.250000
730.680395 219795290894913.562500 189606082149804.125000 253375047656630.750000 154236282413538.781250 286438328459247.062500 103893293826787.156250 330922094971695.625000
740.865683 222495746719186.843750 192271765823224.656250 256140972018987.437500 156635424849594.843750 289775288842400.937500 107312743644211.250000 333975044052359.937500
751.192949 225319418563847.781250 195506795763352.437500 259348573550372.875000 159496576631434.718750 293506548694966.062500 110829374812036.625000 337050361624320.687500
761.664172 228147316920634.531250 198538726412018.625000 262169539629292.343750 162775394085638.031250 297541582818561.625000 114445203507102.890625 340148211578094.750000
772.281357 230832764756278.406250 201226934713485.500000 265101014312162.687500 166089924067983.437500 301063824032650.187500 118162249032799.890625 343268759004999.875000
783.046540 233696359332590.500000 203835988408486.750000 268355669416094.312500 169444313777973.437500 304868696275374.750000 121982531367765.609375 346412170205952.437500
793.961785 236822275054621.281250 206827590159324.906250 271241426656480.781250 173640209891745.437500 308711944494235.875000 125908068577634.765625 349578612700330.375000
805.029181 239914591949014.781250 209641603253111.250000 274520609903504.687500 177869404154065.375000 312582989804357.062500 129940874087843.343750 352768255234900.687500
816.250851 242875410439017.187500 212720670371162.250000 277901106718459.125000 181203090332401.343750 315872121724982.312500 134082953815831.593750 356238519000014.312500
827.628946 246386439334650.312500 215818272608127.187500 281363821024923.156250 183567111962059.718750 319920732634952.500000 138336303161366.156250 360011386344475.437500
839.165644 249483986801130.343750 219086870248837.531250 284790228366728.875000 188125084084815.187500 324362037336944.187500 142702903854104.031250 363795765699532.500000
850.863158 252781024293808.000000 222016605501349.562500 288581962204291.250000 191264214115506.187500 327972752632160.125000 147184720657984.593750 367591692191357.562500
862.723729 255890915428011.375000 225113277886468.281250 292130571415311.312500 194448784998761.156250 330888977281954.000000 151783697932509.625000 371399201053302.000000
874.749630 258963971208730.875000 228417881935138.968750 295577603117056.562500 197679454519081.375000 333815374127468.625000 156501756051513.000000 375579829201042.250000
886.943166 262484864456451.906250 231617022227774.781250 298744577484744.875000 201136830099506.187500 336814101243171.125000 161340787680582.500000 380133369629525.500000
899.306672 265947618799702.656250 234891580323426.500000 302461567934433.000000 204314886764297.031250 340843197531865.062500 166302653914915.000000 384679880486743.750000
911.842520 269566551730393.968750 238222111615121.312500 306105426057743.687500 207654776404023.625000 344899865439086.750000 171389180280030.281250 389217783875307.375000
924.553110 273127972204335.625000 241684617120430.125000 310006561294910.187500 211100179252524.093750 348984293640930.250000 176602152598474.468750 393745516070431.062500
937.440879 276801193362314.781250 245103693838882.218750 313520254565167.812500 214244147681564.500000 352909045599060.062500 180096319061997.093750 398261530556854.875000
950.508296 280144703832543.343750 248792449340652.000000 317111021568411.750000 217533319143656.750000 356439483071479.812500 182986307698438.156250 402764301059694.250000
963.757866 283709261641760.562500 252426174357068.343750 320520900771910.562500 220783563931930.343750 359995562588514.375000 185922913975721.187500 407252324557985.375000
977.192128 287252201304819.562500 255766829303073.875000 323963082246847.875000 223854674943078.937500 364025498829215.812500 188906889870656.968750 411724124269552.187500
990.813657 290764328817869.750000 259198156871010.312500 328575252112394.687500 226968257636399.343750 368126084709339.937500 191938999489994.687500 416178252595706.375000
1004.625062 294106863634930.875000 262481058453136.375000 332182074160585.812500 230546443765550.312500 372124335535160.125000 195020019266087.531250 420613294014268.062500
1018.628990 297866455459019.000000 266231622962950.750000 335803633735071.812500 234274367811381.406250 376337194847942.937500 198150738155712.250000 425027867909423.750000
1032.828126 301601673268431.437500 270016415159934.031250 339703116337664.437500 238535242565084.375000 381622062203201.500000 201331957842099.125000 429420631327048.062500
1047.225190 305574818887871.250000 273662708111379.312500 343904069017023.000000 241978776914366.312500 386168943454237.125000 204564492940218.000000 433790281644280.500000
1061.822941 309672120918936.375000 277449952756169.406250 348467503126671.187500 245779554265965.625000 390740150933224.500000 207849171205377.000000 438135559142398.937500
1076.624177 313150591093742.562500 281061785892084.687500 352671967899879.437500 249410145257411.437500 394960075024789.750000 211186833745185.125000 442456197618740.000000
1091.631734 317527608992699.250000 284670517742141.750000 357004357206319.000000 253094861208063.437500 399832500524156.562500 216365719747161.968750 446782770509166.562500
1106.848489 321293895451721.937500 288261467799476.750000 361328654792450.375000 256834509014434.000000 404601035698432.000000 222300787586338.625000 451130519525135.437500
1122.277356 325253379486826.750000 292024503103602.250000 365268754965992.562500 262029571573304.812500 409270856546188.750000 228369995430531.875000 455499548311796.125000
1137.921294 329268732225111.437500 295770901933058.750000 369383947226368.000000 265598301816632.187500 413965661359913.125000 234575010300677.500000 459889961021581.625000
1153.783300 333325555383185.750000 300426412911113.875000 373554214617018.875000 269147454196240.000000 418685583806094.062500 240917449048827.156250 464301862316693.000000
1169.866413 337574327249449.437500 304605809475805.500000 377765576167563.125000 274932585408299.406250 423430758266348.125000 247398873929088.125000 468735357371593.375000
1186.173716 341728876856875.625000 308705113751709.000000 382179537821699.687500 279370762781722.281250 427740643661595.500000 251870637601099.718750 473190551875515.375000
1202.708335 345933579619098.375000 312779972775418.812500 386597134986445.562500 283150389839488.500000 432753267538356.750000 255811737583641.875000 477667552034980.062500
1219.473437 350189040978144.875000 316900482093510.750000 390680279704860.125000 287003352497977.812500 437819148355122.250000 259814038929424.750000 482166464576330.187500
1236.472235 354781346504002.750000 320977419849505.062500 395660944268115.312500 290638009146484.687500 442613042194625.000000 263878492034753.687500 486687396748272.562500
1253.707987 359256991319492.187500 325158090968342.250000 400430666838382.875000 294802476899966.937500 446635044244629.625000 268006062054643.500000 491230456324436.812500
1271.183997 363485205459619.812500 329575517589005.312500 405549941944926.312500 298748021616641.062500 451847285715046.375000 272197729132006.906250 496116331190724.500000
1288.903612 367829428513233.312500 333685844560812.562500 410277777016850.250000 302746025508913.875000 457259364096309.000000 276454488630400.125000 501366590260995.062500
1306.870230 372528875285580.375000 337938292812295.125000 415060719127894.312500 306305649852313.750000 462329371054056.250000 280777351370386.656250 509057607030904.875000
1325.087292 377184436903295.000000 342571020245645.312500 420266737965351.562500 310902210040843.062500 467599356299301.625000 284675132983743.875000 513372589344740.250000
1343.558290 381662576674806.375000 346893136585602.125000 425207742847583.625000 315061813598205.062500 472888731279771.250000 288358632153826.187500 517028008140738.125000
1362.286764 386517069162900.937500 351143652183090.687500 429848282315881.500000 319276722414816.687500 479131587480794.500000 292089103378393.250000 522104044617548.250000
1381.276303 391639689384915.062500 356000958264144.687500 434824795608388.125000 323547671818374.250000 484569266923358.937500 295867145646015.875000 527322920077534.625000
1400.530545 396490414372784.687500 360414307251122.750000 439977898713561.312500 327875406913344.375000 490279834048194.250000 299693365583578.687500 532548929152327.375000
1420.053182 401375254284492.062500 364918049672703.687500 445743286401200.562500 332260682710954.250000 496429827709008.250000 303568377553684.875000 538149845070916.187500
1439.847953 405990682478675.375000 369703553266713.875000 450823317430284.750000 336920565905082.375000 502718011108864.500000 307492803753300.562500 544242754687140.875000
1459.918652 410824639502680.000000 374824856956036.375000 456019120396821.750000 341601017772423.000000 507291653351755.375000 311467274313661.187500 550349514971153.500000
1480.269127 415720240364401.875000 379678331446246.687500 460957464487845.000000 345926187366603.937500 513696496181344.875000 315492427401447.375000 556468645404113.125000
1500.903276 420689826529917.312500 384674256781187.937500 466007533402439.250000 350392647314386.687500 521768593597847.187500 319568909321254.750000 562598643584114.875000
1521.825053 425747615150175.062500 389717623168685.625000 471601676377921.437500 355077307849218.937500 527980456574829.437500 323697374619366.687500 568817792981837.500000
1543.038469 431069264488747.000000 395153596592610.000000 477095854291882.062500 359824254696149.000000 534034972288427.687500 327878486188855.000000 575825066592849.500000
1564.547589 436311547272836.562500 400458419298241.000000 482690439781766.750000 364634316001559.125000 539657250607320.312500 332112915376016.375000 583876723714670.125000
1586.356534 441618670740171.875000 405072211712765.062500 488513197287766.437500 369508330922700.875000 546252836166718.062500 336401342088169.250000 591904952245329.500000
1608.469483 446733135885860.000000 410132177833165.187500 494365325639682.937500 374447149774093.625000 552679883646223.000000 340744454902823.562500 599906096979602.250000
1630.890676 451812915213595.687500 414830493868395.875000 499630160399090.125000 379451634175867.875000 558614609086336.625000 345142951178242.625000 607876560419756.875000
1653.624407 456965984888616.312500 419862055700463.437500 505143810569814.937500 384522657204084.562500 564565825080087.625000 349597537165417.062500 615812810969549.625000
1676.675035 462831337496658.750000 425307768632500.562500 510348004079243.000000 389661103543049.500000 571118814785658.875000 354108928121463.875000 623711390975691.500000
1700.046975 467894732356868.062500 430534062377188.750000 516359677428872.500000 394318722739076.187500 576877325132027.875000 358677848424473.187500 631568924581301.125000
1723.744708 473154737321481.250000 435874708148170.562500 522723810113875.750000 399392061396237.125000 583440679293784.875000 363305031689817.937500 639382125356407.875000
1747.772774 478763112255778.375000 441416227836131.500000 528676389491867.187500 404726382948053.187500 589070253406657.250000 369042385984533.687500 647147803671403.500000
1772.135779 484503963789919.875000 447523485819020.000000 534765804040038.625000 409721793666038.250000 595155391978841.375000 374980213555440.812500 655868509804072.625000
1796.838391 490201334284877.875000 453231689820897.937500 540822728871005.062500 414629948727565.625000 602474238022227.500000 381013822649359.375000 665314337775915.625000
1821.885343 495812991387318.625000 459070914112903.750000 547785714908557.125000 419622962271534.625000 609470709601164.750000 387144758292653.750000 674734221843198.500000
1847.281437 501617951805893.500000 464459240606066.250000 554479348316220.437500 424684751169486.375000 615983014790026.375000 393374590434100.687500 684123574173796.250000
1873.031539 507448854592455.312500 470486086282232.375000 560783099907875.687500 430411687983617.062500 623184367941010.875000 399704914346904.187500 693477866612742.750000
1899.140582 513139415403465.625000 476351896054370.875000 566975989400914.500000 436432321394197.000000 632798841398879.875000 406137351037197.875000 702792641172880.125000
1925.613572 518904710670116.937500 482131686175340.000000 573031148871259.000000 442536349563439.812500 640549128666002.000000 412673547659134.500000 709785496565631.750000
1952.455581 525215473181365.562500 487981070086570.500000 579369218860452.125000 448724927633221.750000 648374967277525.250000 419315177936675.125000 716048336600185.875000
1979.671753 531223051829170.937500 493850652003459.000000 585609933485627.625000 454999226745857.750000 654302344805803.250000 424386331794717.875000 722232127593887.750000
2007.267304 537295907384031.625000 500057448720364.187500 591532587633412.250000 461285433104161.500000 659665784685897.250000 429129670308947.625000 730305028002757.000000
2035.247521 543699543144632.000000 506073083001084.000000 598877639213305.125000 467012953634022.625000 665055475568600.875000 433931634494968.312500 738714776151769.875000
2063.617768 550238241676622.562500 512056666043827.500000 605364040276953.750000 472539987786239.625000 674154613627227.500000 438792948941460.375000 747048792183387.875000
2092.383480 557169746955015.750000 518353242674219.000000 611660238795409.500000 478131095080007.875000 683298398143358.250000 443714347192715.625000 755304086606955.250000
2121.550171 564150278051938.500000 524984784802783.250000 618456717251701.000000 484549350463966.750000 690710335642950.625000 448696571859325.000000 763477841513498.000000
2151.123430 570505367669205.000000 531133390677598.625000 625137916721863.750000 491268189158264.125000 698147233786223.250000 453740374730235.187500 771567415819779.625000
2181.108924 577065325238202.250000 537260982894677.625000 632073467733895.500000 498079945490690.062500 705898713783168.250000 458846516886187.187500 779570349882853.750000
2211.512400 583871507587201.875000 543252214847737.937500 639403762748220.875000 504985904458231.500000 715068250755360.250000 464015768814561.312500 787484369467554.875000
2242.339683 590245837031137.125000 549014188436314.750000 646725519317777.875000 511512605993113.062500 722357653534419.375000 469248910525638.187500 795307389053048.875000
2273.596682 596721663799074.250000 555706254760012.000000 653789605870487.000000 517472925014414.375000 728432671439669.250000 474546731670298.187500 803037514468313.625000
2305.289387 603822718247635.750000 562465434531703.250000 661077530232396.500000 524069010237822.625000 738991031835383.000000 479910031659173.375000 810673044850223.000000
2337.423871 611390642125800.250000 568980140765196.375000 668816448158673.750000 530364590579261.937500 747654651932486.375000 485339619783277.375000 818919386943953.375000
2370.006292 618417414294412.750000 576334237838786.500000 676174183478578.000000 536546890202359.125000 756892837783007.625000 490836315336119.500000 827757168245688.250000
2403.042894 626141619993982.625000 583401084739110.125000 684205932980564.875000 543148906964716.375000 764276453191629.000000 496400947737334.062500 838579720951912.750000
2436.540009 633312763277604.500000 589916357813902.125000 691576077794504.500000 550342504544246.250000 771904058197794.375000 502034356657831.812500 850702084504359.750000
2470.504055 640540892349299.125000 596737377045442.750000 698971734003235.500000 557638481348362.000000 777492614345682.500000 507737392146504.875000 862845643003908.750000
2504.941542 648530421625929.625000 603689563448942.250000 707280470485734.750000 565038294437388.750000 786713883123532.875000 513510914758492.062500 874945435836753.875000
2539.859069 655970250707763.250000 611272391933476.000000 714287494801448.875000 572400911739930.250000 795962703392129.750000 519815204602191.500000 882621210028344.375000
2575.263327 663212917265073.750000 618508658832129.375000 721521118289540.750000 579023545606162.500000 803510523932010.875000 526497214629932.500000 890194374706700.000000
2611.161101 670680878774852.125000 625131637592997.375000 729847623196225.625000 586365180982330.375000 812670276614903.500000 533264433782095.562500 897664150344536.500000
2647.559271 678620254472784.250000 632360361470191.375000 737753991299875.250000 593478739654947.750000 818969139173979.875000 540117948647125.750000 905029951730641.250000
2684.464811 686105029719971.875000 639842873734084.500000 746751606761407.250000 600681378786666.000000 827804203704133.000000 547058859669665.312500 912291385500032.875000
2721.884795 694098154753382.375000 647124586110715.000000 755633803947810.750000 607974213899063.500000 836424230478135.625000 554088281327248.812500 919448247058921.500000
2759.826392 702196969012056.500000 653781903116984.000000 764642252782963.250000 614975298276442.625000 845062478993205.250000 561207342309249.187500 926500516927969.750000
2798.296876 710495975594737.000000 661540266923929.875000 773429389007530.750000 621316526801350.625000 853093425504773.500000 568417185698110.000000 934032782595629.000000
2837.303617 718622807950263.875000 669365509197751.875000 782207442013845.750000 627721064856899.375000 861287594643657.875000 575718969152884.375000 942907631532053.125000
2876.854090 726854128594805.125000 677622934477545.375000 790091489693919.500000 634189544512514.750000 869278945536333.000000 583113865095117.125000 951785338256289.125000
2916.955876 735382968418757.000000 685000061846059.125000 799055837805925.000000 641240106155330.500000 880002468154186.625000 590603060897094.500000 960665903688558.750000
2957.616659 743686562780401.125000 692755984223709.375000 807784060334819.875000 647743438060532.875000 889105912659646.125000 598187759072498.750000 971459208969782.750000
2998.844231 752017272250995.500000 700510078477654.500000 815636418021106.750000 653781462883922.625000 896852024274931.125000 605869177469490.375000 984116385747280.875000
3040.646493 760742523411958.875000 708400717136524.250000 824726268613374.375000 660715742717423.875000 905328198885929.125000 613648549466254.375000 996706156287620.625000
3083.031457 769999144090298.125000 716837524587964.375000 835003793982073.125000 668236531588087.250000 913838283110941.875000 621527124169036.750000 1009222993601293.750000
3126.007243 778836262140760.625000 724710926621365.000000 843974134242904.625000 675444274795154.875000 922561048385547.000000 629506166612713.250000 1021661527684531.000000
3169.582089 788049046072120.000000 733399200239230.500000 853867961009852.375000 684073267632837.500000 933564212074598.250000 637586957963908.750000 1034016557665459.250000
3213.764344 797431380157810.125000 741950549602174.875000 863644514624938.750000 691155652563956.125000 945105802699568.375000 645770795726710.375000 1046283063424772.500000
3258.562476 806563410360997.875000 749318476180535.500000 873244884865616.500000 697686364716486.125000 954344328060259.125000 654058993951002.375000 1058456216638307.250000
3303.985070 815611008220763.250000 757810557642415.625000 883680576139494.250000 705318238244591.000000 964445486359945.250000 662452883443460.500000 1070531391191765.250000
3350.040830 825034449011067.500000 765859488484731.500000 893777127067825.000000 712932550806642.500000 977079986282405.750000 670953811981232.375000 1082504172920992.375000
3396.738582 834108308915994.875000 773988759921193.750000 903520930136669.875000 720572373457795.000000 985205419620758.375000 679264039175897.375000 1094370368634786.500000
3444.087276 843482626563491.500000 783260798560810.875000 913275626399416.125000 728132232305470.250000 996189652350886.750000 687414040655813.125000 1106164963356111.750000
3492.095985 852723476262402.625000 791660179393851.625000 923007139889275.250000 736360080251899.250000 1009340066210694.750000 695660843289522.875000 1118052919901089.375000
3540.773909 862575859109038.750000 800276033951389.375000 933366426777340.000000 744694725242244.750000 1019530068386986.625000 704005596826925.500000 1130054161421352.500000
3590.130377 872508773274098.250000 808777285061973.000000 943398458944055.250000 752812769489786.750000 1029145416904348.375000 712449464674005.625000 1142169767453621.000000
3640.174847 882079004576951.500000 817995223050370.000000 954268677451296.250000 761679142126933.500000 1044650146978591.375000 719178747035509.875000 1154400827821944.250000
3690.916911 892221359478936.000000 826443991659268.125000 964821248959804.875000 769195155513416.375000 1052069503343143.375000 724567639278892.500000 1166748442735725.000000
3742.366291 902382305344991.250000 835193180252925.000000 976789133417178.250000 776428816911085.625000 1065558883661550.250000 729985548562134.625000 1179213722888695.250000
3794.532847 911961111949922.875000 843941599225979.250000 988287590937183.125000 783728075628065.750000 1081699128696202.625000 735432631130446.750000 1191797789558819.250000
3847.426577 922036851352504.000000 853392901523326.000000 1000312036849645.250000 791093526523317.750000 1098079773624997.500000 740909044070357.750000 1204501774709157.000000
3901.057617 932149971546339.500000 863880293398446.375000 1012888039281922.250000 799328000422310.375000 1114704399069476.625000 746162539361210.750000 1217326821089684.000000
3955.436245 942060485404679.125000 872316047601535.875000 1024392372959282.375000 807386512638994.500000 1126250124696948.750000 751444099085456.875000 1230274082340087.750000
4010.572881 952747623493424.250000 881808665258774.500000 1036452134887843.000000 814374871172226.250000 1141135302361162.250000 757515848700045.750000 1243344723093538.500000
4066.478092 964039042082009.250000 890992286858286.125000 1048106790275708.625000 823682887821546.500000 1154692593757543.750000 763111170977071.750000 1256539919081450.750000
4123.162591 974775961839811.750000 901108492909271.750000 1061549501907255.750000 831263515313361.625000 1163870227306647.500000 768736621837525.375000 1269860857239239.250000
4180.637241 986077128502928.750000 911339029337599.125000 1074774029561927.375000 836473726605442.000000 1175128116084329.500000 774392363511837.250000 1283308735813092.500000
4238.913057 996629400748788.375000 921173245908600.375000 1085759307678407.375000 844556177176195.625000 1189131406351480.000000 780078559103983.500000 1296884764467753.500000
4298.001206 1007212075422658.250000 929656201212085.000000 1098013476266688.750000 854034975639191.625000 1205801205843263.750000 785202852343841.625000 1310590164395333.000000
4357.913012 1018669932172463.250000 939786582152625.000000 1112573852162787.000000 861439063622687.000000 1219526251973110.500000 790803963153006.875000 1324426168425155.250000
4418.659956 1029884709250726.875000 949904320366077.125000 1124239175577200.375000 869538938491175.500000 1235565061718791.500000 796784357246048.500000 1338394021134658.500000
4480.253680 1041304366919970.250000 959182524202749.500000 1138691989260445.500000 879020574187859.625000 1250687762985680.500000 802858370775393.250000 1354773482921965.500000
4542.705986 1053471142758262.125000 969031705111850.000000 1151934606939487.500000 888012590234458.875000 1266685702812310.750000 808947509914692.000000 1374990447362980.000000
4606.028844 1066199464066122.000000 978216301832200.000000 1164750783789032.500000 894368001679538.250000 1282635277398965.500000 814418317096401.875000 1395501401730241.000000
4670.234388 1077854176202711.875000 987854155176734.250000 1177698481330693.500000 902802143259586.750000 1298909962050021.250000 819908967037680.125000 1416310621150062.500000
4735.334923 1090168232760243.625000 998628157084174.625000 1192034450596079.000000 912019355654478.250000 1315725144823313.250000 825419531708730.750000 1437422442916557.500000
4801.342924 1102167772079113.875000 1009609902444577.375000 1206570402877090.500000 920962672582109.000000 1335215548846192.750000 830950083340795.250000 1458841267395656.500000
4868.271040 1114063354446884.625000 1020081158839879.500000 1221012791082330.750000 928839351812969.875000 1354993777662052.500000 836500694427100.000000 1480571558942290.500000
4936.132098 1126700378588729.500000 1029703890434420.750000 1237431213460522.250000 935701949712677.125000 1370731926802419.000000 842071437723805.375000 1497883938004308.750000
5004.939103 1138817873182223.500000 1039967911924981.625000 1251697427040091.250000 944445551753963.500000 1386514605172548.500000 847662386250961.000000 1511159040290019.250000
5074.705239 1151373708791995.750000 1050380097336485.500000 1267574874590174.750000 953268443773519.125000 1402548236904793.500000 853273613293461.750000 1524457352990889.000000
5145.443878 1164241533510113.000000 1059815481902481.000000 1283838363389895.750000 962171344800027.125000 1421658273668438.750000 858905192402009.500000 1542709118424625.250000
5217.168576 1177346583823001.000000 1071307730379398.875000 1300647764342416.750000 971154980382566.625000 1441305947114618.250000 864557197394074.750000 1565100916451366.750000
5289.893076 1189566105653753.750000 1082858888522000.625000 1316565112036707.000000 980051213626357.000000 1461223285930036.250000 870229702354867.250000 1587817612305163.250000
5363.631317 1203116018162313.250000 1094616814513141.750000 1334182026476284.500000 988779247017282.500000 1481413991286312.750000 875922781638305.500000 1610863920149562.750000
5438.397428 1216202975942519.000000 1105321692142487.250000 1352402634671492.250000 996728902176125.625000 1499797501245749.750000 881636509867991.875000 1634244622549119.750000
5514.205739 1229534309777045.500000 1117595681921215.250000 1369957792424062.000000 1003443312751679.125000 1520055538798356.250000 887370961938189.375000 1659397190632127.000000
5591.070777 1243757543592838.250000 1128514690836718.000000 1386255967356337.000000 1012427018392726.875000 1540591638258668.000000 893126213014805.125000 1685161849387857.250000
5669.007271 1258186927960315.750000 1138657624900706.000000 1405149212780553.000000 1019967140364344.500000 1562521685194068.500000 899006246377378.750000 1711324820077000.000000
5748.030158 1273499157691499.000000 1150740120031569.750000 1419324853742197.500000 1029569706077210.250000 1585936475806792.250000 905430885715786.500000 1737892260452227.000000
5828.154581 1287686317304475.750000 1160008335357858.000000 1437861870645566.750000 1039290359202359.375000 1608512675696625.750000 911931665362561.375000 1764870423462752.750000
5909.395895 1303170168154955.500000 1171346293187134.250000 1456682539821705.500000 1049128559528914.250000 1630724935807724.000000 918509487679103.625000 1792265658726028.500000
5991.769669 1318093778195414.500000 1182461785360595.750000 1477203695461040.000000 1058390471680353.000000 1653500190411059.500000 925165265720968.375000 1820084414022208.750000
6075.291689 1335015286404879.500000 1191869364028691.000000 1495063792741478.000000 1062944070335958.250000 1675998711783396.750000 931899923364602.625000 1848333236811702.000000
6159.977960 1351055570965299.500000 1203139145100438.000000 1512063176231709.500000 1067588830839165.625000 1698796261498524.500000 938714395435587.875000 1877018775776194.750000
6245.844712 1366245065312525.250000 1214302880040812.250000 1530779751695775.750000 1075060556469236.750000 1722664751582020.000000 945609627838399.750000 1906147782383484.000000
6332.908400 1380659152854520.000000 1227289426251893.750000 1550287415880987.500000 1084921533569437.000000 1745304396350021.500000 952586577687710.000000 1935727112476526.750000
6421.185709 1396978429369119.000000 1239317033851310.250000 1569175995630990.000000 1094889047100156.125000 1769023089444252.500000 959646213441240.250000 1965763727887031.000000
6510.693555 1411839124934846.500000 1250402472428367.500000 1587639908415359.250000 1102371900058342.625000 1790680778407911.000000 966789515034192.500000 1996264698074006.750000
6601.449093 1426174982518098.500000 1262613925477875.250000 1608005449958636.500000 1109347828249626.000000 1817017895243646.250000 974017474015270.375000 2027237201787634.500000
6693.469713 1441155991868220.000000 1276520369967520.500000 1628510026086901.250000 1118080695729541.250000 1842087458196171.000000 981331093684317.000000 2058688528758878.500000
6786.773051 1457767289472068.750000 1289821486088890.500000 1648424790458865.250000 1129875604067944.500000 1867092497095751.000000 988731389231579.250000 2090626081415200.000000
6881.376986 1474182339113613.500000 1302919277382287.250000 1668249239751326.250000 1140457601070355.000000 1892429878517748.500000 996219387878626.000000 2123057376622807.500000
6977.299650 1491066812903783.250000 1315170986148797.250000 1689511188827884.500000 1147653259335089.000000 1918104019633940.750000 1003796129020931.750000 2155990047455825.250000
7074.559423 1509115354032202.500000 1327280630769269.750000 1710149922729037.250000 1154907511378339.000000 1944119396324837.750000 1011462664372157.375000 2189431844992841.250000
7173.174944 1526695006056953.500000 1339494534030792.000000 1729998772939199.750000 1164684424632165.500000 1970480543959974.000000 1019220058110133.750000 2223390640141199.000000
7273.165113 1543198662195718.000000 1352694876034684.750000 1752436752486330.000000 1175162407221871.750000 1997757510854807.500000 1027069387024579.875000 2257874425489510.000000
7374.549090 1560089183009984.500000 1366154661746851.000000 1776085322303280.250000 1182420667078250.250000 2026522652552493.750000 1034484125813575.375000 2292891317188802.000000
7477.346305 1577391098278365.250000 1380478264771650.250000 1799660972491234.000000 1193401443519320.000000 2055701229467177.500000 1041570812024757.750000 2328449556862735.500000
7581.576458 1595105046993110.500000 1394260986913234.250000 1822861167400992.250000 1204679335266547.000000 2085299183814632.750000 1048695657220565.000000 2364557513547384.000000
7687.259522 1612913265592611.750000 1408911245943914.500000 1845648926482158.000000 1214893882419188.000000 2115322543216824.000000 1055858866871942.000000 2401223685660964.000000
7794.415750 1630051771538374.000000 1422220415953111.000000 1868785810527938.500000 1224011041558548.250000 2144917127755991.250000 1063060647556212.500000 2438456703004047.500000
7903.065679 1648511198608940.000000 1435544762073188.500000 1892210399612985.750000 1232097184688653.000000 2174491567670308.500000 1070301206963035.625000 2476265328790667.000000
8013.230128 1667601326537073.500000 1448984443837092.000000 1913994651513183.750000 1240812452868230.250000 2203291118417468.750000 1077580753900398.250000 2513891701311542.000000
8124.930211 1686832831816429.500000 1460044757877218.750000 1937999704497032.250000 1249604354422354.500000 2234863750956324.750000 1084899498300634.750000 2550964266430287.000000
8238.187331 1705311334781760.500000 1475029122392299.750000 1961856870960168.250000 1261512351105713.000000 2265672713086391.000000 1092257651226481.750000 2588575931309375.000000
8353.023195 1725168015948224.000000 1488303120169044.000000 1987167346171739.750000 1270251428450820.500000 2296904529870031.500000 1099655424877163.750000 2626734535399638.000000
8469.459808 1745423644314391.250000 1502911426831083.500000 2013442750549602.000000 1276492937099759.500000 2328891385506202.000000 1107093032594514.500000 2665448032151201.500000
8587.519485 1765580275722655.500000 1516168039323768.750000 2038697291959140.500000 1285850070106067.250000 2364320419702650.000000 1113942003480597.750000 2704724490671229.000000
8707.224849 1786141310162658.000000 1529358108014456.000000 2065314692458546.750000 1297443886192636.750000 2395051208951918.500000 1119243334763649.250000 2744572097405777.500000
8828.598841 1804575479123995.250000 1543149125073614.750000 2092884843521481.750000 1308006377200811.250000 2426177619011904.500000 1124550709869077.375000 2784999157846101.000000
8951.664721 1824216111092509.750000 1558453553717535.250000 2121938850882425.500000 1315819057458670.500000 2459612374216704.000000 1129864135687186.250000 2826014098259792.500000
9076.446073 1845462738163431.000000 1572504271859521.750000 2150061933083133.750000 1323659595041172.500000 2493506023225515.500000 1135183619116138.500000 2867625467447069.500000
9202.966809 1866620540865101.250000 1589136231167178.000000 2178466454805368.250000 1332293132994166.000000 2527864864380352.000000 1140509167061956.500000 2909841938522617.000000
9331.251175 1888850416265263.250000 1604097393226348.500000 2204316313535097.500000 1341889424393727.250000 2562695282468303.000000 1145840786438538.500000 2952672310723331.500000
9461.323756 1910646117855606.250000 1620379572405464.500000 2234631569835964.000000 1351570096007176.250000 2598003749908008.000000 1151178484167665.000000 2996125511242364.500000
9593.209478 1932254902383152.500000 1636826161878091.000000 2265123423839987.500000 1361335889789942.000000 2633796827952395.500000 1156522267179007.500000 3040210597089829.000000
9726.933615 1953672391903675.250000 1652741331717012.000000 2293124714633102.000000 1371187554221468.750000 2670081167907943.500000 1161872142410136.000000 3095818292842192.000000
9862.521795 1976646016275913.250000 1668640211607036.500000 2323068006107673.000000 1379454610110571.000000 2706566400818980.000000 1167228116806533.250000 3154282989175725.500000
10000.000000 1999195558495284.000000 1684562447331372.000000 2353281363613755.500000 1387189963566544.750000 2741581974144500.000000 1172590197321597.250000 3213920796346353.500000
