0.001000 228744374589304635392.000000 89869084837032416.000000 7754424112806178536292352.000000 294614806808842.062500 1163191213117013988284039168.000000 8114868888516.426758 11575177104585482084076748800.000000
0.001038 226772764177795088384.000000 91718171956049040.000000 7419729127221959864614912.000000 303664037164501.687500 1102574001939887244609323008.000000 8405156705091.142578 11002919320522703031853121536.000000
0.001077 226715396080480059392.000000 94914978885240096.000000 7098845839336547532406784.000000 312990794462904.500000 1045115651460939738997850112.000000 8705948413558.374023 10458949842342362726879199232.000000
0.001117 228025170120558673920.000000 98310693949417456.000000 6792260491311254949855232.000000 322605392918621.187500 990651604606158146119925760.000000 9017428599807.099609 9941870625095085030260080640.000000
0.001159 229239863154119245824.000000 101827859241191360.000000 6498740143374522201931776.000000 332514808927480.812500 939025676694209555769327616.000000 9339985860043.234375 9450352351603322655531335680.000000
0.001203 230371212935423852544.000000 105470835487904384.000000 6217755674464118558949376.000000 342726740179320.937500 890089965683847982351384576.000000 9674162770876.201172 8975009269708102345385050112.000000
0.001248 231564437900447973376.000000 109120874714630592.000000 5949333861035171070869504.000000 353255164418424.187500 843704581525910978870378496.000000 10020325026798.826172 8505719549067413617333239808.000000
0.001296 232720035709840621568.000000 112894161375132656.000000 5710628847013337436782592.000000 364105012026508.312500 799736577934735285522792448.000000 10378818129320.851562 8060966904747250478397521920.000000
0.001344 233907773216480559104.000000 115017785809251936.000000 5539003551720209152737280.000000 375288250298084.625000 758059671674148680651243520.000000 10750145650574.691406 7639468523649003706959003648.000000
0.001395 234656112559797633024.000000 117181359062470288.000000 5372534892883549066625024.000000 386815981073700.250000 718554590996499237586337792.000000 11134754023060.621094 7240009153834834142961860608.000000
0.001448 236217951702676635648.000000 119150520041615968.000000 5211068245457681187340288.000000 398696721160305.750000 681108206882470317795573760.000000 11533117565282.998047 6861435438569457698136391680.000000
0.001502 237517638538718085120.000000 121631387550434640.000000 5054453107498147794386944.000000 410944072515009.750000 645613319462067690060906496.000000 11945719946507.880859 6502656310814645764401135616.000000
0.001559 236000949326243561472.000000 123919406146824832.000000 4902543804202254434566144.000000 423566344242587.625000 611968081627790211289186304.000000 12373148044794.818359 6162636178387833705176498176.000000
0.001617 235682333411097116672.000000 126250376688497712.000000 4755198990425740162367488.000000 436576425543141.125000 580076251547207678602248192.000000 12815783089140.113281 5840394463380942995389939712.000000
0.001678 237808174293084012544.000000 128625282874807360.000000 4612281321326737688100864.000000 449986152977002.562500 549846381575726759143276544.000000 13274309784284.740234 5535001668910906511363932160.000000
0.001742 239953190767286419456.000000 131044832102590496.000000 4473657952595206979190784.000000 463807348781437.000000 521191762006263926299295744.000000 13749247942295.898438 5245576879837080552072019968.000000
0.001807 242117505076705230848.000000 133509869024449664.000000 4339199641869193375121408.000000 478054112303849.312500 494030479558136072591376384.000000 14241162601489.578125 4971284863704776604435611648.000000
0.001875 244301321223732887552.000000 136021217985276400.000000 4208781447313987196682240.000000 492737352413459.687500 468284573089166635044962304.000000 14750657793869.027344 4711334673342313835763073024.000000
0.001946 246141397477119164416.000000 138579880620608848.000000 4082281876747485249011712.000000 507872375435803.125000 443880351180020747935416320.000000 15278406054027.779297 4464976445454519062319071232.000000
0.002019 247415689094830489600.000000 141114464550159968.000000 3949418002952052432437248.000000 523471757790012.062500 420747887779524101363728384.000000 15825040295128.039062 4231499519521014815278497792.000000
0.002095 248665339802592673792.000000 142096271714945056.000000 3792805738519270074089472.000000 539550683217024.000000 398820931896292505024462848.000000 16391240562756.742188 4010645074068702759816790016.000000
0.002174 249940451110903283712.000000 143324784151304384.000000 3642396482884719295332352.000000 556122921662183.625000 378036662548431701691858944.000000 16977638760992.128906 3803625905329176988031647744.000000
0.002256 251234402640031842304.000000 144724105186718208.000000 3497955086747186797477888.000000 573204835183723.375000 358335496181500293704318976.000000 17585080461910.871094 3607290666148818696378777600.000000
0.002341 252520928490105700352.000000 145897895243646400.000000 3359244796698767122235392.000000 590810752146863.625000 339660980466489545143091200.000000 18214234784889.574219 3421088028193015231890325504.000000
0.002430 253815167782350487552.000000 147123103578874656.000000 3226025158568893256564736.000000 608957982524932.125000 321959671650643119922216960.000000 18865879346344.371094 3244495105808375254012133376.000000
0.002521 252418650744610193408.000000 151430040211369600.000000 3098097093354503291273216.000000 627662548634943.500000 305180825078955982423326720.000000 19540828952671.773438 3077015954678854671098970112.000000
0.002616 249911109716464304128.000000 155992884463831680.000000 2975237030595033154191360.000000 646941497608664.375000 289276331915169019222556672.000000 20239955504654.859375 2918180257127371735990009856.000000
0.002715 247426267290881392640.000000 157608335510418560.000000 2857253582522345051914240.000000 666812647505646.250000 274200694933023594142236672.000000 20964104050738.292969 2767541963975273525456928768.000000
0.002817 244966297248062799872.000000 159230703096195744.000000 2743945494795306013818880.000000 687293578666154.875000 259940611907539715699507200.000000 21714128183147.714844 2624678042446155192670879744.000000
0.002923 242532895555239968768.000000 160947560840279584.000000 2635129136476206718255104.000000 708403879674976.750000 247455957266357869619445760.000000 22490989169216.128906 2489187277588214737375592448.000000
0.003033 240119488344255889408.000000 164214336776312288.000000 2530631956591235165061120.000000 730162691197941.500000 235570863602257160090681344.000000 23295668874106.679688 2360689176557065970743508992.000000
0.003148 237734461450152837120.000000 167546365193466816.000000 2430278036267533424656384.000000 752589926963873.500000 224256534140131508557447168.000000 24129096199608.726562 2238822879094502362645004288.000000
0.003266 235371109175301767168.000000 171854574316889408.000000 2333901616982017550843904.000000 775705881730074.750000 213485565240483954164760576.000000 24992384181782.019531 2123246133081670211619258368.000000
0.003389 233030324646298681344.000000 177566583861827616.000000 2242825357278183969259520.000000 799531466155819.375000 203231859039809136066822144.000000 25886536697048.187500 2013634357541978294846488576.000000
0.003517 230714305426794741760.000000 183468370040705600.000000 2174686640339204689625088.000000 824089254182121.625000 193470577973078470502121472.000000 26812654925404.785156 1909679731168193315736649728.000000
0.003650 228421182431790268416.000000 189566233509565440.000000 2108617499503789523075072.000000 849401323746297.875000 184178075758630954564845568.000000 27771941832216.937500 1811090304803311231170510848.000000
0.003787 228533724161209925632.000000 193810112555118208.000000 2044555069836572575662080.000000 875490639417266.375000 175331836375617882967506944.000000 28765531736270.500000 1717589195247052142919286784.000000
0.003930 230054672473305612288.000000 197455481906502208.000000 1982438465544890213203968.000000 902381160882648.000000 166910432314653744102899712.000000 29794663543994.578125 1628913816645950985023258624.000000
0.004078 232866000060595732480.000000 201169389291857120.000000 1922208556482630346866688.000000 930097556785566.375000 158893460663002059572772864.000000 30860638983963.546875 1544815125017506305972109312.000000
0.004232 235711519133564043264.000000 204953127535504672.000000 1863808013507311066677248.000000 958665439059299.875000 151261499146559620527423488.000000 31964719269978.394531 1465056933868497190573309952.000000
0.004391 238591636026533478400.000000 208808022270594656.000000 1807181295437158316769280.000000 988110749556087.625000 143996059772986349706018816.000000 33108319031455.375000 1389415246546518330681851904.000000
0.004557 241506763456434405376.000000 212735371962341312.000000 1740628154800267696537600.000000 1018460196852934.125000 137079540593536236815122432.000000 34292812943693.781250 1317677620259217990576242688.000000
0.004728 244457317436311044096.000000 216736568464987232.000000 1687435323831615630606336.000000 1049741784365879.625000 130495185633798388795310080.000000 35519693919592.093750 1249642576948171482503053312.000000
0.004906 246017756278643818496.000000 220812991027492384.000000 1637203137891679508365312.000000 1081984168533630.375000 124227043225629907082018816.000000 36790469255849.734375 1185119041084370515595886592.000000
0.005091 244461694794155524096.000000 224966052735132896.000000 1574441190986280412905472.000000 1115216842107503.750000 118259927414245096368898048.000000 38106707635870.468750 1123925788792275240008810496.000000
0.005283 242915417880112660480.000000 229197196716199936.000000 1506982986501868415352832.000000 1149470160829809.750000 112579383402236381541433344.000000 39470017702094.507812 1065890956759648735965741056.000000
0.005482 243700251140449861632.000000 233507876840862016.000000 1442408085042020374020096.000000 1184775381769256.750000 107171648201927450593067008.000000 40882114265374.562500 1010851546101969037945733120.000000
0.005689 246822559534584823808.000000 237899595202824480.000000 1380601666375499919654912.000000 1221164979991678.000000 102023621305488747876319232.000000 42344722704446.671875 958652970344643518554701824.000000
0.005903 246284339946066771968.000000 241291331728720832.000000 1323127605142968042782720.000000 1258671971302205.500000 97122830356620622983856128.000000 43859661655189.554688 909148620171912754231246848.000000
0.006126 245202499120406560768.000000 245726317835492256.000000 1277550053739249467916288.000000 1297330844869985.750000 92457402204268364843450368.000000 45428780910408.398438 862199453953682595809067008.000000
0.006356 244125301248698548224.000000 251576331788390816.000000 1233542147461535502434304.000000 1337177341146711.750000 88016034556748787343163392.000000 47054053391849.757812 817673603156407348570882048.000000
0.006596 243052720296987852800.000000 256307689205382272.000000 1191049840197245301948416.000000 1378247217138621.500000 83787967360636704830521344.000000 48737447350129.835938 775446006170528677827182592.000000
0.006844 241984732634643857408.000000 261127989281846688.000000 1150020937387622524780544.000000 1420578494842084.500000 79762957043683003862089728.000000 50481082103331.421875 735398054122650768320233472.000000
0.007102 241292209865188474880.000000 267804757198716000.000000 1110405036436785979195392.000000 1464209845660244.000000 75931252298028529850777600.000000 52287085325495.804688 697417259323016118001467392.000000
0.007370 242296698702341963776.000000 276882943353160256.000000 1072153474201533550690304.000000 1509181138825515.750000 72283569850661405447946240.000000 54157694330092.632812 661396939077534553240240128.000000
0.007648 244265638171947204608.000000 283565534537009952.000000 1035219270185022681776128.000000 1555533603478375.000000 68811072692606391306682368.000000 56095216525927.656250 627235916555382188268322816.000000
0.007936 244318097943574577152.000000 290418022597025216.000000 1008426502457646085308416.000000 1603309438889215.000000 65505347454319544909168640.000000 58102053090843.671875 594838235352668968880963584.000000
0.008235 245335027476683685888.000000 297431850095536000.000000 969402391193275510816768.000000 1652552532733229.500000 62358385630275476792541184.000000 60180676389892.023438 564112892015971697661313024.000000
0.008545 243458854618775355392.000000 304004925871374976.000000 931888294415875396599808.000000 1703307761946145.500000 59362562617162944529563648.000000 62333667731534.093750 534973578630006844359180288.000000
0.008867 242788242869885206528.000000 308249529936200768.000000 899771729482497711407104.000000 1755621884472057.000000 56510620295403898696368128.000000 64563671786216.578125 507338441572889018215956480.000000
0.009201 242420038943167938560.000000 319022247084683136.000000 872516178724733308633088.000000 1809542283434598.750000 53795649182926007003250688.000000 66873442937223.195312 481129851341033639837171712.000000
0.009548 243104022967389978624.000000 325408016645847360.000000 848072259538725080399872.000000 1865118572260963.000000 51211071243407414590963712.000000 69265845169810.945312 456274184678774435135619072.000000
0.009908 244282270096333602816.000000 329371833892362816.000000 824312276406863143108608.000000 1922401711876711.250000 48786163717426967868342272.000000 71743830276885.531250 432701617482983431649361920.000000
0.010281 243738089051682406400.000000 333383684806965568.000000 801217085302214496354304.000000 1981443720768692.000000 46644333912046047540019200.000000 74310454013280.281250 410345929189689673096626176.000000
0.010669 240951674843820195840.000000 337444799373493184.000000 778768078683902763335680.000000 2042298859467759.500000 44451642687565325718781952.000000 76968881738292.546875 389144316677011616823246848.000000
0.011071 239380901593450020864.000000 346121958237596864.000000 756947169975804113190912.000000 2105022617608986.500000 42101071204349885315809280.000000 79722414804992.125000 369037217595700525888700416.000000
0.011488 239227411888833691648.000000 355497513862323200.000000 735736777037029004279808.000000 2169672626911379.500000 40035139806181267951583232.000000 82574440141751.062500 349968143682625056192593920.000000
0.011921 239854940436140032000.000000 359651805924659584.000000 715119810948659014533120.000000 2236307814797512.000000 38111454869091394244313088.000000 85528478135196.203125 331883521781750234536214528.000000
0.012370 239511823590441222144.000000 364231186567642816.000000 695079661895284846231552.000000 2304989064942865.000000 36280162838279355644248064.000000 88588192587749.031250 314732543224279137335115776.000000
0.012836 239265015821256196096.000000 375766381667835776.000000 675600183287191642832896.000000 2375779290703988.000000 34536826640501649866489856.000000 91757345071882.156250 298467021681122958083358720.000000
0.013320 238761945161778135040.000000 387666806449152064.000000 656665681324092178825216.000000 2448743250775429.500000 32877222286387861172256768.000000 95039862865006.765625 283041257388265401416155136.000000
0.013822 237656672796150071296.000000 399152121969132416.000000 629057442561733888573440.000000 2530135056647362.500000 31297328625816836084072448.000000 98439791299074.468750 268411909047362965179727872.000000
0.014343 236118938364258549760.000000 403959148562298304.000000 610314084617851932508160.000000 2622306724127489.000000 29793317677069351333658624.000000 101961328071843.218750 254537872128448109851181056.000000
0.014883 234032760565494185984.000000 408824271966157632.000000 593069685986951377715200.000000 2717835369503771.500000 28361545194758457838796800.000000 105608827747556.718750 241380163250427694906605568.000000
0.015444 231211891982630256640.000000 413747754900031296.000000 576311110079145983344640.000000 2816843091273001.000000 26998542031411661483540480.000000 109386791939491.531250 228901810939302769632215040.000000
0.016026 231564297791875219456.000000 418730716937736128.000000 560024658441347792896000.000000 2919456622374572.500000 25632615806052023895326720.000000 113299890032168.703125 217067751706872182386720768.000000
0.016630 230798718750488788992.000000 423773489013817536.000000 544197018647145306128384.000000 3025807152765895.500000 24290982942151708088729600.000000 117352944658555.687500 205844731524714321154146304.000000
0.017256 233914917714705285120.000000 428876972293326528.000000 522831688120817474863104.000000 3136030720801482.000000 23019559924501230255079424.000000 121550966080249.609375 195201212557397952051544064.000000
0.017907 235864364016623124480.000000 434041971716588224.000000 501691692218897192189952.000000 3244252299219021.500000 21814673091052429903921152.000000 125899138314882.156250 185107284577393124862590976.000000
0.018581 236708683481815973888.000000 439833680032702272.000000 485437767104256546963456.000000 3325479826527791.500000 20672840396924203491655680.000000 130402829608858.484375 175534580900741749556641792.000000
0.019281 238117006224879484928.000000 448766109706167680.000000 471126219765780297285632.000000 3408740420713354.500000 19590762536859795426639872.000000 135067599242357.859375 166456198814960121257394176.000000
0.020008 239532969691671035904.000000 457879334403387904.000000 457235342221643773640704.000000 3494085229424440.000000 18565312414764872941699072.000000 139899201093931.125000 157846623965952516667998208.000000
0.020762 240956582637706280960.000000 467178911566721216.000000 438090669877389380550656.000000 3581566769905504.000000 17593526848906439382007808.000000 144903607938317.156250 149681658752349901544226816.000000
0.021544 243636366158649425920.000000 476666307942901824.000000 417285711026938903003136.000000 3671237738814576.000000 16672597576217965046530048.000000 150086997452245.625000 141938354362740976948084736.000000
0.022356 247242625594574012416.000000 486346943957241920.000000 405673695595376354000896.000000 3763153608123212.500000 15799863285228457909288960.000000 155455759892832.718750 134594946326331282746769408.000000
0.023199 246337941653865365504.000000 501197325392530432.000000 394661186768519710113792.000000 3857370029781267.000000 14972802053549695250202624.000000 161016530301707.875000 127630793392901159007551488.000000
0.024073 246727648968923283456.000000 516887863339205888.000000 383946537486472938782720.000000 3973061631444244.500000 14189023815103492470603776.000000 166776168468444.812500 121026319572809672363606016.000000
0.024980 248894965570708635648.000000 533069526024588288.000000 373521681436872905064448.000000 4095064158709572.500000 13446263544452158498799616.000000 172741784578898.718750 114762959168970016012894208.000000
0.025921 249659184826745585664.000000 549757745509574208.000000 361893281422639926083584.000000 4220811759224328.000000 12742374829217007741698048.000000 178920739148757.937500 108823104632880307585941504.000000
0.026898 251136448504520704000.000000 566968370317367296.000000 350245076678607913353216.000000 4350419156405663.000000 12075323554298828563677184.000000 185320660132043.000000 103190057115446971673346048.000000
0.027911 252621368514429550592.000000 574374431180966656.000000 336604997155586280783872.000000 4484004873586084.000000 11443181981952046337622016.000000 191949443168940.968750 97847979578861060412669952.000000
0.028963 254113936402043404288.000000 580760207613965824.000000 323495838009456108503040.000000 4621690852777311.000000 10844123345568190919868416.000000 198815270739148.281250 92781852322494787134423040.000000
0.030055 255614141290646634496.000000 587216712387603456.000000 310896858250971027865600.000000 4763602787429102.000000 10276416392308519832911872.000000 205926612716611.468750 87977430797480561750310912.000000
0.031187 253678740427397726208.000000 593744713297636096.000000 298788716409467397210112.000000 4909870343840342.000000 9738420499934100605370368.000000 213292244037836.437500 83421205609064693625782272.000000
0.032362 250475558952694775808.000000 600344997772720768.000000 287151698037223062503424.000000 5060626985089326.000000 9228580887670563146825728.000000 220921253411741.562500 79100364582782748076277760.000000
0.033582 251888508686420606976.000000 607018342095268480.000000 275968353047245383270400.000000 5216010420157245.000000 8745424147945553102110720.000000 228823049665271.656250 75002756772325665322041344.000000
0.034847 250062627442769952768.000000 619048466545528192.000000 265220859668790436167680.000000 5376162454438495.000000 8287553940256551327498240.000000 237007383924159.781250 71116858341316637721886720.000000
0.036160 252598631564550438912.000000 631620151518041600.000000 254891566288786040029184.000000 5541229282408485.000000 7853647027666264841519104.000000 245484347372479.656250 67431740205496202900275200.000000
0.037523 255063335907656663040.000000 645392084015506048.000000 244964338632812677562368.000000 5711361562221759.000000 7442449401149896630730752.000000 254264400930224.437500 63937037333890810605731840.000000
0.038937 256849635393319796736.000000 661639996981297536.000000 235423846634975160958976.000000 5886714539241192.000000 7052772663900431720644608.000000 263358368822789.250000 60622919641104955549417472.000000
0.040404 258647959155776815104.000000 670888502370628352.000000 226255157253695034359808.000000 6067448245023575.000000 6683490622518514312806400.000000 272777468916110.937500 57480064381701714551504896.000000
0.041927 260458366057353052160.000000 684513152352165504.000000 217443203347827035996160.000000 6253727535117344.000000 6333536011818355920994304.000000 282533315054671.812500 54499629967377546510073856.000000
0.043507 262280914333710647296.000000 698414313066190080.000000 209986903325138688671744.000000 6456139243936460.000000 6001897406548941970866176.000000 292637937701339.000000 51673231137441988388847616.000000
0.045146 262781143903343968256.000000 712597936210726016.000000 204763801431638984884224.000000 6666663567758945.000000 5687616314892937785769984.000000 303103794464128.437500 48992915409180090536296448.000000
0.046847 266486224855266656256.000000 731664555104762112.000000 199669297021667455795200.000000 6884031605499863.000000 5389784400345174600843264.000000 313943788692639.687500 46451140740500080316907520.000000
0.048612 267450496227463168000.000000 741834690674455424.000000 193209170844699991212032.000000 7108464321743155.000000 5107540854150905974489088.000000 325171281117326.187500 44040754353770874970046464.000000
0.050444 268213115031284252672.000000 756900255097990784.000000 186603236622045284401152.000000 7340189704995014.000000 4840069917425889594834944.000000 336800113068445.062500 41754972641834638294122496.000000
0.052345 263039770108953296896.000000 769007830080045056.000000 178912690211585112670208.000000 7579442988047018.000000 4586598521652428184485888.000000 348844615136748.062500 39587362120023171611492352.000000
0.054317 263723926722745532416.000000 780244606874854272.000000 172425359383426949447680.000000 7826466864281104.000000 4346394043748521170960384.000000 361319631375737.250000 37531821356033608075182080.000000
0.056364 260548451775472926720.000000 791643647503439360.000000 165673711834593308442624.000000 8081511721700907.000000 4118762205039970234662912.000000 374240533089921.312500 35582563832800505520717824.000000
0.058488 256574245393341644800.000000 803207192916172672.000000 159426109651423321915392.000000 8344835872610162.000000 3903045054728321900740608.000000 387623240572187.062500 33734101698513663602720768.000000
0.060692 254730271960055742464.000000 827701839267441024.000000 153414012264276104839168.000000 8616705793581936.000000 3698619072502522550681600.000000 401484239981977.562500 31981230351788345909051392.000000
0.062979 257357092529919590400.000000 853937152175041792.000000 148007391027956052656128.000000 8897396378030575.000000 3504893364575801568133120.000000 415840604627022.500000 30319013823961142787047424.000000
0.065352 260010094666508894208.000000 871278711233999232.000000 142226006875381616869376.000000 9167896004803202.000000 3321307961123323212988416.000000 430710017538914.875000 28742770916709348463869952.000000
0.067815 259831912557191626752.000000 888972288505918080.000000 136789914680042205478912.000000 9427960505492812.000000 3147332191696570703413248.000000 446110788914469.937500 27248062053159548147990528.000000
0.070370 257928739629272858624.000000 907025150263473152.000000 131955463498239611764736.000000 9695394269499130.000000 2982463159022854848118784.000000 462061881745270.750000 25830676808199318253076480.000000
0.073022 256038562696238399488.000000 925444290495797632.000000 126586839540494787149824.000000 9970405521657076.000000 2826224278296676051976192.000000 478582935729817.937500 24486622082827063727751168.000000
0.075774 254459239212930105344.000000 946257622829918080.000000 121812627196494770864128.000000 10253208408402850.000000 2678163907874601945792512.000000 495694285674765.875000 23212110888440292918165504.000000
0.078629 252296730994782863360.000000 976200063371622272.000000 117064571148680478851072.000000 10544023092357940.000000 2537854037456325378572288.000000 513416993653979.437500 22003551709642440874917888.000000
0.081592 250444843650399109120.000000 1003141416199355648.000000 112484172084224804782080.000000 10843075869038660.000000 2404889054811159827316736.000000 531772868991044.937500 20857538416177608099102720.000000
0.084666 249662953329080762368.000000 1019090823743284096.000000 108083000370348924338176.000000 11150599417747592.000000 2278884573587728804872192.000000 550784494558770.437500 19770840695748646500564992.000000
0.087857 248583998948404133888.000000 1035286446214847488.000000 103854004208025900941312.000000 11466832946107634.000000 2159476322586696173486080.000000 570475260670643.500000 18740394980339370057269248.000000
0.091167 249925747411830243328.000000 1051731683904124416.000000 100001495950635953029120.000000 11799353621058584.000000 2046319092557527025451008.000000 590869385011054.125000 17763295840368637991976960.000000
0.094603 251273968658879381504.000000 1068429961910053632.000000 96717953116802339831808.000000 12161390002828456.000000 1939085737915647944294400.000000 611991947181288.625000 16836787823654033776705536.000000
0.098168 248787726934167289856.000000 1086920112145555584.000000 93269637225572904992768.000000 12534519265505646.000000 1837466234297941284093952.000000 633868918784012.000000 15958257715197088339329024.000000
0.101867 244677802932831649792.000000 1108991978491590528.000000 90074996884517804834816.000000 12919080250146084.000000 1741166779361512346615808.000000 656527192530768.625000 15125227196450010688389120.000000
0.105705 243859456320309493760.000000 1131511930045733376.000000 86989367780208464101376.000000 13315422028890110.000000 1649908946516392225538048.000000 679994615100520.375000 14335345883219423171444736.000000
0.109688 243248481416629518336.000000 1154489030137346560.000000 83839440513912872632320.000000 13723904287788800.000000 1563428878355985833394176.000000 704300024865406.750000 13586384723261105123622912.000000
0.113822 243643740365627097088.000000 1177932559767549696.000000 81130387885955007643648.000000 14144897599023968.000000 1481476526252030401970176.000000 729473279454171.125000 12876229734188761579782144.000000
0.118111 242824813275041005568.000000 1201852031860520448.000000 78349972564165315788800.000000 14578783751543304.000000 1403814925501001357066240.000000 755545299194498.625000 12202876064831397454413824.000000
0.122561 245005324324629708800.000000 1226257038667487232.000000 75664430868647024525312.000000 15025956098958126.000000 1330219512862170211680256.000000 782548097661779.375000 11564422362861496032034816.000000
0.127180 245688638072439734272.000000 1251157474187525888.000000 73070524750775202086912.000000 15486819876400790.000000 1260477475922007925194752.000000 810514826320818.000000 10959065433192629425668096.000000
0.131972 243464674203627454464.000000 1276563470505943296.000000 70556921467046562103296.000000 15961792584979546.000000 1194387139357474251866112.000000 839479809546102.875000 10385095172078050627026944.000000
0.136945 239599225502920343552.000000 1290705629532278016.000000 67902468079548001943552.000000 16451304314925530.000000 1131757381297906129043456.000000 869478587588877.750000 9840889762492508612329472.000000
0.142105 238993532823967137792.000000 1312418647634682368.000000 65347717669462397157376.000000 16955798166488712.000000 1072407081598597363400704.000000 900547960585236.500000 9324911117547567946137600.000000
0.147460 238388483185470013440.000000 1355917910957310208.000000 62888925542104994676736.000000 17475730597771938.000000 1021052970052237194690560.000000 932726030084341.500000 8835700559105412745396224.000000
0.153017 237784046134285631488.000000 1371939228488590592.000000 60522487700080163815424.000000 18011571815481068.000000 975431240735336270135296.000000 966052245978391.750000 8371874719314779515650048.000000
0.158783 237180190366479122432.000000 1389157197757796608.000000 58547199287649458192384.000000 18563806207144204.000000 931837504009798554746880.000000 1000567454272065.500000 7932121653640411532492800.000000
0.164766 234915359104330629120.000000 1404066250971864832.000000 56938231982553233883136.000000 19132932740087776.000000 890181708657937199661056.000000 1036313943309461.750000 7515197154601537244233728.000000
0.170975 232958322005396226048.000000 1419123696060775424.000000 55264377855414798123008.000000 19719465384017676.000000 850377801598825234694144.000000 1073335497249388.375000 7119921255594494410096640.000000
0.177417 235731809814643638272.000000 1434330437870404864.000000 53366528328810809524224.000000 20323933574846344.000000 812343550378737246666752.000000 1111677446344547.375000 6745174915255601605902336.000000
0.184103 241213717624501862400.000000 1449687356755907072.000000 51533430648747159715840.000000 20946882626904440.000000 776000373537064685142016.000000 1151386720747456.750000 6389896872851610657619968.000000
0.191040 239470847781420367872.000000 1465195306717327104.000000 49762874892274876022784.000000 21588874232041584.000000 741273178555766204792832.000000 1192511906374781.250000 6053080666006324997259264.000000
0.198239 235466534244291444736.000000 1480855113380097280.000000 48052726564643592470528.000000 22250486915249944.000000 708090206938063750299648.000000 1235103303222945.250000 5733771802286443496210432.000000
0.205709 236379358643669172224.000000 1496667572023228416.000000 46400924030290307842048.000000 22932316527901320.000000 676382886205477464571904.000000 1279212983734598.500000 5431065076781155235135488.000000
0.213460 235928131195924774912.000000 1530277208805380352.000000 44527715131517279666176.000000 23634976751388432.000000 646085688460312559222784.000000 1324894854832047.750000 5144102028074500124311552.000000
0.221504 234407801769020522496.000000 1572423279883853568.000000 42941586613424858595328.000000 24359099623102324.000000 617135995203831147266048.000000 1372204720741239.500000 4872068525550757772001280.000000
0.229851 239143918067795132416.000000 1615694260789737728.000000 41380177476836315365376.000000 25105336030834312.000000 589473968182290148229120.000000 1421200349654508.000000 4614192481156436739489792.000000
0.238512 241177870122943578112.000000 1660117804779276800.000000 39462776924787785596928.000000 25874356301472020.000000 563672455255483693924352.000000 1471941541214152.000000 4369741679289538919268352.000000
0.247499 241299554647635034112.000000 1705722086189031936.000000 38092340096318067179520.000000 26666850714421164.000000 538980715563485927309312.000000 1524490194991043.500000 4138021718652251883438080.000000
0.256826 240670691292487811072.000000 1714955349134856704.000000 36769083488951198547968.000000 27483530105117716.000000 515342096661234543755264.000000 1578910385713299.250000 3918374060312568939937792.000000
0.266503 238862357014815604736.000000 1726324341804897024.000000 35491382385727449858048.000000 28325126428667796.000000 492712002019541913698304.000000 1635268435201206.750000 3710174176519696391602176.000000
0.276546 240497469847968579584.000000 1747902998608082688.000000 34257668032594987450368.000000 29192393374988640.000000 471829301000213597519872.000000 1693632991100425.750000 3512829795019791641083904.000000
0.286967 242134378594116173824.000000 1767214635305589504.000000 33066425711056595714048.000000 30086106974343928.000000 452435592374968421187584.000000 1754075106131547.500000 3325779233987145718824960.000000
0.297780 244988821457456037888.000000 1813393614805172736.000000 31916192876407700848640.000000 30899723841695872.000000 433822939250471825571840.000000 1816668320427927.000000 3148489822881936991846400.000000
0.309001 245411732242046713856.000000 1860729785106760704.000000 30805557362783869206528.000000 31867843524961012.000000 414268674266380078415872.000000 1881488745995290.250000 2980456404786926829174784.000000
0.320645 249743190893715292160.000000 1909248940865290240.000000 29869665654548532822016.000000 32939932641603484.000000 393256440216368225189888.000000 1948615155213765.250000 2821199916038171821867008.000000
0.332727 248690489267881181184.000000 1958977240830669312.000000 29292094795409361207296.000000 34047695948763888.000000 375841397975489351516160.000000 2018129070651415.750000 2670266039141933890142208.000000
0.345265 244314785045687369728.000000 2009941197907496448.000000 28401064846663371194368.000000 35192292070959140.000000 359171376329996132941824.000000 2090114858809863.500000 2527223925215658382458880.000000
0.358275 247473074206128799744.000000 2062167667852116736.000000 27581621739867443560448.000000 36374915197421904.000000 343214838798307924377600.000000 2164659826250444.250000 2391664982342909296640000.000000
0.371776 249740055837736861696.000000 2096966938928455936.000000 26479102756056675123200.000000 37596796022120296.000000 327941585868123040382976.000000 2241854318786243.000000 2263201726458621962747904.000000
0.385785 255234580641063206912.000000 2153749127155934976.000000 25556147161603982229504.000000 38859202697334232.000000 313322698347919620177920.000000 2321791824528183.000000 2141466691526398037721088.000000
0.400322 256498340082553487360.000000 2184688799678748672.000000 24773586829507014164480.000000 40163441800342744.000000 299330483114739979255808.000000 2404569079514938.500000 2026111395952283892056064.000000
0.415407 251501956304633004032.000000 2225159661642800384.000000 23872750892250795343872.000000 41510859309889640.000000 285938421156929398112256.000000 2490286176250003.500000 1916805362333692054208512.000000
0.431060 249857274382368079872.000000 2284703378778763776.000000 22992528253361489707008.000000 42902841595658760.000000 273121117815370858627072.000000 2579046676323451.000000 1813235187786022083624960.000000
0.447304 250488757508278157312.000000 2289855925082524928.000000 22195608413016900501504.000000 44340816414854496.000000 260854255128450630156288.000000 2670957726529691.500000 1715103662241918656446464.000000
0.464159 251781791668375552000.000000 2312922938088083968.000000 21425869703450552434688.000000 45826253919205920.000000 249114546192853099347968.000000 2766130178000424.500000 1622128932243759821750272.000000
0.481649 249664166378423877632.000000 2346131526548112896.000000 20682384740895982354432.000000 47360667666134880.000000 237879691453428920221696.000000 2864678709240121.000000 1534043707883269675548672.000000
0.499799 249245194495858376704.000000 2379812875781950464.000000 19964257807869117726720.000000 48945615637508656.000000 227128336841269833629696.000000 2966721952845272.500000 1450594510660283043676160.000000
0.518632 249998207561151479808.000000 2413973491946874880.000000 19289933430124777046016.000000 50582701260254632.000000 216840033680926653284352.000000 3072382625833004.000000 1371540960150441930260480.000000
0.538175 250748580513801142272.000000 2463301435866530304.000000 18657135893578474586112.000000 52273574428750840.000000 206995200291718482100224.000000 3181787664180149.500000 1296655097477214855233536.000000
0.558455 249627446412130320384.000000 2526542554556230656.000000 18044505791994032816128.000000 54019932527053024.000000 197575085211394152333312.000000 3295068361201551.500000 1225720743689633218428928.000000
0.579498 251479547702669737984.000000 2558840775604433920.000000 17451399595035470069760.000000 55823521447244552.000000 188561731973167875883008.000000 3412360509479095.500000 1158532891245261650657280.000000
0.601335 252876697798232571904.000000 2636594899791632896.000000 16751046421084482043904.000000 57686136602918136.000000 179937945370033081286656.000000 3533804547713142.000000 1094897126888124094349312.000000
0.623994 250313338061763379200.000000 2716709629631343616.000000 16186727787233084964864.000000 59339801655625512.000000 171687259143458198126592.000000 3659545710909105.000000 1034629084303461516836864.000000
0.647508 248096286196846755840.000000 2773957435340905984.000000 15653327016030497669120.000000 60687146928781224.000000 163793905035656308981760.000000 3789734185550275.500000 977553925011605523791872.000000
0.671907 242994961023611633664.000000 2821770822072970752.000000 15110615835819512954880.000000 62573763893710712.000000 156242783147813159043072.000000 3924525268531979.500000 923505846044119797858304.000000
0.697226 237996452403493928960.000000 2890459106135216128.000000 14620599050574644641792.000000 64666620355326208.000000 149019433548661028552704.000000 4064079530734208.000000 872327613020653003735040.000000
0.723499 237881746301366534144.000000 2969591850398721024.000000 14052669961467955511296.000000 66826579850963248.000000 142110009080276165066752.000000 4208562985176853.500000 823870117316333586612224.000000
0.750762 233630688006550978560.000000 3013354078902125056.000000 13556235802427867004928.000000 69055585956156744.000000 135501249310398357700608.000000 4358147259235407.000000 777991956075447593205760.000000
0.779052 231805153774833467392.000000 3061590762643013632.000000 13068052292595651444736.000000 71355623463936240.000000 129180455582527190466560.000000 4513009771820231.000000 734559033895171987079168.000000
0.808408 228634675652836622336.000000 3140230837415180800.000000 12645817924415253381120.000000 73728718104765264.000000 123135467117222027067392.000000 4673333915206975.000000 693444185059525897748480.000000
0.838870 229659691074105376768.000000 3169732133223158272.000000 12067117153497873645568.000000 76176936153629792.000000 117354638120019621314560.000000 4839309240993974.000000 654526815265362672615424.000000
0.870480 226813682574722400256.000000 3240655577719025664.000000 11514323036437833842688.000000 78702383915940272.000000 111826815853314103574528.000000 5011131651389447.000000 617692561834241815478272.000000
0.903282 228630408665618710528.000000 3318758824782621696.000000 11108619619980525174784.000000 81307207081397344.000000 106541319631351285022720.000000 5189003594720199.000000 582832971457676586254336.000000
0.937319 229666408509750771712.000000 3410347587179111424.000000 10766195344786757517312.000000 83993589937118352.000000 101487920699189374222336.000000 5373134266237510.000000 549845194571770664845312.000000
0.972639 225333276583390314496.000000 3509439167585989632.000000 10433530682827467653120.000000 86763754428343088.000000 96656822958318828912640.000000 5563739812750042.000000 519097493226271535005696.000000
1.009290 223741539076082499584.000000 3615568452791399424.000000 10166303542199153852416.000000 89619959056275232.000000 92038644503059927924736.000000 5761043542960543.000000 491248478610989424574464.000000
1.047322 222341913198219689984.000000 3725411650340047872.000000 9868465912358325190656.000000 92564497601501488.000000 87723152681483104157696.000000 5965276142004516.000000 464838603574607519678464.000000
1.086787 225237364532949188608.000000 3837368592065860608.000000 9502083900659160055808.000000 95599697660689472.000000 83656755657950460116992.000000 6176675890779856.000000 439794869311195507064832.000000
1.127740 225910508163280994304.000000 3824042045861157888.000000 9195023736764134064128.000000 98727918984181200.000000 79772932518316810960896.000000 6395488890142184.000000 416047965769709819789312.000000
1.170235 224574409657806913536.000000 3910495292457432576.000000 8907142711809936457728.000000 101951551601871200.000000 76063574976621201850368.000000 6621969289173571.000000 393532085230916209737728.000000
1.214332 222538036836511285248.000000 4021375403510282240.000000 8590797744528692346880.000000 105273013723388976.000000 72520934965161874161664.000000 6856379518720191.000000 372184745289510423625728.000000
1.260090 223061776680979759104.000000 4134972058739847680.000000 8320366439936260308992.000000 108694749399243728.000000 69137608636195963666432.000000 7098990528754774.000000 351946620766876382265344.000000
1.307573 223576424920423202816.000000 4251323493586967040.000000 8057806943102160601088.000000 112044586533132624.000000 65906521073127379697664.000000 7350082030532954.000000 332761384103997708697600.000000
1.356845 221853258395393916928.000000 4243047222541943296.000000 7759679714860131680256.000000 115229284063908528.000000 62820911680036609720320.000000 7609942742558338.000000 314575553806458851164160.000000
1.407973 219548432691832586240.000000 4293826119236218368.000000 7475716660722235604992.000000 118499430141933984.000000 59874320219099814166528.000000 7878870640970562.000000 297338350535441744134144.000000
1.461028 217245226739668549632.000000 4362648297581624320.000000 7230893663496413642752.000000 121856978616177232.000000 57060573467171472015360.000000 8157173213499553.000000 281001560459199696076800.000000
1.516083 217880952036189732864.000000 4486809771493879296.000000 7026176253784961843200.000000 125303904906503136.000000 54373772464160008830976.000000 8445167717306299.000000 265519405498572833030144.000000
1.573212 216242990854155632640.000000 4613808150017727488.000000 6773366523846387040256.000000 128842204485778544.000000 51808280326690796732416.000000 8743181440187850.000000 250848420119280919511040.000000
1.632493 218432756680316125184.000000 4722476440633607168.000000 6582392509042660474880.000000 132473891201362736.000000 49265996773078108995584.000000 9051551964795800.000000 236947334340608465567744.000000
1.694009 216344089322145513472.000000 4798481472897494016.000000 6362167427028040548352.000000 136200995427318272.000000 46719318981637622988800.000000 9370627436042228.000000 223776962647478291660800.000000
1.757842 211434685359007858688.000000 4814756474239353856.000000 6206497691069866573824.000000 140025562037877872.000000 44298315656475615166464.000000 9700766830779872.000000 211300098508240877256704.000000
1.824081 208867064748264914944.000000 4830925132665916416.000000 5994456107227805646848.000000 143949648191330304.000000 41996928696995677208576.000000 10042340229551312.000000 199481414215913336471552.000000
1.892816 206738548474368983040.000000 4914499381700312064.000000 5786151363065805799424.000000 147975320914450848.000000 39809391077320743190528.000000 10395729090422536.000000 188287365784718347862016.000000
1.964141 206247222567029997568.000000 5051786108194521088.000000 5584512460556824739840.000000 152104654476880736.000000 37730212839629453787136.000000 10761326523846322.000000 177686102647478404775936.000000
2.038154 205850360616156594176.000000 5126602267778126848.000000 5424770773492838694912.000000 156339727544390400.000000 35754167759376891248640.000000 11139537568142908.000000 167647381912275354910720.000000
2.114955 207750036355369500672.000000 5138904357410304000.000000 5233637506592783990784.000000 160682620099894240.000000 33876280650097957535744.000000 11530779465497576.000000 158142486948974952448000.000000
2.194651 204799164919933370368.000000 5179017730876395520.000000 5037199039657537437696.000000 165135410121332192.000000 32363898962865131880448.000000 11935481937299914.000000 149144150087966035804160.000000
2.277350 203841033748254523392.000000 5158389925776286720.000000 4840513309516572393472.000000 169700170004497376.000000 30969193523124589559808.000000 12354087458390680.000000 140626479224434381029376.000000
2.363165 201357647197961355264.000000 5137844336919301120.000000 4683707367629706493952.000000 174378962720028224.000000 29627586603001472614400.000000 12787051529630652.000000 132564888131951422078976.000000
2.452213 198877537719513645056.000000 5282883691133633536.000000 4530528589630244126720.000000 179173837691965824.000000 28337216433474156625920.000000 13234842947676154.000000 124936030299220936228864.000000
2.544617 196400482710847717376.000000 5434563159811046400.000000 4392725504935884488704.000000 184086826387333024.000000 27096287862604487983104.000000 13697944071193718.000000 117717736113114458357760.000000
2.640503 194251947386027507712.000000 5589767261555393536.000000 4261971304563287785472.000000 189119937605066496.000000 25903069831941995888640.000000 14176851082675568.000000 110888953220272404561920.000000
2.740003 193636381775199633408.000000 5608101039306159104.000000 4106894715964027305984.000000 194275152452260832.000000 24729339579300636000256.000000 14672074244917820.000000 104429689907888661725184.000000
2.843251 190649514615985537024.000000 5608299325003759616.000000 3956891692893698785280.000000 199554418997880896.000000 23512316124421853020160.000000 15184138150522924.000000 98320961352520439955456.000000
2.950391 187742841478555369472.000000 5699213141588699136.000000 3811801963115704745984.000000 204959646592227360.000000 22351346910353548115968.000000 15713581963942124.000000 92544738593325082214400.000000
3.061567 184857380716438618112.000000 5677124640055566336.000000 3675942574394604257280.000000 210492699842175808.000000 21243942987910623526912.000000 16260959654325554.000000 87083900093435006156800.000000
3.176933 185195942880588824576.000000 5663132451669688320.000000 3551097889259522097152.000000 216155392232843808.000000 20187725730827294736384.000000 16826840217809472.000000 81922185760092790456320.000000
3.296646 183063216231848542208.000000 5704604131133627392.000000 3440448013252501176320.000000 221363474465360320.000000 19180421909158196936704.000000 17411807888018442.000000 77044153300669169664000.000000
3.420870 182639688651902353408.000000 5745366598610483200.000000 3316733511956867055616.000000 224567211859951680.000000 18219858980552690368512.000000 18016462332937568.000000 72435136797916870475776.000000
3.549775 184248661419246944256.000000 5738532279125217280.000000 3184446341542905905152.000000 228339335758686208.000000 17303960589772206899200.000000 18641418836585024.000000 68081207393678495055872.000000
3.683537 181530621804203278336.000000 5753636333082127360.000000 3090277496672506347520.000000 235062836435592000.000000 16484858753632446709760.000000 19287308463687044.000000 63969135975833253445632.000000
3.822340 181296281421842546688.000000 5862891304772671488.000000 3015124193097046556672.000000 241973389157487008.000000 15736058247424321257472.000000 19954778205313404.000000 60086357768549561270272.000000
3.966373 180846000749604798464.000000 5938434942690810880.000000 2921044968371353812992.000000 249075461750989152.000000 14813416898577108566016.000000 20644491103659984.000000 56420938730908803923968.000000
4.115834 179674188502497296384.000000 6055223109627516928.000000 2814066257481738747904.000000 256373578437594400.000000 14048616230625950564352.000000 21357126353443968.000000 52961543673689889832960.000000
4.270926 177753848566301130752.000000 6215246623362391040.000000 2744655989968963895296.000000 263872316770561952.000000 13327971074150909345792.000000 22093379378029640.000000 49697406008604938469376.000000
4.431863 175758987741780246528.000000 6239240334480241664.000000 2653557065947609038848.000000 271576304230029600.000000 12641324235304674000896.000000 22853961877498512.000000 46618299048493460750336.000000
4.598864 174465598255280259072.000000 6286034952530855936.000000 2564751527538421399552.000000 278302863090625440.000000 11987162319548435136512.000000 23639601846334944.000000 43714508781020766011392.000000
4.772158 175654206407952433152.000000 6411103721803991040.000000 2487231867692181356544.000000 284442698923797856.000000 11364038592960061767680.000000 24451043557864672.000000 40976808042206228119552.000000
4.951983 172818412964063838208.000000 6435590410904563712.000000 2390265763607233953792.000000 290700248076193344.000000 10770569988870533808128.000000 25289047512669448.000000 38396432019714346057728.000000
5.138583 169920631497477881856.000000 6600323245239055360.000000 2301448456604583723008.000000 297076698423642304.000000 10205434247586844246016.000000 26154390347990820.000000 35965055019233740587008.000000
5.332215 167032861664101400576.000000 6667414015573861376.000000 2211278351013064212480.000000 303573180338216576.000000 9667367183440186179584.000000 27047864704998212.000000 33674768430487639687168.000000
5.533143 166746165854290673664.000000 6679467945938587648.000000 2135654427987303202816.000000 310190761346584256.000000 9155160073670950387712.000000 27970279050642408.000000 31518059832461576110080.000000
5.741642 167441699100269215744.000000 6686180244576071680.000000 2062445553908399734784.000000 316930440534625856.000000 8667657163906630025216.000000 28922457450669296.000000 29487793180314525761536.000000
5.957999 165738415566569472000.000000 6634523038745716736.000000 1990891739243756912640.000000 323793142696039296.000000 8203753285236925923328.000000 29905239290321364.000000 27577190019162515177472.000000
6.182508 163397259505097998336.000000 6706563255359860736.000000 1917797769152286425088.000000 330779712221080576.000000 7762391578111641649152.000000 30919478939009428.000000 25779811672505312083968.000000
6.415476 160827749397749071872.000000 6712411964703142912.000000 1852707714387020349440.000000 337890906724944064.000000 7342561318508844548096.000000 31966045355179836.000000 24089542355509806366720.000000
6.657224 158287749387647483904.000000 6716589495153605632.000000 1812141173807065071616.000000 345172319402830592.000000 6943295842028291620864.000000 33045821627509636.000000 22500573165681419223040.000000
6.908081 156880640813073465344.000000 6719048819510483968.000000 1743948478584035475456.000000 353018613336379840.000000 6563670561758627495936.000000 34159704448378468.000000 21007386905653272379392.000000
7.168391 155135038311578206208.000000 6719743618875228160.000000 1676923983019980619776.000000 360932632332455296.000000 6202801075955297157120.000000 35308603515541892.000000 19604743694910891229184.000000
7.438510 152574344215244308480.000000 6811061938281323520.000000 1619756825072011313152.000000 368908381655327488.000000 5859841361743561359360.000000 36493440857858224.000000 18287667329254698254336.000000
7.718807 154200473527054499840.000000 6960363855646429184.000000 1576659204924505325568.000000 376939493968859840.000000 5533982051225541017600.000000 37715150080826704.000000 17051432348694700097536.000000
8.009667 152755565634550071296.000000 7110346071947558912.000000 1522944676757673869312.000000 385019229208799296.000000 5224448786531336847360.000000 38974675527669912.000000 15891551776272822566912.000000
8.311487 149869781770752425984.000000 7186084802444479488.000000 1495210032110078787584.000000 393140476040961536.000000 4930500650501127798784.000000 40272971351672456.000000 14803765492031397298176.000000
8.624680 147070316375929077760.000000 7205019811377979392.000000 1451544186591794167808.000000 401295755005538560.000000 4651428669826615738368.000000 41611000495600608.000000 13784029207992737988608.000000
8.949674 143240777575335395328.000000 7221735017089353728.000000 1405719788215337746432.000000 409477223442728128.000000 4386554387613238165504.000000 42989733573883560.000000 12828504011595770232832.000000
9.286915 139481648342993223680.000000 7236163814521608192.000000 1331169491033156485120.000000 417676682288583232.000000 4174128031918627225600.000000 44410147653515784.000000 11933546446549965340672.000000
9.636864 136001673457354850304.000000 7248241247723053056.000000 1286895576255749423104.000000 429245828357418176.000000 3987825368916803715072.000000 45873224929652328.000000 11095699101527589257216.000000
10.000000 134605260053862383616.000000 7324401378991690752.000000 1247257777970199396352.000000 442385284514786816.000000 3711325313124002693120.000000 47379951292107768.000000 10311681678522412171264.000000
