185431635739197.312500 67.196610 0.958817 63.535063 14.407572 2.018949 1742.063014
379932672469909.625000 85.364151 0.864546 68.626721 10.198770 2.111185 2408.629059
669672606204667.500000 36.740523 0.873228 2528.578339 1634.333452 2.388262 2181.304752
80615270157495582720.000000 69.242894 1.649947 509.037718 11.001732 2.149397 133365.384916
673574343224682368.000000 2.956137 1.410541 14.189329 18.313129 2.209493 12751.697866
96385659518439.453125 71.109895 -0.006132 20.598125 41.266730 2.148766 1428.804646
182609970214907.062500 52.239810 -0.051407 485.756618 88.189651 2.285781 1589.096761
121782106604806448.000000 6.463995 0.071170 335.243994 15.049577 2.171978 7899.932559
202232289568037.281250 56.021341 0.462651 29.582766 153.529194 2.128009 1683.715524
1298295982870328.000000 69.533596 1.085704 600.628643 32.727924 1.973713 3372.882077
529073753822661.625000 4.912295 -0.212814 67.318535 2893.918334 2.234710 1235.662346
119411808133344.468750 42.684749 1.169509 11.746300 29.713833 2.193908 1289.196484
774064080666573.500000 61.881639 1.817306 1044.523312 4909.992448 1.568107 2725.603080
138916504777029.890625 67.466492 0.061735 27.083626 24.974139 2.249392 1584.394545
3302295240452559.000000 21.676968 0.658702 350.310363 37.288319 2.282370 3159.135483
167362457672956.531250 46.898130 0.323899 286.323388 28.585978 2.070241 1488.523872
167180591669469.156250 96.144777 0.520536 34.129644 155.900338 2.035432 1912.466213
186299985397286.687500 45.780023 0.912321 68.093076 216.313194 2.032864 1530.307073
339870903657790.750000 26.653305 1.110899 507.664031 648.296513 2.215028 1573.881140
290131648826404.375000 18.975258 1.314309 627.360827 877.644673 1.882298 1352.270282
1002536932237572.000000 40.150014 1.374596 2220.323631 3984.016858 1.836764 2568.133854
90838809353149.546875 81.674974 1.162584 66.691385 25.275137 2.070070 1471.458331
541283840838187.500000 79.553026 0.674241 1689.156772 351.547646 2.266055 2642.711954
1094742607826016.000000 41.789693 1.818825 2130.528661 3416.126872 2.314879 2679.454266
1540850614260287.000000 12.106200 0.711122 27.193505 26.532690 2.205865 2098.137229
88904673117930.828125 27.083497 1.342338 75.861933 87.540721 2.034005 1011.466501
171741285364810.250000 41.939759 1.337760 10.904605 66.302413 2.222575 1446.811680
1552390713764416.250000 8.674694 1.858216 20.542490 55.684345 2.303753 1951.563079
125910499247389.796875 26.833557 1.081356 238.192668 229.308217 1.891778 1132.682887
232948694310303.125000 22.167947 -0.453024 50.668586 208.742869 2.091016 1313.818150
127066506915433.000000 17.408746 0.762434 72.986630 138.438825 2.015544 1002.797174
427080878832788.500000 33.928219 1.927547 358.966273 257.033290 2.475094 1830.415052
473011462424753.750000 4.066948 0.965838 34.662717 1484.708009 2.433371 1163.402468
876062720397369.625000 97.617287 1.487736 1739.938129 2641.050248 2.711746 3340.240344
873349235658540.375000 97.916328 1.482854 1724.299632 2601.606457 2.725798 3340.505469
746095074443712.250000 46.761934 0.682297 2851.359543 373.984446 2.133425 2447.442907
421270411180491.562500 68.472130 1.928768 304.879768 120.779555 2.183174 2305.249302
1014366021010291.000000 72.084701 1.845770 184.921440 43.829773 2.114077 3146.190780
8816413865744704.000000 94.851040 1.011854 1153.095309 27.844553 2.191954 7136.613257
33986120306282876.000000 24.563708 0.820337 468.681230 15.839790 1.991716 7128.362775
766265453642416.375000 2.428146 0.137633 1883.187309 377.956363 2.261116 1321.145708
1594412808030220032.000000 7.845983 1.442509 345.775490 40.981509 2.148115 19295.704557
517696745519735.375000 13.826406 -0.082221 558.018436 24.391123 2.132111 1507.366780
456257876612672.375000 71.682575 0.695060 1093.498442 240.151989 2.335799 2405.839530
373350253455785.437500 19.224220 1.887610 15.389111 50.552639 2.269316 1476.232068
317998747154061.250000 15.506172 0.419242 101.185458 92.272936 2.255381 1319.891694
111726469356673.125000 25.353667 0.061172 10.691063 39.407596 2.062379 1069.988973
591028823528826.125000 7.017577 0.591167 1039.557584 3516.984798 1.662519 1357.151882
5144951248845239.000000 6.455525 0.665306 1645.972984 157.653702 2.200616 2750.793213
549449631231381.625000 6.861787 1.263189 39.133752 304.462520 2.459841 1319.175372
498310698487116.625000 94.664736 1.045019 902.693754 925.363158 2.324449 2736.854267
136775164764809.359375 23.868483 0.564815 72.970210 120.193274 2.045066 1124.242679
677581105160936.500000 14.621029 -0.264366 333.711038 10.159184 2.133846 1672.598877
555507729233069.750000 4.452064 0.780687 568.178251 3433.469566 2.670941 1240.182543
912074327175380.250000 56.268021 1.699144 1857.608015 4282.836746 2.902661 2786.005880
393885169980492.250000 18.501143 -0.017497 64.258316 142.721238 2.348118 1486.834745
13879489307393320.000000 36.486857 1.832736 226.978509 33.892648 2.084266 5978.414421
275568506162636.843750 57.632892 0.692430 293.358616 132.163403 2.391252 1884.889521
56314947974972.273438 81.214782 0.763079 11.890214 29.669222 2.093354 1252.145416
10167026107204585472.000000 0.923503 0.544596 2093.939828 82.894922 2.240084 33461.013833
256161015724754.843750 69.708524 0.495142 11.639261 398.607237 1.970117 1965.310225
821826055116848.875000 86.052844 1.205434 1956.762777 2559.207318 2.745880 3124.029525
710893240567982.875000 62.011682 1.811995 1016.285998 4902.530101 1.572942 2651.273280
2740145592823723.500000 84.144927 1.721866 1013.239941 116.610630 2.061933 4629.664959
380746956478895.937500 71.388861 1.963683 91.771269 27.118949 2.041444 2261.761044
430511771353306.937500 12.186924 0.703653 70.031897 838.630436 2.150497 1373.850776
445851286714868.500000 10.749234 0.739427 579.912261 1493.255633 2.410880 1349.412050
202604859677771.000000 95.339006 0.192960 2728.075881 86.665562 2.137290 2032.765221
608604555833007.125000 41.571575 1.798038 856.243600 2473.179924 1.736719 2199.418881
559696532352126.625000 26.386520 0.937242 918.695457 2092.437936 1.935864 1852.947490
71163150192892.765625 95.498296 1.981008 17.556866 47.554014 2.131056 1435.111459
507933367351294.937500 3.416160 -0.138334 498.538736 216.312079 2.135722 1172.078833
694472237611328.875000 2.861398 0.134027 2172.136379 378.070931 2.220212 1286.013897
527966319301084.625000 4.120289 0.969892 15.080723 3459.131796 2.494722 1208.520198
23862023553185.277344 86.757811 -0.294615 1018.667277 12.639828 2.233626 963.012728
510223381216120.937500 59.601328 1.337810 1150.675154 835.132525 2.401253 2341.448939
48414331312731.882812 36.886725 0.158221 73.599289 36.536304 1.926049 909.861200
905536777107176.875000 70.384570 1.847941 1384.137782 4230.524149 1.458585 3004.021199
108841578406161.531250 24.624987 0.052518 10.533813 39.709112 2.067646 1051.500795
48932440368759.070312 97.533683 -0.432406 118.317791 13.290907 2.226973 1276.427579
411495156315320.000000 22.141269 0.934247 68.561465 26.459509 2.107962 1587.637932
436922674153716.937500 70.756407 1.740938 524.202505 615.761263 2.614552 2360.521591
102789082711918.546875 41.753972 1.319276 15.466040 49.057589 2.093923 1217.501132
4297656300429489.500000 8.118668 1.201468 106.686525 58.759610 2.291580 2703.576413
182321317247902.281250 51.557975 1.323746 188.101417 201.111297 2.287300 1581.203274
64774711115876.351562 97.725589 1.866518 57.913743 29.675836 1.992118 1402.522250
442436948748823.187500 18.626192 0.491458 484.632370 75.406100 2.134519 1548.468070
409592875068167.500000 85.856649 1.506894 367.247809 168.301271 2.362872 2474.854135
1138269805134066.750000 98.891885 1.771370 1165.913955 519.349053 2.734705 3662.122432
2865484174626714.500000 33.831485 1.673723 807.566881 162.984608 2.364121 3449.204021
204175457130405.968750 32.763840 1.131062 22.933102 98.426136 2.236567 1415.523726
159068738502919.656250 56.187689 1.533702 70.586438 68.507149 2.345986 1555.802231
2735799007429564.500000 5.327141 0.864826 1018.181450 198.500464 2.087981 2161.313017
487944098461836.500000 18.465555 0.722735 774.527277 761.833374 2.423327 1595.992865
691984277704647.625000 64.564712 0.708014 2513.428372 800.939557 2.418351 2664.658848
1108451154030133.000000 71.633286 1.516288 340.268282 56.071633 2.100256 3233.429430
163793224407754.093750 50.484997 1.544616 35.405249 97.097327 2.208530 1514.906331
8997600261439258.000000 0.727910 1.456234 275.085772 255.458042 2.233749 3356.681573
17677849724597590016.000000 53.701792 1.377207 1773.602271 19.686177 2.092802 73653.288080
278584426611898560.000000 45.764249 1.397601 691.436967 29.990823 2.236588 17497.530433
2182093656948830208.000000 6.851567 1.287017 186.363367 21.899552 2.028037 20885.013634
786992966769902.875000 8.615366 0.566110 58.990758 79.726812 2.300501 1553.899019
505963270917700.000000 3.535426 0.802376 517.023692 1738.212143 2.557263 1173.876080
550414109723116.812500 2.510925 1.327343 124.894365 1861.659668 2.890807 1184.142929
482540308565527.437500 62.274133 1.608127 703.961802 435.492589 2.439890 2333.459853
1611567684788573.500000 8.049719 1.668626 927.755948 382.557224 2.353697 1946.284209
19153462784795344.000000 1.309338 1.691474 67.014100 112.591129 2.281396 3950.714494
454190946051046.625000 13.645319 1.299235 590.766069 545.760830 2.453505 1438.219938
285521605683777.937500 81.419538 1.941860 396.238827 668.026913 2.018904 2153.033311
512237964635752.562500 4.307192 0.207920 782.393330 2907.640434 2.234629 1202.388743
427819122295775.000000 84.552613 1.332855 735.932976 707.980499 2.457638 2497.266501
226598884053038.687500 97.199660 1.612979 15.631378 255.160815 2.032029 2124.912294
39619726206717.351562 57.335110 1.626706 18.428466 39.138210 1.958797 985.690298
445851286714868.500000 10.749234 0.739427 579.912261 1493.255633 2.410880 1349.412050
57735027284675.898438 54.540779 -0.055012 402.377286 64.634692 1.937410 1098.558517
267089734048757.187500 83.476547 1.620868 151.584629 40.852525 2.057031 2124.559450
47525837239870.679688 88.370060 0.070821 1678.596695 39.525198 1.931027 1219.699440
12293725299834608.000000 21.890917 1.539429 1522.840754 121.590448 1.931995 4910.115370
856037688486713.500000 72.761070 1.879937 1629.832228 4560.644569 1.452005 2982.975146
487213105190833.750000 65.984056 1.799777 560.268195 1367.845379 1.746129 2388.601116
105405007037632.156250 27.688113 -0.136532 10.492840 45.462297 2.064139 1077.747975
307940431671480.625000 8.149436 0.456184 298.294754 357.951306 2.224689 1123.773517
496840540643505.875000 18.297345 1.085835 463.715785 335.491090 2.507352 1601.570631
440744022566411.625000 90.532115 0.341056 2166.503476 145.948753 2.238233 2584.999027
17872643335350214.000000 1.461100 1.688145 66.414191 112.141097 2.279481 3824.900797
83321496998670.812500 62.882081 1.024091 10.804162 25.747131 2.168457 1303.784960
3120967207169698.000000 25.367586 1.281322 115.471091 29.884664 2.205746 3247.095782
523202466962463.250000 7.427993 0.161630 46.913913 3668.175644 2.052557 1316.956827
171096346098419.156250 60.471742 1.743057 215.016648 248.413784 2.217104 1634.880191
4012514897925138.500000 8.028322 -0.002692 17.078277 17.355762 2.035759 2636.529984
375510766447951.000000 84.452366 0.868826 67.889280 10.177405 2.107628 2390.015601
290881527097460.500000 87.910312 1.751020 120.595453 42.505783 2.185959 2226.888906
566549244332322.375000 64.762891 0.634608 1940.087737 1386.812060 2.126005 2495.471238
198415286361941.937500 63.731395 0.504210 61.739397 25.525393 2.293567 1749.190755
984722306737996.375000 3.503273 -0.183946 476.905295 126.337430 2.164215 1464.486877
536221896687538.812500 5.895961 1.659342 207.557861 2181.774860 2.145827 1275.167615
433236007424770.125000 10.643764 0.823231 137.476553 356.354237 2.317077 1333.544341
165339708999019.843750 96.995692 0.268182 1588.581793 39.997316 2.094216 1911.535041
533576848204761.187500 8.962618 -0.093911 60.730103 4321.692068 2.206969 1376.401148
1130828620865261.000000 4.728855 0.239784 45.762647 160.591660 2.399432 1583.691207
522606228486133.437500 3.013296 1.323678 138.036865 1310.657121 2.736233 1173.021677
122285157106390.984375 34.929296 0.907884 37.781879 23.713571 2.095096 1217.646472
537510517359379.625000 4.166745 0.874652 875.676880 1786.855050 2.660052 1217.260296
175899672965987.187500 19.083476 0.316722 45.871458 107.210515 2.140937 1146.332329
116990962358617.375000 55.671383 0.112257 18.044357 68.949244 2.155124 1399.924821
682641850727572.750000 99.190919 1.408192 1154.029411 2057.613359 2.177441 3091.671385
921683292076895.875000 91.374264 1.388385 1849.237801 3573.015484 1.819258 3316.748226
766452587322610.750000 52.526959 0.757529 1594.119772 3217.907979 2.036680 2568.098914
211147340734681.343750 97.589113 1.539307 24.034888 155.625347 2.175696 2078.494571
158777399230923.593750 54.498492 -0.035305 744.694955 167.957406 2.070242 1538.714538
3264658246663868.500000 11.250276 -0.180591 17.484191 11.280866 2.037627 2648.207462
111164014668252.703125 28.295722 -0.329513 93.178624 13.734805 2.104127 1104.338315
155576730967503.937500 49.618414 0.095507 20.064620 155.089908 2.101012 1480.470214
183339413392347.875000 58.136458 1.398765 112.210746 86.956229 2.318903 1650.416104
212091261304313.968750 94.790713 1.611873 13.784787 221.746802 2.037319 2059.691334
95778089575842.531250 69.921129 0.016136 22.222630 15.141265 2.183604 1417.360945
363438468977291.562500 16.019274 0.335101 580.367185 1081.873582 1.564881 1391.923548
880000848224337.625000 46.481727 1.035736 2134.294703 668.354273 2.397948 2580.699589
22809751718849.468750 45.190206 1.612399 25.157113 28.288145 1.876078 756.614118
69639016821937.289062 50.588106 -0.108327 410.326003 23.840959 2.175415 1139.909953
775485010059421.375000 10.949713 -0.038770 1185.844435 46.682668 2.257207 1629.761218
7985648641332604.000000 35.880358 1.816841 205.337790 37.939442 2.141116 4945.717403
62933662926874.507812 66.704571 -0.406000 172.803291 35.129230 2.076887 1212.030363
469125431629665.250000 3.972738 1.359632 10.380651 4154.270371 2.911204 1157.344802
805873902681981.875000 1.161680 -0.021124 2250.826326 401.465255 2.246742 1391.778295
123342649877572.578125 86.858735 1.113175 67.262291 25.409378 2.167524 1665.772611
631908010132864.250000 22.101275 1.021078 94.250194 31.737691 2.120768 1830.711021
556233100115946.687500 6.593160 1.758276 646.006943 1575.949482 2.126631 1315.240310
408152269165367.437500 55.114293 0.581538 1525.435804 485.890865 2.229154 2115.931671
1560913058891629568.000000 47.007528 1.894214 283.574634 23.127874 2.284658 31356.977430
12450696618883964.000000 2.338929 1.690495 39.861626 77.414857 2.230170 3344.014895
77697482273508.109375 85.412101 1.498967 19.216897 13.434220 2.162680 1419.354792
176090920162406.031250 28.806831 0.072554 2680.191221 126.652737 2.070685 1294.436919
497826428775194.750000 3.477672 -0.463648 513.492718 4384.383272 1.963880 1165.938097
460084807856985152.000000 21.374966 0.933974 363.389998 12.897284 2.060247 16311.137938
117033148316892.437500 91.800345 0.226899 218.273117 31.141379 2.196369 1669.882007
55112573780393.343750 83.156502 0.726040 10.878503 25.216331 2.083759 1253.724871
174056556021187.593750 99.042362 0.175195 2367.257281 85.262923 2.060043 1959.394565
223572228419187.000000 89.811466 1.344705 19.664237 332.175740 1.947800 2055.656340
224926162982373760.000000 9.073447 1.308682 237.936953 32.039115 2.042488 10347.164652
171047584766257.843750 94.181787 -0.283778 98.653376 140.791276 1.997724 1912.719667
154444575369413.093750 51.159961 1.631884 57.904795 171.371397 2.107342 1492.200342
30669376599335804928.000000 1.274211 0.596052 2459.101767 59.713200 2.139876 46343.104572
479394249164673.500000 92.797182 1.170416 1015.803243 439.704935 2.270795 2682.327604
544911838929607.937500 7.310321 1.562090 33.975753 309.258158 2.428517 1330.915689
428594922872142.125000 1.130459 1.047358 86.594281 1658.292620 2.461188 1131.346571
3807516775778695.500000 95.490287 1.025828 513.940499 19.830381 2.133179 5407.559286
428747739485133.500000 12.174773 0.468087 628.801230 1314.574583 1.931013 1371.640668
3100281747316819.500000 7.007821 0.338689 30.337878 35.284759 2.154322 2357.485836
533576848204761.187500 8.962618 -0.093911 60.730103 4321.692068 2.206969 1376.401148
31482977895167444.000000 40.460935 0.764843 1093.170877 15.268337 2.023910 8122.758974
681202083912651.875000 52.303023 0.999663 1327.396614 2785.801868 1.803177 2465.541567
449655424984057.187500 42.479754 0.959292 205.995827 49.178496 2.152188 2002.509795
60407010181953568.000000 48.664835 1.420159 1161.234369 52.551130 2.225348 10730.317232
69483472475252.773438 82.111530 1.898706 10.059928 30.989955 2.128846 1348.278073
446886436711852.312500 55.365040 0.910877 60.518131 13.059016 2.127173 2184.239526
164058156622070.406250 43.536370 1.113202 22.103907 78.257557 2.250638 1442.559896
406763041380357.250000 4.057698 -0.466093 104.634848 478.901544 2.289595 1106.065228
138471747124788.171875 92.534143 -0.261906 448.763751 116.689174 1.980575 1771.283748
635002552763335.250000 21.658465 0.678967 2015.654199 1704.083359 2.362959 1822.975910
7296786100242794.000000 6.891764 0.014230 18.961390 18.485615 2.043027 3126.399736
673512341961808384.000000 2.958559 1.410564 14.189737 18.315537 2.209459 12751.886812
798795038286254.125000 75.716524 0.847662 2452.203240 1878.897689 2.161619 2956.319211
669233015436051.500000 34.707924 0.630852 2065.271858 768.755885 2.282601 2141.455334
14537379359073446.000000 65.590388 1.335391 387.044426 30.436753 2.292762 7393.077449
30827291917250356.000000 71.983285 1.266266 2604.060023 51.209068 2.018129 9813.325961
1216687206099814.000000 77.512334 1.054738 349.620313 24.054575 2.064089 3429.902798
423161506083518.750000 69.496852 0.795737 1053.498565 335.881290 2.257745 2320.765740
86403600532446784.000000 5.087977 0.942125 307.970042 56.863555 2.190587 6786.924583
7514532831741430.000000 55.970610 1.248772 378.217835 32.672393 2.268434 5616.742672
359616622110926.687500 11.963722 1.052307 26.591950 197.681998 2.283084 1288.117838
868150094186966.625000 91.398353 1.501125 1880.002630 2543.900448 2.577700 3251.558781
379862727390529.875000 31.949358 1.743479 337.606872 244.632938 2.465994 1727.239128
277096756051727.750000 82.843045 0.400350 11.424793 497.829249 1.899517 2144.906247
179088154966645.875000 44.655131 0.254894 11.156612 266.000161 1.893083 1497.863477
15540609051369826.000000 9.810846 0.014120 1509.337591 13.732462 2.154264 4318.219592
819891138647621.500000 3.210501 0.446522 481.410772 285.886651 2.299805 1368.560569
605249419601055.375000 67.580088 0.841720 741.938201 58.171465 2.083067 2589.282307
123159812163724.156250 91.426574 0.126098 40.317822 90.552088 2.087908 1696.022085
135486343866503.890625 80.325322 0.303972 189.597047 46.088432 2.201391 1671.233238
143400007919917.000000 60.782957 1.750615 212.527360 157.915290 2.104510 1544.162118
676786726064945792.000000 52.546426 1.653623 2358.536033 75.762889 2.339279 24640.823453
3612526578568809.000000 7.695197 0.625883 34.996075 21.774118 2.084648 2524.780045
376381302906740.875000 17.054134 -0.242499 60.222107 23.464292 2.133891 1432.128856
561409284221034.062500 26.989405 1.856465 449.493115 260.868665 2.369497 1867.572280
386288520447727.250000 83.686411 0.853003 64.230183 10.299349 2.112540 2404.794553
490554899505254.125000 7.685071 0.240820 472.489731 1913.704380 2.021517 1297.393705
716474473490443.875000 67.873297 0.773837 2653.109361 1569.367747 2.252359 2743.217548
1722174184943131648.000000 9.218643 1.419051 368.122597 37.780864 2.152039 20462.981208
314842530502397.687500 11.289100 0.970230 183.360709 399.714948 2.247142 1215.405973
173144766981311.812500 40.585861 -0.107480 2966.678573 129.853316 2.242874 1435.221827
159316290985758720.000000 1.875222 -0.326654 517.120065 14.317578 2.147909 7831.855397
973052098436058.625000 15.255438 -0.190803 339.257404 10.567517 2.140851 1908.017777
43313827222456.343750 68.059317 1.328871 10.309742 14.607212 2.088862 1077.669216
575467225533802.750000 60.885136 1.932091 607.871414 1780.873135 1.774979 2455.287515
163062043159644.281250 31.449385 -0.446863 23.594317 55.206739 2.195182 1296.525923
785319409324116352.000000 52.933002 0.957084 1617.819509 15.666685 2.163137 25957.798806
763925728031960.125000 49.530983 0.916742 2079.493290 3005.287892 1.984118 2514.841183
553453177805874.125000 56.936789 0.973083 1295.035632 922.030573 2.322246 2368.233547
5869956643755527.000000 9.635159 0.951833 217.204107 60.785766 2.228023 3109.121681
176399952286476.156250 38.643020 0.134600 1439.646538 110.091836 2.100114 1421.273451
1017756096616171.250000 11.835191 0.832647 1804.649372 681.655022 2.601001 1817.324074
129439738592516.125000 71.965129 0.201571 13.507940 18.772079 2.260012 1583.027017
493371766943611.937500 1.747058 1.358848 94.832660 1255.437655 2.837544 1144.258174
925726944109738.625000 59.916618 0.956674 2721.064107 4294.256868 2.713980 2860.990300
255726603018903.437500 40.232744 1.898810 541.173393 531.765408 2.212239 1629.801254
1190436963473338.000000 52.006126 1.101662 2712.183585 1161.201638 2.490583 2964.040135
695676113991615.375000 49.000359 0.681004 2987.846101 2028.813841 2.145237 2428.782466
175688539750357.312500 64.032968 1.794743 177.862755 227.103685 2.183121 1682.441589
15666151375835144.000000 2.697443 1.645317 34.903109 64.673193 2.216814 3624.099318
19931263179344228.000000 20.104469 1.024295 51.771921 12.910786 2.172987 5629.154715
420410259427450.312500 81.598643 1.611900 226.903951 65.501557 2.156508 2451.339066
46648029668057.343750 27.768380 -0.039724 40.534038 11.503631 1.882132 822.037740
1540239672730094336.000000 38.568421 1.214030 1304.437491 22.368246 2.147057 29248.398158
99134377854447.468750 90.436502 1.535638 24.661825 46.661900 2.213507 1571.473956
5030273305645089792.000000 5.631768 1.918784 21.090381 13.002221 2.289716 26700.468938
52579123817973.484375 88.028035 -0.055534 2247.342976 25.159849 2.120504 1259.719050
644545372464242.875000 13.576644 0.787873 563.287347 147.120470 2.173051 1614.152603
3629916126771672.000000 6.701916 1.979887 22.452537 57.235709 2.332050 2464.906765
7468085640296800.000000 5.984989 0.549467 789.941448 64.511386 2.005994 3075.426192
2297155101596463.500000 6.040300 1.436027 25.593982 83.719733 2.361683 2079.136676
368629185658631.625000 41.871009 1.222553 415.532345 669.723007 2.257420 1865.303770
100363340761940960.000000 58.523898 1.197001 1469.563882 32.085741 2.161835 13531.911782
75861155859915.843750 96.882678 1.647815 16.729975 34.258436 2.167008 1473.710579
568080249414668.000000 39.578125 0.720999 1545.666914 2228.826310 2.223742 2115.223532
242282896686808.125000 49.838249 0.608208 21.273085 11.219475 2.172481 1718.591083
62252833559641.843750 97.153251 -0.369743 136.017849 12.814304 2.246233 1381.123995
353575129868195.687500 92.015505 0.524486 900.622804 132.944799 2.214396 2416.079999
365645734477514.812500 8.885597 0.749945 25.262616 458.063455 2.177340 1211.279946
394354148499221.625000 6.500179 1.213135 108.202345 1185.844330 2.047847 1169.883833
1878192662379996.500000 46.389781 1.600863 966.914919 148.398645 2.071188 3320.495385
926649406667557.125000 49.789780 1.642213 1305.144233 686.847061 2.464039 2686.752837
356402307509884.625000 70.137674 0.398161 1475.647993 268.994632 2.214618 2198.758548
125892444534634480.000000 19.100718 1.890188 251.867622 33.841757 2.032282 10256.483496
527000026606560.625000 11.165842 -0.080958 87.293192 112.867165 2.394036 1439.387075
770405544577409.125000 13.069904 1.108793 1415.131977 1794.368361 2.735118 1696.812884
537498634279423.562500 19.578735 1.580484 314.388935 151.553072 2.263773 1675.475599
1101164726302509.625000 26.036906 0.575437 2800.999911 177.238012 2.230645 2312.499144
6450547146195286.000000 4.957182 1.490707 23.766975 46.894325 2.222278 2847.496864
171435992173962.250000 49.014991 1.610783 66.145671 171.811803 2.125328 1522.873591
8338626177646929.000000 37.033494 1.842055 195.298735 36.138657 2.141963 5068.786237
162088789640395.500000 38.918847 0.122179 2419.779779 94.188737 2.132848 1384.942324
7744623478366965.000000 5.541827 0.549840 816.939099 65.624431 2.003773 3075.516920
65932044872784.750000 88.028466 0.528040 43.288767 13.620630 2.090128 1358.424578
8390781114569782272.000000 62.687047 1.511541 382.611307 11.233204 2.168115 60592.558137
119765600801443.390625 68.007883 0.061293 359.921589 94.881519 2.049884 1512.187225
382025329893270.937500 75.506560 1.716730 369.609658 772.666652 1.982243 2309.630481
593083579571192.625000 67.612461 1.909105 832.043785 2012.717102 1.702499 2572.247568
6200406656532307.000000 13.095947 1.876755 1834.993688 318.743206 1.974608 3402.115664
1312764823603291.750000 69.769813 0.803248 1222.689128 48.681331 2.139123 3389.403287
34617207950139879424.000000 56.425814 1.200474 2363.212106 20.562843 2.311970 93717.195668
472257037582939.750000 56.763553 0.750555 1388.921737 1068.405364 2.328747 2243.898186
189452340062271.531250 53.830140 0.993868 81.693265 19.425409 2.014758 1625.181950
397101127595470.562500 69.051492 1.682850 931.098371 697.494547 2.217449 2266.986214
24934681260764936.000000 54.248200 0.930252 335.407867 12.703451 2.142147 8288.603909
5482381331153248.000000 98.374079 0.995116 731.432016 22.789014 2.190765 6172.724511
383095056156263.562500 21.344802 0.237047 29.181373 18.505476 2.111478 1533.900530
621916369244617.250000 64.284269 0.771377 1199.903532 285.549897 2.339112 2567.606038
203246624920257.781250 43.953815 0.949883 71.543886 242.207140 2.028763 1554.221918
69537462153485.351562 37.425697 -0.292223 112.936528 10.166955 2.116814 1031.384044
198139017797630.187500 32.372938 1.117825 18.655136 86.926744 2.210536 1396.146271
188614658203643.750000 31.551820 1.187402 16.673443 78.208481 2.251359 1362.377466
38450746465040568.000000 10.391711 1.687902 1048.771024 160.088204 2.291234 5916.051232
628792054086844.875000 15.332372 0.624734 2257.576521 1853.499855 2.323506 1651.754417
435991252110358.000000 69.637413 0.510001 1539.204959 278.565397 2.239542 2345.651882
849504936815385.000000 2.070053 0.104328 1966.596890 354.471756 2.258160 1365.918596
431372570788349.625000 15.124166 0.696252 87.787619 968.447167 2.130154 1451.574815
397083054903185.562500 27.128848 0.744611 459.872066 382.324832 2.461480 1666.573905
147696875612783.906250 88.904276 0.135644 55.962609 115.202213 2.087860 1783.790473
3442459470551803.000000 81.772894 1.605009 317.173699 26.649009 2.017838 4944.623182
1800201618338253.750000 43.919184 0.406668 210.972044 10.762548 2.175474 3214.886724
175595975319937.656250 31.796334 0.525611 106.605479 33.220365 2.081786 1333.504021
297326553258529.062500 8.323034 1.180680 18.957707 748.294714 1.956528 1115.435499
96468675805820.046875 51.408400 0.225637 311.478797 17.232978 2.014758 1277.644981
143824990454472.593750 35.993636 0.121737 125.014713 133.009079 2.047181 1297.705245
61046085051338.375000 58.561841 0.432578 12.992781 22.647795 2.106066 1146.789285
390588828750025.812500 78.107626 0.695125 1258.048186 471.500949 2.167365 2354.927767
1172081224569864192.000000 47.912944 1.833447 339.898220 24.524347 2.272703 28683.602766
253596898128119.656250 84.742975 1.876814 204.841355 381.240953 2.238581 2099.471696
487944098461836.500000 18.465555 0.722735 774.527277 761.833374 2.423327 1595.992865
1519758924688614.750000 85.562404 1.386733 312.947116 24.935084 2.008329 3826.671895
408507370157206.562500 73.833096 1.988536 80.877478 24.276727 2.030382 2343.135186
785719815594231.625000 56.107255 1.234384 2160.815069 2007.989978 2.183001 2648.310919
371643646144422848.000000 3.627864 -0.120054 368.774475 11.710039 2.156997 10615.394888
148148181542949.125000 55.440836 0.661683 24.413540 50.693182 2.230100 1512.410736
53496265280287.492188 39.537967 -0.330476 276.273927 14.977712 2.162369 962.019721
236076643680313.125000 78.452117 0.141671 15.175424 321.397200 1.925073 1994.201740
59098067182400086016.000000 69.695535 1.658193 465.212638 11.572804 2.211352 120528.405587
6020784733458589.000000 97.983355 1.848624 198.382754 33.340590 2.367469 6359.292095
1969235080499576.500000 72.583339 1.849995 485.476917 71.092053 2.038585 3934.378093
34614916782972.007812 91.171070 -0.054855 1944.081277 29.179035 1.993337 1109.830683
6007451268205603.000000 65.197271 1.936232 1990.691373 330.674326 2.293484 5495.185206
141257246775387.750000 42.728573 0.242234 728.456695 65.135382 2.054109 1363.914435
470749375001778.125000 2.863933 1.377197 11.446380 4374.460909 2.990748 1129.734803
306164176076766.000000 18.488869 0.211085 61.556733 169.691520 2.309486 1366.818987
2856438843734308.000000 8.883911 0.694832 37.384156 40.010628 2.270901 2403.340867
707312224795235.000000 47.757058 1.293780 1048.081032 238.215929 2.046212 2421.274033
5915710658612921.000000 50.976642 1.268450 387.396080 34.725588 2.224223 5023.943196
610581646216185.000000 3.717170 1.688489 34.110377 3146.020704 2.861996 1255.371555
161221333726860640.000000 2.311090 1.135009 19.290213 30.539315 2.184689 7851.315915
688653100391804.125000 18.159505 0.998730 1497.601956 2254.574063 1.991621 1781.968328
832941529088390.750000 13.992672 0.444612 2259.374102 312.953673 2.403036 1771.674522
1553381021267317.750000 89.736552 1.390179 655.547447 55.314230 2.059098 3921.387084
1152644431487164544.000000 11.642783 1.540942 611.995231 45.872079 2.015277 18869.153446
70989961577647080.000000 14.512537 0.107949 2351.846641 12.017287 2.274234 7869.897644
886502107583011.125000 65.765830 0.946302 2878.876117 3484.180048 2.628737 2912.693611
363853897854627.687500 18.594959 1.173577 471.322681 1118.218366 1.806508 1450.078849
6147051708683811.000000 5.759288 1.557865 21.808061 41.489056 2.239885 2864.559243
448526847973113.437500 66.847222 1.929188 68.460825 17.821956 1.964075 2334.209469
420329685514064.812500 98.390868 1.670438 691.788586 384.156202 2.382153 2622.471817
514107613900207.625000 6.404591 0.236843 285.520433 353.420406 2.612072 1274.751017
243103334375033.343750 62.437469 0.210565 2490.750841 113.928295 2.097099 1858.435364
107576321285650.359375 62.626262 -0.451806 294.013228 70.790426 2.045237 1417.678630
524625995353461.687500 4.277520 1.353670 39.724516 1834.654609 2.828662 1211.037937
296697092573676800.000000 24.101035 1.420978 778.422445 39.503896 2.090251 14595.142494
184305462310993.875000 71.391786 0.407655 17.893072 18.493848 2.348278 1775.907108
70498085347527.062500 89.045279 1.692659 45.865709 39.438342 2.158869 1394.849810
434023996522004.937500 44.874442 1.026089 1025.077335 827.946878 2.350622 2015.242486
845888222970598.000000 45.275156 0.986139 2068.021651 4734.118065 1.462260 2524.699423
183663042367228.187500 97.097858 0.183526 2811.236132 76.467748 2.102215 1980.448010
850368680136363392.000000 44.479477 1.121365 1551.451727 23.431931 2.195582 25143.052716
299629180581919.937500 66.315979 0.194554 2642.778459 19.004012 2.165643 2034.823484
223759299287753.468750 47.290926 0.052025 17.968260 222.932055 2.117400 1644.401574
717274896998393.000000 47.871382 0.896877 1594.804061 3268.999272 2.414156 2434.538772
69682505444892.046875 78.354836 1.400943 42.965569 29.385508 2.084148 1327.193136
554699238666354.687500 56.821528 1.115014 1381.193481 367.633799 2.165140 2368.362774
107055151147505.906250 72.333391 0.517580 191.361347 19.276155 2.033663 1488.620050
44293774948767178752.000000 70.233416 1.652667 513.720381 11.381688 2.157698 109779.187786
49247836219263.117188 26.965637 0.185081 64.193444 40.386225 1.918364 829.590505
48160645803410.453125 89.123677 1.717614 25.093852 21.834850 2.120474 1228.863537
6352993043476340.000000 40.864733 0.434496 1952.663029 11.832808 2.061154 4779.856179
415253926244827.062500 20.432040 0.252233 476.088202 35.808033 2.115139 1556.076677
739759284451983.875000 20.246912 1.115996 1399.447498 3913.413725 1.980028 1881.476408
110442790201310.296875 33.487045 1.345721 37.080199 25.740133 2.060488 1161.334386
455096598154294.937500 68.514150 1.651182 780.011876 987.041080 2.295885 2365.877448
799538229365898240.000000 3.194880 1.471088 16.631813 17.047516 2.192169 13566.847078
37023157114798.585938 75.631623 0.069294 242.918514 44.192209 1.882582 1061.511040
800625622884729.375000 56.053489 1.744973 1184.893761 4404.392714 1.603206 2664.078436
247860225422300.000000 8.552788 -0.275810 319.261452 225.659200 2.024690 1055.639967
522950844104888.562500 3.438896 0.729915 53.768202 3237.910774 2.197466 1184.147397
3294240180514512.000000 5.859524 1.216058 47.586680 54.094669 2.221111 2333.137794
214155761519178720.000000 8.328043 1.448512 175.261621 42.201688 2.259264 9999.909851
592164414214821.000000 3.388640 1.243310 259.729448 3712.315931 1.800891 1232.796366
1094142734373604.375000 98.377852 0.915002 196.490291 13.132358 2.142767 3607.318942
2971771285043672.000000 26.444046 1.486002 1741.932957 223.115779 1.957103 3234.719191
4246449133812612.500000 38.258140 1.334885 2178.473517 176.999500 2.082136 4090.513459
194543136692176.406250 20.081395 -0.392637 90.065888 70.633336 2.198537 1202.621019
60278097296956.859375 83.651602 1.209806 21.701619 20.565395 2.166826 1294.481303
6491055660682281.000000 8.086780 0.537627 13.089329 21.301236 2.143604 3099.504064
2843319160414192.000000 24.534618 1.100044 354.291404 61.645115 2.303018 3116.578210
38537515314621.710938 71.178859 -0.065676 2409.701120 18.391832 2.089054 1052.959352
129415419665636.109375 57.455212 0.444716 258.821488 75.938455 2.057211 1463.560703
185124015753863.375000 91.919359 -0.337603 78.584403 134.669391 2.063479 1946.587889
198112622476738.312500 40.244471 -0.018201 2458.426797 151.118068 2.161152 1496.998566
498172533896344.375000 4.101252 1.183018 11.211932 3815.681538 2.649693 1184.748487
108824648749757.703125 64.871650 0.814517 14.545932 15.918567 2.230847 1440.687449
121209855411058.671875 25.098491 -0.418174 2450.960968 168.394708 2.211233 1096.120732
603015105753358.000000 13.213216 1.635475 728.063967 4942.478446 1.910721 1568.011372
51691513874391776.000000 12.154427 1.985263 256.657037 57.306296 2.116898 6773.355214
174133906415405.968750 80.536898 1.970125 14.037393 186.790306 2.041085 1818.755097
247748417630608.500000 67.951315 1.851611 227.436990 447.086531 2.037254 1926.216772
5345832224473797.000000 72.117596 1.612771 1053.239231 87.174928 2.132061 5475.979883
1925734188239253.250000 73.746700 1.545088 319.016034 38.995715 2.101407 3927.199367
99305318316374.203125 52.987227 1.628877 13.058269 56.423460 2.112887 1303.349910
191755665666625.281250 90.947933 1.574750 12.200474 109.094002 2.230206 1962.005711
106509256441922.140625 54.250546 1.826626 16.483431 48.257175 2.147918 1344.876172
1017089548863441.625000 57.056792 0.861766 2922.272271 3795.205115 2.515941 2902.892888
484465480826626.562500 75.253284 1.885363 424.860923 186.038549 2.295832 2496.981473
4152886477209420.500000 20.981797 0.473540 580.241684 39.905038 2.321236 3378.091198
712846257033822.875000 88.906468 1.246173 1258.840364 1742.310895 2.269403 3014.550457
108900442797114.843750 72.213085 -0.400140 249.375499 87.455871 1.927219 1496.245088
519566609627652.437500 1.196488 0.793444 330.243500 1093.303911 2.546030 1198.246162
213737996641748.875000 68.746408 -0.212988 81.110975 122.860848 2.254021 1841.198758
803355405008713.000000 54.824060 1.110501 1759.803290 4850.677042 2.332265 2646.958233
344285872324862.625000 14.403812 0.691021 535.082586 611.973657 2.265551 1329.543626
574063473704752.125000 65.794010 0.680999 2357.544072 1350.269025 2.224135 2520.305261
558562390634627.937500 26.388034 1.870793 438.410311 253.129083 2.369850 1851.727190
117590235280093.203125 99.846265 1.922833 71.045215 26.671235 2.005576 1724.363812
132717676069587.171875 66.383340 0.159093 2976.438401 17.385274 2.052463 1551.657045
659017947128430.750000 22.842928 0.747119 185.819047 62.124356 2.272544 1874.475134
343843051084881.375000 77.020723 1.969187 343.993770 736.397115 1.920775 2245.741990
683250818172799.250000 67.048907 0.579507 2281.430028 2478.058168 2.905531 2688.612207
524171742320908.750000 82.136025 0.860657 79.287106 10.427564 2.113787 2644.578837
765304882755515.375000 1.795181 0.093624 2723.125631 508.324148 2.287439 1323.234194
872221413688446.000000 35.412367 1.786732 1712.968501 1871.405582 2.912057 2354.200438
141625901730359.562500 54.022503 -0.062274 49.125452 25.868401 2.262777 1476.762311
57649478841678.960938 66.473212 -0.464117 166.183927 32.451482 2.090965 1175.682360
343023468755441.562500 83.883553 1.964841 179.705969 92.897327 2.372771 2313.387490
159434334016502.656250 94.696282 0.986694 11.851070 194.094907 2.018763 1872.110162
1802785309563389952.000000 10.045667 1.469780 351.311335 37.469961 2.141024 21170.965398
188098500921846.187500 47.980735 0.663601 414.087711 156.857539 2.097274 1559.488096
87752455819643.859375 51.109442 0.203320 301.434009 15.761561 2.015705 1235.504209
1488997534443963.500000 88.450337 1.518389 535.301600 52.992426 2.017702 3846.358120
82400772325611.265625 77.010690 1.601607 13.510928 26.946842 2.182347 1394.858310
383851555592623.375000 68.229100 1.723183 602.992885 855.192743 2.183060 2232.083457
669092952058006.500000 2.688212 0.307920 1289.640661 436.995165 2.243556 1266.629272
69704192526064156672.000000 53.812515 1.236720 2311.602156 19.645432 2.292571 116441.162952
91028468103503.578125 91.488884 0.365717 26.241847 49.675635 2.167097 1533.820709
393068303103193.062500 73.188664 0.582637 1334.771372 195.819453 2.099033 2306.076923
55014744748265552.000000 3.503398 -0.315652 410.315627 26.016800 2.319635 5598.545703
804726975609640.500000 6.288958 0.736169 2112.562207 1229.393110 2.711768 1475.522981
269515279776926.125000 9.527513 1.337028 14.829043 280.442833 2.033177 1110.598314
33384558577238.878906 96.832922 1.860216 20.287081 30.682654 2.066696 1120.744080
981918357054123.625000 95.419340 1.431586 1893.740441 2970.538884 2.749481 3441.083713
2311152648403154.500000 3.490593 1.615851 1447.034226 588.709476 2.428993 1945.624803
290324304196218.062500 19.812888 1.359816 125.986490 197.960143 2.305581 1369.083618
286174404139771.437500 85.966640 0.730159 474.574092 288.415022 2.355322 2197.061800
21857371098992.238281 75.034474 -0.170116 2595.603635 17.204031 2.086038 887.998224
1287055457461871.250000 1.543948 1.936494 37.290825 480.397836 2.526886 1585.284608
320666064130432.812500 43.716032 0.963605 553.526524 655.081773 2.213161 1806.107195
766045792121964.500000 9.685146 0.915133 1400.540026 652.092351 2.553278 1578.832675
398738873143841.312500 12.003119 0.354363 57.643364 66.126347 2.240842 1334.284457
691847987623185.750000 86.599350 1.502503 1078.603980 396.869545 2.418794 2956.520170
823364177742708.375000 73.378652 1.881362 324.795024 86.097712 2.185488 2953.337601
259512782548675712.000000 12.910018 1.413622 487.963876 45.377144 2.128064 11770.331152
64292651020559.000000 96.581662 -0.269146 301.870548 11.622928 2.300111 1393.054250
535959661341474.062500 10.201485 0.650329 716.614055 3491.393723 1.762047 1417.855958
542092099499188.000000 18.228924 0.672380 1433.381593 3430.609784 1.758862 1647.081335
152447976317942.093750 26.582584 0.456599 296.402309 106.525870 2.027081 1203.811491
313382370197294.250000 91.456637 0.462576 1246.300337 154.902027 2.199940 2315.714395
88933229764598.031250 40.712110 0.069304 28.293070 85.861564 2.023841 1150.566399
180912937409472896.000000 10.127076 1.105974 248.982553 23.568641 1.969102 9855.955043
43532747492821560.000000 25.280128 1.822745 218.028834 41.547034 2.304645 7808.269041
46251364885410.398438 44.951544 -0.205236 577.770435 18.050076 2.118311 955.971902
1130545509475521.500000 4.690582 0.239491 45.719477 160.758901 2.399577 1581.898136
546182396396284.187500 12.387100 0.846322 844.310130 1238.490837 2.489232 1493.165595
258308312157855.531250 13.240216 1.077655 11.915703 211.480492 2.159406 1182.607098
395250351906149.500000 4.144095 1.336235 484.916981 714.632368 2.208065 1098.036964
562029480747050.687500 11.437867 0.791377 649.733306 2310.364286 2.306374 1478.930227
623909109265127.125000 14.617952 0.585087 1558.572651 3754.733483 1.682448 1627.127322
171435992173962.250000 49.014991 1.610783 66.145671 171.811803 2.125328 1522.873591
2705364790628148.500000 3.966235 0.194111 805.959583 62.797272 1.969567 2075.079553
498502671200174.875000 89.828642 1.247304 1069.309296 581.763714 2.247884 2685.738399
4937777242496381.000000 2.768353 -0.405661 900.088004 51.735122 2.347877 2469.045112
255742961732132.343750 50.503693 1.040011 108.115282 27.274084 2.098507 1757.691518
157105076938952.468750 67.712578 0.232554 112.074527 27.045569 2.233555 1652.834307
392013718093466.625000 53.605451 0.413636 288.274859 115.969524 2.472655 2068.000444
62945907427128928.000000 4.243836 -0.077156 48.272995 11.080014 1.973659 5967.666370
481735582950295.312500 93.464707 1.184183 1049.117895 442.968070 2.272072 2693.673956
3638754960194555392.000000 6.660603 1.915384 14.988583 10.828761 2.280632 24642.165590
440142714548561472.000000 2.659910 -0.207093 402.044206 13.362160 2.168484 11011.417193
151293368936264.500000 60.043645 -0.324345 78.691928 30.490735 2.291287 1565.355472
30680225749087.773438 98.641278 -0.370520 1772.975549 26.369938 2.225283 1096.989455
100317124754615.140625 93.794892 0.540690 23.595406 54.490481 2.132417 1598.658484
227370684633381.937500 55.886829 0.965467 426.392869 321.226525 2.266513 1749.333808
108670759344619.265625 24.305597 0.056074 10.217519 40.009142 2.066854 1046.879571
576406268916601.375000 47.549580 1.180777 942.964129 2284.880289 1.711194 2258.308133
735076472947983.875000 10.738698 0.002272 50.978674 82.333153 2.334111 1593.777022
320206034192236.437500 55.226503 0.977487 126.529646 21.849523 2.036053 1952.866350
277285435592850.125000 10.851598 -0.493176 28.752211 281.901133 2.124372 1154.351605
36633709074123656.000000 50.449511 0.945201 415.037535 14.129116 2.171614 9193.432046
552964444821545.312500 49.266138 1.027946 1030.751209 2489.771736 1.877923 2253.939026
144399780112314.093750 44.322895 1.381032 11.198533 46.757121 2.197278 1390.689258
373002689964097.250000 66.511863 1.601713 308.493095 742.067637 2.041717 2191.208910
133071828491383.265625 86.230938 0.492209 74.981733 132.727546 2.062981 1704.014865
314729679357562.562500 61.193157 0.881772 53.098462 14.327437 2.144174 2011.406176
470434982089571.312500 6.115108 -0.163655 472.950272 175.864599 2.249418 1227.998014
509432492524494.187500 5.485899 1.276475 11.607061 3170.324661 2.787424 1239.596610
275039439269085.062500 7.680072 -0.437574 762.137215 11.435583 2.081947 1069.677684
74371588063113104.000000 4.043125 -0.073929 41.004183 11.189534 1.974220 6275.322291
233825377873147.281250 15.090927 1.967574 232.136304 299.086075 2.316048 1182.867978
436395785524966.687500 4.924378 0.608468 94.992328 807.248625 2.302348 1159.219549
132614270023019.265625 34.765129 0.519179 94.426713 36.072602 2.107738 1249.130608
22675331156745.550781 59.357189 -0.137338 2396.517650 22.955858 2.000372 828.198089
685593438278642.625000 25.620657 0.603510 2325.505538 1983.833312 2.249762 1965.082788
1822086262063703.000000 76.021857 1.206426 1616.454492 156.531800 2.184985 3897.169988
515526162975240.562500 4.015870 0.250340 902.981272 350.369670 2.235126 1195.656607
497571175538221.562500 13.727497 0.265681 58.909511 38.614642 2.159227 1484.873720
207973766273847.000000 89.682139 0.036235 2509.315697 103.710020 2.237602 2005.648405
1617266784213058.000000 12.904706 0.725366 34.191859 27.580135 2.190604 2165.802170
370558801520402944.000000 3.904564 -0.084404 366.087955 13.292379 2.179553 10679.478762
560799785229777.125000 6.102679 0.236784 19.069132 3813.118825 1.846064 1301.631330
1280085769304417.250000 70.831962 1.188356 1977.284090 368.583223 2.253363 3378.957140
62933662926874.507812 66.704571 -0.406000 172.803291 35.129230 2.076887 1212.030363
620444334993117.000000 15.619356 0.758788 1595.427678 4738.965565 1.743943 1652.456706
2915166268837660160.000000 0.782709 1.018178 2079.345507 202.178027 2.202166 22722.839094
472889025212747.000000 2.466544 0.852220 19.903331 2563.206542 2.489660 1125.201548
742383495892232.500000 9.192609 -0.110447 83.632066 106.257684 2.405468 1544.863752
317207287130598.125000 83.330118 1.504936 222.151455 65.345095 2.145749 2248.489943
59906502882082.789062 98.034400 1.767587 38.162683 21.667168 2.064884 1368.037762
1342215601638366.750000 7.516786 -0.440856 711.415215 20.326574 2.260000 1806.909862
25347825842492672.000000 24.802435 0.551349 541.921769 15.517264 2.130040 6483.168900
758105578124795.250000 54.344371 0.803901 2403.831867 2665.723064 2.025095 2588.524459
179530948372043.687500 41.775265 1.524514 13.630850 41.462906 2.272804 1466.468922
1099662706423548.375000 11.313135 0.211640 17.490824 34.082413 2.158209 1844.988078
316129005775296.562500 15.636422 1.950334 12.076623 82.464505 2.245189 1320.208285
200641465689098.218750 12.641175 0.528578 20.073224 247.094155 2.003957 1074.709585
454701926309695.062500 6.210264 0.726826 537.880167 1545.659383 1.972634 1217.270756
496869078028861.437500 4.504529 0.463420 1376.194116 3847.352689 1.829034 1196.618410
176372849784560.125000 89.912994 1.341958 21.162255 218.561936 2.011766 1900.198521
191829079978431.437500 22.418378 0.003431 462.609661 48.161683 2.171785 1235.490935
1966823319468647.000000 34.255490 1.593030 733.081162 169.153099 2.352933 3054.629489
92676216898071.234375 73.754840 0.887636 22.556974 63.273257 2.105125 1428.533918
64691521709405.375000 52.406102 0.550780 33.989279 11.027156 2.007840 1125.622881
520615188950360.437500 6.325251 0.385865 922.391599 1747.091493 1.772471 1277.393270
324208275270286.500000 42.588272 0.926970 41.712326 24.092890 2.297834 1797.163684
426591061921759.562500 4.569110 -0.443311 27.712522 3190.359292 1.949398 1139.314038
907808208760072.000000 10.846066 0.296908 15.274170 30.330749 2.117711 1713.862714
3932266328382809.500000 38.870206 1.639199 375.414640 65.294462 2.270355 4007.608690
573714840877710.125000 53.461193 0.889086 1027.307732 1053.268945 2.742884 2345.762149
305471722152803.562500 73.608049 1.981670 343.846349 746.809767 1.905711 2124.477347
5316089261110823.000000 65.245143 1.977844 1945.658637 347.220376 2.351447 5277.086290
374650289024570.750000 77.196377 0.329731 1363.434421 181.376389 2.310573 2312.775348
2748465861476940.000000 3.865678 0.853805 1051.259922 229.788075 2.100785 2080.618752
253690704301793.562500 24.556819 -0.272408 43.185595 145.483697 2.189338 1393.010964
2372631772101637.500000 94.400915 0.952709 661.470555 35.545097 2.247955 4599.619685
236528013682581.000000 12.683962 1.151913 11.905897 129.159852 2.191692 1136.245256
1895972491268988.250000 38.597962 1.649181 691.207057 159.594773 2.358722 3135.387043
486125178144783.750000 6.080958 0.869010 532.844949 1732.978792 2.273307 1240.356560
207568143979990.156250 80.387695 0.489426 688.588361 72.599149 2.119024 1927.136469
301445664157720.750000 82.292692 0.397113 11.502227 477.149763 1.877661 2200.718449
395250351906149.500000 4.144095 1.336235 484.916981 714.632368 2.208065 1098.036964
736922750262371.875000 15.710490 0.559860 2150.300565 3358.901953 2.223596 1752.685133
6870113598341808.000000 0.962396 1.229850 369.103195 252.595857 2.233005 2917.148687
184386018464327.250000 40.748015 -0.309354 30.349113 97.454908 2.162877 1467.545459
319588284190736.937500 11.683512 1.449001 17.693209 435.088623 2.015209 1231.435193
9739945937971070.000000 14.484291 1.878788 1356.381227 241.386877 2.178694 4056.993520
517696745519735.375000 13.826406 -0.082221 558.018436 24.391123 2.132111 1507.366780
719094635460816.250000 6.403741 1.860465 931.517007 1753.590968 2.976743 1425.584128
183522228625816.343750 24.582997 -0.104403 62.681618 220.146179 1.969605 1250.893299
291944555301064.062500 20.857134 1.412344 289.054782 150.714783 2.159341 1391.810252
501548269935239.250000 10.896927 -0.306853 68.443777 3342.435319 2.148923 1407.833984
1823155365617845248.000000 32.562551 1.538783 373.276589 24.694577 2.320026 29309.866064
355028868542075.625000 10.248195 -0.066900 41.866984 198.988864 2.310044 1237.243495
320100050884562.000000 55.412844 0.502099 29.019962 11.814328 2.222652 1954.900136
65744990824826.664062 76.630655 0.369761 43.833018 20.499234 2.128246 1291.448810
38450746465040568.000000 10.391711 1.687902 1048.771024 160.088204 2.291234 5916.051232
5550973101385673.000000 11.516823 1.928278 1568.637590 328.706706 2.061327 3178.265677
262351942576972.593750 11.411502 -0.115629 104.221514 115.749330 2.139597 1146.620632
204773926780408.843750 67.650509 0.222312 2848.607833 56.202234 2.089520 1804.892206
450919978496157.875000 89.135032 0.433667 1863.413071 331.526283 2.221935 2590.156540
3732983086767779.000000 81.627830 1.616790 330.207066 26.410074 2.006267 5076.758395
228257750907921.718750 80.227939 0.417044 743.095506 62.971616 2.161192 1987.737373
31265807006956.324219 41.430980 1.522306 27.305573 17.890371 1.872934 816.714131
315807289465404.937500 15.635518 1.950569 12.068536 82.503592 2.245193 1319.740123
148170287571152.718750 77.171923 1.401309 44.990944 124.799080 2.125231 1697.446991
435446687889333.375000 81.824845 1.834416 312.239226 85.794210 2.070530 2482.679006
10892389468866464.000000 2.143004 1.449614 62.071535 102.646313 2.298040 3196.470327
5692022228065488.000000 27.467558 1.285858 125.976275 22.166893 2.112324 4063.744163
3236875804382210.000000 22.181730 1.132982 340.445678 65.853132 2.312705 3159.140602
823364177742708.375000 73.378652 1.881362 324.795024 86.097712 2.185488 2953.337601
40227776249796.671875 57.777968 1.580035 11.497248 26.925086 1.959386 993.329288
9786216487360832.000000 4.115641 0.301123 1029.282923 43.554245 1.911512 3197.937373
1275028617971547.750000 19.917861 1.494075 1318.124150 641.953288 2.948176 2245.385951
481634548837116.687500 44.356344 0.577805 1704.320361 562.833841 2.112381 2078.367665
127253111031239.968750 94.482853 1.150477 42.408040 13.981986 2.116594 1735.153858
216059747305415.781250 83.334172 0.257998 113.938246 210.297554 2.159559 1978.375637
60534360787002.671875 72.874067 1.094289 30.086187 27.316363 2.173738 1234.214704
363813036821751.062500 8.262472 1.524359 12.279974 281.484288 2.225191 1191.291832
12735580763763952.000000 2.349316 1.685879 39.757839 77.323980 2.223229 3369.547016
159557911363020.125000 57.390328 0.413646 218.168814 25.398488 2.105142 1568.747295
441828091944536.562500 82.400357 0.881812 81.443328 11.248908 2.116641 2501.012193
18711366547413.925781 88.930042 -0.287788 1808.774811 14.826552 2.195417 895.984785
502017060014462.750000 16.423962 -0.246029 66.405818 23.669331 2.156766 1560.526613
10766666770365794.000000 0.320860 1.592070 315.664075 376.234249 2.393801 4459.630359
12323162372711602.000000 39.318654 1.742693 2647.960553 237.882004 2.126901 5886.593756
779022988966220.250000 43.508585 0.923360 1564.574335 3422.839487 2.547614 2424.151236
9900107230000534.000000 8.001978 0.860778 284.348238 63.904183 2.208993 3560.334439
134719018843910.421875 35.914278 0.110092 125.417919 131.216973 2.041817 1268.821002
131813134053312.984375 53.382562 1.825467 17.194037 56.735293 2.162506 1435.998672
418830984391952.312500 4.595423 1.409102 20.756471 395.503344 2.091182 1133.177280
407010263446482.562500 50.033998 0.346846 158.808055 13.064608 2.157004 2045.693950
1479413076232435.500000 7.044714 0.558290 128.944687 89.993727 2.316732 1844.003049
304263330049655040.000000 2.042227 -0.343520 501.396162 11.584141 2.176629 9701.544048
554932451947556.312500 2.738801 -0.315328 63.379583 3756.567872 2.261375 1190.959368
368060550654211.687500 10.426113 0.547271 44.664459 221.702443 2.387956 1257.077197
14934719390966106.000000 30.029038 1.344850 171.829081 22.562913 2.149929 5760.709823
258288037457631.625000 88.083253 0.903772 15.409754 401.980453 1.935552 2141.914598
333166542851657.562500 58.617644 0.477341 329.187491 90.014719 2.377349 2019.732692
214155761519178720.000000 8.328043 1.448512 175.261621 42.201688 2.259264 9999.909851
451084428351373.375000 4.504213 0.292678 622.797491 2597.817174 2.073493 1158.663236
608688117811930.625000 12.774201 -0.099317 289.042420 46.300978 2.285524 1559.792993
470961493557143.500000 2.259723 1.256268 10.846922 3997.792776 2.773309 1122.100164
369366262073143.562500 85.384708 1.672174 247.660986 154.084163 2.486965 2386.296194
154041210082762.312500 44.970017 -0.227682 109.002740 147.606170 2.062102 1427.825633
498172533896344.375000 4.101252 1.183018 11.211932 3815.681538 2.649693 1184.748487
192871821493463.062500 18.085873 -0.118928 437.173329 178.482514 2.058052 1164.580149
644195693439696.000000 22.335737 1.060348 88.667308 32.030796 2.123548 1848.162867
19531392330077508.000000 39.632520 1.817912 2714.205146 227.605161 2.128371 6881.107694
712719531723192.625000 25.116648 0.620736 2236.210771 1922.524116 2.251609 1978.848462
334524340954277.000000 74.934392 1.202845 130.627219 27.232471 2.128004 2203.687198
123272959761079.828125 89.856609 0.502777 78.849743 20.232406 2.165927 1685.954958
181753532128367.906250 17.403401 1.233937 11.343558 128.601945 2.167389 1129.780299
228810646449812.593750 26.061751 1.095579 33.231816 203.891156 2.160665 1370.085673
654237893851194.250000 15.712710 0.993765 1423.354032 2129.013630 1.908597 1684.578967
10430066765590794.000000 64.876487 0.851646 1498.932112 26.620517 2.169732 6593.272095
64691521709405.375000 52.406102 0.550780 33.989279 11.027156 2.007840 1125.622881
1839489024462661.750000 8.015506 1.016981 125.740566 83.591354 2.363314 2032.303692
1665986494110865.750000 6.987539 1.400976 1399.130625 479.770705 2.377995 1915.622539
18517977377917313024.000000 67.809694 1.598902 415.322525 11.208998 2.183811 81080.269133
224763723077939168.000000 2.894445 1.171691 20.857022 26.996188 2.210859 8834.661207
183847429102854.718750 18.399332 1.951443 38.156245 37.474489 2.100869 1151.580726
15004180722879276.000000 34.050261 1.736485 289.737091 39.929603 2.088345 6001.758853
64830545678749.039062 89.224730 1.816937 40.314030 50.875784 2.182274 1357.407837
7719496165794578.000000 9.106478 0.961985 198.289224 57.219160 2.252082 3365.163013
1451859550618648.250000 76.162709 1.207750 2695.407648 405.707590 2.171561 3615.374128
486207836125414.625000 2.887106 0.129517 1556.477338 621.542223 2.243980 1142.435055
209857741153717.625000 14.752823 -0.127616 351.155735 21.620202 2.051219 1134.282825
207363188728256.875000 70.770131 0.702280 386.294656 183.398398 2.187411 1841.393736
419938447480506.937500 3.120689 -0.194154 110.674736 453.884830 2.100458 1092.902377
542876989791264.250000 11.951802 -0.138954 12.522615 22.479227 2.033599 1477.311801
300635938640423872.000000 2.070892 -0.330742 501.234113 11.805101 2.170519 9661.585478
139316996774207.812500 71.625881 -0.355973 250.039016 98.221039 2.004123 1619.608587
6283710292050562.000000 41.768122 1.014763 690.703620 40.556980 2.201645 4796.680065
375632162355068544.000000 3.621490 -0.119868 368.758640 11.646236 2.157092 10651.564335
5759146490506771456.000000 0.876432 0.892112 2304.504066 151.449424 2.218130 27929.221408
96385659518439.453125 71.109895 -0.006132 20.598125 41.266730 2.148766 1428.804646
377394224210775.187500 8.203835 -0.356999 13.400219 749.433071 2.086846 1204.206851
1715974852797903.500000 95.950416 1.057151 193.404403 10.290202 2.045872 4153.199088
223080049069578.343750 45.271033 -0.077497 595.857161 107.809023 2.316718 1618.996033
3275846006440348.500000 26.117479 0.818089 289.616160 39.129614 2.318698 3328.969480
377101643335823.375000 83.186913 1.956308 779.059619 978.396263 2.167740 2380.464516
348414791417008.937500 20.679965 1.093760 518.411978 991.132534 1.883852 1472.717002
503352191896802.312500 7.880321 1.503138 406.145206 362.878743 2.299223 1314.991204
203088034839173.562500 44.740969 0.166096 13.113576 271.398915 1.923319 1562.984899
176681041145229.875000 44.133275 1.733173 16.272464 42.864475 2.248041 1485.323607
2685329013153619.500000 30.105470 0.124990 1082.478146 12.360585 2.244226 3254.008473
499484652904631.187500 16.262813 -0.034941 893.888699 1630.720170 2.117076 1553.792267
380299636888242.062500 29.721764 -0.071817 353.361048 11.075108 2.176546 1689.408840
211947486493349.375000 26.556737 1.505431 14.420985 27.631723 2.219202 1343.175691
503964689474127.687500 8.457164 0.567210 567.614562 949.091771 2.652173 1334.276802
14331979075403048.000000 65.874242 1.331652 530.335702 32.656911 2.248347 7369.195079
188095739397571.125000 76.090899 1.044022 111.176227 34.541683 2.176267 1828.770812
177518165439506.312500 37.061686 -0.373768 10.489948 188.352206 2.142964 1405.162444
414369649251375744.000000 11.194372 1.476625 204.572359 26.453073 2.004583 13293.184191
111436911217666.890625 62.411581 -0.007709 39.576265 58.160014 2.161418 1432.729984
664410822883779.500000 16.590086 0.842216 871.790885 742.523653 2.901327 1717.976553
2136337428269495.000000 93.852384 0.909533 475.159611 21.616277 2.176914 4432.177206
9972279648114158.000000 31.112855 1.900038 1553.900252 211.008540 2.138818 5090.976986
111730064894575.875000 48.614513 0.462398 219.030708 68.235603 2.045839 1316.707229
647644040726535.500000 24.087449 1.024565 100.861263 33.168662 2.142875 1892.968931
516506182302409.125000 3.062491 -0.004795 87.848564 4221.201683 2.258177 1169.577754
504930284766416.000000 10.973321 1.756809 500.837263 863.200347 2.632502 1413.275223
1412560261821422592.000000 33.606817 1.506641 385.618276 26.256360 2.315718 27189.723277
1013341242661561.625000 35.466260 1.156903 2734.876242 2842.289812 2.996639 2476.077541
95737066492906.828125 67.667018 1.002590 14.237729 64.308523 2.111908 1400.952933
439619490157818.062500 16.265321 0.394800 115.257778 1232.469388 2.095332 1489.118023
358533923026671.250000 7.143869 -0.409811 84.396918 444.594818 2.284908 1152.632636
12014248977237832.000000 2.480472 1.748864 40.015815 79.473823 2.230415 3308.280574
287767089676610.062500 16.352136 1.818077 285.724374 280.573293 2.262469 1294.798540
1271076118762780.250000 8.467700 0.402961 2304.030576 254.205386 2.422256 1816.687755
4605512357507288.000000 38.978782 1.630755 341.561617 58.878523 2.276632 4228.215080
251263700743196.687500 75.495131 0.640467 412.876643 174.572605 2.212749 2008.468624
513290254290908.437500 5.352988 1.732551 566.218562 1380.825254 2.104903 1238.186629
190641316379757.343750 39.665312 1.334606 19.922399 58.765540 2.266935 1470.968232
1173191913653962.750000 99.456000 1.777237 1216.154954 542.066665 2.756150 3706.874864
105419167856072.031250 53.658330 1.881413 14.320783 53.602343 2.165185 1335.270192
777318517848662.250000 2.578026 0.224712 1781.929806 393.883525 2.276111 1329.567379
42390404640072.742188 94.745117 1.840135 10.963035 12.628535 2.130804 1204.040878
68048766959202.882812 77.763606 1.127852 10.542773 13.708592 2.180615 1313.193996
140820430604815.312500 38.407176 -0.477302 66.416649 26.265911 2.182649 1315.844993
617565832382372.375000 57.940382 0.734782 1752.726631 1138.678029 2.272447 2471.143950
100539258713272.453125 56.738003 0.082884 25.339632 45.981223 2.172601 1339.641263
432895132138013.187500 14.312340 1.543511 15.165599 413.210051 2.351969 1432.671550
101339401627492528.000000 14.664746 1.307408 192.199944 34.116905 2.317977 8885.174355
3500501435940437.500000 62.645994 1.902861 1557.815448 300.031401 2.353057 4526.506443
42239505079046.898438 76.232293 1.400327 11.863724 20.672422 2.095906 1112.308969
106835421674360.343750 89.335423 1.877462 24.148383 70.924845 2.123132 1604.044882
211361389943253.937500 50.784759 0.563999 43.860232 169.774047 2.140817 1652.586037
692344518074133632.000000 63.672914 0.965856 1705.639388 16.027017 2.220631 26522.484235
592407487852162.875000 61.559077 0.917748 1472.604723 879.006839 2.478505 2488.612787
1277792535963282.500000 11.129852 0.560559 244.517559 75.099988 2.279973 1932.265954
163793224407754.093750 50.484997 1.544616 35.405249 97.097327 2.208530 1514.906331
237069520761580.093750 30.186461 0.824948 417.253025 235.262910 2.121341 1450.130028
542494781158584.125000 8.336890 0.964400 1264.580863 4931.953399 1.808750 1363.467589
581779552634397.250000 71.342384 1.163388 736.127429 1073.655557 2.647300 2604.480079
743107333141183.875000 54.723187 1.038116 1881.838226 2700.898780 2.385613 2577.440793
450585655781858.750000 22.149424 0.321693 413.494082 31.866510 2.085190 1636.573333
338375745715327.437500 39.859841 0.085995 1129.147064 406.036653 2.256130 1783.842076
9300576645236470.000000 83.827517 0.687271 2264.806131 20.861181 2.262458 6948.210979
1991743190118077.250000 9.396065 1.106031 109.285250 70.721674 2.329808 2156.750615
685331286075116.125000 87.272773 0.487583 2810.621507 188.999468 2.278234 2955.435820
400274056479273.250000 12.560293 -0.294428 366.715975 67.483786 2.336959 1350.786792
130323075440018.609375 77.156805 -0.107570 207.221674 14.698588 2.293113 1626.245251
46652720836523872.000000 46.514822 1.468715 1069.722269 56.250353 2.228010 9697.026252
114386695904816.234375 95.231717 0.148676 259.092146 32.545208 2.197322 1679.389887
162649177398173.156250 39.232723 1.055059 145.053662 37.636415 1.941030 1390.160480
2914475396273837.500000 22.480241 0.634247 364.001803 38.804148 2.274992 3062.459524
169868853769739.375000 40.285935 1.242838 10.266440 50.010823 2.207982 1422.660525
2374086219146608.000000 88.699360 1.345556 848.846308 59.704243 2.072381 4498.048488
111137029146677.859375 76.158956 0.795091 11.648776 75.329162 2.098906 1535.054176
362502824045886.000000 16.219168 1.855947 259.318510 195.139833 2.329069 1395.332147
392004451412091.625000 32.949185 0.537629 663.045210 237.235000 2.379513 1762.459437
4239103086282626.500000 5.825984 -0.305123 844.945615 23.982791 2.267452 2535.420479
426509221235206.437500 4.359059 -0.428138 116.144772 460.919907 2.292189 1132.759802
1848350129580929.750000 44.127017 1.507820 867.101490 109.602015 2.031261 3248.369708
793313472386710.625000 49.177895 1.326031 1454.646372 3300.235871 2.170959 2540.559847
4667081039209871.000000 47.767567 1.684269 1996.479452 293.960431 2.300357 4541.723421
119909292173838.671875 65.562521 0.447380 10.290888 50.084909 2.164021 1493.538462
455096598154294.937500 68.514150 1.651182 780.011876 987.041080 2.295885 2365.877448
3318019309200325.500000 71.155115 1.742951 487.895079 57.786868 2.095365 4648.993641
19761566732991240.000000 20.519789 1.026002 51.609409 13.025893 2.169770 5645.865553
1118417548176722.875000 2.513052 1.938869 556.231839 487.716081 2.444786 1499.865203
1045952432775348.500000 32.888972 1.770002 540.082689 187.275169 2.309969 2443.104810
15254689087785064448.000000 36.020981 1.809808 808.086447 32.277744 2.177750 61442.865233
236138148950023808.000000 1.886432 -0.278185 376.963082 14.068128 2.106857 8928.244647
3500501435940437.500000 62.645994 1.902861 1557.815448 300.031401 2.353057 4526.506443
85135080900419.328125 94.713900 0.112484 187.022549 19.361244 2.168512 1518.924850
6814066245145887.000000 78.326089 1.672926 374.606489 24.114839 1.942042 6113.711151
2952232319635492352.000000 0.777841 0.964441 2460.704802 230.700566 2.334183 22846.318666
259333509912279.562500 80.980851 1.978112 385.046127 656.517692 1.971056 2081.063933
170391178733746752.000000 3.916735 -0.301074 330.176671 10.073805 2.203507 8245.496026
11018019274650702.000000 57.127206 1.859275 2982.131346 411.913833 2.497918 6425.835459
113446837958003.828125 66.547515 0.853260 19.238682 72.722691 2.086335 1473.868146
23652774226297794560.000000 65.837409 1.580623 379.512395 10.665189 2.184285 87068.394449
488483340171983.937500 4.199785 0.257387 16.623830 3529.909084 1.917039 1180.103954
931544424527105.625000 3.742271 -0.176705 428.431712 124.617250 2.167175 1446.103884
472880056429479.062500 13.585221 0.014740 1378.640951 1562.348422 2.212605 1456.060795
69080605583067.742188 98.427305 0.318645 11.903807 32.922543 2.099006 1436.673536
313370656296447.750000 4.892312 -0.373292 10.108963 584.529413 2.020697 1037.150288
51710511135860.671875 90.346220 0.131959 191.858246 46.006424 1.972630 1264.548006
246163835053993.281250 3.283054 -0.306512 1631.177779 633.676647 1.871093 917.863476
773351129174201.000000 23.804742 1.856849 472.923643 203.372595 2.287100 2001.274520
1199131459759960576.000000 11.214186 1.543557 624.758179 46.041481 2.018594 18951.123230
475583849873225.687500 6.049912 -0.161902 451.233497 176.073032 2.263453 1230.292171
840266268587189.125000 79.392339 0.881310 2350.507193 4830.313353 1.798569 3057.740766
247003761014645.562500 42.612420 0.678566 656.733313 288.044158 2.082046 1641.705368
406500889348287.625000 42.269068 1.108933 514.615482 217.434378 2.242374 1933.115598
169801799146575.437500 87.394396 0.005969 2733.267990 61.700453 2.278035 1857.176622
220014088721539.187500 22.656254 1.147711 18.247374 181.108417 2.076221 1297.245503
592537030698695.375000 11.070292 0.347085 2428.732972 2957.619474 1.857942 1493.742299
661128225428893.250000 82.109822 1.997537 464.290311 158.145217 2.233289 2857.004784
519494845976831.875000 6.518486 1.784590 714.282931 1633.037222 2.105066 1283.076210
218676086993768.500000 97.631503 1.594022 28.560968 164.415323 2.171905 2103.242906
544379909892515.437500 5.067619 1.655708 200.251853 2161.513086 2.150561 1252.812792
51644694539509047296.000000 60.660349 1.311493 1567.307301 13.967721 2.130581 109786.383762
44270936135597.992188 71.439118 1.374229 14.524650 17.166125 2.113527 1104.202009
9753443201544058.000000 7.771514 0.504504 493.488615 25.422686 1.886842 3522.392573
57294155647986.750000 81.154575 1.297895 14.527042 23.912633 2.155848 1259.027477
135071607423048288.000000 20.738240 0.891707 478.927130 17.471805 2.020781 10747.093475
519361142986403.250000 2.564021 -0.035344 90.609826 4153.975218 2.245441 1162.144032
71493349432345.765625 75.896232 1.530733 21.854193 36.825317 2.189975 1323.508383
585295997201132.625000 4.065280 1.615532 136.926454 2643.383136 2.200228 1248.951324
29904949858551024.000000 49.444205 1.263774 872.681564 47.489262 2.332992 8533.977112
211773246389641.593750 15.590685 -0.129771 252.044940 233.931285 2.030768 1154.274172
2917825475660591104.000000 0.615438 1.000115 2420.126287 242.826021 2.341443 23933.394936
28386793883274760.000000 33.818370 0.775030 2178.058997 24.397883 2.014382 7406.930370
416516820036285312.000000 67.134327 0.996793 1241.294664 14.880043 2.193240 22807.226330
5720847038173007.000000 32.177367 1.132354 1677.038045 84.866236 2.019425 4274.974999
42243874979185.468750 56.301914 -0.486960 146.952695 19.573371 2.133658 1000.728148
79649582189237.703125 62.781924 1.644866 12.272723 47.785906 2.060583 1283.633488
6419497311898022.000000 5.263506 1.502402 21.863118 43.464653 2.211410 2867.010286
314277890230085.750000 9.521340 1.298503 89.102812 206.696605 2.282533 1168.797622
542471716586012.375000 10.508394 1.502739 161.454126 1797.521307 2.187322 1433.144390
54489006925344072.000000 25.809002 1.985536 186.454359 41.829618 2.336176 8467.416813
5164502386083882.000000 2.110205 1.300424 55.063613 157.345554 2.380728 2492.641628
46788824433763508224.000000 61.897656 1.136062 2301.309330 16.510814 2.306467 106976.892058
242043020524775.562500 31.711005 -0.249503 56.149679 297.437669 2.111197 1482.817885
695068963798363.750000 76.443356 0.847864 137.432680 11.377858 2.076169 2831.966710
1518494280473113856.000000 0.702528 1.025960 1807.090908 234.710135 2.350795 18688.162290
480237752782851.000000 88.295965 0.357649 2671.976930 141.372663 2.254226 2636.110942
737109072758366.750000 40.292079 0.828605 1832.093605 4949.180127 2.453505 2320.574822
307987245038330.062500 52.561515 0.694932 685.743130 601.910943 2.057412 1895.503158
74059573790052240.000000 4.019684 -0.074025 40.985807 11.152074 1.975845 6262.677817
408500435892604800.000000 3.033985 1.474117 18.339682 25.169977 2.242771 10809.898651
42239505079046.898438 76.232293 1.400327 11.863724 20.672422 2.095906 1112.308969
363233550189271.375000 22.767940 1.764098 227.520166 164.382744 2.388117 1535.411640
113426193441697376.000000 54.676476 1.977288 1127.011712 84.841006 2.318638 13770.490216
471121720812821.562500 3.156827 -0.396799 514.443317 3933.902018 2.084549 1136.471619
333133481261686.500000 11.485716 0.164067 61.183005 175.325082 2.322425 1243.546935
5608194693481889.000000 9.513723 0.957710 219.283616 60.479294 2.244974 3053.750505
64422956662679.226562 79.626661 1.287237 14.858534 24.598489 2.159690 1300.364167
3359699670762847232.000000 0.518533 0.874445 2988.693701 278.810731 2.555131 26183.915853
649093469659340.500000 18.748235 0.688792 1599.602726 3373.965589 2.367591 1762.692252
2956497987849486.000000 24.077804 0.782372 511.823176 57.895887 2.319022 3139.826821
5709771280634914.000000 58.694900 1.503856 1268.323033 86.722498 2.010887 5209.667083
741466666968062.375000 1.986133 0.060592 1419.982998 391.979584 2.238929 1306.013042
569938109977648.000000 5.429466 0.435747 1427.499695 2063.777993 2.487995 1284.855265
426127493085697.625000 15.390499 0.690826 75.115852 979.039614 2.126316 1452.293566
2645634330985493.000000 27.938319 1.435340 1770.049652 203.420000 1.961811 3164.222608
5710545426554916.000000 27.212903 1.268335 128.700591 22.311298 2.115092 4056.627782
718647980620186.125000 8.048157 1.752842 11.121646 108.871130 2.382088 1486.889611
43899064797100974080.000000 48.719101 1.378336 2619.871213 29.932848 2.302622 96508.255142
1012109111705809.375000 9.594618 0.521333 68.493861 62.610534 2.325606 1728.895376
166309932735821.531250 26.164501 0.112516 71.515458 201.245290 2.050081 1233.323461
5822330108136792.000000 64.201183 1.979131 1973.425630 361.639400 2.352313 5409.051239
45175117730640.765625 83.616448 1.278148 34.524808 49.219086 2.032067 1175.646971
1216842928461335.500000 14.223747 0.448562 2548.255273 270.998882 2.474905 2018.705393
516921084350153.437500 7.889466 -0.401043 27.656940 2901.109399 1.841875 1327.004878
275051350956258.187500 89.741486 1.884255 85.049736 31.468276 2.154397 2202.048756
199687282217637.125000 99.152156 0.704882 20.146848 324.578898 1.871388 2052.031156
34334283066634.332031 52.939840 1.293254 21.888296 33.631394 1.956313 914.493894
55112285733506.281250 84.512134 -0.085569 10.966422 25.584678 2.045755 1261.013306
907800237171097.375000 16.698901 1.628661 771.658855 323.134755 2.345946 1909.703122
1079154873398584.000000 93.799324 1.731374 1149.426912 328.832600 2.378619 3529.116838
864775432978591.750000 70.198316 1.921228 1298.273514 4348.517767 1.490721 2955.496977
148634502033441.062500 24.314457 -0.041005 527.271948 48.373463 2.157596 1162.195939
5532197959155453.000000 9.498088 0.955574 219.714757 60.978327 2.238313 3038.808475
835383364017042.625000 72.843672 1.869702 1586.327725 4451.989684 1.444524 2959.974721
19804243464305324.000000 66.786205 1.413444 406.101936 32.932210 2.331867 8247.538762
316849558305659.750000 46.339583 0.231717 1052.897358 425.498196 2.160310 1834.074691
97720004599382818816.000000 44.623659 1.279066 2742.798031 22.308470 2.208289 122370.348589
198169712980395.031250 16.967319 -0.143438 181.216578 128.693282 2.056458 1154.830274
517680593410251.062500 3.845576 0.708294 250.354695 606.090187 2.738466 1192.044077
1522801921202269.250000 7.587038 1.842966 20.383992 72.792194 2.343599 1887.917888
322949715490151.500000 9.771960 -0.022318 487.016026 187.642042 2.282223 1186.170530
228772193764756.750000 49.354024 0.018355 262.848397 97.785887 2.302907 1680.497955
533877761139733.875000 5.878457 1.190143 30.064396 1212.095493 2.917692 1272.700765
161295629601914.750000 70.018007 1.302575 14.896840 71.322281 2.283781 1687.112581
453118955403156.875000 89.447227 0.361725 2227.329225 140.322206 2.250042 2597.635428
538087841902011.750000 18.380415 1.044112 1248.385617 1967.014073 1.886555 1646.781074
272791140105185.218750 79.743955 1.612969 145.194137 47.857120 2.142107 2104.858384
531960568963022.125000 20.196999 0.670836 501.935105 598.466411 2.779920 1684.446848
785912757514282.625000 10.999383 0.620355 80.320199 74.166502 2.347564 1638.752512
148148181542949.125000 55.440836 0.661683 24.413540 50.693182 2.230100 1512.410736
110484621003442.500000 79.376453 1.212841 73.959818 28.903438 2.086135 1554.764595
10640702631436866.000000 7.277620 0.851303 293.952602 65.499927 2.202854 3580.971065
516276666097659.000000 1.966386 1.238504 143.201115 1398.867230 2.719080 1157.755712
6109387067061116.000000 32.148505 1.175241 1555.172338 97.034166 2.076515 4368.411591
29921732366398624.000000 49.192390 1.266427 890.310326 47.125268 2.333715 8520.919297
824215279217882.500000 24.436849 1.201739 1677.114297 3514.316037 2.662882 2060.159121
2709454643522548.000000 8.893806 0.268227 33.584464 26.584018 2.130630 2361.941663
2145473534353485312.000000 6.411851 1.711047 14.471895 10.859099 2.254120 20527.336791
2301591740394747.000000 47.726639 1.724117 84.879947 17.901103 2.063575 3587.211292
144601908828403.031250 34.570830 -0.002137 137.002151 121.273127 2.065840 1283.395667
512930102255584640.000000 17.813857 1.444687 560.104234 35.161492 2.060058 16067.763581
105169773375333.921875 78.744947 0.148823 22.709518 58.629052 2.130867 1525.075547
93433400109895.890625 49.654021 0.270467 244.769182 16.779504 2.004813 1249.368203
582879482260709.250000 29.994094 0.453039 2100.056447 1023.619030 2.154338 1953.348501
399042201592166.312500 1.884003 1.608028 234.750651 2268.871259 2.191054 1063.484736
697834160237376.500000 3.110148 0.194140 2019.762302 509.696522 2.313038 1294.222642
2648205743715948.000000 1.089882 1.177246 384.899752 291.341412 2.182317 2085.690605
772667672887305.750000 12.378576 0.244178 16.966649 29.004646 2.112776 1675.920995
53008155350625.476562 71.864176 1.328493 19.997683 17.002788 2.097953 1174.983122
99571040652087.703125 64.036190 -0.046601 389.998293 36.347466 2.222674 1392.336277
107964944807470.125000 54.324385 0.867106 14.281732 42.440407 2.188170 1351.602003
156095372235157.156250 34.708951 0.400206 79.947749 25.800266 2.075263 1318.208186
984838779268134.375000 17.014001 0.894435 471.678080 123.819861 2.286427 1972.198096
227925547346413.500000 29.271876 1.436386 22.517308 355.376443 2.112645 1417.673503
4365342700615727.500000 0.624153 1.417699 294.496236 352.333890 2.315643 2728.296943
58391118285467464.000000 49.529585 1.421127 1139.879388 51.865386 2.226302 10672.634940
38491599381649195008.000000 56.161178 1.307251 2639.945416 19.279796 2.138599 96934.395868
132689970504663.062500 43.543553 1.507814 20.422966 75.245281 2.159398 1344.118704
304101350335954.750000 15.890415 0.710684 92.009573 426.933855 2.109799 1308.818160
470722901614005.812500 65.199567 1.600268 692.502020 439.057742 2.415568 2351.505654
40392573994490.835938 88.971577 1.610124 22.005811 21.995935 2.102507 1158.170390
498299902948930.125000 18.800289 0.572010 941.772811 1893.089396 1.833141 1615.249903
692761386857572.375000 51.986076 1.758687 977.522979 556.611119 2.443595 2474.304069
575741286743601.500000 10.957645 0.388537 2010.556832 2707.645125 1.865534 1475.983458
173315178013056.500000 95.419304 -0.384158 56.237956 148.460347 2.105936 1930.258996
114439313502657.671875 57.095344 0.424035 178.380391 23.546198 2.028003 1401.749333
322996265901113.062500 34.757009 0.532769 532.448694 408.278939 2.360209 1680.523552
349773583231548.375000 3.293986 -0.322578 935.902851 175.004806 2.138936 1032.139161
441758209372290.625000 9.229322 0.649326 285.629372 1050.684813 2.291559 1300.505849
230737864379561.406250 37.858793 0.135983 1202.007734 191.215543 2.159167 1544.072292
278698908513227.625000 81.353371 1.834431 226.299329 430.143287 2.222955 2135.124945
366727029511078.750000 11.890775 0.322824 12.336186 431.313496 2.233877 1294.650853
3375702290346887.500000 1.457473 1.047311 398.868533 218.570404 2.103382 2194.954921
606210380912750.125000 0.833391 1.278980 111.267187 977.543696 2.738715 1330.495702
387105795803381.875000 73.109651 1.970313 258.940847 88.839422 2.118306 2293.481364
192036180865260.781250 34.138249 -0.468354 10.103858 213.029334 2.144622 1405.048700
517039478142350.562500 61.710998 0.746437 1414.749274 614.493368 2.359072 2380.286623
751652080212287.000000 1.096669 0.407023 1383.713817 946.853875 2.603858 1369.580245
276361356441423.875000 57.287135 0.764600 781.773110 247.623197 2.096176 1882.800397
241188042947375.187500 14.390548 1.141873 28.279992 450.016257 1.979162 1180.534319
775393988416278.125000 55.569284 0.730573 2053.680080 2337.141997 1.908527 2627.980230
476655161911761.875000 3.679062 1.170108 14.572753 1882.928857 2.537160 1154.815001
82943923103506.953125 83.599310 0.291716 25.593679 46.698322 2.107183 1439.483786
917194876579006.375000 12.071281 1.811036 1600.424842 2256.941149 2.873809 1763.728169
63067223359753768.000000 4.216786 -0.078990 48.267633 11.077035 1.973333 5967.176077
48228048115472.742188 81.175658 1.192503 32.253095 21.055341 2.073280 1188.881707
140612686322303552.000000 5.555978 -0.333495 321.258975 10.072984 2.310865 8086.514878
25203482010203696.000000 32.074763 1.947435 246.388816 36.409929 2.074518 7001.072202
384660014560661.937500 18.057123 0.801129 14.019872 451.142717 2.364273 1465.261201
73065634090707.796875 77.274404 0.378528 58.747499 16.552880 2.096343 1341.688789
10538511595695740.000000 7.256734 0.852997 296.184068 64.604176 2.208919 3567.555576
226552889805576.125000 18.669100 1.112454 14.967021 349.454318 1.972348 1239.613046
5150018061322012.000000 99.887881 0.817463 1134.307771 24.450634 2.205499 6079.120360
752671043764274.750000 45.439494 0.890540 2271.538495 4206.890288 1.623889 2431.253905
821484640404278.250000 58.557725 0.795383 2591.262736 3660.373628 2.509189 2727.639654
90424472097640.984375 77.111214 1.590790 63.766915 95.558575 2.157481 1439.405031
12105625810333.431641 85.787958 -0.073309 160.279418 18.454829 1.844052 764.955702
215018183731749.406250 44.569162 0.127984 1022.998326 171.234177 2.150180 1590.977624
1294753591164921.750000 71.372176 1.039070 558.326778 27.403545 1.969134 3400.905005
94539387037427.734375 98.235646 0.576904 38.577159 15.641549 2.193280 1593.927894
615419584247723.875000 68.554894 0.914477 531.931709 41.289102 2.080272 2616.809255
135922187667485.359375 42.453847 1.516285 20.348997 76.870557 2.158592 1343.664749
827712330207266.375000 1.616487 0.345926 1161.952110 725.147410 2.591496 1364.652622
528316245591947.812500 3.759837 1.028367 424.941013 4429.386623 2.234166 1197.536447
69247284517482.617188 85.535805 -0.467889 21.641880 45.581008 2.059248 1366.622993
3391953321338503.000000 7.818106 1.147153 128.216801 67.111104 2.284104 2479.940948
703824418709388.750000 45.321977 1.393926 1035.697516 2979.662905 1.673869 2375.432528
169508741223295.218750 90.033001 1.836829 15.346774 94.519421 2.238485 1876.124338
170391178733746752.000000 3.916735 -0.301074 330.176671 10.073805 2.203507 8245.496026
202786839738513.656250 32.003020 1.190020 17.860539 78.388712 2.251626 1401.906123
55443655493811.062500 76.699202 1.421603 13.237475 17.859886 2.132486 1220.519895
339530527743921.125000 67.729849 0.493165 1166.909545 204.324578 2.164337 2137.130250
143400007919917.000000 60.782957 1.750615 212.527360 157.915290 2.104510 1544.162118
556195106627165.062500 52.074959 1.956308 432.878973 1093.147206 2.307377 2301.013017
166788155374913.468750 91.890420 0.323802 43.556448 131.000195 2.093482 1879.859296
1074988107117305.375000 23.606606 -0.117316 144.619856 13.139850 2.248431 2227.977735
621090447866128512.000000 11.620596 1.440023 507.167603 40.120665 2.028570 15347.658772
783121822942178.500000 1.499952 0.099445 2938.297829 560.173112 2.288560 1345.913989
5394337940898545.000000 65.009487 1.958084 1938.217516 325.441977 2.293633 5296.164166
264281767251390.437500 75.634474 0.729928 11.156998 379.374891 1.953721 2043.909078
885379012856609.500000 10.272934 0.800423 1403.905274 671.242341 2.635100 1678.724381
263962940743261.156250 16.147401 1.814845 300.098087 264.604539 2.291830 1253.836380
1164995188913482.750000 59.750951 1.294503 2876.887306 2157.898490 2.884610 3085.898997
9003287461744475.000000 55.361865 1.394571 415.576712 35.256999 2.204317 5943.282810
1288949368368668.750000 6.637106 0.628482 112.647201 69.329352 2.176780 1742.489237
1285312207405129.000000 40.692547 1.789139 1697.378963 438.434249 1.944083 2802.151444
199486347698387.218750 51.034731 -0.027169 84.049075 218.240503 2.048749 1623.730801
704845140936618.125000 49.523848 0.483009 200.064217 20.993111 2.249445 2448.144338
411754713362491.000000 18.532739 0.281932 22.038222 19.052329 2.089600 1509.702251
548970671870272.000000 13.153925 0.199321 180.599177 38.532407 2.111942 1517.991773
192848025974314.187500 58.477252 0.138158 47.648962 200.258387 2.081037 1681.847649
136480140022764.437500 51.192080 1.637580 57.996929 135.524209 2.121921 1432.248131
580552650925675.375000 44.003160 0.679497 2026.117161 970.273457 2.183652 2206.041824
262048717794748.781250 76.027763 1.628706 244.483647 505.951866 2.041027 2041.890080
94012394229027.312500 83.832237 0.046932 51.634196 71.545280 2.061302 1502.358263
80475192680145056.000000 12.547042 1.634558 1705.674283 178.092518 2.311247 7911.207978
72818436457349.031250 65.142281 -0.099229 15.738473 41.988231 2.054573 1261.938581
538540499763760.812500 56.678639 0.843362 1101.001747 293.710792 2.289828 2343.114617
15540609051369826.000000 9.810846 0.014120 1509.337591 13.732462 2.154264 4318.219592
491893280209420.312500 1.524629 0.839402 341.322139 1221.043748 2.509967 1151.381425
197069713339646.687500 36.202801 1.279851 14.928894 63.772954 2.245734 1444.036918
353985785678236736.000000 59.192497 1.075968 1082.674185 18.043108 2.195313 20678.969931
318160825233023.937500 26.183494 0.657236 389.182100 134.408243 2.226403 1531.375057
137684679389559.218750 86.670002 0.489230 74.821881 130.949518 2.052475 1726.632497
14934719390966106.000000 30.029038 1.344850 171.829081 22.562913 2.149929 5760.709823
567845717038213.375000 28.736975 -0.053413 373.284511 10.726072 2.207310 1910.972088
123277648827839.859375 67.374471 0.177326 701.618479 46.286592 2.069853 1521.829280
762507386727719.000000 87.182332 0.773056 1080.841845 206.760869 2.477224 3061.309600
20038287006487980.000000 22.889215 1.069214 45.304392 10.896705 2.160799 5854.073198
201208986887460.687500 37.564190 0.317034 32.482883 234.017670 2.070879 1471.457358
491147178998747.500000 38.624195 0.920514 234.826112 52.042516 2.168629 1999.156215
712881656083920.250000 47.854435 0.970954 1452.104556 304.994257 2.154257 2429.269886
740925465160270.500000 11.751939 1.950352 1252.951623 2730.215374 2.985904 1632.088406
1122689478461392.250000 11.289112 0.330220 148.804331 34.386666 2.124919 1856.850319
577283250349402.375000 61.571627 0.896070 1485.136947 821.775487 2.471152 2467.425987
47637281851483873280.000000 61.945777 1.137855 2304.898822 16.524076 2.306565 107648.649626
389567787793772.937500 14.430251 0.327050 51.660575 62.612178 2.234634 1386.102440
443698069179887.125000 89.497363 0.475756 1656.019612 304.650497 2.257178 2580.028291
831682036509402368.000000 16.753859 0.744768 337.553873 11.866737 2.096892 18564.052271
647966566452517.500000 17.726137 0.605973 1953.086407 1795.086682 2.296404 1734.598028
35817509049914.875000 92.463213 -0.091218 1735.551083 39.854260 1.959269 1128.268036
466076098477997.500000 2.824594 1.386565 60.460111 2384.450259 2.513961 1125.223187
1830899596993724.750000 78.535413 1.353207 2149.575748 294.783637 2.163175 3948.847685
736922750262371.875000 15.710490 0.559860 2150.300565 3358.901953 2.223596 1752.685133
228556149488318.500000 94.180445 1.546432 15.095028 259.185639 2.045752 2106.724441
53985673356360.015625 97.837696 1.829060 10.623507 32.507697 2.075642 1320.429932
63399808413672.617188 81.393364 1.438337 14.451913 16.176144 2.158052 1303.618418
418231358296468.875000 39.971206 0.489572 1579.983913 73.454119 2.057725 1916.125527
4318937361160767.000000 8.015576 1.202668 105.688844 57.979484 2.291817 2701.153439
817470244632574.250000 40.364034 0.717654 2857.280183 1445.269045 2.496242 2403.414762
154444575369413.093750 51.159961 1.631884 57.904795 171.371397 2.107342 1492.200342
951209936781156.125000 66.073660 0.956928 2938.676273 2313.462669 2.233051 2986.771349
4015679745132977.000000 78.348995 0.532212 2768.531321 28.209639 2.346684 5126.264790
144777931331358.906250 97.532792 0.787133 10.360267 212.780099 1.862195 1832.440571
3099494074778440.500000 68.294453 1.273375 2351.205454 225.141108 2.273792 4479.526071
379013708880571.437500 18.256041 -0.287130 34.338689 40.374526 2.235667 1462.471376
476418944628981.812500 5.374931 1.667312 122.416202 1626.335422 2.353802 1208.528484
2036983531592404.250000 9.038583 1.099858 96.924351 68.552522 2.345747 2155.011259
103331697005926.906250 96.630250 0.788337 26.870743 11.131533 2.185065 1632.067796
637533968705232.625000 21.316181 0.575557 1694.995700 1621.578181 2.284328 1817.028346
966252824346751.250000 83.289247 1.517649 1488.425545 514.182231 2.407654 3258.845778
34380992587319800.000000 53.140488 1.183793 958.220346 43.083847 2.339877 9160.855167
441460702148647.687500 2.915889 1.202217 14.727019 2696.565782 2.508345 1106.828080
258906987899717.562500 79.985525 0.214079 2498.993472 15.932392 2.156170 2070.758174
387619384942212.812500 33.064439 1.111626 414.575506 663.161390 2.200066 1757.799765
