10.000000 48974168.576587 2912030.116882 317559065.208042 214878.311474 738021746.636506 20690.356655 1301638794.437697
10.139395 48766305.728482 2919402.385341 312032682.390190 216982.432244 719265506.836292 20935.549998 1260161474.881950
10.280732 48566433.662159 2904138.067365 306285870.957329 219098.117110 701315132.829055 21183.267694 1219872748.826508
10.424040 48351627.412101 2891208.215615 300485370.950580 221225.216711 693715731.053013 21433.525920 1180742727.188329
10.569346 48228122.580299 2885874.467758 294832507.278381 223363.575947 672275588.468744 21686.340685 1142742163.867030
10.716676 47922352.954103 2880363.226294 289259437.035408 225513.033912 673646356.657050 21941.727828 1105842443.868836
10.866061 47547677.095714 2874674.427642 283345772.434735 227673.423841 659131259.822126 22199.703005 1070015571.647551
11.017528 47493506.811465 2868808.057687 278350434.004127 229844.573049 636864562.716511 22460.281680 1035234159.657399
11.171107 47279236.099327 2862764.152335 273013363.928695 232026.302885 615284073.465690 22723.479115 1001471417.112721
11.326826 46861290.860197 2856542.798041 267686970.602461 234218.428671 594371134.962462 22989.310361 975242215.512433
11.484715 46731923.404962 2850144.132316 263136334.256758 236420.759662 574107512.511081 23257.790248 949914482.617309
11.644806 46456866.438048 2843568.344198 258281012.892003 238633.098992 554701374.226748 23528.933371 925176196.989227
11.807128 45943292.640453 2836815.674706 253946189.353090 240104.110512 537317419.416126 23802.754086 901015066.813970
11.971713 45440255.977665 2829886.417257 247599967.940650 241344.077417 520478265.644224 24079.266493 877419037.088062
12.138593 44829393.202109 2843576.260493 242006365.038900 242574.167682 504166839.225851 24358.484427 854376285.072217
12.307798 44605602.871185 2858281.393842 237522806.162321 243794.080967 488366601.553222 24640.421451 831875215.836496
12.479362 44306638.406769 2869380.818285 230911740.457981 245003.517109 473625513.831673 24925.090837 809904457.895253
12.653318 44022517.765518 2887701.001336 226610758.970704 246202.176269 467104430.633539 25212.505560 788452858.930232
12.829698 43812730.687319 2902411.927156 220596034.533021 247389.759077 458237780.823387 25502.678284 767509481.599994
13.008537 43404787.854811 2917121.167780 214488412.511457 248565.966788 443996633.478117 25795.621352 747063599.434035
13.189869 43102599.651198 2931826.846618 209916559.612195 249730.501428 430198073.554045 26091.346770 727104692.809919
13.373729 42799667.374519 2946527.045043 204885534.669659 250883.065945 419133505.040386 26389.866199 707622445.011763
13.560151 42592161.790099 2950273.451357 201390960.656573 252023.364368 412533848.984977 26691.190936 688606738.368501
13.749172 42281497.577542 2943887.984878 198414465.911812 253151.101957 405877480.768966 26995.331911 670047650.470315
13.940828 41943013.933389 2937316.541810 194078197.477892 254265.985361 399169213.413538 27302.299664 651935450.461709
14.135156 41757480.371312 2930559.369516 189862567.791564 255367.722775 392413955.734799 27612.104337 634260595.409658
14.332192 41312512.502231 2923616.770818 184403029.067145 256456.024094 383455220.991859 27924.755660 617013726.745390
14.531975 41182547.078043 2916489.104393 179719404.333274 257530.601075 372301461.614314 28240.262936 600185666.778250
14.734543 40789105.689519 2914625.256304 175630365.291016 258591.167492 361529808.780600 28558.635027 583266831.441796
14.939935 40337301.243402 2939032.634667 171061752.383543 259637.439298 354660583.160734 28879.880344 563616974.179090
15.148189 40044153.269427 2963547.725259 168166586.812770 260669.134779 343033643.366006 29204.006825 544570943.797850
15.359347 39735255.315350 2982782.384836 164243487.298290 261685.974718 330137723.841629 29531.021928 526112377.375816
15.573448 39425916.810064 2967235.275049 159381879.407393 262687.682549 320200593.326001 29860.932613 508225280.741503
15.790533 39190449.193493 2951712.871113 154762735.231156 263673.984519 310500865.668207 30193.745327 490894022.344902
16.010645 39235772.601209 2988114.413079 151297195.186352 265827.691084 304429311.944550 30529.465990 474103327.182763
16.233824 38701766.290007 3011627.701748 148101395.886938 268032.450315 299956229.104651 30868.099978 457838270.778176
16.460115 38172299.425170 2986004.479286 144045417.027419 270749.576318 295461679.404124 31209.652110 442084273.214259
16.689560 37887816.002165 2991821.403724 139733502.519627 273486.154502 290947537.568944 31554.126632 426827093.221756
16.922204 37725189.448208 3015076.318254 136502140.252125 276242.128885 286415717.788109 31901.527198 412052822.320444
17.158090 37505688.470941 3038120.211638 133670373.917883 279017.437783 281483024.009512 32251.856859 397747879.014274
17.397264 37123932.056248 3042986.611515 130491167.664020 281812.013697 272979801.540553 32605.118045 383899003.040211
17.639773 36663482.746553 3036961.996699 127023981.592779 284625.783198 264670936.929365 32961.312547 370493249.670796
17.885662 36369713.743065 3030797.659124 124229366.719869 287458.666813 256555431.183257 33245.441691 357517984.070451
18.134978 36048327.346267 3024493.144588 120564497.767034 290310.578910 248632126.495211 33512.219717 344960875.705635
18.387770 35690651.379758 3018048.025362 116913352.350571 293181.427589 240367073.890710 33780.891730 332809892.808946
18.644085 35378407.757578 3003159.578468 113555920.316256 296071.114562 232922726.082837 34051.465621 323360266.361659
18.903974 35009254.085044 3004734.397886 110205926.850411 298040.136763 226001546.495558 34323.949174 314980487.946371
19.167485 34480814.733939 2997865.171928 107544872.672030 298787.310557 218832441.700479 34598.350068 306698579.742181
19.434669 33779358.775427 2990853.907048 104710419.258862 299513.471465 213294330.986876 34874.675869 298518787.340854
19.705578 33375821.844394 2983700.316815 101665557.266977 300218.407369 209964404.695162 35152.934030 290445170.726805
19.980263 33204032.762212 2976404.144813 98659540.015762 301936.704467 205275340.061325 35433.131879 282481596.612089
20.258777 32641020.183416 2968965.165212 96236424.601829 303342.332883 198829056.064176 35715.276623 274631731.387186
20.541173 32663024.110356 2961383.183334 93664114.371608 304361.951204 192483819.339303 35999.375337 266899034.720933
20.827506 32373223.793324 2953658.036210 91311674.997528 305379.611159 185215100.901467 36285.434964 259286753.839524
21.117830 32089778.362232 2945789.593128 89676094.400531 306395.198469 178200137.216499 36573.462305 251797918.510805
21.412202 31551973.865144 2934006.681719 87290044.952268 308257.489259 171430938.392944 36863.464020 244435336.756094
21.710676 31063739.464306 2903641.876137 84806242.349031 310529.014261 164899732.769536 37155.446618 237201591.307701
22.013311 31114679.926729 2873559.367525 82665973.176783 312797.755388 158598962.098746 37449.416457 230099036.825964
22.320165 30664392.152728 2843756.482619 80749701.468233 315063.286888 152521276.803908 37745.379732 223129797.885243
22.631296 30220904.005867 2832521.183693 78687962.901707 317325.178655 146659531.309394 38043.342477 216295767.733801
22.946764 29941214.662700 2858134.764351 76595596.207252 319582.996367 141551617.060643 38343.310553 209598607.827956
23.266629 29513237.511664 2886694.243615 74311970.010123 321836.301631 136739544.700976 38703.030239 203039748.136368
23.590953 29056960.968585 2877678.771494 72336525.357306 324084.652127 132074652.619745 39183.252046 196620388.205783
23.919798 28545509.388029 2868520.364189 70093694.763675 326327.601765 128117649.896300 39669.046947 190341498.975173
24.253227 28255007.833793 2851112.574622 68048231.056816 328564.700842 124582661.336520 40160.468594 184203825.320885
24.591304 27965802.427605 2835661.485409 66000380.315995 330795.496206 121123695.666389 40657.570820 178207889.311258
24.934094 27586280.720507 2835517.207920 64249351.355592 333019.531422 117739709.278624 41160.407625 172353994.145262
25.281661 27038851.179102 2830462.344069 62354887.483180 335478.325867 114429662.578272 41669.033169 166642228.745925
25.634074 26666559.892082 2820593.314302 60541015.267822 338093.778066 110341129.533414 42183.501752 161072472.975927
25.991399 26437421.325631 2810583.239023 58717340.703215 340715.413469 105963458.448353 42703.867809 155644403.439530
26.353705 26092989.146328 2800432.568988 57193970.588127 343342.924571 101746921.936491 43230.185887 150357499.832169
26.721062 25790655.274584 2790141.794635 55491710.062479 345971.150053 97686133.587440 43762.510638 145211051.796532
27.093539 25320465.386446 2782837.080779 53825235.648316 348070.812573 93775865.203773 44300.896801 140204166.241767
27.471208 24834981.156334 2769142.094864 52237673.910419 350158.943024 90011042.949933 44845.399187 135335775.080692
27.854142 24369512.093157 2758434.351236 51055204.933811 352235.068938 87099875.773732 45396.072659 130604643.338452
28.242413 23844000.495813 2737393.281775 49630658.063958 354298.717051 84352000.130617 45952.972123 126009377.585017
28.636097 23461752.754371 2701866.722016 48033331.422793 356349.413523 81690816.006669 46516.152500 122066077.434089
29.035269 23013636.933995 2700356.332728 46961877.463443 358386.684159 79113588.409306 47085.668717 118484350.033994
29.440005 22665234.418651 2692815.952746 45823987.232961 360410.054635 76674576.280608 47661.575683 114963433.957662
29.850382 22343267.742197 2676076.316356 44454404.115909 362419.050725 74227449.301941 48243.928269 111670071.022566
30.266481 21841712.941950 2659228.637962 43125754.973131 364277.966607 72037120.168885 48832.781287 108709501.365277
30.688379 21332381.354666 2642275.925281 41728065.220937 365250.553556 69904466.040197 49428.189474 105785197.056928
31.116158 20845718.791183 2625221.216555 40582521.887962 367302.394030 67828199.166923 50005.705934 102898397.333497
31.549901 20415656.082369 2608067.579072 39295003.417731 369339.396986 65807053.871013 50475.737862 100050292.881219
31.989689 19873455.176483 2590818.107653 38196571.489818 370122.193540 63839786.319986 50947.935237 97242023.487169
32.435608 19539014.462994 2573475.923127 37184773.489888 369646.719539 61915217.311631 51422.255057 94474675.806686
32.887743 19179641.845247 2556044.170783 36263838.478929 369142.735291 59846694.915616 51898.652956 91749281.258745
33.346180 18823638.742782 2538526.018799 35211915.951760 369524.308565 57981399.542763 52377.083191 89066814.059948
33.811008 18422108.478102 2531470.163083 34302978.664294 370268.788622 56325302.036471 52857.498638 86428189.407283
34.282315 18028024.274677 2510084.224142 33503650.021139 371011.807036 54713296.973159 53339.850774 83834261.819196
34.760192 17542001.350960 2493800.210024 32971192.320479 371753.288672 53100655.001921 53824.089677 81285823.643819
35.244730 17268045.186834 2478626.251523 31993178.881278 372493.156556 51477492.262537 54310.164008 78783603.742442
35.736022 16942419.605155 2472342.047274 30971119.769529 373231.331831 49899016.143392 54798.021010 76328266.355468
36.234163 16555712.416105 2474373.068727 30082451.637809 373967.733713 48122641.799041 55287.606497 73920410.157192
36.739248 16242364.690181 2448616.288021 29211119.031957 374702.279447 46336074.974258 55778.864849 71560567.504747
37.251373 15887611.368515 2422944.354213 28337555.314494 375434.884259 44769391.511450 56271.739004 69249203.885575
37.770637 15539957.937367 2397460.099249 27475531.615373 376165.461309 43316467.871348 56766.170454 66986717.566682
38.297139 15216600.580599 2372162.388077 26685517.256936 376310.668114 41851213.251865 57262.099241 64773439.447824
38.830980 14914467.694831 2368290.697061 26126934.968449 376135.707253 40390424.017735 57759.463950 62609633.119674
39.372263 14586947.634282 2362362.361039 25549029.392659 375931.818266 39080829.088220 58258.201709 60495495.126807
39.921091 14471268.910633 2335107.360024 24816492.370482 375699.098096 37847885.213039 58758.248185 58431155.434234
40.477570 14170938.709748 2303680.772594 24021336.829631 375437.652177 36626178.942420 59259.537583 56416678.095005
41.041805 13778635.578441 2272646.552095 23513460.952534 375147.594335 35461967.074618 59762.002646 54452062.115300
41.613906 13482050.332555 2249134.177473 22961226.475574 374829.046685 34329181.832885 60265.574650 52537242.512258
42.193981 13174933.866720 2237587.032438 22363324.868191 374482.139518 33227257.618044 60770.183414 50672091.558723
42.782142 12773131.826887 2218085.121000 21658822.517604 374107.011187 32155627.834508 61275.757292 48856420.208042
43.378502 12503739.348162 2194380.514066 21197427.072569 373703.807989 31225450.572211 61782.223182 47089979.691022
43.983175 12150920.354505 2175031.939219 20471947.309184 373272.684038 30240332.576227 62289.506529 45372463.276256
44.596276 11960725.941975 2156454.521846 19898313.693233 372813.801136 29286293.634291 62797.531327 43703508.184121
45.217924 11704864.666553 2150879.802632 19336704.921902 372327.328642 28400351.399425 63306.220124 42082697.643991
45.848238 11408776.436634 2147569.196311 18795593.046190 371813.443331 27480392.677855 63815.494032 40509563.083480
46.487337 11105717.908382 2138585.559353 18196201.984932 371815.325907 26600999.829625 64325.272733 38983586.437927
47.135345 10823861.286503 2118143.524781 17657654.019284 373099.742939 25761776.594632 64835.474485 37504202.567796
47.792386 10541514.912080 2097841.991207 17122547.409657 374361.112332 24949029.644089 65346.016134 36070801.771260
48.458586 10280131.670714 2081732.069722 16627892.439316 375599.073838 24161923.689352 65856.813123 34682732.378883
49.134073 9988846.399796 2074579.186391 16124517.262789 376813.272270 23296477.670958 66367.779505 33339303.417121
49.818975 9731780.064834 2067280.081029 15636380.732367 378003.357707 22591881.890465 66878.827953 32039787.327207
50.513425 9479632.919882 2059836.114051 15202642.082479 379168.985708 21792311.480445 67389.869776 30783422.725999
51.217554 9279079.629467 2044664.842965 14846169.054722 380309.817522 20937632.836578 67900.814932 29569417.195416
51.931499 9067293.794951 2026435.483105 14446380.003616 381425.520290 20148977.098967 68411.572045 28458387.900372
52.655396 8905324.118160 2008229.908629 14050068.914823 382515.767252 19578796.462296 68922.048420 27483103.880290
53.389384 8681908.523703 1990049.519230 13718515.747928 383580.237944 19023039.463716 69432.150061 26539573.220684
54.133603 8455183.173104 1971895.724339 13337541.065853 384618.618397 18481399.801372 69941.781693 25626822.745336
54.888196 8226587.993153 1953769.942608 12976403.906961 385630.601331 17953575.871551 70450.846778 24743907.484187
55.653308 8051562.482457 1933423.442673 12674665.157233 386615.886346 17439270.744636 70959.247538 23889909.879235
56.429085 7845175.527062 1908167.625244 12392270.843324 387574.180107 16913000.942404 71466.884977 23063939.009926
57.215676 7635991.175369 1899574.989739 11994830.852079 388505.196530 16341477.432729 71973.658904 22265129.838318
58.013231 7454291.078869 1881575.612396 11621647.975606 389408.656959 15787848.971495 72479.467959 21492642.474163
58.821904 7246999.248720 1859870.976181 11379527.086680 390284.290340 15233758.018397 72984.209637 20745661.459957
59.641849 7042157.263392 1834006.095279 11059329.785879 391131.833392 14660038.357691 73487.780312 20023395.075912
60.473224 6872556.069124 1808462.826796 10743660.346396 391951.030774 14208666.459229 73990.075272 19325074.664710
61.316188 6682786.747630 1783237.298265 10437859.359108 392741.635241 13742408.987750 74490.988740 18649953.975838
62.170903 6504374.063201 1758325.685800 10116750.880804 393503.407806 13270950.576557 74990.413908 17997308.529208
63.037532 6309735.578263 1733724.213488 9805520.927521 394236.117883 12814545.805734 75488.242968 17366434.997739
63.916241 6138876.961186 1715098.680992 9572442.347367 393353.514314 12378841.574970 75984.367142 16756650.608506
64.807198 5967237.029106 1701120.997312 9282050.250394 391711.098955 12019355.463472 76478.676717 16167292.562023
65.710575 5812839.755177 1679406.444458 8992998.540817 390048.400034 11635241.292617 76971.061076 15597717.469198
66.626545 5665965.171135 1664641.771974 8694906.318925 388365.836518 11267892.447893 77461.408738 15047300.805469
67.555283 5511349.011103 1645724.312131 8446351.483461 386663.828823 10909967.323548 77949.607389 14515436.381595
68.496967 5360440.666229 1624971.332420 8204431.414378 384942.798603 10563411.707319 78435.543922 14001535.830593
69.451778 5206482.720444 1604351.425208 7959227.954925 383203.168533 10295264.546326 78919.104475 13505028.110266
70.419898 5060402.424743 1586362.188373 7747519.047145 381445.362101 9939403.460021 79400.174468 13025359.020786
71.401513 4925983.075799 1566027.003072 7516905.418425 379669.803405 9604281.684677 79878.638644 12546127.610370
72.396811 4801726.551904 1548649.436252 7285218.670411 377876.916940 9328191.454787 80354.381110 12049546.820852
73.405984 4671343.392547 1536404.082865 7058640.077669 376067.127405 9053857.098695 80827.285379 11571200.779988
74.429223 4553654.195918 1524141.995678 6833841.691030 374240.859499 8788871.447342 81297.234410 11110480.516849
75.466726 4444786.023586 1511864.988600 6636391.754262 372398.537726 8516439.547755 81764.110654 10666794.952732
76.518692 4323690.317361 1497617.738275 6433617.617463 370540.586204 8250158.783302 82227.796098 10239570.466100
77.585321 4203146.178033 1475203.964526 6256186.721502 368800.367747 7948339.131250 82688.172305 9828250.465160
78.666818 4092578.630130 1453086.768757 6099194.455736 368954.114090 7666175.349998 83145.120467 9532018.270188
79.763391 3976447.509202 1437121.726829 5906416.101400 370357.646803 7483788.062903 83598.521445 9272315.310890
80.875249 3902088.935430 1421507.504971 5714637.003607 373026.218154 7263572.979913 84048.255818 9018900.242317
82.002606 3785076.951190 1410288.055222 5535434.003872 375724.440996 7044544.387580 84494.203932 8717368.261950
83.145678 3689876.459399 1390604.523976 5371561.321292 378421.092907 6825157.474150 84936.245943 8402066.505328
84.304684 3599889.823274 1375314.515636 5186858.785739 381115.672698 6622904.012850 85374.261871 8097736.101924
85.479845 3514662.463088 1360131.343814 5025728.112960 383807.671165 6455009.734187 85808.131647 7804015.196374
86.671388 3419717.714677 1345054.405669 4870928.396161 383406.221517 6276656.006005 86237.735159 7520553.004812
87.879540 3333525.206119 1333273.783712 4720896.735210 379780.825118 6067064.686141 86662.952307 7247009.508418
89.104533 3242169.358095 1330423.198751 4580259.805671 380428.159268 5852680.136130 87083.663050 6983055.154806
90.346602 3148381.518311 1308920.434712 4434554.652299 381524.737635 5650625.746594 87499.747457 6728370.567001
91.605985 3060619.628077 1288358.013215 4304243.620930 382581.225963 5472779.321091 87911.085756 6482646.259772
92.882923 2970955.034441 1271242.721890 4166716.647023 383596.373613 5310498.710219 88317.558389 6302771.436091
94.177660 2883917.274691 1254045.416603 4037274.491599 384568.917464 5161319.865291 88719.046059 6130308.027723
95.490446 2801640.815334 1235998.371026 3915427.541908 385497.582820 4990394.017281 89115.429783 5961988.555647
96.821531 2721759.382823 1222696.322706 3793228.637116 386381.084375 4809150.286473 89506.590940 5797731.046592
98.171170 2644155.559641 1214047.243063 3675585.622125 387218.127260 4652562.093796 89892.411330 5637454.694342
99.539623 2568764.405740 1215431.950055 3562372.252721 388007.408160 4500341.839763 90272.773214 5481079.851650
100.927151 2497332.068556 1200945.055517 3452646.019335 388747.616507 4360711.843188 90647.559375 5328528.022173
102.334021 2426403.224381 1187290.047123 3346299.513120 389494.111905 4218584.963824 91016.653164 5179721.852434
103.760502 2356576.415591 1158483.380798 3247318.128075 390643.408226 4082893.053836 91379.938549 5034585.123796
105.206867 2292459.788009 1144814.467083 3157428.033886 391769.070662 3957823.915929 91737.300170 4893042.744441
106.673394 2230801.723552 1133776.844762 3062002.397441 392870.240073 3830785.298367 92088.623387 4755020.741353
108.160363 2174313.067089 1123592.906854 2968686.210016 391666.359274 3708689.013124 92382.990824 4620446.252297
109.668060 2113216.501391 1104457.148430 2867724.918559 389899.561905 3590484.228373 92568.270821 4489247.517781
111.196773 2048165.596137 1091198.944502 2791226.820994 387548.211219 3502862.360037 92746.595863 4361353.873005
112.746796 1992603.728526 1079957.731450 2703504.619135 385188.111306 3414638.763031 92917.895887 4236695.739794
114.318425 1935473.485583 1070861.656431 2624375.435824 382819.147788 3303468.424639 93082.102509 4115204.618490
115.911962 1878208.749648 1057881.682459 2542586.833233 380441.208770 3202324.579995 93239.149065 3996813.079827
117.527712 1824534.522135 1046621.138203 2467977.869809 378054.185037 3101170.472580 93388.970644 3881454.756763
119.165984 1773724.190050 1029050.449372 2393176.740950 375657.970265 3007386.165572 93531.504124 3769064.336271
120.827094 1728269.039959 1013817.102539 2320576.709838 373252.461234 2912524.339792 93666.688207 3659577.551094
122.511358 1679230.552688 999082.597580 2249932.886493 370837.558051 2820638.391366 93794.463455 3552931.171440
124.219100 1633217.027033 981133.020873 2180424.194729 368413.164386 2731651.312282 93914.772314 3449062.996644
125.950646 1584849.213869 962654.780294 2115114.511235 365979.187705 2645471.647388 94027.559154 3347911.846763
127.706330 1538860.798911 944846.929982 2050781.736564 363535.539520 2560707.029614 94132.770291 3249417.554119
129.486487 1498451.781478 927506.309528 1988022.583060 361082.135645 2481183.074922 94230.354017 3153520.954793
131.291459 1455361.533372 910037.226138 1928324.577395 358618.896456 2402905.322203 94320.260630 3060163.880045
133.121590 1415628.555615 893976.230402 1868207.271754 356145.747166 2327097.119850 94402.442453 2969289.147684
134.977233 1377573.346484 878623.060516 1813626.351916 353662.618100 2261862.319749 94476.853862 2880840.553372
136.858742 1341523.144281 862363.360823 1758030.430993 352133.500426 2191248.405174 94543.451306 2794762.861863
138.766479 1307731.832616 843401.271608 1708173.922036 353547.829011 2126074.335562 94602.193330 2711001.798181
140.700809 1270795.538608 822665.603499 1656392.994400 350856.518926 2066315.584719 94653.040590 2629504.038726
142.662102 1234893.043047 805111.306065 1606957.805487 347845.990525 1999483.004761 94695.955873 2544796.341572
144.650734 1200004.864226 791635.717518 1561860.516437 342762.445268 1932081.607180 94730.904114 2473089.841208
146.667087 1166976.548716 778344.453433 1516089.915180 339543.192408 1866840.303053 94757.852409 2398071.431926
148.711546 1137597.928218 763567.329869 1469908.441069 338175.977610 1816339.209552 94776.770027 2325112.366202
150.784505 1106336.716214 750033.249511 1432072.543384 336254.395972 1759300.318996 94787.628421 2254163.941715
152.886359 1073104.776277 731785.479873 1387979.426560 333338.316605 1715052.211867 94797.205547 2185178.352828
155.017512 1043809.807278 721493.348476 1348758.449910 330424.114712 1669557.644790 95215.961614 2118108.681247
157.178372 1016432.911896 708574.906909 1309674.568169 327511.964138 1634836.112556 95631.585930 2052908.886628
159.369353 987052.275963 692855.569843 1268745.206215 324602.033873 1604284.509311 96043.961643 1989533.797115
161.590875 959023.253873 685502.825695 1234141.195910 321694.488158 1574050.167461 96452.970428 1927939.099834
163.843365 931563.648537 675507.598880 1199777.095216 318789.486585 1524889.683346 96858.492496 1868081.331317
166.127252 905074.841403 661023.859353 1164947.734118 315887.184208 1481220.799337 97260.406600 1809917.867889
168.442976 880098.008669 646399.712172 1132099.396684 312987.731657 1434101.878720 97658.590050 1753406.915992
170.790980 854773.062504 629005.393149 1098204.164514 312429.231611 1392086.407792 98052.918720 1698507.502471
173.171713 831155.833185 615874.131733 1066458.948533 311435.318062 1352526.553695 98443.267063 1649592.403918
175.585633 809115.362251 604123.075349 1034362.823091 306603.609890 1311235.703071 98829.508122 1612877.377634
178.033202 785807.542531 590241.260276 1005944.105791 301855.420991 1276070.607849 99211.513545 1574610.858551
180.514888 765596.622622 575229.005563 975518.847047 299159.023174 1238351.973190 99589.153600 1521323.403755
183.031168 744397.173480 561668.945881 946358.410335 296453.058489 1199045.511088 99962.297193 1469839.285209
185.582523 724004.083708 547335.044593 918482.381247 293737.666678 1161986.290843 100012.097329 1420097.475007
188.169442 703185.499464 537703.976104 890931.528698 291013.000929 1123594.366859 100031.998080 1372039.010534
190.792422 682514.362988 524279.438710 863255.897365 288279.228234 1087367.470758 100042.249044 1325606.924566
193.451965 662986.037865 515988.049612 837188.440137 284716.904452 1052590.378072 100042.802270 1280746.177744
196.148581 644604.849996 503826.095832 811542.028097 281320.869183 1024221.255103 100033.611798 1237403.593333
198.882786 628124.588427 492554.970354 787779.705669 278007.783706 992264.097873 100014.633672 1195527.794188
201.655104 610149.709716 479496.221110 765097.640752 273918.829648 961248.529194 99985.825929 1165015.330059
204.466067 592453.249024 468507.982582 742305.018674 270372.345258 931149.312663 99947.148605 1138224.661036
207.316213 576335.335031 460774.065592 720978.225072 266852.237304 903071.132446 99898.563733 1111733.580018
210.206088 560157.720457 450807.751303 701034.887357 263358.462235 874332.880641 99840.035338 1085545.213478
213.136247 544214.229685 439029.509146 682105.230068 259890.971936 851051.917837 99771.529432 1059662.673387
216.107251 528947.815939 427433.612841 663235.840059 256449.713917 829800.404901 99693.014017 1034089.052223
219.119669 514369.213077 416247.887508 644362.043434 253034.631502 811265.620149 99604.459070 1008827.417696
222.174078 499666.547821 406248.932820 624871.096136 249645.664023 793076.928833 99505.836545 983880.807179
225.271064 485057.110075 395153.605892 606569.449768 246321.013978 773918.923670 99397.120364 959252.221857
228.411221 472085.845222 384361.310603 588896.439997 245437.669651 756466.793267 99278.286411 934944.620603
231.595149 458839.488944 373863.770659 571373.669684 244512.724264 739388.932540 99149.312523 910960.913596
234.823460 446710.363785 364473.322916 553842.154312 242181.913894 714332.526675 99010.178483 887303.955693
238.096772 434477.375295 354601.412219 537751.566852 238454.282290 690094.740811 98860.866016 863976.539570
241.415712 422293.161516 345474.168992 522271.206222 234773.696157 669701.133628 98623.745642 840981.388650
244.780916 411283.902886 335411.767840 506405.030150 231064.665056 654693.683282 97828.786575 818321.149837
248.193029 400519.583173 327039.782768 491953.189514 228149.404313 637376.796772 97034.377412 795998.386078
251.652705 388883.728723 318875.414937 477481.377092 226128.240739 622822.322047 96240.611478 774015.568778
255.160607 377588.124672 310037.386898 463656.245603 220512.881000 604359.250993 95447.580201 752375.070087
258.717408 368229.565833 301301.487446 451804.680297 219877.553092 584022.408542 94655.373113 731079.155090
262.323788 357728.405155 294052.473942 438922.499959 216317.218999 564191.534565 93864.077851 710129.973933
265.980440 347948.585471 286254.332213 426601.146477 212247.813426 545378.715183 93073.780154 689529.553903
269.688063 338508.383446 280018.596481 414959.033002 206969.089973 531584.314254 92284.563872 671741.032360
273.447368 328942.370560 271519.590613 403213.768181 204786.655230 518577.333729 91496.510965 651635.454376
277.259076 319669.816018 265476.066732 391862.908102 203632.891791 501849.914111 90709.701508 630199.367811
281.123917 310514.477254 258111.434308 379859.128563 198917.272704 487281.310624 89924.213699 615441.512946
285.042632 301824.304052 251193.965845 368468.513907 194113.839350 472025.504650 89140.123862 594053.118452
289.015972 294239.755904 245475.508506 357050.587199 190509.517072 457204.305385 88357.506459 573408.033288
293.044698 285844.387907 238821.930572 347142.653679 187229.753115 442494.404828 87576.434095 555232.780728
297.129582 277344.330765 233814.387140 336856.928333 182684.382332 427643.787660 86796.977527 537478.103102
301.271407 269557.794393 228327.622871 327833.321745 178501.949704 414329.036032 86019.205680 520083.621463
305.470967 262192.658451 221693.163960 318312.571054 173599.382792 402004.078297 85243.185652 503049.714972
309.729067 254472.161385 216220.688203 309657.982545 168831.465178 389971.998879 84468.982731 486376.560236
314.046522 247143.024447 210763.877517 301033.498613 164194.498712 380291.435675 83866.214596 470064.125701
318.424160 240046.108998 204947.645534 292828.679254 159863.187814 368017.903861 83457.310740 454112.166496
322.862820 233533.395222 199860.111531 284933.372373 157597.041810 356140.488207 83041.830350 438520.219735
327.363353 227176.776135 194574.388076 277397.307396 153056.951181 346177.339415 82619.841634 423287.600342
331.926620 220934.015375 189293.969240 269468.128246 148936.077503 335575.293834 82191.413627 408413.397405
336.553498 214505.743384 184367.269182 261829.726984 145096.244497 328474.840963 81756.616158 395464.092496
341.244871 208221.510544 179294.202320 254579.856777 140775.453099 318549.989467 81315.519820 383280.848977
346.001639 202736.694410 174013.738794 247494.776540 136932.302198 308771.000368 80868.195946 371321.534670
350.824714 197288.144904 169084.863453 240099.532035 132341.342569 299541.403405 80414.716578 359587.297410
355.715021 192028.012418 164295.596699 232554.516467 129837.106809 289568.971443 79955.154441 348079.159747
360.673495 186747.276180 160132.737481 225515.062890 127331.974073 280519.814243 79489.582924 336798.013656
365.701088 181382.505766 155729.567226 219227.007469 123806.584416 271753.447170 79018.076052 325744.615488
370.798763 176338.305875 151402.150106 213434.896778 120850.928734 265877.576942 78540.708470 315071.994579
375.967497 171436.432729 147367.482437 207454.158269 119195.289351 257431.460781 78057.555418 305790.021182
381.208280 166914.551866 143133.564410 201322.536139 116298.361552 251554.990114 77568.692717 296174.851691
386.522116 161947.355651 139192.701805 195556.585715 113434.888796 243009.819762 77074.196752 289634.768040
391.910025 157322.745953 135276.969350 189399.571474 110448.586931 236314.698460 76574.144459 283772.328934
397.373038 152596.516612 131852.911966 184351.413410 108686.305614 229433.445017 76068.613310 277943.972562
402.912203 148402.523800 128267.761732 179269.446498 105890.427455 224933.200997 75557.681303 272151.104377
408.528580 144060.914839 124840.243721 174177.336546 104064.515145 217606.199119 75041.426957 266395.145885
414.223247 139933.415979 121251.753398 169249.752508 101417.927146 211421.529471 74519.929299 260677.533231
419.997295 135879.342871 117830.138301 164079.507029 97926.971905 204643.863675 73687.493138 254999.715672
425.851829 131795.332217 114518.978167 158966.225241 95407.869978 198438.728084 71803.060111 249363.153924
431.787973 127918.556004 111223.785135 154621.745906 92953.570163 191823.178252 69966.818272 243769.318393
437.806863 124367.687740 108085.294152 150195.188827 90562.405470 186685.558024 68177.535213 238219.687292
443.909653 121019.499753 105050.878575 146528.438079 88232.751793 182661.761656 66434.010043 232715.744628
450.097513 117426.554484 102043.552044 143062.191399 85903.693867 177289.236461 64735.072580 227258.978089
456.371628 113894.746769 98935.923934 138920.869674 83751.688885 171735.225550 63079.582570 221850.876803
462.733201 110536.360235 96262.769226 135181.960093 81521.004741 166768.262431 61466.428917 216492.928999
469.183451 107267.072115 93406.606196 130863.578956 79498.205014 162522.102558 59894.528941 211186.619555
475.723614 104142.119692 90774.414824 127250.129757 77595.719816 158035.283578 58362.827649 205933.427444
482.354943 101063.853901 88216.398415 123304.768697 75726.689417 152356.084303 56870.297027 200734.823091
489.078709 98010.547624 85730.466721 119568.683541 73742.137191 148377.208799 55415.935352 195592.265629
495.896201 95077.015544 83304.328551 116157.609662 71628.329300 143308.524469 53998.766517 190507.200080
502.808725 92258.583463 80938.857506 112443.986126 69927.695892 139316.800402 52617.839379 185481.054460
509.817606 89598.067741 78678.758173 109007.160141 68095.116578 135369.392352 51272.227117 180515.236813
516.924187 86918.810317 76467.809283 105920.882907 66310.563256 132354.329875 49961.026613 175611.132186
524.129830 84459.763103 74377.923601 103068.909953 64663.181408 128929.781814 48683.357845 170770.099565
531.435916 81859.627769 72351.579456 100137.471214 62914.362702 125112.312113 47438.363294 165993.468760
538.843844 79438.603480 70251.357717 97276.174167 61259.869821 121718.900377 46225.207375 161282.537278
546.355035 77130.429696 68274.550414 94244.970450 59627.927353 119296.165840 45043.075866 156638.567169
553.970928 74776.249931 66306.607666 91338.981505 58061.510133 116725.177725 43891.175371 152062.781880
561.692982 72523.982420 64430.615417 88677.223533 56379.437274 114242.275971 42768.732784 147556.363114
569.522678 70306.518623 62662.772083 85956.398296 54854.652808 111705.138129 41674.994767 142672.285531
577.461515 68297.165221 60872.374696 83312.348829 53326.973403 108586.663839 40609.227251 136907.204656
585.511016 66229.992004 59128.152646 80680.306568 51795.823275 104896.004169 39570.714937 131311.799880
593.672722 64231.470476 57418.215739 78388.571625 50387.997510 101624.391614 38558.760819 128751.580375
601.948197 62245.343612 55738.184694 76192.653529 48953.863783 98244.219446 37572.685717 126102.816264
610.339029 60307.308815 54084.029024 74026.300930 47529.609100 94976.476623 36611.827817 122034.688652
618.846824 58478.644119 52530.924057 71916.638110 45989.861875 91986.272833 35675.542234 118042.775904
627.473213 56851.595757 50968.454827 70069.622509 44725.628961 89622.085252 34763.200571 114127.818806
636.219849 55285.240913 49521.599787 68137.597346 43414.336094 86907.930993 33874.190503 110290.491011
645.088409 53662.020948 48118.357612 66112.059661 42235.079143 84230.485231 33007.915364 106531.396803
654.080591 52018.269715 46686.975083 64160.454139 41006.299540 82041.026261 32163.793747 102851.069028
663.198120 50445.768416 45401.448722 62303.501741 39813.269825 79954.663602 31341.259113 99249.967210
672.442742 48876.023412 44077.836891 60557.502929 38678.814317 78368.020489 30539.759412 95728.475861
681.816229 47356.669742 42792.812997 58813.804516 37530.329914 75727.179448 29758.756709 92286.902997
691.320378 45911.519547 41529.434826 56987.260400 36257.414780 73705.301700 28997.726830 88925.478869
700.957009 44560.619209 40316.425878 55294.950497 35278.444729 71715.610369 28256.159004 85644.354925
710.727970 43195.782469 39159.908790 53595.871678 34349.006841 69781.985763 27533.555520 82568.659385
720.635132 41882.878467 38016.583566 51956.354046 33198.191160 67685.165431 26829.431399 80601.938929
730.680395 40637.766989 36874.654113 50448.864290 32219.693068 65844.228531 26143.314061 78657.127531
740.865683 39439.730915 35803.506705 48985.755460 31325.988855 63715.481955 25474.743014 76099.706433
751.192949 38252.078479 34710.292715 47431.443371 30457.074052 61295.778429 24823.269541 73056.434741
761.664172 37119.334319 33700.467599 45939.304417 29612.261057 59302.294584 24188.456400 70134.865261
772.281357 36027.903904 32727.870908 44657.050598 28772.512619 57629.412333 23569.877532 67336.133006
783.046540 34943.319595 31764.787849 43340.723299 27935.410444 56134.232868 22967.117772 65552.906862
793.961785 33896.337577 30820.006314 41987.110718 27175.440700 54253.736465 22379.772574 63793.998230
805.029181 32876.867825 29917.101317 40685.609435 26460.931592 52341.903967 21807.447736 62059.668110
816.250851 31867.311205 29013.906731 39525.181731 25726.962898 50712.776647 21249.759138 60350.172434
827.628946 30938.158021 28158.642302 38290.115347 25013.352898 49241.341153 20706.332483 58840.977637
839.165644 30015.415855 27328.589137 37041.973221 24101.351350 47805.156359 20176.803045 57531.411945
850.863158 29148.017768 26507.707193 35850.955475 23400.151079 46416.342797 19660.815427 56227.551875
862.723729 28285.358174 25714.190825 34735.830232 22719.351400 45035.683770 19158.023321 54930.151600
874.749630 27424.675426 24963.088130 33655.390377 22017.313289 43532.270032 18655.338181 53639.960007
886.943166 26624.925384 24232.375657 32614.347707 21383.238379 41990.386078 18162.120030 52357.719271
899.306672 25831.447288 23497.047736 31577.339025 20776.174418 40978.478597 17681.941800 51084.163419
911.842520 25096.960654 22822.515828 30590.973509 20188.543996 39586.701401 17214.458736 49820.016880
924.553110 24356.157432 22145.169254 29654.704379 19595.571784 38381.957308 16759.335198 48565.993035
937.440879 23627.205466 21493.065450 28719.410409 18956.763375 37501.614733 16316.244419 47322.792768
950.508296 22929.576441 20866.088859 27811.278369 18474.327100 36352.099110 15884.868272 46091.103025
963.757866 22263.400517 20250.757606 26866.413480 17939.654241 35327.076472 15464.897040 44783.581388
977.192128 21611.064636 19662.740251 25981.534791 17417.721249 34403.774801 15056.029194 43359.954980
990.813657 20988.254544 19059.547735 25160.595808 16910.973280 33380.946034 14655.193029 41963.489447
1004.625062 20374.522673 18499.624463 24384.294397 16418.968543 32538.445349 14057.527065 40594.310906
1018.628990 19747.346534 17929.943595 23608.969218 15941.278100 31481.052019 13483.500674 39252.529628
1032.828126 19160.109647 17391.879091 22834.497761 15475.859296 30425.335526 12932.259210 37938.239367
1047.225190 18578.981404 16874.072219 22063.224751 15027.186387 29429.065331 12402.973382 36876.467672
1061.822941 18027.686109 16371.556594 21350.633542 14589.988198 28581.032112 11894.838754 35857.707248
1076.624177 17465.798506 15884.635990 20685.147669 14149.667908 27500.712611 11407.075261 34853.268971
1091.631734 16931.961122 15427.068316 20029.735143 13611.975722 26575.283361 11083.549987 33863.347108
1106.848489 16437.809904 14982.242725 19388.045664 13198.343766 25654.648736 10818.048912 32888.130942
1122.277356 15944.655587 14540.764807 18739.401076 12811.833236 24957.309481 10399.432160 31942.244639
1137.921294 15480.920074 14084.822629 18182.663116 12438.762112 24475.091164 10131.149531 31033.067003
1153.783300 15023.940897 13661.449224 17615.856745 12106.384731 23845.708656 9880.933058 30138.020260
1169.866413 14571.498008 13272.814657 17047.130527 11725.273190 23096.550621 9636.896366 29257.224487
1186.173716 14113.231959 12895.218944 16475.420192 11375.713400 22384.148385 9398.886829 28390.795103
1202.708335 13703.635892 12517.707714 15984.053468 11042.578191 21491.732480 9118.216953 27484.471472
1219.473437 13299.207517 12150.663233 15511.216284 10723.391607 20867.561712 8881.574853 26553.783110
1236.472235 12895.976289 11784.455184 14988.493759 10437.256302 20296.970457 8651.074248 25643.363908
1253.707987 12523.668704 11432.831457 14540.505980 10149.816709 19736.694001 8426.555749 24800.989915
1271.183997 12166.543066 11090.590770 14079.228424 9861.097333 19186.650860 8207.864106 23981.747430
1288.903612 11800.292571 10739.368612 13630.543878 9580.590802 18646.760819 7924.505291 23275.986618
1306.870230 11455.310761 10409.739441 13223.709146 9214.891707 18116.944818 7505.392897 22699.468345
1325.087292 11124.186937 10089.936749 12798.238424 8945.337240 17348.606938 7240.338725 21988.515441
1343.558290 10776.677380 9773.746898 12404.531940 8683.667794 16601.411959 7033.341405 21255.592108
1362.286764 10452.589258 9475.529909 11997.207840 8429.652715 16042.586465 6832.262024 20537.837492
1381.276303 10149.999889 9188.214312 11627.180275 8166.908727 15611.827521 6636.931394 19835.287559
1400.530545 9844.800020 8898.270309 11272.860401 7926.973714 15036.630488 6447.185158 19147.968739
1420.053182 9549.945902 8639.077668 10925.297003 7682.621423 14482.625826 6244.872695 18475.897616
1439.847953 9265.034156 8374.277831 10611.323010 7452.116728 13949.032728 6003.951276 17819.080647
1459.918652 8992.440710 8127.841580 10275.264983 7240.062781 13507.029901 5772.203619 17177.513891
1480.269127 8720.852882 7882.675444 9956.865567 7022.506618 13036.689719 5549.284241 16551.182785
1500.903276 8465.104980 7631.540213 9674.025887 6806.568982 12545.583933 5339.448001 15940.061936
1521.825053 8212.437907 7396.841507 9364.152185 6589.984433 12069.019711 5211.930185 15344.114947
1543.038469 7968.352112 7169.984181 9046.810771 6380.038031 11561.868024 5087.457777 14922.291700
1564.547589 7730.857036 6946.079284 8760.435889 6197.398163 11146.633634 4903.699601 14540.329269
1586.356534 7506.705503 6729.166508 8499.146192 5978.500719 10725.599434 4647.469898 14163.310463
1608.469483 7283.957952 6525.016359 8225.413885 5772.351061 10330.428980 4405.569516 13791.285913
1630.890676 7068.857410 6321.607423 7975.696033 5586.718797 9999.499686 4209.935756 13424.305745
1653.624407 6855.685630 6132.226255 7733.980145 5403.060545 9683.656463 4088.345163 13062.419438
1676.675035 6645.344344 5943.202016 7496.045868 5210.301813 9376.263502 3970.266327 12705.675679
1700.046975 6441.774980 5756.443379 7273.384914 5042.476123 9008.294240 3855.597822 12354.122215
1723.744708 6244.670151 5578.063031 7045.473270 4883.171200 8634.440541 3744.241152 12007.805701
1747.772774 6048.803694 5399.092552 6828.631794 4731.519064 8323.551461 3636.100665 11666.771547
1772.135779 5866.193029 5235.053965 6623.811612 4551.076525 7958.134337 3531.083472 11331.063760
1796.838391 5692.864869 5078.340821 6419.319888 4390.679019 7669.889398 3429.099366 11000.724784
1821.885343 5521.027953 4914.652794 6221.034937 4236.480160 7464.882057 3330.060746 10675.795344
1847.281437 5356.159535 4761.404755 6030.659226 4076.170210 7261.949526 3233.882542 10356.314284
1873.031539 5197.595845 4622.537335 5858.119441 3953.286843 7018.420184 3140.482139 10042.318408
1899.140582 5042.074120 4483.711128 5670.921952 3828.704680 6783.057594 3049.779309 9733.842318
1925.613572 4888.922247 4341.574699 5503.593413 3712.961915 6555.587884 2961.696142 9430.918257
1952.455581 4741.265017 4206.938014 5337.582132 3592.521070 6335.746366 2876.156977 9133.575958
1979.671753 4594.316589 4079.055596 5166.280622 3463.175515 6123.277230 2722.645885 8807.797116
2007.267304 4453.762479 3958.376530 5013.161926 3331.612700 5932.994455 2574.586059 8475.278526
2035.247521 4322.085507 3834.740039 4869.219970 3204.936779 5774.229824 2483.736148 8151.592688
2063.617768 4195.988834 3716.171811 4733.228910 3082.017376 5619.713674 2359.471112 7836.704698
2092.383480 4068.229221 3597.871599 4582.733658 2965.547602 5408.615421 2251.380797 7530.570629
2121.550171 3942.804226 3477.322434 4447.632676 2864.315633 5212.379233 2149.062452 7233.137669
2151.123430 3826.452700 3368.655554 4316.514530 2760.521177 5056.400424 2040.858500 6944.344292
2181.108924 3708.280353 3263.914050 4190.801400 2638.908223 4887.602605 1938.269562 6664.120448
2211.512400 3594.040197 3159.990220 4073.449533 2538.062946 4717.076415 1841.021974 6392.387789
2242.339683 3483.240699 3054.810033 3946.421451 2428.899506 4554.897455 1748.852663 6129.059906
2273.596682 3379.969621 2955.663273 3825.728265 2332.949988 4394.873224 1661.508970 5882.835643
2305.289387 3275.138210 2859.184581 3716.675815 2231.028997 4253.347818 1606.760992 5653.394705
2337.423871 3176.343517 2769.971265 3607.404163 2142.712886 4132.823321 1569.146666 5432.902366
2370.006292 3080.541216 2685.559623 3506.732365 2057.892801 4015.714053 1532.412891 5221.009617
2403.042894 2986.157665 2598.774275 3404.683337 1983.889080 3907.883814 1480.546722 5017.381058
2436.540009 2895.247682 2515.580636 3307.308368 1904.452300 3801.648888 1406.508907 4821.694370
2470.504055 2806.934127 2436.621232 3204.179690 1832.555585 3695.007186 1336.554842 4633.639808
2504.941542 2725.107899 2360.228317 3107.530564 1764.944496 3579.534429 1302.071522 4452.919704
2539.859069 2637.167373 2283.524471 3012.899137 1711.440731 3464.407753 1271.140753 4279.248003
2575.263327 2555.979365 2208.811019 2928.648776 1649.973016 3361.914429 1240.944747 4112.349803
2611.161101 2479.550763 2136.542078 2842.750598 1587.196775 3270.015974 1211.466047 3951.960927
2647.559271 2405.564930 2064.306566 2755.482332 1535.099401 3182.404768 1182.687616 3797.827499
2684.464811 2333.651046 1995.798997 2675.164336 1487.769047 3097.140866 1154.592818 3649.705545
2721.884795 2258.801503 1929.632842 2601.722479 1442.890200 3012.934088 1127.165413 3507.360609
2759.826392 2190.717973 1864.909849 2530.546021 1399.365132 2928.174042 1077.244404 3370.567375
2798.296876 2124.236551 1800.307818 2456.465110 1352.661552 2844.160306 1020.950893 3239.109318
2837.303617 2057.429863 1744.526172 2385.985934 1303.643686 2762.247437 967.882990 3136.939331
2876.854090 1995.287467 1691.857017 2315.971583 1257.608629 2680.227357 917.854485 3053.092543
2916.955876 1935.407291 1630.013255 2248.588478 1215.280734 2605.372101 875.959526 2952.577316
2957.616659 1876.765773 1578.211236 2183.402984 1175.390951 2517.843682 853.481121 2848.375206
2998.844231 1820.809180 1523.536286 2116.688433 1133.291507 2444.289696 830.031875 2774.749517
3040.646493 1765.549311 1471.114753 2054.657047 1082.495637 2377.041614 810.239994 2703.026928
3083.031457 1711.966527 1422.601049 1994.629213 1040.472425 2312.774989 786.482496 2633.158247
3126.007243 1659.681107 1377.681091 1938.797814 988.566964 2250.582301 746.814666 2565.095553
3169.582089 1607.702056 1333.382489 1882.336757 959.115636 2190.062032 709.397268 2498.792165
3213.764344 1559.535020 1290.929237 1829.586982 915.929905 2126.048737 674.095343 2434.202608
3258.562476 1512.841492 1249.558249 1778.869287 875.653748 2069.282463 640.781479 2371.282581
3303.985070 1467.480554 1209.655882 1729.557529 841.132258 2010.672932 609.335495 2309.988931
3350.040830 1423.195940 1170.654156 1679.356331 807.971732 1955.354653 579.644126 2250.279618
3396.738582 1380.685718 1134.495761 1631.337333 776.118516 1900.405186 551.600711 2192.113691
3444.087276 1339.445258 1097.962439 1586.082030 749.009442 1846.252216 525.104887 2135.451254
3492.095985 1299.376681 1061.180251 1536.925023 726.631265 1795.598050 500.062290 2080.253445
3540.773909 1260.369489 1027.013159 1493.541129 688.537428 1746.108736 476.384256 2026.482407
3590.130377 1222.667022 993.192284 1451.550233 664.085060 1698.172430 453.987537 1974.101259
3640.174847 1186.439276 961.569806 1410.739910 638.923758 1651.552130 432.794020 1923.074075
3690.916911 1150.865479 930.971865 1371.076970 612.937103 1606.211708 412.730453 1873.365858
3742.366291 1116.416612 899.676959 1332.297316 587.863159 1562.116026 393.728185 1824.664825
3794.532847 1082.463648 870.240896 1290.749392 562.578420 1519.020940 375.722905 1775.893629
3847.426577 1049.264297 843.911887 1254.452520 543.309169 1478.537043 358.654404 1728.426030
3901.057617 1017.419841 816.740240 1217.811914 528.088868 1437.243431 342.466333 1682.227186
3955.436245 986.568415 792.976401 1182.966406 501.849738 1397.511179 327.105978 1637.263184
4010.572881 956.542828 765.163731 1150.118005 482.891357 1359.289535 312.524041 1593.501018
4066.478092 927.618751 740.362650 1117.147029 471.774558 1322.737565 298.674433 1550.908565
4123.162591 899.125450 716.853629 1085.029941 457.331392 1286.729197 285.514077 1509.454559
4180.637241 871.502154 695.192886 1054.828401 443.061689 1251.328291 273.002716 1469.108571
4238.913057 845.690794 672.744297 1023.136025 430.306195 1218.035474 261.102735 1429.840985
4298.001206 819.883137 650.316857 993.860819 415.905507 1186.097917 249.778987 1391.622976
4357.913012 795.899501 628.606327 965.557446 400.285550 1154.203155 238.998638 1354.426491
4418.659956 772.558365 607.312262 937.799411 390.289183 1122.238783 228.731007 1318.224225
4480.253680 749.921023 586.695901 911.371306 374.924369 1090.217223 218.947424 1282.989605
4542.705986 727.479138 568.064433 886.091383 360.164433 1060.281784 209.621097 1248.696765
4606.028844 705.056838 549.855027 860.887603 346.381383 1031.952958 200.726978 1215.320534
4670.234388 683.881485 531.677027 836.926920 334.080171 1004.381028 192.241646 1182.836410
4735.334923 663.264735 515.283748 813.643812 322.215818 977.545770 184.143194 1151.220551
4801.342924 643.101453 497.136302 790.455630 310.772810 951.427502 176.411122 1120.449747
4868.271040 623.551136 480.726428 767.759382 299.736183 926.007067 169.026237 1090.501411
4936.132098 604.750546 465.267378 745.981786 289.091504 901.265821 163.273881 1061.353560
5004.939103 586.774448 450.947922 725.151940 278.824856 877.185616 159.767787 1032.984797
5074.705239 568.995140 436.554802 705.256724 268.922812 853.748791 156.336981 1005.374299
5145.443878 551.699701 423.153095 685.725529 259.372424 830.938156 152.979848 979.425119
5217.168576 535.137563 410.579962 665.756990 251.590416 809.812616 149.694805 958.436035
5289.893076 519.060074 397.993875 647.060132 246.561376 788.036353 146.480304 937.896748
5363.631317 503.104278 385.121137 628.888350 239.352619 766.845664 143.334830 917.797618
5438.397428 488.160402 372.807732 611.226896 230.292674 746.224804 140.256901 898.129212
5514.205739 473.328338 361.344130 593.862830 221.575665 726.158448 137.245066 876.584216
5591.070777 459.195933 350.233027 576.745324 213.188610 706.631687 134.297907 853.925994
5669.007271 445.730759 339.254486 560.121214 206.211071 687.630010 131.414034 831.853449
5748.030158 432.660430 328.419210 543.976277 202.128458 669.139298 128.592089 810.351443
5828.154581 419.633490 317.572979 529.590670 198.126673 651.202567 125.830741 789.405226
5909.395895 407.000885 306.702732 514.045210 192.540734 633.803604 123.128689 769.000434
5991.769669 395.098952 296.761915 499.532183 188.569315 616.869509 120.484661 749.123072
6075.291689 383.061273 286.835425 485.838907 181.611325 600.387864 117.897410 729.759506
6159.977960 371.390352 277.363929 472.520994 174.844770 584.346578 115.365716 710.896455
6245.844712 360.391052 268.553275 459.077295 168.330325 568.733886 111.739739 692.520982
6332.908400 349.592034 260.543487 445.592808 162.058599 553.538338 108.008298 674.620484
6421.185709 339.205723 253.882868 432.672087 156.020548 538.748787 104.401464 657.182684
6510.693555 329.045289 246.218640 420.494002 151.990613 524.354387 100.915078 640.195621
6601.449093 319.353523 238.531454 408.868848 148.232187 510.105721 97.545116 623.647646
6693.469713 309.940674 231.116293 398.223460 144.566699 496.450367 94.287690 607.527407
6786.773051 300.377513 224.063935 387.188943 140.991852 483.437913 91.139043 591.823850
6881.376986 290.980912 217.259529 376.126757 137.505404 470.521320 88.887761 576.526203
6977.299650 282.239141 210.776826 365.380623 133.926850 457.949835 86.973191 561.623974
7074.559423 274.087448 203.549148 355.393198 128.768095 445.714238 84.657473 547.106943
7173.174944 266.356442 197.377700 344.949956 124.899489 433.805553 81.306276 532.965152
7273.165113 258.730102 191.037552 335.220100 119.963724 422.215048 78.087737 519.188903
7374.549090 251.012985 185.718080 325.769100 116.113054 410.934220 74.996605 505.768747
7477.346305 243.352868 179.826243 316.310836 111.766334 399.954795 72.027836 492.695479
7581.576458 235.747499 174.028266 307.163786 107.898056 389.268721 69.454472 479.960133
7687.259522 228.683043 168.417227 298.518286 104.735580 378.923638 67.135107 467.553974
7794.415750 221.518225 163.020559 290.116124 101.665795 369.122433 64.893194 455.468493
7903.065679 214.999025 157.732051 281.950452 98.297252 359.574745 62.726149 443.695402
8013.230128 208.749061 152.646437 274.156205 94.753760 350.274017 60.631469 432.226625
8124.930211 202.680781 147.724793 266.444621 91.338005 341.213861 58.606739 421.054297
8238.187331 196.749536 142.961834 258.887766 88.045385 332.388053 56.649624 410.170754
8353.023195 190.919227 138.416047 251.738524 84.870866 323.790534 54.757864 399.568533
8469.459808 185.261688 133.991205 244.925045 81.717961 315.415396 52.929278 389.240361
8587.519485 179.812552 129.541112 238.142127 78.682184 307.256890 51.161755 379.179155
8707.224849 174.444595 125.321208 231.764310 75.759184 298.928921 49.453258 369.378015
8828.598841 169.275252 121.353892 225.480245 72.944773 291.127628 47.801814 359.830217
8951.664721 164.259093 117.441186 219.159454 70.285456 283.511181 46.205518 350.529213
9076.446073 159.380300 113.654634 213.045333 68.091375 275.887299 44.636628 341.468625
9202.966809 154.598873 110.231324 206.995676 65.636766 268.468431 42.876888 332.642238
9331.251175 150.020436 107.055658 201.231948 63.270643 261.249063 41.186524 324.043998
9461.323756 145.606108 103.679902 195.639905 61.277255 254.223831 39.562800 315.668008
9593.209478 141.321672 100.399010 190.221882 59.433451 247.387513 38.003089 307.508523
9726.933615 137.101680 97.226293 184.953905 57.055977 240.735031 36.504867 299.559947
9862.521795 133.029260 94.153838 179.831819 55.149537 234.261440 35.065711 291.816828
10000.000000 129.003586 91.178476 174.711344 53.965273 228.067950 33.683292 284.273856
