-0.0023520079034162304 0.03558222292361136 3.2422405650777613 1.1991669769958737
-0.0019160888770132136 0.07183980143566686 3.2586095225305716 1.7290423904985845
0.00021653585847977198 0.010388078081176963 3.0953184722152587 2.9610829981100686
0.005074085667042433 0.056253773060062434 3.295775738124317 1.4768045202521016
0.0011603281377810157 0.06347452907921738 3.2612042122508003 1.2672035845374805
-0.00715084041187816 0.03154578428652723 2.88742376847777 2.7079661505337103
-0.004388412414382153 0.06689529109327202 2.9148258217341594 2.837141327396064
-0.009079127849277844 0.2824073824274771 3.3819584792957724 1.401932456518216
0.008894718877010129 0.36375091336573095 3.3996329531059133 1.1628671619026414
-0.008437204938498453 0.11782440689039504 3.169965016894402 1.3354184560498343
0.008818331052847645 0.3329628845896653 3.3260623604024944 1.1612949178302336
-0.004256677955675409 0.08750648099216252 2.8745688368481277 1.4557557240421164
-0.005946176019571 0.0014891511076697665 3.347650684126794 1.099212931011832
0.007522808052695312 0.1165761562645537 3.40941813811665 2.389622897680036
0.004724783955021442 0.042918787069764715 3.1463260704967313 2.1652774270912314
-0.001965681685424936 0.08003541520209762 2.891860280507642 2.6562761632933327
-0.005148315254383489 0.009269864437649884 2.9809706464997863 1.4808499444806398
0.006822230059777985 0.035044917786794916 3.125035027655764 2.780579280882394
-0.00905413144671007 0.16591600557517383 3.059149650023003 1.0441153584429546
0.007518673216622137 0.06703862380469147 3.244178992491033 2.153368048843822
-0.000689974375537211 0.1563713351051761 2.865669344225603 2.1509367353717814
0.0002875193990818899 0.16201801979667652 2.967731943417869 1.033410157456568
-0.0023508034382497454 0.1032622979697872 2.8362630965668902 1.3724978703307298
-0.0031244796500752414 0.00993694643500238 3.26583408616553 1.2530015570079442
-0.009398816099001046 0.024797824816485847 2.8407809842618774 1.9757882222110592
0.0024557226000369373 0.04926345488808527 3.2975177372839286 2.958304404803423
0.002480273844289814 0.0023621084108481193 3.2947392886513485 1.1851308245025391
0.007074058723440919 0.2166259934374225 3.4168032781965874 2.6543441087287762
0.008576491263306542 0.09417211708692472 2.8478366227445098 1.7969875665439965
0.005612272787832715 0.004577532451364552 3.265034140931366 1.0520608479211435
0.00943130141745189 0.09430136049927176 3.3653820875154463 2.3246901898657772
0.0030439955784769624 0.10473995229439004 3.032354097426006 1.4406245544283192
-0.00972216753272017 0.06911945107896987 2.9580487714347576 2.409454945086223
-0.005129064503569031 0.07432729055369036 2.943958401929395 2.9227001601367846
0.0014927162145466507 0.051989584440245484 2.8946297803351757 1.492291866561413
0.0027145849809211407 0.09656913391799352 3.0479461363804936 1.4976162492470362
0.002583730096550213 0.006897425492433985 2.892640892119274 1.7023152601781097
0.007692502378329372 0.06544145353816302 3.323541514591132 2.461833270661229
0.0009338350398580492 0.6364607056318415 3.3876139804081613 1.2579890502555215
-0.000927647554446161 0.14019260205331563 2.8732305777132296 2.1363514576081184
-0.0023529750612310257 0.10850944883077424 2.8457057004478896 1.3653270449537391
0.007164945782501878 0.0734110825876939 3.3810834386331434 2.8541741058301957
0.008908216655368846 0.015163209603535677 2.8483260475586905 2.2940643731643555
-0.008488321806433021 0.07148620851397647 3.0023172115303263 1.3060168634319302
0.002917717222495132 0.24793930206359713 3.005597636542638 1.1022430932484073
0.002211090367033766 0.3595500124196044 3.2186769350648916 1.1692965409587426
-0.0029067966627156355 0.48039244563533673 3.3634730163348774 1.5425407939594151
0.0005312162662900743 0.4556523450135676 3.219969293493484 1.1646842319514699
0.00738667718152367 0.014799304938337143 2.8423242716652073 1.9643164513894176
0.008460645993714835 0.12930228880652236 3.3659733786529094 2.163093068294114
0.00029910161692375727 0.07041709577717636 3.104379127730795 2.778046337290287
8.696829629120835e-05 0.5091452384866405 3.4118388768575985 1.5748148393057015
-0.007281822235903657 0.0029088099249842576 3.345319506797292 1.8271294375524665
0.0018377894259213054 0.06702770721817045 2.859200611612969 1.3328806670891935
-0.0006436231050723482 0.05557429055848473 2.834216301645249 1.964512770743348
-0.00045585042110186675 0.07774343012325455 2.8415427034675202 1.872468622860477
0.005325864322613859 0.03690406974768478 3.145494813485293 2.7172839155197543
-0.009622938595258822 0.09073692094631369 3.0562812127201684 1.1515384824285022
0.007183067159679008 0.5516945084551681 3.306387517177934 1.5778702220008909
-0.001417115001932482 0.04360983494504987 3.3829145000254104 1.534672318906616
0.00956898859758229 0.055343091957928636 3.301223040395901 2.2406665175208533
0.0066479194453456705 0.030249418724743404 2.9427999766502895 2.419531670939041
0.0034706037974208256 0.03777371683259467 3.284536927546202 2.993340652680955
-0.00844216997038938 0.11608420334081405 3.351298086359928 2.2546584081771233
0.0016996558534661957 0.17173685883313855 2.845512696316333 1.3903480116547466
-0.004209248124828694 0.1417317884095921 2.8418283090936654 1.1849592846706178
0.0031303829102635756 0.003418513084332671 2.9483818647948183 2.9589665645352037
0.007878645506719068 0.03374593060611112 3.1362077315443697 1.7973184824405535
0.00872661434696522 0.010080635798448867 2.915479603425995 2.174716522641
-0.00863608417899733 0.017704715620846065 2.8199836551767943 1.8839405109628768
0.005208583386176651 0.01706437936725979 2.868777116181937 1.9870828395038709
0.0021690743377153245 1.3830908505901851e-05 2.9321126991230555 2.8136913917394226
-0.0018874775371334647 0.04112425696675351 3.2777901055839718 1.4058144249503957
0.0070626570682783005 0.20772286549168945 3.3891077866498693 2.6411023017791107
0.005984439372919962 0.03509013017627527 3.2802544093205355 1.5043944105859022
-0.0028967546508611615 0.09784602731328758 2.8321070900092242 2.45227746379575
0.009634502435068793 0.24543667349024417 3.0071404843502894 1.0051576021877695
0.0023254519654697017 0.017497706789563486 2.9297651891696788 2.0980624491016764
-0.006398754290084652 0.30821068319515016 3.3530931444872665 1.2524213898276968
-0.009246913869568862 0.09143133769551143 2.942999104512053 1.4859097923920694
-0.0030212977179689647 0.014277031890502667 2.827752195208521 2.0057400748830396
0.009375907336346023 0.006571828177773853 3.1320358502728953 1.5878067914453964
0.009133079207741323 0.06478277312172603 3.4147261467334227 2.9179459228354654
0.006766718963177151 0.1894526950704769 3.217172466567648 1.7653134478461014
0.008077988015329121 0.06730065340889563 2.819008906077061 2.3019385704887982
0.005396317951017649 0.12976120772943356 3.3954042475109296 2.147047260337923
0.009171703562889544 0.09354471265064665 3.3976654306072036 2.7364767574279742
0.004084647370861517 0.3850573111066051 3.3676643234861285 1.2870726463070328
-0.009924972126932299 0.2186455913018676 3.193949142266904 1.1581345481813292
-0.008307616709584619 0.6298646395242823 3.283319543662373 1.2958644719041257
0.005233821381324141 0.006537776812808871 3.060671695252738 2.8643566252682877
-0.0031244796500752414 0.00993694643500238 3.26583408616553 1.2530015570079442
-0.009845616166057286 0.13364550162219394 3.3757565768477873 1.825456094876345
0.007539262476344091 0.07456678904531706 3.3816621541191934 2.878477805967907
0.009603613926546472 0.09159515016701952 3.385813683114161 2.948126444688749
0.009603613926546472 0.09159515016701952 3.385813683114161 2.948126444688749
-0.003661888813307857 0.021804481702582507 3.096706330873632 2.1977186415535215
-0.003326118496433667 0.009751385608976898 3.2648355322501574 1.2281581194276203
0.006616805042038299 0.21967545446844217 3.1090514556329993 1.8220280406296938
-0.0007656910571537158 0.009251045461085322 3.186758224536201 1.4880735575011967
0.008168322401910386 0.014470996275741665 3.321747450710807 2.3556378889635368
0.009252472646517984 0.19696635221657435 2.8162225545087427 1.0256705443966119
-0.009331741953714471 0.02241001598910536 3.3531036142723125 2.0868563865799477
0.009745543342693088 0.09569768604020674 3.4007736991580604 2.9830312354202895
-0.0029496820509248376 0.019601941817594226 2.8722937447787946 2.6310930401414527
-0.0031187244223045306 0.09126816913509243 2.974576341720906 1.4039570374557009
0.0058536815734893735 0.15943867052828953 3.1408320028167704 1.998534973120085
-0.006607654506965483 0.3717263841089115 2.8818386008973382 2.9635539701774087
0.0005775427172777779 0.09391717746652452 2.889867053050464 2.6773001194277475
-0.002373988841803781 0.10118131107409245 3.0068901954076006 1.6679441025071307
0.008646510582965275 0.05042543045917548 3.102198022305086 1.9226611477092088
-0.005530001802730552 0.00544357130290677 3.0985488833146455 1.376256442942779
0.002211090367033766 0.3595500124196044 3.2186769350648916 1.1692965409587426
-0.008098397937961618 4.137823907923721e-05 3.0059928014637576 2.3230635196577545
-0.005037027697726492 0.003493945634117368 3.1879556362021884 2.4313389766509776
-0.006079091204130572 0.05172625608147918 3.3920395400836205 1.8849562006128657
0.0015143298950003952 0.05055357892018653 2.9061145839373057 1.4888320282388559
-0.0066422259267634245 0.05577067702699251 3.401348573458105 1.8101694860252167
-0.004054309411375942 0.006420163963828265 3.1469034330410888 1.2989872507662548
-0.000315974146004757 0.05163277749863536 3.31909205334017 1.5748238827522747
-0.00451600728142087 0.00513940239256927 3.0581022989186053 1.407521857521474
0.008743899306406368 0.015848711264367377 3.4157854838597435 2.912789544691014
0.007117321503665426 0.09461963181753656 3.4049880046913548 2.8279583572964837
-0.001301097932210683 0.5332422499933063 3.4114153432859338 1.2149383091578716
0.00809920756560184 0.013373714215546503 3.328140033965072 2.368819513788134
0.001805323403715339 0.015111757575201556 3.0307813940553125 1.5730646979537397
-0.007430449371526298 0.0691502413723058 3.0458991607857895 1.0821790045102888
-0.0026351318222382156 0.06527607145233247 2.901845339972281 1.634078600247954
-0.006600448516979396 0.048256301474769295 3.398194208216857 1.794318166981208
-0.009935231533711425 0.04959234230292443 3.416639032418208 2.8102161472107348
0.008525915864189581 0.16533214988909023 3.357207364412403 1.1484302526600867
-0.002765822130211507 0.06537227222667527 2.909919305242924 1.6524313814365903
0.008570205054692071 0.1322001123405386 3.242726986747052 2.278296449149389
0.0041082984030682435 0.09842000205519998 3.34482892638398 2.7863201819456003
-0.008606088019431636 0.16174365636664703 3.340187180640054 1.508244838367104
-0.007585773012353778 0.09484812864089298 3.3918311964827668 2.7480162587734203
0.00041863975455395507 0.015382733965750794 3.078856059561568 2.8533190255233123
-0.003254215388075179 0.07327236548050786 3.296849668128299 1.5633460557019843
0.008583857408562604 0.05401412983706444 3.178707692693344 2.725328816728187
-0.0015772927752081881 0.021151480382996437 2.9357759707428697 2.149605847856712
0.004634414815755031 0.3126181912474024 3.2998477982783387 1.2073114578543522
-0.0001564301164774666 0.11202433349094125 2.9405245831016886 2.6292307246253253
0.009422186446431911 0.007787680261689342 3.1246235525840196 1.4947938885628225
-0.002515671364232768 0.014207923341172553 2.8344722055914318 2.023667637266479
0.008761159473938011 0.006841927050102031 3.2979514544012707 2.997689474707916
0.008068343095713863 0.07291596902872832 3.3677950334205327 2.563755986018414
-0.008231345123776174 0.6304302122436166 3.31067482291573 1.301946508671801
0.0019860096220450573 0.03557046591801413 2.8644934762240997 1.431053918811107
0.009066309733857917 0.09750961934057209 3.3875543619212154 2.922852073352555
0.008909466772523066 0.15164681744804565 2.9919549889979766 2.3641160461201522
0.007029290543948699 0.1977531330093284 3.215992490872861 1.6195311793157865
-0.00876608705931414 0.03226563290975164 2.9155754898398603 2.8346120891783526
-0.005799579227779396 0.09189433344442657 3.3207164146888206 2.4493713829553982
-0.00894007870751808 0.0029461755575451998 2.907880565620473 2.5802096315444034
0.009090970222271365 0.11303480473874011 3.3955748774140178 2.863774993851261
0.004223782476886845 0.06668900910527115 3.408703516948592 2.919219582036606
0.00810722444435915 0.01385254640190807 3.377305617065235 1.046244600708543
0.009447887091774175 0.19584220353356893 3.355736696938316 1.217700648894872
-0.00023291226666652572 0.05945214030326168 2.8837104668492897 2.0408314921967534
-0.005310749834272092 0.06782280332813312 2.9629770694739346 1.7719291847368661
0.005239074520829153 0.05440411631940929 3.3033920812599002 2.936944749433761
0.007123152218026662 0.03106055094319818 2.9337532604448526 2.2552379039827852
0.00867808522084633 0.020327404439739905 3.4145405967926514 2.904069964500827
0.0005782716659819467 0.0929481968745991 2.8946370301416087 2.6690716401962398
0.005517516557330018 0.2521487148016423 3.407221454004776 2.6708873200823806
0.004941767396070259 0.08254144034219335 3.4104975906673283 2.6594415539653924
0.007205965028490394 0.11975154642903735 2.8637829815743103 1.2882591215988628
0.008751455860536585 0.14751323194808413 3.214656994953861 2.3906390315330364
0.0036227209130720644 0.6849391132749002 3.4102707507890306 1.188774897091144
-0.00031717293323036116 0.051515539195697846 3.3194515473833768 1.5740640749277133
-0.003084968849624897 0.00677076827682882 3.1605227287353412 1.4544187280371073
-0.007014751909421984 0.019153884660624128 2.9668147555297995 2.197931122324326
-0.005970320879158737 0.07509541865902442 2.9581241791866075 2.9537894146499766
-0.008156944661493134 0.6402701737515203 3.3088912647956366 1.2976800818867193
-0.008661491420029468 0.038707250458973885 3.2631301695343886 2.2110481521142997
0.006401809727215112 0.0517411149783884 3.400015222896885 1.0242227320275843
0.009603613926546472 0.09159515016701952 3.385813683114161 2.948126444688749
-0.002109927197024481 0.06640700288628781 3.2744643710800267 1.7418059584853012
-0.004580762675543081 0.0023557724538947333 3.0372479738514957 1.3342558231383512
-0.0041287885028665535 0.012980525367030205 3.1649366046947716 2.238625573638566
-0.0038915376974287515 0.010185694803167111 2.9238174879197834 2.674111927670509
0.00897687943671088 0.014152186852566195 3.4133430077689724 1.0089521196385793
0.006471357098596218 0.18254228880864856 3.4104054630029426 2.1269816560333976
0.005770641075001877 0.012209426165473072 2.9452827370939674 2.2927706228549956
-0.008430079796699056 0.1291054911895757 3.407338510311466 1.6006469091139426
-0.006462595406228039 0.02150033343612373 2.846362594053113 1.7752710811190495
-0.0018795085236170345 0.06312857218380366 3.3749538440769085 2.1321505302353656
0.008077273157803917 0.08104913630589468 2.819126978849734 1.9778527951177174
-0.005185098220941802 0.10108254821540735 3.398363474818875 1.1597490576487417
0.007084183065909211 0.009318317106019117 3.369724022292078 1.0263574096416526
0.0045655703879573 0.07351688562218717 3.373988032063185 2.927561118305116
0.003133444365464568 0.25395168843492943 2.976439841582574 1.001836946004703
-0.0030963856708205806 0.008424732298459053 3.158733714737616 1.462818805624162
-0.0013792668099177293 0.3911192362565457 3.368976471665289 1.2118487113838927
-0.0015035083810399866 0.06950988697676098 2.913828490761238 2.4905424722282836
-0.0009264787064740682 0.13071957194909695 2.871579502279557 2.1696177249529325
-0.006810229344961798 0.009734785657658285 2.8770871871469885 1.934568389490505
-0.007555858677084236 0.29716543547779933 3.334392834997247 1.23180034389887
-0.009854334683074461 0.05282843107826407 3.4094456171539185 2.788009983741759
-0.0007431475317418211 0.09754644477422053 3.3939452769461025 1.5149910619294602
0.009760675989399647 0.061345461151042724 3.407943034738942 1.0860605204137828
-0.006054684044181583 0.07563957188584369 3.009586335484143 1.6763002230497768
-0.0029874393902183066 0.00265670828189829 3.120025214284872 2.3489072687134653
-0.005344654567051001 0.10119124909034066 3.403138224376776 1.1636126886130322
0.00725449228558997 0.17183319005474218 3.006182210374382 1.9362489062609995
0.002716777993697465 0.3112170613260454 3.4035551606093426 2.16117698048199
-0.005870428931378323 0.030375732348707746 3.263608407164119 1.2594164756622506
-0.009604401260384338 0.0654927239887152 2.9407505815586763 1.7838162452616206
-0.0037580961014478994 0.01821546593073825 2.9096838547001838 1.8945576151935308
0.006146842644017346 0.0014379657190295159 3.2796346044170614 1.0053903780460818
-0.0024534392287830107 0.10450296094587697 3.3868942562920004 1.5876358642311064
-0.0004045270127987551 0.062264749320317614 2.928445537882101 1.9360167576229808
0.001427693313026968 0.3305728501943117 3.306944989025307 2.023471688768991
0.0063939114571225355 0.0718808909246989 2.9076420528579785 1.8177070140930933
-0.004209248124828694 0.1417317884095921 2.8418283090936654 1.1849592846706178
-0.0035159424471536624 0.05224743296138373 2.9497096041276367 2.0343336248430406
0.003029044833193758 0.31036804369562865 3.360235602394243 1.0412105035128612
0.007984319957608382 0.07943888274981592 3.340635468906921 2.8122554366844534
0.008908353464725181 0.01583229785662972 3.346835665680518 1.2769226721004794
0.0015370963441070232 0.5774171298668684 3.3597261976892474 1.4016696724093238
0.0005983023351814314 0.09583558166529711 2.8915004665552386 2.675415632470952
-0.0031683475244344518 0.07250878988558405 3.3984125658732536 1.3304180134828103
0.007729818465927598 0.01193913309514106 2.942785302648649 1.991176941697624
0.0039031543680484587 0.02800543109324377 3.152967294969318 1.3956073596981646
-0.005754902321605132 0.0007391847216549619 3.1911954128415214 2.6041759939487044
-0.0008977790868672092 0.25321063647986736 2.9700687657061478 1.3473827522350426
-0.009156364450332933 0.16595853022004742 3.052168203792776 1.0771976757681692
0.007964659620302312 0.059562018263150864 2.855093616881551 2.145611316544707
0.008668689322516264 0.3487102212847065 3.39736621912913 1.1792848091417247
0.008974844571196329 0.08950781659746734 3.1705121896994224 1.284740433052699
0.008680828857558068 0.10888300988877768 3.4160881412908424 1.2618858744986627
-0.0008932780142355502 0.04183313227765589 2.8373454141199237 2.0241250851832575
-0.0019665984323240402 0.030356101507263256 2.93240100925989 2.5871146989351113
0.002986107159489916 0.08283921193855172 3.3027968831978014 1.2691427392664345
-0.007659543046240853 0.00063561743611798 2.9763814373086523 2.4177603264827083
-0.009880198087856742 0.14750460386941167 3.3787849634321865 1.7171341104585045
-0.00914696536151775 0.6843083175832264 3.314600134493268 1.3019659826090026
0.008030176059405786 0.05354462402615444 3.399758037122556 2.8597991137125724
0.0073556023964322335 0.10261759842653967 3.3203026117220786 2.6964265658421036
0.008556250841331227 0.002474828149259662 3.4135414205674453 1.003862092740564
0.009155975622999817 0.07327623748643364 3.4166680704667938 2.9771159631780844
0.006060206124815462 0.023150373283167575 3.001209874841816 2.6157942834856898
0.008356144016044823 0.14792471571916904 3.3982428364734227 1.2525784910367228
-0.004262467342037139 0.01081940196184139 3.2906920847076324 1.0899414767031113
-0.0023516103587596406 0.07237722851112224 2.8998938242619237 1.7224735564709912
0.00020765748276840076 0.0068916108001436036 3.2730014000743135 1.1684707049428702
-0.005311057967868631 0.01126401140644992 3.041985264544748 2.0854112358239068
0.005137543824818375 0.1260102279534918 3.329361895511978 1.5353046470753835
0.009475815286383213 0.09172740626490017 3.35858295866064 2.2997801087174343
0.0005983023351814314 0.09583558166529711 2.8915004665552386 2.675415632470952
0.007557340789555901 0.05022918770215236 2.947631516397627 2.1888209214336403
0.00026483315630227225 0.06257862239458607 3.233070650534715 1.4875158686261383
-0.00922735736182731 0.0697834682086727 2.855460912656459 2.4517489396695287
0.0027915210498135135 0.0442045700774361 3.296826989433325 2.9361740369403186
0.0069811437180013775 0.08905515456660656 3.23370210450766 2.5102957996238313
-0.004012179491472739 0.11026116180489148 3.16562187933589 1.488589576034844
0.009850857497320063 0.03549514900659912 2.8802154862311546 2.611110417583662
0.004392178747688786 0.04285081595796897 2.993266793359418 2.5098592399002198
0.005700493854431394 0.588871040597385 3.382582375376116 1.3876828009061224
0.009471432982555846 0.030760909264884943 3.128642977525646 1.398262620019126
-0.0018205724475317108 0.4021593349558644 3.3770921881363702 1.1340782518562618
-0.005724674286844094 0.005163543896012188 3.2685311198603433 1.401507749836567
0.0021901781181400837 0.3611663233295842 3.4120110017576035 2.314627085023202
0.006596740707978492 0.08010041446454767 3.2083304235403878 2.5007156431425965
0.00887555863569108 0.3528020932136936 3.4012641211276673 1.1729925164026707
-0.0004821226499182492 0.03496200437362292 3.068335227893118 1.514654474815465
-0.008680234361692674 0.12101318615901634 3.361478363740741 1.699664328480648
0.00638367247758105 0.05399275377822471 3.4017196057847254 1.0140500747159902
-0.005626746231237649 0.13017933191982703 3.4145159369036366 2.8244201399914517
0.007726095265737183 0.23498659989392462 2.9975506173017883 1.8642216635147555
0.005297095077933432 0.02959497107180497 3.130092055162148 1.5723076797013784
0.0057629288992417805 0.22379611971703556 3.2865514138232634 1.2705521233135804
-0.008512103425238175 0.0007231063391779369 2.976957713441829 2.558778784122749
0.003057939109961914 0.10470140249625215 3.03284009936163 1.4353092044997027
0.009320002591449902 0.1317894531141875 2.8155198169867317 1.6754609753376213
0.00019455902114592395 0.0038229305292992732 3.043494133632024 1.7170237277715283
-0.00688340758607025 0.6639058404590299 3.2676819672148394 1.0878817813786075
0.004587329522969641 0.027085806178238664 3.132353127505827 1.9483729096807887
0.006825004088476796 0.09640568306716843 2.905642562930443 2.0704439339953655
0.006817216145357455 0.5517761865818498 3.314163919198332 1.5424144256231918
0.002407267653001457 0.0010324978692761722 2.882736098226244 1.7242012282095045
0.00403782609953898 0.016325547451366496 2.9150678371083822 1.471709283098685
-0.00938010659513146 0.07450616975205317 2.8766112504051926 2.4475582082134615
-3.927330842112657e-05 0.07094714085311676 3.1047292724653457 2.797311231257437
0.008474715335565514 0.08169838569000366 2.8571001693591906 1.8758940370422037
0.007328488639490312 0.561351660722546 3.314637559698099 1.4911570184150853
0.002507694356033761 0.03722505946653551 3.0139154057760176 1.456247126628999
-0.003326118496433667 0.009751385608976898 3.2648355322501574 1.2281581194276203
-0.009899970940069287 0.06558613436508587 3.342527348086159 2.650006148414119
0.000509015284747609 0.15881864075382318 2.972446309736552 1.037138816039418
-0.009420124735032556 0.06655681074135336 3.0483913370107376 1.0567161021944385
0.007065974330848046 0.004696912412611942 3.3068734003642986 1.3760542474841477
0.006990771468676615 0.04524900764357264 3.232417312921026 2.2917652842657716
-0.006042630440403284 0.034180669762468814 3.243403740172548 2.2072569586299275
0.0011491281390323053 0.03591971661319626 2.8399828445728197 1.392156499537636
-0.0018149705495963406 0.069784511021028 3.2739626602532215 1.6658005264030193
-0.005434697712622585 0.36132580693852945 2.8723479631177353 2.9120816166403487
-0.006957198319568172 0.09717733482567675 3.259625594639434 1.1192810055172222
-0.0031303710744689083 0.1481161265821685 3.197474873380778 1.1783605692145582
0.009320002591449902 0.1317894531141875 2.8155198169867317 1.6754609753376213
-0.007742494641139753 0.10831123289156375 3.392298412541498 2.7666388828819466
0.0003279791214423882 0.02249159035883619 3.385035776310962 1.1253854430726316
-0.009156364450332933 0.16595853022004742 3.052168203792776 1.0771976757681692
0.003615593950273096 0.00829918290955134 3.019787423942204 2.964555346304177
0.0012355426784603973 0.6150159910599513 3.4095892477274536 1.405366462221238
-0.0021436225326509394 0.46986554375553796 3.3386368115648124 1.5541785438100328
-0.0027688704247972543 0.07189220593551837 3.2564670962602063 1.5548225711763939
-0.008227360272732982 0.5923337335785637 3.2650992686769795 1.2424655241633697
0.007012949628471317 0.05690477976934987 2.9353366019957754 2.351914588077152
0.008993163945757315 0.07337758346986042 3.395192232963401 2.827930371072317
-0.005674752720805009 0.03404398637471373 2.8408500466152073 2.811905738920534
0.004884826478148357 0.19747861565580538 3.121557754746125 1.3497792550863255
0.005913943467705067 0.01296354929234024 3.0991107766689585 2.8984962707167314
0.006926035143396997 0.056011613735151594 2.9090066636033134 2.04150121323919
0.006908297482515265 0.051830495323545736 3.214824920954784 2.225006278577148
-0.00013365523614423773 0.10792811725247278 2.9210631051007776 2.6364261965945506
-0.003717433998849189 0.010058553059230813 3.128361236647288 1.5363324841006358
-0.007907662211303712 0.29674950917798665 3.333877047748998 1.1815498458796299
-0.0070640771199856865 0.023441775356244234 2.8547755094291984 2.8720396802381853
0.00764023963671677 0.12420673863761694 3.367991784823316 2.1705969095638435
-0.0029552200657163084 0.022406841944845213 2.885594350074123 2.6480283108339906
-0.006684660051023514 0.13335765432668206 3.4126390627949026 2.8462149396634655
0.008594851851788087 0.0425584370484825 2.9255086735128786 2.2611789451325714
-0.009640243651076512 0.12044903952385393 3.1603852478643972 1.138429291369857
0.0027077771034636107 0.03868899098027662 3.184203810817664 2.5730408266714844
0.00044208890319164895 0.06207672364875187 3.3301438126285072 1.5803797522432208
-0.002325128721639065 0.04701601298613948 3.2718519875313943 1.35554508111678
-0.008879938184906391 0.28366202713842636 3.3996338624288973 1.3486127320024452
0.005375092447194649 0.18720650222884577 3.323455644094944 1.0777346470679148
-0.008487052283899196 0.06869459903885367 2.9251686474974607 1.7206054489588287
-0.002109927197024481 0.06640700288628781 3.2744643710800267 1.7418059584853012
-0.0011077381210496725 0.06514740697139447 2.934758110927114 1.8303101985346246
-0.001965681685424936 0.08003541520209762 2.891860280507642 2.6562761632933327
0.006714117757173726 0.00961576300869748 3.363179529317626 1.0360470654708949
0.004049563280477164 0.3911220118403256 3.3764878260533147 1.2664689799763256
-0.0067979119019856565 0.016885463651418964 3.378436106672094 1.034043853346528
0.002036339417788199 0.006583292855913497 3.2546381882001567 1.4520465483326597
-0.005091003923129184 0.017857731384580633 3.202855082398608 2.327512883021421
-0.008510706650386337 0.1139423611097671 3.0209042823554753 1.4883332573203656
-0.00688340758607025 0.6639058404590299 3.2676819672148394 1.0878817813786075
-0.004257693868006917 0.05616961715345274 3.3836754515633536 1.813157589595459
0.004249521288438838 0.07953546635143072 3.3497486048997485 2.7616323309840256
-0.0030516352274633017 0.15095221337348702 3.1958526343860014 1.1910465108220858
-0.00908860980066897 0.017996165866090097 3.338032796748394 2.7210892781512457
0.0028333423101507167 0.0838163397836442 3.3207826418359354 1.29575529803927
0.006155327396000745 0.1869314667260802 3.0794917720394483 1.7627456851378576
0.006990771468676615 0.04524900764357264 3.232417312921026 2.2917652842657716
-0.00497860059392167 0.00023441709797970833 3.042265117947021 1.2908487974491922
0.00271360261718651 0.6561230965925383 3.3797092618430065 1.0553929895134677
-0.002806362807348262 0.6049934191679638 3.3307813375483906 1.2079301661412256
-0.0041338011797146705 0.07601834826447762 2.819731212113588 2.5220294242068793
0.003671494397391813 0.052058138006023665 3.334013332647031 2.924165320183109
0.0021945064546240334 0.01945002801863855 3.2751660672653418 1.478996675736225
0.009298760188283387 0.04164862963636906 3.297416836627284 2.270115316139154
0.00031642333531759805 0.2884138456201152 3.1794894575979917 1.2150765012365234
0.008385873636551631 0.13347192524629162 3.219216442941351 2.3970809109774645
-0.008779401029561876 0.20205483341100455 3.1880108033384684 1.011945324851382
0.0024077853824446722 0.11309759196585392 2.9305187674477726 1.4941234972978983
-0.0060770618960843325 0.01449542001382384 3.405674773422305 1.703887254882521
0.008179375617093436 0.04290899269760201 3.304313998550707 1.305511478122093
-0.009659287980449302 0.09307582200057479 3.03119448248555 1.1141340469132812
0.007144853137423438 0.03232760617216885 2.9136455779575074 2.2997259341004646
-0.0018982043789658627 0.0668195286164184 3.2760334089601346 1.686344195844568
-0.003729939424861984 0.09985953530845752 2.9707924790471223 1.4546481572468712
-0.0036321265364680625 0.02623981426226274 3.376771821602754 1.863555426581368
-0.007215438782165849 0.011899235282684592 3.345146754215571 2.6273864660017505
0.00988165782834262 0.034363586123364064 2.9490751097520587 2.2595560934514527
0.006565575523049793 0.06413641986867241 3.2942322426327992 2.366941978462049
-0.005020611830593029 0.011552254173733097 3.1039419978948377 1.5081045784316438
-0.009684467908251166 0.06859970859733543 3.2938387657758583 2.668919573649324
-0.006521533306371678 0.37291725370181916 2.881389066313492 2.9578091821445405
-0.0027789376536660176 0.045107937042216745 3.3881718717107896 1.4431577123433805
0.009800051519288082 0.033752006416237816 2.9643973003187774 2.3183014981399577
0.0029580814748697455 0.15303189557333582 2.9156892283679468 1.4362288336204538
-0.00247066342010086 0.49728658594614306 3.3898131162302545 1.5378969098531785
0.008966821548157007 0.08080963162549974 2.884917622882843 1.8292781197592416
-0.00933014107165356 0.0698605464488262 2.9732346357975974 2.406977866111048
-0.004377501361919405 0.06809143513708588 2.9319920497917575 2.130737273132032
-0.0033630742204592877 0.009723846626681298 3.1285508005224294 1.5307933111857057
0.0027399426384046126 0.4369401791135765 3.4159570586952372 2.2843325883551877
-0.0044453310917628094 0.10004089139747659 2.9169543771658346 2.690843941634236
-0.009850631724102584 0.04558776773164497 2.847784999576159 1.5891982872060948
0.00456346916822464 0.3279221737654181 3.3098504721010427 1.1646217080719254
-0.008855279053244128 0.01741088289352072 3.3043850329570192 1.4232731539558559
0.008076370195248895 0.07329042639038635 3.2135940923060513 1.645998097198354
-0.0024448371496534078 0.0024616622937010807 2.91719172400776 1.9514916511816587
-0.000653371934443296 0.053173479492962056 2.8319247428554912 1.967151326679867
0.00865109340106154 0.0692619731255579 2.8316367532711006 2.268469003068123
-0.004645362915796265 0.14535414933095736 3.4130690304051536 2.7121387962813586
0.009397095603994376 0.07153565598145151 2.8244769213511933 2.06589043363531
0.0030809050237699774 0.028193928979829426 3.027687757514685 2.9373148632355206
-0.009192869707729139 0.003438144718675956 2.897321329622975 2.6315322476502425
-0.006548953506304668 0.006958172513353955 2.924375147384943 2.9609424656943806
0.0016703358076223997 0.6068221663520801 3.366818867655574 1.3382600334116328
-0.002058578296928287 0.07321926414926824 2.9087517316988505 2.4685385226428735
0.003508991650934431 0.06338614578442583 3.3310330668059027 2.8755361276333384
0.004628611557161223 0.3125552085818575 3.2997400517647932 1.207634325770059
-0.004040729988679149 0.005296946019169968 3.3594387497730644 1.3480529737993843
0.0027352519668009693 0.1185420356315037 2.8710180696734016 1.6201327882265923
-0.001985913700841507 0.21168271505578734 2.9245891671459545 1.0298226500914265
0.003805274721416386 0.17205579967094473 3.2094916254429844 1.5306759800663845
0.0018914577223266187 0.5806260910843336 3.405109154927147 1.2876672955588564
-0.0076278950823982904 0.07203353415092695 2.9545177532530458 1.7937529868527966
-0.008364366221645278 0.11688955701445565 3.0234506727015114 1.4915740312066137
0.0088506593986108 0.05166132317485743 3.4157232180931176 1.2430542423227406
-0.004161101499543644 0.09657704780008466 2.947370222531132 1.3715796348777907
-0.005071255592901384 0.019344727585028226 3.2039163911683617 2.3297158458849805
0.002439321156328878 0.30714804508075716 3.2998345173417167 1.9767505790205566
-0.0014713853114687852 0.05677287494250055 3.215624317579375 1.1552117314319659
-0.008373172472131178 0.016910975238599905 3.4095759787119855 1.715062590574923
-0.005770278896830143 0.06522603818927242 3.3912027802369327 1.2933398902517803
0.00943453666989684 0.033269887880059384 3.1391781374666556 1.4648146616358804
-0.004559779497040881 0.057941496353420996 3.116855732938036 2.1727326197534897
0.00455881287032275 0.1399329074400881 2.9655387947193947 1.774213496760355
0.006489891161943618 0.11974867857405856 3.3388365211950304 1.3749784161289897
-0.007257923794403691 0.01698896237767119 2.946197547618821 2.1460019417249523
0.0028133700378323353 0.6326575316143892 3.3518506295221258 1.2587104890476282
0.00023680261369565803 0.5945343406588756 3.381252046468053 1.4442179375202122
-0.008461909401877346 0.030541535502777585 3.0930517568134785 2.1826991126889674
-0.009987439840729834 0.06935641688751365 3.2962940384616717 2.6294316855080724
-0.007716717111921868 0.023600406203585902 2.8732029918946917 1.867053506804187
-0.00844640982501263 0.01339454973648916 2.8265840566100064 1.9104322446843969
0.0023309013220346644 0.010577135414338301 3.3202866978526657 1.397009290249064
0.006825004088476796 0.09640568306716843 2.905642562930443 2.0704439339953655
0.008637415900447492 0.22965975773656883 2.903767823147758 1.1055435197529586
-0.005071221919422281 0.016118745458467722 3.4005925759194193 1.8258129799551879
0.008319597953321411 0.12216252994858368 2.836681621142644 1.1961343203342585
0.005066515418197301 0.11313736660011728 3.3347236755025143 1.6069383348192061
0.0030079904965585004 0.0442984216667857 3.3067137212301834 2.9428066511608186
-0.00651480254579807 0.3729324736999863 2.8814304054945357 2.9583854207473648
-0.008317858602024978 0.1862502187462894 3.034009251919675 1.0879808141995255
-0.002592445567201471 0.009703072181440453 3.249149167204938 1.2824597601412981
-0.008407803019571688 0.10295747946797608 3.4011882140159195 2.815117096009682
0.0069248411623301556 0.03470008186001709 3.379238223603497 1.2792131651318916
-0.005894023126401718 0.037065221233251844 2.831220022408315 2.763665385452469
0.004138779752006008 0.1813845164536316 2.8536164584310284 1.6160373719459002
-0.006373645723836479 0.14110657699606416 3.4151881649825073 2.8162482225872623
-0.0020539851004146804 0.08232423940034268 3.4105352313302446 2.029554805163989
0.007810203495131335 0.01004725239875303 3.0723633651851285 1.9703891865892587
0.0023645890905176787 0.0004095576389043232 3.29522338181955 1.1718388043946264
0.00018047676521120576 0.0037076154915774984 3.043986662026621 1.7170608676759413
-0.00405124047010874 0.006822551750058673 3.146464703884023 1.3020846946948483
0.007447936642560797 0.013900573568359692 3.273206430577197 1.0618791524287112
0.00455548934834557 0.3266219161530092 3.310022752992326 1.1654825642482363
0.001020853837550179 0.21361997377627812 2.8169529428046247 1.2894711514952202
0.008514007120041299 0.32822250103565687 3.4021938573843116 1.280403175379556
-0.0039238649661320815 0.11133298714690618 3.1660502227210783 1.4934259436050745
-0.00688340758607025 0.6639058404590299 3.2676819672148394 1.0878817813786075
0.0029607532496524905 0.12279583427055463 2.8692831342568037 1.6242116313631925
-0.00785081130300165 0.009148911812136697 3.040452770917606 2.2762958425541058
-0.0019278183774910015 0.04273466880987412 3.298541412690759 1.0603593165258798
-0.005304764192651178 0.002956271496184444 3.3303092559112533 1.2467488272431557
0.000593534762260664 0.06954208701759357 2.8195468678191165 1.08993012888331
0.0002688507136872657 0.021924647946474085 3.0217979142990887 1.572570703824398
0.005694601023580155 0.5887017511015251 3.382591475422956 1.3878504567913466
0.0025241866693378207 0.00665392971219135 2.8910065410632866 1.6939212784884594
0.0003546937286999872 0.06306858893113382 3.311438317215962 1.6162971888773905
0.0051590675703664995 0.1483263780039836 3.1071467579858467 1.99461732205252
0.00793822891312584 0.0824521424311152 2.8336968123173514 1.9512300698525913
0.00875628980814535 0.055279660664981425 3.180025291568284 2.7530286066893837
-0.00895669504533525 0.07901835987898047 2.8211466792502664 2.482791672347471
0.006027144472151418 0.5359469928602503 3.344095162525878 1.5121895159041774
0.0035465841066150234 0.3633772702870126 3.3821628066607134 1.290744804676585
0.007569379115642231 0.05276624582235942 3.345585256346907 2.5630958619364144
0.0040372110665687095 0.016262205963479853 2.914971588872878 1.4714759877686931
0.007836090858380131 0.15385515824128948 3.2888892537707575 1.2774254900280584
0.003923866419593187 0.035348250243650785 3.361593315015647 2.896475258703524
0.008742064044079744 0.0874061711967809 3.354956958639281 2.2351635461355284
-0.0026400303929847765 0.024219207586904355 2.9135236912581544 2.519157420587555
0.0032805964544338076 0.029380944259199876 3.016240905518011 2.945270083168207
0.00239090524219122 0.002374009491035528 2.88914582564733 1.7194498339745117
0.0073372674632638715 0.5492722471861824 3.3041692025511358 1.5058283518011515
0.008678655682297379 0.1440026786012965 2.818808687057764 1.6406034571982064
-0.004143978568736346 0.015118185396061967 3.182978642832212 2.2693946858790524
-0.009192869707729139 0.003438144718675956 2.897321329622975 2.6315322476502425
0.00027453544207352515 0.06383237543664341 3.289021140389586 1.654583677604639
0.005629197041242652 0.01301671021462962 2.9443557048429962 2.2822960105729937
0.009472950501547797 0.08481698611895055 3.4162828057092725 2.7837076447376186
-0.003914027772245365 0.06703432313884436 2.892714270018193 2.0593824976132824
0.005164304070545111 0.18281449564622912 3.1429130328617485 1.645000478936636
0.004141475254904272 0.06482971073480351 3.3858880098342388 2.749688263600058
0.0021690743377153245 1.3830908505901851e-05 2.9321126991230555 2.8136913917394226
0.008595347010554236 0.04726155023419077 3.1227550670475175 1.8839370551485302
-0.0001548791150426075 0.11227986024912245 2.9393288352569815 2.630068978454165
-0.0018070805612857297 0.07323179496867727 3.3084937325462995 1.0524846071356966
0.0017196774236601891 0.5745121010285944 3.400360311854781 1.3037865573913898
-0.004034283388853503 0.10979310745748072 3.1652730936707556 1.4872353003754863
0.009332881876547622 0.09706001783168466 3.373264593177615 2.9438261568448008
-0.005268707926518606 0.03363416468461968 2.835583175715703 2.7821667617932544
-0.004254004880719455 0.006966919636520075 3.1097952320498385 1.3417064763794955
0.009422749182890506 0.0823126274525458 3.407937474775415 2.87134768558514
0.008103365850515298 0.0778468308130908 3.407186300452156 2.788180810737109
0.0012830863031301834 0.5993961309530865 3.392141766885074 1.4279201489614786
-0.004428648989449915 0.24064114245924367 2.9610077349506736 1.1359580694998488
0.0027230656001067085 0.5825848359680734 3.3814670877296145 1.3451420758498664
-0.0013215036965103406 0.5752633674084056 3.408650512247447 1.105381513218255
0.009759147009917049 0.15652522629093246 3.3622053728575785 1.1307634272589284
-0.0014156014788986688 0.3846631011377653 3.37883373288826 1.1655513996916644
0.007717957025980977 0.020081906269287297 2.952176204865715 1.932877297839147
0.004256623086458176 0.05905486292214814 3.4025572837946063 2.831314441653769
-0.008472019930693771 0.1720798221876259 3.060705455490871 1.4850699728709273
0.002527613375703595 0.3999145328095296 3.3565219667331956 1.133693766497611
-0.0006027448548574267 0.05834670293831334 2.8850679451379175 2.0127395514570323
-0.009484883650339742 0.07081693615911094 2.873674855511119 1.5698623497306612
0.0026535570179943646 0.6285405783841688 3.401755130267586 1.1795181460245743
-0.006216344862066863 0.013155749696761143 3.203074000863013 1.3336788500775218
-0.005519086131622623 0.05838969286512562 3.0025722183900383 1.40716509913682
-0.004571257494101866 0.0020111574500741303 3.0372178487222916 1.3306784509208485
0.0026536708498412064 0.07296098920970381 3.2889744010711737 2.617343888317534
0.009554808445809065 0.14075287480113297 3.3364754055288994 2.7662393432467662
-0.0032620374021428335 0.060313659023386014 2.855855244155429 2.115483219833869
-0.00957836866003617 0.03632759045785927 3.4095106856064943 2.8199142362951837
0.008294598774502155 0.12187316402953112 2.8216456610365057 1.1505152552441416
-1.4535262265873497e-05 0.018085673276254363 3.0619472030371897 1.6661775221862702
0.005016769869109662 0.14249933089285038 3.0960487402653 2.0048380890247315
0.0071222341968858495 0.0835788732563719 3.235020179090356 2.5078677612210982
-0.004434706370652457 0.0029537533221196677 3.107391783960543 1.5291014381165557
0.009702394972194077 0.017662603816309047 2.985238577363777 2.2597890932198794
0.0026099052783635137 0.005360160807866277 2.8926011233075024 1.7021614461688566
0.0006398416041863515 0.012292795706000788 3.2991610556040025 1.3202333685261898
-7.646226365666184e-05 0.04730581920959659 3.331002223027707 1.6703507442485979
0.005535570094111258 0.03379730840702844 3.3327780014539172 2.8907430431769856
-0.009171201799991329 0.16877851803109972 3.0577541339292535 1.0214092574811464
-0.0009318624485114184 0.040868765517428796 2.833381160390604 2.065790955324135
0.009702394972194077 0.017662603816309047 2.985238577363777 2.2597890932198794
-0.005894023126401718 0.037065221233251844 2.831220022408315 2.763665385452469
0.007775346118511925 0.08534581770902139 2.834437012195789 1.970441579643393
-0.001718688028389215 0.623735981127498 3.365839780816861 1.335991215767693
0.005839936422335004 0.010734729629929335 2.9425542864752825 2.3088922796261677
0.006212517104799592 0.020140462191074467 3.326200391507342 1.2370788874308354
-0.007547652063276643 0.06304219908769101 2.892437776023897 1.949130923743045
-0.0002049089404062127 0.07324060848264069 3.270397333702999 1.3214233838837661
-0.003377128573338275 0.037478624316102584 3.3611773278250743 2.630128730272512
0.0023521927018948655 0.14614122692877962 2.8745690865349203 1.4920273188370443
0.008971940984189693 0.11524233661973136 3.0528194422346817 1.47774348661165
0.00027453544207352515 0.06383237543664341 3.289021140389586 1.654583677604639
0.006450614967645183 0.04130705264675178 3.3825164593420878 2.863340941035556
-0.0027863844409307843 0.04236221183412468 2.864526956307932 1.588277123902251
0.004453010714356356 0.17388634298689568 3.0858987655947345 1.8772931837118145
0.00729947192436561 0.020662600230142335 3.0610999495338302 2.6346283282923055
0.00029910161692375727 0.07041709577717636 3.104379127730795 2.778046337290287
0.0017547314749803613 0.017338177023314638 3.02145621088756 1.5851990242937353
-0.0038438983646284274 0.018707397751081545 3.087892705699295 2.1303143475621567
-0.006733706242723464 0.6319608486913117 3.247405047281018 1.1377313473280635
0.0075610038497891385 0.03696756283843439 2.904335241168302 2.0333513456633816
-0.009055700827474486 0.003506347418938677 2.8983083454536134 2.5556811148895777
-0.0023773920907204623 0.012406807652135435 2.89194900566027 1.9368354220628987
0.008511724535014645 0.12201891936842896 2.8364558595902065 1.1776612037035254
-0.004335685623793001 0.002247662005889467 3.107398008603581 1.526199380416537
0.00767180656533909 0.04656882345292068 3.243034177979178 2.275894472433193
0.0002673309448854924 0.07013113080013922 3.1034104018309465 2.792681262226583
-0.009418992967179993 0.1270872311471777 3.377280036936884 2.212603504893998
0.006784672625393355 0.07910792156789778 3.4066025426205666 2.6442153233269554
0.007592248171089356 0.07459136993702244 2.8265769070892497 2.242456716264381
-0.0024393253759173545 0.09724827260357509 2.8375855653469446 1.3780144814752435
-0.009405533517674525 0.16356654874467536 3.0244910950619794 1.1179931194574042
0.001616889305782819 0.6480146751537267 3.40494680163405 1.3090065257308168
0.00783359403891476 0.038783899832484925 2.9126963759692805 2.5556733653434223
0.005458993188792797 0.5907969567615451 3.374582258602483 1.4052413244876703
0.005694601023580155 0.5887017511015251 3.382591475422956 1.3878504567913466
0.004944746350024949 0.2008633765491486 3.119185425569741 1.3521122754317159
-0.00162298147469937 0.01469645790351324 3.1434682946337626 2.2299149532027305
0.004167973081960779 0.3898538188083589 3.3901287838540344 2.6688990654695246
0.00783865508478782 0.05982906405641453 3.370060398022269 1.2506534658896478
-0.0035352824769165347 0.16835276665828408 3.0512608521152984 1.595225132764876
-0.008655364289031046 0.09086749729595982 3.0806177976249685 1.1279631599003075
0.008432463890364865 0.03441757045501964 3.381503438677402 1.2458476023166338
0.00853280210081334 0.029527039602828875 3.4161085030052303 2.9660191940941054
-0.0035553988961828254 0.06387978077856055 2.878117444109431 1.6758431023793174
0.004109352003834577 0.052219769497874186 3.3161471055667264 1.3556481945991856
0.008017755472994348 0.009115497098373893 3.070051939687594 1.9782555555270855
0.0030319002691334036 0.03634056571518923 3.2835729896974146 2.997303206545494
-0.007796582173789789 0.5925279154330874 3.250545550176768 1.1111494141666602
0.001052390909615529 0.1348592556654168 2.8186348705837183 1.4066225619713144
-0.008736896906814444 0.17244014168855215 3.1942432707677435 1.0551922403477318
0.0025209257536687856 0.03895982847422859 3.1853749409760614 2.5463813268770625
0.00808118030383641 0.1328330617361905 2.8479825549515754 1.5889629728292212
-0.0026776631096935297 0.07082017907508559 2.8946766301686826 2.676209118038105
0.00682343218418133 0.03772074038559986 2.9347349584740186 2.4075042635249755
0.005375092447194649 0.18720650222884577 3.323455644094944 1.0777346470679148
-0.0036434743674661216 0.007543058177307271 3.151237251653364 1.3544873877794315
-0.007431063182279278 0.33274114587824194 3.374188876346216 1.2902238928253416
0.007219346616605624 0.013368218104076401 2.9355601547759407 2.2192952717475922
0.00886839222283403 0.29301387134066137 3.392295009428481 1.7281313904604794
0.008065247860221473 0.23249355447304282 2.9905516456087646 1.8344537041203826
-0.0012881107502954719 0.5332680852976421 3.4112014513563973 1.2165516588337908
0.0055909539041934285 0.03267525112980407 3.348708578573435 1.0932666367495583
0.0027352519668009693 0.1185420356315037 2.8710180696734016 1.6201327882265923
0.009375907336346023 0.006571828177773853 3.1320358502728953 1.5878067914453964
-0.005015921434693989 0.0689864157598645 2.8931815662219478 2.2158318538003434
0.00898741419317365 0.026402660813978712 3.280862351355059 1.06943409316524
0.003681372497375346 0.564977975005761 3.320377190505121 1.6889860811577675
-0.00027584634809436947 0.054819437586617475 3.309281623646841 1.5558008405823485
0.009296535758994272 0.12548057576559782 3.370366009801968 2.7634075209885096
-0.0005460626640876008 0.013456558825333836 3.0872503419868598 2.849957585106026
0.0010144621015563612 0.21503265804238286 2.81630800424081 1.275465420340738
0.009875586893104256 0.12015044967252686 3.397607698438301 2.7104488673766323
-0.007014751909421984 0.019153884660624128 2.9668147555297995 2.197931122324326
-0.0045214722584198674 0.0024382053835901862 3.0638731011910965 1.4563133987436634
-0.009215297317293543 0.04315895001355825 3.4148941851554175 1.6737151455636097
0.008541242048260136 0.007126323116754811 3.1338563485130675 1.7243583762933448
0.00021653585847977198 0.010388078081176963 3.0953184722152587 2.9610829981100686
-0.0017624318371778072 0.1950024860746995 2.8834422395108357 1.1911909317652367
-0.001643587489188126 0.06441300140425878 3.267065527023856 1.6859339101860467
-0.009171201799991329 0.16877851803109972 3.0577541339292535 1.0214092574811464
0.00696882372879183 0.05180390854413003 3.398007472658626 2.6735235441053367
-0.0018194022377079101 0.14162618950074174 3.00952033545698 1.0954243242592168
0.006781543375964535 0.5557931101832515 3.313024173055808 1.5255448455438947
-0.007444301869285705 0.5692353378756446 3.339528335196195 1.4133458189453794
-0.008188717670362293 0.14692207809834124 2.933057068605086 1.4135239061544589
-0.009839151248581677 0.06787912649047473 2.8275602058656655 2.4214633564047494
0.0023891801815266534 0.007730627294224787 2.8968796403318198 1.7040254679244424
0.002562159563592033 0.0020878800292696703 2.9559426120431223 2.9758878469127445
-0.00664944243117955 0.08579317487765792 3.3756733974431516 2.5686279460123425
0.008316054297716381 0.12671156625562296 2.8392055363830115 1.1918641367094274
0.008293039121650553 0.12345266469653199 2.8228406754564976 1.1535741822696313
0.009576867486963035 0.035790499096881236 3.280774939522179 2.306198031838189
-0.009061749556836314 0.16705221402699477 3.0607911757321866 1.0236206012454554
0.008798549849628568 0.10813876203703805 3.3195509164629557 2.1666598893770304
0.0066050625547604755 0.536155096869819 3.326734683116343 1.5341364388390732
-0.009503613460926898 0.2964257173905226 3.41564037227263 1.3326170051899142
-0.006545105856003608 0.007014659003935331 2.924048861829769 2.9623255451589747
0.0050335196510303375 0.0592913641854267 3.295739320716753 1.355317895463969
0.008382330589637534 0.06814545783129897 2.8307733346209183 2.274340692114633
0.00558012814661891 0.007829730962287784 3.2481328162155028 1.1382246995699252
0.0088039554402782 0.33936613563604123 3.37889959264746 1.223748774399247
-0.008552753986517218 0.06849460712397046 2.9382106317440915 1.707199637982658
-0.006877809482397147 0.05022083619663176 2.8577535425254608 1.947841476891473
-0.006577742727252386 0.3706087357071595 2.8822700055212724 2.9603908393012333
-0.004691303472763169 0.33243472807974184 2.9349091429326912 2.800075213324964
0.008720694672770483 0.03074886991330017 3.2795715403832095 1.0978179193619122
0.00823546063773923 0.011644020491478956 3.328118181490714 2.3737823274548084
-0.0025470564223099377 0.018789921126373232 3.2601642487390508 1.411374311240604
0.00028789058971316443 0.16474269193598798 2.8170725576252713 1.4772889447645277
-0.008078784949580593 0.06378059521121901 2.821608008267852 2.481500914338736
0.0036228352047014524 0.6870617669603509 3.3207062533625638 1.4515551409724332
0.0039394808971194885 0.31054622042399027 3.4121096799674704 2.441834964955093
0.007205965028490394 0.11975154642903735 2.8637829815743103 1.2882591215988628
-0.0009078714470937633 0.1488785795725926 2.8658675964057103 2.159226583836876
-0.005304764192651178 0.002956271496184444 3.3303092559112533 1.2467488272431557
0.0073201072952409785 0.21645947956778908 3.4099434483123363 1.272047510782473
-0.007036422305298868 0.0315728251854914 2.8550102016803987 2.8784550376503457
-0.002478256461614984 0.09459447206418023 2.8490871996856217 1.3569567648431913
0.004918897620106343 0.12148913295697314 2.825383098790043 1.8070918152611397
0.00012621330420147653 0.11174904250548404 2.9352494155299245 2.630240613695066
-0.008622983203904323 0.1763243005396489 3.3602871296138814 1.583252205085904
0.0069207068560322195 0.03221210714025259 3.2869077369046047 2.819399144998232
-0.004561207740644545 0.24079016819337304 2.9582793672229486 1.1371930847654301
0.009524605757984868 0.22289447850267013 2.9833781715532135 1.1920494568335727
0.0034408125008929683 0.103650411033618 3.262473865207459 2.3572518970787004
0.0025241866693378207 0.00665392971219135 2.8910065410632866 1.6939212784884594
-0.008514882725069084 0.06931015475535791 3.002858761298497 1.2944019276729462
0.009077891644737532 0.012208171183133526 3.4134249388957554 1.0010717617730422
-0.00895669504533525 0.07901835987898047 2.8211466792502664 2.482791672347471
0.009559533370667858 0.04003130961243989 3.1638155035961364 1.5793998142038481
0.0023309013220346644 0.010577135414338301 3.3202866978526657 1.397009290249064
0.0093032756539809 0.018456720606967264 3.375823379692005 1.3051835710954804
0.00628924605199532 0.06199643836085721 3.396631701217848 2.7961609449886584
0.0005040495176612961 0.07060450791897183 3.2525701512101612 1.4713960599776992
-0.0020635934662475747 0.49214480051550513 3.34526789503668 1.5819161973007858
-0.009637068156051885 0.07154905083252994 2.9832528010067705 2.4178737383869984
0.0021644225454102058 0.43875833621047017 3.382101694097148 1.0675848443370834
-0.0026107321306849916 0.06772609599351265 2.8817493202611564 1.7152981117982553
-0.0075940542744800405 0.07884223969171952 3.37748764754705 2.563342113970799
0.009692159152804717 0.04876432518427323 3.3027232174051355 2.2526123506195703
0.0056351730069468565 0.17672952203101724 2.852077299741211 1.12561471717605
-0.004286407826217298 0.0009105289382335749 3.3889522142619213 1.845584294165174
-0.006373645723836479 0.14110657699606416 3.4151881649825073 2.8162482225872623
0.0031322852705305726 0.08933303005251472 3.1114423187659113 1.4782984498127283
0.006072834112815421 0.19340316951154402 3.3166830806748093 1.1090514027052574
0.004409247994882842 0.0580351495856805 3.319374692836468 1.3657439402715115
-0.0023516103587596406 0.07237722851112224 2.8998938242619237 1.7224735564709912
-0.009589811303211954 0.005826807090152042 3.362294853445003 1.3543683110088018
-0.00559968496042362 0.06253128783161743 2.9620897851498333 1.7558347153595935
-0.008947419080788584 0.290747200312228 3.414040556551836 1.3135653417619457
0.0065044782616882225 0.03657079902606357 3.1222476654394984 2.7252052815576997
0.006099008669589654 0.15267170834382915 3.133579637207608 1.9456811365996476
-0.0013688781407106617 0.5720927044320339 3.4085557748890896 1.1147460992641403
-0.002540837531521121 0.5012128514620431 3.376262504460028 1.5316946346508749
-0.0029804941496816397 0.00196334928335945 3.1200387327453067 2.3486191005883885
-0.003578340174797908 0.11623095441302822 3.173551318529256 1.5237533232618623
-0.008546007105087286 0.06839298126643081 2.9394816225546103 1.698667747228968
-0.009891086097777774 0.14330198873101446 3.213404643920213 1.0022105347828891
-0.0008716385716473832 0.17364455337108153 2.866985492719137 2.200619804632799
0.007591527951154083 0.07586490930290496 3.2986504959626273 2.8988831114663896
-0.003921332700273811 0.05401708678706299 3.001768215001558 1.8954387832467419
-0.005734674011467031 0.35916006566342185 2.920644085144633 2.9236686014634534
-0.002982870585672935 0.05640024248267403 2.8692036972616966 1.6783678166928866
0.009444351138627653 0.04769706614054973 2.908924139522789 2.5216128209346618
-0.007325675959296073 0.053198412548341845 3.3946286797809777 1.787138747160317
-0.005308802302851436 0.0021202254844936777 3.333101894650831 1.2304043849166926
-0.007962045448138761 0.028855551019443135 2.8294295653969104 2.480105316214148
-0.0031605414807573933 0.14688914208358264 3.196876144618573 1.195217963909599
-0.0041468717551497 0.09726053882175745 2.9623254422550382 1.4176361163928057
0.007183067159679008 0.5516945084551681 3.306387517177934 1.5778702220008909
-0.007321757918458519 0.638389715059799 3.340266505263953 1.347388990154045
-0.009260295335535195 0.01348892701880644 2.8305750799039697 2.788576988483328
-0.005344654567051001 0.10119124909034066 3.403138224376776 1.1636126886130322
0.006699994352472818 0.16566681902208527 2.8608719113112357 1.139579758381997
0.00113272773577673 0.06111245310785651 3.366266164885993 1.2029640835470021
0.006885855328651042 0.026447266549196928 3.10766795929522 1.840643906166167
-0.00816242663433856 0.06876349471362875 2.842502330994212 2.489076887515272
0.0048783860888982995 0.19858534992352872 3.120868461148115 1.3531227729167752
-0.0009380744295488996 0.15099527692386017 2.8679156184126957 2.1580044222983767
0.0002097877859341176 0.02226542498213996 3.3546128624386036 1.147541090574048
0.0046139325481304875 0.3196604332325217 3.3058028152374574 1.1657942034463697
0.0031856081965866805 0.002037073271840703 3.3400132195848338 1.5064877017751457
-0.0041331556585811535 0.2117183647276429 2.9366754440523097 1.1863174058747095
-0.0071314771022852694 0.016539512172037002 2.948195078318265 2.148204089038202
0.00977575066466808 0.09848215847247951 3.02536796651382 1.6156477088280752
0.001793096402124079 0.5999307467653681 3.414473952811056 1.270904512918601
0.0019876164788830545 0.03852105148703008 2.9899907027018386 2.909084478119506
-0.0042914567168794455 0.07628068079009552 2.8482392155526437 2.458484562188393
0.006702456786724617 0.01285446844847632 3.0057731215052756 2.101309324831571
-0.005121384692103503 0.01662807144081213 3.202550305062842 2.3301092622223227
0.009538791418052181 0.03571646451658264 3.280805556810567 2.3028231807164556
0.007773057263931803 0.08950666705528473 3.1757520795613337 2.5561224859713354
0.003172994950889944 0.10903003490257326 3.321799215658413 1.243009160227607
-0.001677889078633896 0.1194946972484115 2.9336798656167877 1.2403002980551472
-0.009604401260384338 0.0654927239887152 2.9407505815586763 1.7838162452616206
0.00034240988926322914 0.1935839520674403 3.382546091175798 2.764386827188323
-0.003990060304325721 0.08951900737243852 2.931942120450874 1.6957754517302932
-0.004715096475519629 0.03161216670276301 3.281444628075313 2.3472244754870926
0.005794082393559353 0.15648241731958804 2.8598874838205597 1.262211720756449
0.003172994950889944 0.10903003490257326 3.321799215658413 1.243009160227607
0.007737930350999291 0.029023295037569462 3.2568237053986695 1.0142556780723504
-0.009706390444347528 0.0736268044632612 3.069348756250074 1.2198095976725298
0.00913483305817464 0.06475625480926095 3.414761223056747 2.9179983434462478
-0.0005669186066047964 0.05792319086516845 3.135053178330137 2.679394008436004
0.001234586813311175 0.08167075477796559 3.3721657840226587 1.2503325159296015
-0.003563507632155848 0.025085609183653837 2.937282410587434 2.458191316309973
0.0038723777007256474 0.018781670099400377 2.923619947801731 1.4156265964670371
0.005053376516960151 0.1824222302695537 3.1017910530183372 1.7544501444295788
0.00491216687353949 0.05689098269015383 3.1453879052755656 1.5477594946955289
-0.0018194022377079101 0.14162618950074174 3.00952033545698 1.0954243242592168
-0.006014727841635668 0.1251876660881528 3.4120030431338337 2.8660896549445383
-0.0036675149610995647 0.10721343209612727 2.8488413976403937 1.1507243709456831
0.008047440687080534 0.11272967735779434 3.4080623067066442 2.3877073230836157
-0.002986420730893085 0.1169276347961364 3.2327593031074926 1.738553815645669
0.005588487641297242 0.1954638338985272 3.379473313890738 2.5468998847774293
0.006697248913303194 0.28178337004992754 3.3755679690657168 1.3480302894496794
-0.006168124474345744 0.003924517869127286 2.954032452089766 2.123454776858474
-0.003709190824384394 0.12587953536509183 2.8703491652650786 1.2114331214180032
0.00609670785679442 0.2047179450517287 3.135153640612462 1.1455162428589198
-0.006053641688611042 0.3607885263714955 2.8802385502164762 2.9297035343284024
-0.002700520137433597 0.6054474568503776 3.284216275802381 1.0223789412104172
-7.313860747693501e-05 0.27219782051434105 2.999632145145718 1.3110994603146684
-0.009958207908941783 0.0797400329197088 3.015881477217934 1.0980145427052623
-0.005185098220941802 0.10108254821540735 3.398363474818875 1.1597490576487417
-0.00022800830385607705 0.11081691951756611 2.9394793729047053 2.6144190841812045
-0.002136301569519994 0.042855236703939315 3.3605877987346706 1.4857648812060718
0.00956031453348182 0.09044432531017634 3.384840290680903 2.956657490485249
0.005610939354069244 0.5875360233144311 3.3827552174714057 1.3842895297096578
0.0020329374175212327 0.42204864267886644 3.3433923316064065 1.1957524162111062
0.0009704786927443153 0.21549344738659856 2.816241774321953 1.2797930794821104
-0.0099649385634887 0.07964203267462588 3.0569456846846927 1.1606264451793051
0.0016934126377405878 0.01016221313192539 2.9070459992200037 2.8459616374633137
-0.00419605247697334 0.05738026797538631 3.110378661623926 2.1748700829057217
-0.0026279965711449144 0.5869858591674895 3.332456639730909 1.2340181435350255
-0.0030963856708205806 0.008424732298459053 3.158733714737616 1.462818805624162
0.006908195325513589 0.13787818842379002 3.2969399067332845 1.2795624194649224
0.004111482822420655 0.09362433559102129 3.353884934474589 2.7911321323649076
-0.001853832023002086 0.4033251865366393 3.3781376300515276 1.130372929857174
0.007786383492985011 0.07974956147919876 3.3938589073347507 2.952914659379587
-0.008417553793388717 0.010620010665076493 2.945802083989883 2.4367161968705924
-0.0018734291880422808 0.04399054318286082 3.2782623755559905 1.1023323496888615
-0.00012708647624512428 0.4374838781036499 3.2269400976121854 1.2976611450524218
0.005217103859237569 0.013528078797715087 3.0764786821642347 2.627510135480705
-0.009292001873792225 0.0816105585958467 2.8343458987513257 2.4196026428812965
-0.00818919719474127 0.1519282490077613 3.0628878645348423 1.2423016512317926
0.005862590077571655 0.0019778313805103413 3.274695100026909 1.022058361940122
0.009029879495714557 0.06924803845292234 3.3906616459922803 2.9669657776869354
0.007714485443972161 0.03984503548463579 3.409538714337038 2.922294506835435
0.0005869333135332918 0.09210255332020909 3.002874873287852 1.2688087213477988
-0.0029067966627156355 0.48039244563533673 3.3634730163348774 1.5425407939594151
0.009512096020395343 0.08274098933539822 3.410092878985446 2.876338319805342
0.0045939040480846675 0.09121024610173567 3.3142348747638803 2.327654533896226
0.00713647020292695 0.5557155766788467 3.319939106979895 1.4913533798792131
-0.0060770618960843325 0.01449542001382384 3.405674773422305 1.703887254882521
0.003086887872649017 0.2473876620496888 2.9631476870114826 1.0009629977494672
-0.008933940031171077 0.008490231134308607 2.8160612693673976 1.9072674039758
0.005732214257440556 0.02980520291638042 3.3071780498863776 1.5016333629803778
-0.007845537632968407 0.3211605489561128 3.386930905905209 1.1352149052966165
-0.005652204124256505 0.011104428012316356 3.4163705689116775 1.8322285122656075
-0.006286218355908704 0.006338771135933147 2.9564533468938268 2.135053010709746
-0.009180296177307421 0.10199805345265117 3.2647640488355965 1.3275100891599891
-0.002772769669671169 0.08790987489595554 2.8506959787421344 1.4145995356813865
0.002015860515270496 0.21726337860132372 2.8173747073167332 1.2355182845569304
0.008319597953321411 0.12216252994858368 2.836681621142644 1.1961343203342585
0.008743997396338368 0.20876767940626717 3.041436147997451 1.1235987416409727
0.004715964715813776 0.5693274797962038 3.358676594149496 1.4264145877293546
0.00817896416029372 0.012381954893292302 3.310258848109986 2.9645812335163164
0.008316054297716381 0.12671156625562296 2.8392055363830115 1.1918641367094274
0.0038644313119457273 0.17744419865136973 3.2076599419318605 1.5028650845970213
0.009654641735137474 0.0882546975649896 3.0674511516254337 1.6099371887196678
-0.009608065260691858 0.045054879554117536 2.8543553367362944 1.6089574740139327
0.007074058723440919 0.2166259934374225 3.4168032781965874 2.6543441087287762
0.007711000235202022 0.005840835113586879 3.345388884554429 1.021403183872592
-0.007044965888782845 0.3247832735430309 3.3675435997428695 1.290944286076536
0.004678409912603038 0.12149833689263757 3.330378477185899 1.3304884590425339
-0.0059483479152269945 0.3643358323389878 2.915203076255927 2.93502293780267
-0.0029963548070302635 0.61105773942399 3.3502667484985804 1.2366472936833288
0.006280477370794818 0.09154302445692997 3.314044769960928 2.6366418408210124
-0.009056953959674348 0.07252751410047312 3.0552462185835183 1.4258414975303848
-0.005418601176546554 0.3549223171795311 2.8809326962924877 2.874974574370402
0.007513124507915609 0.01616350843503861 3.2836871717634604 1.3950955212458573
0.000635266749560456 0.09290065654712568 2.89993543441335 2.685847087477301
0.0062210112234573674 0.0368403511776233 3.3889190732459222 2.92021436913602
0.0073372674632638715 0.5492722471861824 3.3041692025511358 1.5058283518011515
0.00974427728874157 0.08466304349406534 3.410070740212941 2.804782280733979
-0.005954811940445357 0.3647914173182812 2.914701605393149 2.9355241587278247
0.0038285266023132818 0.0527599168148684 3.1842111270713906 1.4078265191603427
0.0077912201363703314 0.06003263227724287 3.2774132439757024 1.0845970945083394
0.0033288562557036794 0.013839279980858453 3.2342501501707273 1.2790981116841893
0.0056351730069468565 0.17672952203101724 2.852077299741211 1.12561471717605
0.0032239613034536346 0.14058311141426552 3.336578060485388 1.1484105209361342
0.008078591399747231 0.028140738226930716 3.129999405876391 1.769456775919286
-0.006035880745623891 0.12385301532699769 3.415119146045574 2.8712297528212796
-0.00453491340354646 0.11922537925257856 2.870340677574298 1.3168187565512315
0.004690911894650663 0.21290927607171728 3.0891628786479592 1.7667064785026867
-0.009215297317293543 0.04315895001355825 3.4148941851554175 1.6737151455636097
-0.009133327704204528 0.1659707362863166 3.0561283716094767 1.0465541335287782
0.006566008623985764 0.5356919001296021 3.3256141316335195 1.5330940927346137
-0.008744036468129985 0.10520196260171777 3.4064238441784878 2.8446583736151316
0.0024208272198345815 0.2650062067466419 3.2840196150797003 1.1997368728504825
-0.005171229198669606 0.08889884559198846 2.970585817700364 2.0235501283556947
0.006126727041235472 0.013380583989735717 3.236606362496495 2.8756078383581056
0.005853729893852772 0.00211649984368506 3.2745820187831387 1.0227046647602527
-0.004571257494101866 0.0020111574500741303 3.0372178487222916 1.3306784509208485
-0.008285642735137336 0.18451008401715865 3.198420172289419 1.1762589051706545
-0.006020150583352299 0.02384136979918889 3.267307806858548 1.2637231642604576
0.004365392337724958 0.030135476837431348 3.062281194468923 2.6818370849908013
0.003283051552604801 0.45104012456365405 3.4140164495557377 2.3201841561160745
0.008971940984189693 0.11524233661973136 3.0528194422346817 1.47774348661165
-0.0059383413673509775 0.3677062750278939 2.909741452784317 2.9449492630817313
0.006942431641767528 0.004798545088212258 3.1055172200455154 1.7116090645366566
-0.004644698651234153 0.005669874626139911 3.3393702972619836 1.0604584817826717
0.0023476519729012865 0.09979804069155795 3.1086415586011125 1.5475188837431644
0.0035294264695172623 0.09845991940789045 3.1727075340758466 1.2268690470148291
-0.007604746917667108 0.18091067243212666 3.0257332413884517 1.169063389560124
-0.0056704662671794035 0.011052264128712831 3.4168082263852524 1.8344452139433174
0.008222084494891022 0.014786278958742433 2.975765129216083 2.7054471464226273
-0.0035858414122396567 0.05218104902145862 2.8245377025767238 2.106008897934074
0.007498588204131811 0.24449100911863791 2.9918315571610825 1.8504569765617553
-0.00537892100335079 0.010169840192013783 3.3016957386746846 2.6312197037857743
-0.009854294962969325 0.06523698781240159 3.298302984813776 2.6245260888830355
0.008311719102346293 0.12673297422696542 2.839358734372892 1.1920204541833073
0.004471191805935469 0.06642573937209179 3.342534521201669 1.2531892538572607
0.008294598774502155 0.12187316402953112 2.8216456610365057 1.1505152552441416
-0.0027631195375995236 0.07047587114372601 3.347624195964711 2.176368826358221
0.009525354331107745 0.3027030626868001 3.397537323849339 1.7466106319420656
-0.009559279826753073 0.1474609987378718 3.3585518969787165 1.8021646588043005
-0.007434039263613475 0.05049631291477263 2.839764802445363 1.9162017185268105
-0.0020690629744117674 0.03819256903688881 2.9865686828332993 2.50334141429136
0.009381270774041108 0.08502582628518748 3.4150598048428327 2.7762904100755756
-0.000522846002065063 0.06870428734066678 3.2536132855126043 1.7144408093133991
-0.002951859241578256 0.022627757894644926 3.2598361028003415 1.2051086359319798
0.00026483315630227225 0.06257862239458607 3.233070650534715 1.4875158686261383
0.002779827592292802 0.0016651024487663868 2.8520668477324 1.7922634138032572
-0.007522340267860654 0.004152237193174924 3.398859181978736 1.7680366556222598
-0.004585576866707805 0.0056290834061334255 3.0760918917063242 1.5016621315954264
-0.00822699492855097 0.03291275477092877 3.3325983524138527 1.4590028896480145
0.009349125323467801 0.1347782475458819 2.817457079854284 1.6234933727463365
-0.00941101810726604 0.163566056877142 3.3857580877598927 1.4592303264681867
-0.0055285512265831225 0.0016276261063578323 3.0333421585654095 1.322026667616466
0.009284442063770187 0.0639010021032487 3.388765869849853 1.2431396728020974
0.007394844840982568 0.08655554701855522 3.17468795568888 2.5642490340748085
0.006011691627487047 0.006453844140226733 3.2445656762484454 1.12246946223109
0.008739870765486176 0.013017911672989269 3.0068834021898794 2.1671547680956094
0.0002793682996260077 0.08556224749804066 2.8283195575869367 1.0744003279479655
0.007774643322030263 0.00403438054903913 2.9248675850695705 2.3015348546003884
-0.005974472811636663 0.06515619747366347 3.0226586364489796 1.5581456280685193
0.009135822570066753 0.012527293926485397 3.1241986524429857 1.5102006528825287
-0.00023551506658977444 0.06057812952171193 3.3450607232279372 1.6302486477567308
-0.0006060707091263629 0.018460519981556595 3.2790771887621664 1.0262005319943994
0.004005751053371313 0.15800760077660614 3.324821386878914 1.3064611098061263
0.003828558108010651 0.05275875839064087 3.1842133006345223 1.407825773710991
0.009305263284561178 0.04807952996885676 3.3144710726937827 1.4774985151750712
0.00301094832632151 0.06451402692232722 3.3685633839508986 2.967899159050768
0.005144016208652551 0.011132142601854245 3.0972662284792793 2.7297626782840285
0.009716655190868595 0.061233709656105154 3.1826224404036103 2.658659436276722
-0.003324176523200167 0.09869740733600858 2.981500150162021 1.4501681473860208
0.004116942373157111 0.39549604002536326 3.379734707226466 1.2554783839125503
-0.003099470339875306 0.025499864595059152 2.8987398257682733 2.562874642894031
-0.007878045149293033 0.11954218682214092 3.3718215725644822 2.1676821560270167
0.003808297987227728 0.036593538271045556 3.2905897640977044 1.6774914665772462
0.005025475123084072 0.027422448347409853 3.126537755337497 2.831996940511466
0.0030312909922517086 0.04116837287629005 3.3067684749014625 2.9579412388883415
0.005249397331384114 0.05432929996849877 3.3032784251790313 2.9362610153193733
0.005078295237510117 0.5819105436631047 3.3619601473041576 1.4122534355837457
-0.00880563528924747 0.0027959956008057965 3.3096675004151392 2.1934793393302727
0.007518950810678478 0.15888871696323703 3.1596532457784705 1.26361623812439
-9.757685166218721e-05 0.11204244731998513 2.9233402447601318 2.629179589545411
0.007153958018906093 0.07468673024130865 3.3761511843185272 2.9311120465256693
0.007304792890382775 0.04089905257335999 3.123518585647863 1.9071708817780761
-0.009350221212744628 0.09190270825774983 2.9431075109419886 1.4891720234816908
6.570112983875567e-05 0.05784184728367742 3.311744823496447 2.533270032810644
-0.005806525946186103 0.06926035187727828 3.2911549933155615 1.2707822279747456
-0.00938010659513146 0.07450616975205317 2.8766112504051926 2.4475582082134615
-0.0011193731591797127 0.05738242670665513 3.2034947144266166 1.175017515500942
0.009219297275633628 0.016943657840109476 2.9775110036018546 2.2678958594027385
-0.002212524979900131 0.027253642723851057 2.8581598637448513 1.980290030534804
-0.003466512165052088 0.13960104284028216 3.1930831451613875 1.4186749123892706
0.008689844021188777 0.19832820486816582 3.3644048672714635 1.6313595759637027
-0.0021414473631590648 0.014267448432395247 2.8380715643971985 2.035299692142857
-0.00910798882936618 0.0703750258291681 3.067832497346678 1.1942300247970141
0.007566705114282208 0.05356030405826134 2.9513088342953226 2.193655708000434
-0.003661898888179596 0.02593172956818318 3.378093450938357 1.864165799094324
-0.006549002350930351 0.006801702541654686 2.9241096837578318 2.962429437748254
0.008246188922556534 0.1245278651891931 3.4006815177372984 2.369989012127966
0.00012901325802344796 0.010460221244760898 3.2639388017238997 1.1749161363968008
0.009582063407798151 0.0061828343473779735 2.9769792796327095 2.2781995040613614
0.0011358868634005082 0.5465857381095772 3.404105861442521 1.463801439479371
-0.0006027448548574267 0.05834670293831334 2.8850679451379175 2.0127395514570323
0.00884620119729273 0.007834698814393956 3.35863194101082 2.8795727733539964
0.0014602056691632476 0.5999975656031628 3.390360144474868 1.408312257357299
-0.006638176762128204 0.03490715298913738 3.073876555863772 1.5280897934274624
-0.006794116823715508 0.003724820035059695 2.9523214641588718 2.2098725673553474
-0.004057834235484345 0.10931365845616788 3.1637210369321456 1.4936012286506437
-0.005384781719181978 0.35434937917237086 2.8811574964965962 2.8707851306907735
-0.009060969738939767 0.1680760434050664 3.05645366862344 1.0478713911768807
0.008802628750565486 0.09754903858996926 3.3898811566887765 2.8901848392726093
0.0024036635498251562 0.08823833534371553 3.127783469274168 1.3911991215418322
0.009106265376875016 0.10160096522480111 3.3642966378176644 2.264663385099105
0.00823546063773923 0.011644020491478956 3.328118181490714 2.3737823274548084
0.00989839626931693 0.06932703303768172 2.843461580248196 1.9960815771148694
0.002289575417374701 0.36813182584794835 3.2261805768231646 1.2055199928760585
0.008067884938601973 0.008063801540993454 3.2948190431785402 2.9347086776264577
0.005053636990443568 0.5768068995036185 3.3579807404593844 1.4045282089060365
0.009166185215647563 0.06289280438539963 3.177453421440419 1.5873617070106167
-0.008577512518651778 0.02611706203377801 3.3469606903888938 1.9089685238200014
0.009171703562889544 0.09354471265064665 3.3976654306072036 2.7364767574279742
0.007246235921504822 0.030513886857915062 3.2254746450504546 2.303668817835771
-0.004482000385438428 0.04256258503372223 2.8775501816750313 2.5876374336742574
0.008165674120243346 0.016123449474054224 2.978799033267547 2.706309921670635
0.0029607532496524905 0.12279583427055463 2.8692831342568037 1.6242116313631925
0.0017672207794762014 0.23674591402679226 3.14943110084939 1.5824879590098124
0.008804494351350042 0.3525779603292749 3.3920381006307525 1.1752585444624915
-0.007937548966018974 0.09189404812513213 3.4050797548636496 2.720250484364955
-0.00355402849254625 0.07056388561786509 3.3784827895576712 2.156648769658066
-0.0029874393902183066 0.00265670828189829 3.120025214284872 2.3489072687134653
0.0078538337812253 0.0859808104759088 2.832327541582189 1.9577126009572665
-0.004901170057940388 0.019684931379930215 3.215031701675951 2.348488495839708
-0.0021168122467374174 0.1446462560565416 3.059072557340752 1.1300912363260187
-0.004557468227576531 0.007210472085227146 3.164865755490419 2.728907882288382
0.00691236282804043 0.02753987185244136 2.9319687004335564 2.404714771922086
-0.009945933797772841 0.06449145797286429 3.299792199468078 2.631299976181108
-0.004573644720168971 0.0034319697475266725 3.0515619287377174 1.473041764824076
-0.00014425670149000903 0.013569020775720753 3.0616450951171825 1.6602485677043939
-0.00036806829657446555 0.0440869300824554 3.08359965556005 1.506131839004067
0.0001608362212931671 0.1125068834134948 2.927832230251173 2.5848782312967202
-0.009880907005342682 0.22262112531063988 3.399607714832425 1.8179456490111523
0.007814401430141943 0.28447773055707437 3.3943667547512404 1.397455640921255
-0.0066422259267634245 0.05577067702699251 3.401348573458105 1.8101694860252167
-0.0009914328721603756 0.017369270098913918 2.9132299580721015 1.8693999080876527
0.00712198207538636 0.009211972628993646 3.3667130946508728 1.0438911986115889
0.009646155711412216 0.24288858926277962 3.01579788347612 1.0669086066262323
0.006794286342584161 0.21033953645173237 3.0557581216570444 1.7987643370388389
0.0029538240321938664 0.2025758262990502 2.8259473627374985 1.1832400904807812
-0.008733218660726225 0.10660333792096663 3.4034717105862686 2.8465901634890383
-0.007931354861462809 0.3438264642334832 3.3794760835296818 1.2368333174578368
0.005870562159110167 0.013100113322628365 3.0991069913062192 2.9065492985748698
-0.002273921278355231 0.06409276479548409 3.41112590843132 2.1087813604681935
0.004049563280477164 0.3911220118403256 3.3764878260533147 1.2664689799763256
0.0028481215540857793 0.1321844361525156 3.149573111492068 1.249143210171922
0.0022551245875069305 0.44306923611029586 3.410725297609943 2.3357503210025072
0.0070383077228580275 0.02184177432106693 3.1226839759203853 1.8767038573638464
0.00035349014304568785 0.6526395791827488 3.4135652612929337 1.0716147551312523
0.0026686931392110175 0.43879729333393885 3.4148405168491776 2.268972239279844
-0.0022017194048389735 0.01895003838041561 3.227480827204531 1.2014967168738988
0.004687302160780629 0.20707292999228524 3.2033343023879257 1.8143467654083347
0.008894718877010129 0.36375091336573095 3.3996329531059133 1.1628671619026414
0.007801123512397808 0.08500164853659224 2.833429616150139 1.9725433758423803
-0.008176407833861313 0.009716551794314632 3.038126631500858 2.2675170659400035
0.006072834112815421 0.19340316951154402 3.3166830806748093 1.1090514027052574
0.007827390849205886 0.12471647738368657 3.376407237517125 2.2065988409197193
-0.0022112690142944424 0.012729555390675211 3.152878122814682 1.5421665237618674
0.0076944469050163455 0.025394641549714297 3.2607399076659878 1.0227864115189806
0.008439273606768454 0.2647856018619701 2.9762111819111383 1.8553137758715177
-0.009466645512326772 0.17190609571836085 3.041821053564585 1.075293566727629
0.003357344083665144 0.25199529088029515 2.977545304806397 1.04917559874246
-0.0018785660440114914 0.11779406970346545 2.9402117627363067 1.2308217271065012
-0.009551877626947139 0.07821590354795865 2.829728376365612 2.43353534051392
0.0018914577223266187 0.5806260910843336 3.405109154927147 1.2876672955588564
0.0022042156996093555 0.007197156107298652 3.3271477742487416 1.3648811780051764
-0.002109927197024481 0.06640700288628781 3.2744643710800267 1.7418059584853012
0.006907100628478351 0.06271253262556167 3.3032211662213684 2.36054735509504
-0.008634360372184574 0.004649766598348069 3.3431249100048284 2.048341421237216
-0.0017460246781203078 0.0023977524396500208 3.209692809583319 1.5479372204306197
-0.006887758087201967 0.38055824773007785 2.8797538784608387 2.975660187450148
0.004889270033250837 0.1582627952445273 3.3984872518457467 1.048852526504744
0.004589429795735113 0.0034825313953801285 3.0280316813009107 2.6294676421173055
0.005986845228146755 0.1628683250501852 2.8586308155922358 1.2123132916723738
0.008582304257606704 0.020199930936188548 3.011063573099933 2.156420507579301
0.0012787473452134618 0.6054238605050751 3.36706939662844 1.0945054843846214
-0.0031303710744689083 0.1481161265821685 3.197474873380778 1.1783605692145582
-0.007359049764274011 0.07184968407156389 3.3791562937388737 2.47094078922395
0.008382330589637534 0.06814545783129897 2.8307733346209183 2.274340692114633
-0.0022915735152332223 0.01408199176098937 2.8434092174719834 2.041012768182576
0.006620826476761318 0.25868218116997005 3.36827279524961 1.9446268865693819
