10.000000 0.000000 0.000000 0.000000 0.000000 0.000000 0.000000 0.000000
10.139395 0.000000 0.000000 0.000000 0.000000 0.000000 0.000000 0.000000
10.280732 0.000000 0.000000 0.000000 0.000000 0.000000 0.000000 0.000000
10.424040 0.000000 0.000000 0.000000 0.000000 0.000000 0.000000 0.000000
10.569346 0.000000 0.000000 0.000000 0.000000 0.000000 0.000000 0.000000
10.716676 0.000000 0.000000 0.000000 0.000000 0.000000 0.000000 0.000000
10.866061 0.000000 0.000000 0.000000 0.000000 0.000000 0.000000 0.000000
11.017528 0.000000 0.000000 0.000000 0.000000 0.000000 0.000000 0.000000
11.171107 0.000000 0.000000 0.000000 0.000000 0.000000 0.000000 0.000000
11.326826 0.000000 0.000000 0.000000 0.000000 0.000000 0.000000 0.000000
11.484715 0.000000 0.000000 0.000000 0.000000 0.000000 0.000000 0.000000
11.644806 0.000000 0.000000 0.000000 0.000000 0.000000 0.000000 0.000000
11.807128 0.000000 0.000000 0.000000 0.000000 0.000000 0.000000 0.000000
11.971713 0.000000 0.000000 0.000000 0.000000 0.000000 0.000000 0.000000
12.138593 0.000000 0.000000 0.000000 0.000000 0.000000 0.000000 0.000000
12.307798 0.000000 0.000000 0.000000 0.000000 0.000000 0.000000 0.000000
12.479362 0.000000 0.000000 0.000000 0.000000 0.000000 0.000000 0.000000
12.653318 0.000000 0.000000 0.000000 0.000000 0.000000 0.000000 0.000000
12.829698 0.000000 0.000000 0.000000 0.000000 0.000000 0.000000 0.000000
13.008537 0.000000 0.000000 0.000000 0.000000 0.000000 0.000000 0.000000
13.189869 691.843683 607.456111 758.241133 528.698335 876.611061 481.347930 980.445588
13.373729 691.734562 607.452194 758.042507 528.704482 875.930152 481.381739 979.633932
13.560151 691.669526 607.448221 757.841060 528.710714 875.239210 481.416017 978.810275
13.749172 691.603577 607.444193 757.636750 528.717032 874.538080 481.450770 977.974428
13.940828 691.529307 607.434759 757.422703 528.716579 873.824963 481.479725 977.123461
14.135156 691.447581 607.420555 757.199687 528.710173 873.099890 481.503640 976.257498
14.332192 691.364707 607.406152 756.973494 528.703677 872.364094 481.527887 975.378679
14.531975 691.280667 607.391548 756.744080 528.697091 871.617407 481.552470 974.486801
14.734543 691.190118 607.373185 756.495236 528.686133 870.859343 481.573229 973.580609
14.939935 691.085815 607.349375 756.162107 528.668773 870.089577 481.588192 972.659393
15.148189 690.930910 607.325231 755.824183 528.651171 869.308385 481.603363 971.724444
15.359347 690.773811 607.300750 755.481396 528.633322 868.515587 481.618745 970.775543
15.573448 690.611287 607.273870 755.104028 528.612930 867.711481 481.631851 969.812538
15.790533 690.438130 607.241260 754.765328 528.586277 866.896665 481.638654 968.835317
16.010645 690.262515 607.208193 754.395096 528.559251 866.364077 481.645552 967.843467
16.233824 690.084406 607.174664 754.019517 528.531847 865.882112 481.652546 966.836753
16.460115 689.902247 607.139753 753.636917 528.503153 864.996985 481.658601 965.815433
16.689560 689.708792 607.099127 753.239653 528.468867 864.101740 481.658805 964.781634
16.922204 689.512585 607.057932 752.836636 528.434101 863.193067 481.659012 963.732291
17.158090 689.313585 607.016160 752.660987 528.398848 862.270751 481.659221 962.667154
17.397264 689.111574 606.973700 752.370376 528.363019 861.334704 481.659344 961.586099
17.639773 688.897927 606.925645 751.975804 528.322686 860.395670 481.655116 960.495252
17.885662 688.681235 606.876916 751.556152 528.281788 859.433357 481.650828 959.387933
18.134978 688.461453 606.787325 751.130411 528.240317 858.461137 481.646480 958.263873
18.387770 688.238535 606.694717 750.698488 528.198264 857.559666 481.642072 957.122795
18.644085 688.005583 606.597167 750.260963 528.153577 856.672813 481.635123 955.973452
18.903974 687.768459 606.550562 749.817161 528.122371 855.772866 481.627772 954.807788
19.167485 687.527946 606.517448 749.371431 528.116585 854.859408 481.620318 953.624420
19.434669 687.283995 606.483870 749.002175 528.110718 853.932219 481.612760 952.423056
19.705578 687.031583 606.447503 748.645393 528.103279 852.994760 481.603824 951.213902
19.980263 686.773992 606.409898 748.282577 528.095267 852.044342 481.594362 949.989633
20.258777 686.512711 606.366535 747.914524 528.087142 851.079592 481.584769 948.746686
20.541173 686.247687 606.302329 747.541155 528.078905 850.100276 481.575041 947.484749
20.827506 685.975407 606.235540 747.255441 528.069966 849.111175 481.564990 946.214629
21.117830 685.697197 606.149610 746.846118 528.060560 848.110050 481.554689 944.931582
21.412202 685.414994 606.007839 746.381585 528.051023 847.093761 481.544244 943.628869
21.710676 685.128738 605.864057 745.952776 528.041352 846.062059 481.533653 942.306158
22.013311 684.847912 605.717691 745.453674 528.031620 845.020323 481.523444 940.973940
22.320165 684.603420 605.568707 745.002181 528.021826 843.968359 481.513621 939.632006
22.631296 684.355431 605.417608 744.564193 528.011895 842.900392 481.503661 938.269406
22.946764 684.014443 605.264365 744.007637 527.985381 841.816154 481.493562 936.885788
23.266629 683.742887 605.108773 743.445354 527.927459 840.720838 481.483917 935.490354
23.590953 683.371068 604.950682 742.878945 527.869916 839.618017 481.475143 934.089479
23.919798 683.104714 604.790344 742.334190 527.811566 838.498342 481.466245 932.666929
24.253227 682.976158 604.674947 741.881681 527.752395 837.361531 481.457224 931.222331
24.591304 682.855088 604.584798 741.448324 527.692976 836.211745 481.448575 929.762574
24.934094 682.560969 604.491965 741.007006 527.634538 835.058170 481.441356 928.302764
25.281661 682.195696 604.397824 740.559269 527.575278 833.886885 481.434036 926.820258
25.634074 681.903513 604.302356 740.115384 527.515185 832.697591 481.426614 925.314660
25.991399 681.526964 604.205311 739.643958 527.454552 831.492511 481.419388 923.789492
26.353705 681.223781 604.105118 739.174775 527.395410 830.288408 481.414373 922.270813
26.721062 680.785688 604.003513 738.698748 527.335437 829.065736 481.409287 920.728406
27.093539 680.451029 603.900473 738.317221 527.274621 827.824175 481.404131 919.161857
27.471208 680.128502 603.795979 737.801876 527.212950 826.563405 481.398903 917.570740
27.854142 679.795230 603.687867 737.227619 527.153168 825.308781 481.396171 915.992803
28.242413 679.457059 603.578198 736.708531 527.092584 824.035084 481.393436 914.390633
28.636097 679.129013 603.466979 736.149767 527.031148 822.741619 481.390663 912.763259
29.035269 678.765987 603.354190 735.582780 526.968849 821.428044 481.387852 911.110232
29.440005 678.408144 603.237671 734.709945 526.908123 820.119860 481.387285 909.468202
29.850382 678.044314 603.137837 734.066147 526.846955 818.795664 481.387095 907.806507
30.266481 677.675212 603.042577 733.594555 526.784927 817.450819 481.386902 906.118537
30.688379 677.300761 602.945974 733.116080 526.722027 816.273134 481.386707 904.403821
31.116158 676.984560 602.844929 732.388400 526.660251 815.329298 481.388393 902.696845
31.549901 676.672923 602.741297 731.800169 526.598363 814.369954 481.390813 900.975983
31.989689 676.356795 602.636201 731.369320 526.535606 813.396083 481.393266 899.227770
32.435608 676.036110 602.529622 730.731394 526.471966 812.407445 481.395754 897.451712
32.887743 675.652507 602.418524 730.084672 526.409000 811.402539 481.399672 895.678992
33.346180 675.244907 602.303818 729.428799 526.346210 810.381502 481.404587 893.899444
33.811008 674.831374 602.187490 728.763182 526.282536 809.344917 481.409572 892.091465
34.282315 674.411818 602.069517 728.087664 526.217967 808.292526 481.414625 890.254535
34.760192 673.984514 601.947081 727.403080 526.153672 807.224400 481.420803 888.415362
35.244730 673.488697 601.819723 726.709426 526.089820 806.140323 481.428267 886.577777
35.736022 673.106703 601.654103 726.162247 526.025070 805.039644 481.435835 884.710680
36.234163 672.659144 601.478648 725.290914 525.959410 803.922083 481.443509 882.813525
36.739248 672.203347 601.300323 724.566832 525.893632 802.788722 481.432821 880.907293
37.251373 671.769210 601.077152 723.820822 525.828506 801.640605 481.423014 879.012518
37.770637 671.524491 600.796431 722.954242 525.762464 800.474803 481.413069 877.087151
38.297139 671.213538 600.511664 722.442436 525.695493 799.291014 481.402986 875.130620
38.830980 670.576677 600.222150 721.570285 525.628058 798.090584 481.393476 873.156852
39.372263 669.936486 599.926040 720.797221 525.561483 796.877830 481.386530 871.205955
39.921091 669.286746 599.625653 720.012534 525.493972 795.646284 481.379486 869.223393
40.477570 668.797207 599.320924 719.216035 525.425511 794.395621 481.372345 867.208567
41.041805 668.280077 599.011556 718.408029 525.356267 793.126505 481.365381 865.166932
41.613906 667.819052 598.711904 717.593515 525.288109 791.566264 481.361489 863.161222
42.193981 667.383766 598.515180 716.794056 525.218993 789.831337 481.357542 861.122784
42.782142 666.852432 598.315648 716.086052 525.148903 788.068327 481.353540 859.050993
43.378502 666.236436 598.113266 715.367463 525.077827 786.276705 481.349483 856.945208
43.983175 665.615810 597.904846 714.642312 525.007869 784.524816 481.348608 854.882392
44.596276 665.009289 597.693287 713.817979 524.937034 782.932270 481.347885 852.789687
45.217924 664.347151 597.478701 712.900526 524.887082 781.152095 481.347153 851.278350
45.848238 663.760696 597.261046 711.969077 524.856128 779.299091 481.346410 849.748623
46.487337 663.045459 597.037357 710.815641 524.772155 777.480845 481.348536 848.216107
47.135345 662.431626 596.809830 709.752374 524.687362 775.647071 481.351318 846.664041
47.792386 661.817634 596.579042 708.824484 524.601373 773.783298 481.354138 845.087431
48.458586 661.151074 596.344946 707.882418 524.514171 771.888949 481.356997 843.485834
49.134073 660.589997 596.104911 706.934494 524.427326 770.162950 481.362424 841.879989
49.818975 659.962844 595.860280 705.975872 524.351260 768.703541 481.369051 840.258080
50.513425 659.323348 595.612136 705.242574 524.275909 767.220955 481.375770 838.610361
51.217554 658.674304 595.360428 704.394847 524.199496 765.714772 481.382583 836.936360
51.931499 657.953603 595.102940 703.666285 524.123493 764.204183 481.391644 835.255681
52.655396 657.154512 594.840065 702.675275 524.047576 762.684782 481.402506 833.563773
53.389384 656.398511 594.573406 701.612358 523.970589 761.141104 481.413519 831.844767
54.133603 655.631082 594.302908 700.532977 523.892517 759.572706 481.424685 830.098165
54.888196 654.857527 594.026834 699.330888 523.814607 757.997368 481.437797 828.341319
55.653308 654.124025 593.744579 698.371027 523.737248 756.420643 481.453433 826.579606
56.429085 653.414683 593.458253 697.274217 523.658799 754.818577 481.469286 824.789494
57.215676 652.714762 593.167794 696.102040 523.579245 753.033502 481.485360 822.970452
58.013231 651.873150 592.803572 695.035532 523.499566 751.086983 481.503007 821.136308
58.821904 651.108722 592.356993 693.976055 523.421043 749.176314 481.523988 819.305368
59.641849 650.306777 591.903844 692.900155 523.341413 747.234024 481.545261 817.444717
60.473224 649.537748 591.444024 691.807550 523.260661 745.259491 481.566829 815.553797
61.316188 648.759304 591.049512 690.704348 523.179422 743.270319 481.589549 813.641448
62.170903 647.979590 590.720218 689.737247 523.100104 741.334053 481.616601 811.742274
63.037532 647.188049 590.386146 688.658219 523.019668 739.365619 481.644029 809.812080
63.916241 646.384484 590.047224 687.611383 522.938098 737.364381 481.671837 807.850270
64.807198 645.569426 589.534496 686.622763 522.855576 735.334850 481.700279 805.859071
65.710575 644.756899 588.937869 685.641920 522.775930 733.377115 481.734186 803.893112
66.626545 643.931999 588.332307 684.645971 522.695162 731.743679 481.768563 801.894828
67.555283 643.094519 587.960607 683.500218 522.613255 730.502288 481.803417 799.863592
68.496967 642.244251 587.564988 682.161223 522.530193 729.241434 481.838754 797.798761
69.451778 641.343178 587.303910 680.825160 522.450421 727.624539 481.879974 795.762385
70.419898 640.411005 587.039437 679.472797 522.369927 725.719699 481.922252 793.697967
71.401513 639.473883 586.771156 678.190799 522.288299 723.783189 481.965115 791.599275
72.396811 638.611971 586.499010 677.149198 522.205519 721.814379 482.008572 789.465633
73.405984 637.781958 586.227301 675.876773 522.125969 719.904866 482.057739 787.370628
74.429223 636.942923 585.826739 674.652166 522.046486 718.539416 482.108967 785.285592
75.466726 636.091063 585.398081 673.575946 521.965882 717.243387 482.160904 783.165824
76.518692 635.166231 584.963127 672.273909 521.884142 715.625612 482.213558 781.010633
77.585321 634.107972 584.400212 671.088436 521.805457 714.334765 482.271663 778.872712
78.666818 633.075953 583.944783 669.900898 521.727854 712.534125 482.333028 776.726866
79.763391 632.047643 583.583567 668.703500 521.649158 710.642079 482.395241 774.545037
80.875249 630.967991 583.120082 667.516885 521.569352 708.718502 482.458313 772.326502
82.002606 629.922375 582.540351 666.336533 521.492284 706.817385 482.526457 770.118046
83.145678 629.019015 581.950030 665.159930 521.341948 705.462075 482.599292 767.914908
84.304684 628.027781 581.350867 663.812166 521.168934 703.583031 482.673132 765.674587
85.479845 627.001065 580.742721 662.562830 520.993448 701.672656 482.747989 763.396325
86.671388 626.009819 580.125522 661.316848 520.818830 699.778787 482.827380 761.118933
87.879540 625.022671 579.569480 659.813149 520.646801 697.926484 482.913141 758.862649
89.104533 624.031342 579.208509 658.273140 520.507710 695.901467 483.000082 756.568043
90.346602 623.091881 578.900499 657.053214 520.417742 693.813086 483.088218 754.234324
91.605985 622.104305 578.556383 655.827288 520.218546 692.215968 483.180176 751.890077
92.882923 621.106570 578.007610 654.618027 520.022662 690.363309 483.280453 749.585423
94.177660 620.128837 577.450656 653.389625 519.823971 688.479734 483.382107 747.241386
95.490446 619.022825 576.991249 652.141736 519.622434 686.530198 483.485156 744.857142
96.821531 617.867758 576.546096 650.993054 519.419418 684.496592 483.591118 742.448642
98.171170 616.779129 576.105693 649.701991 519.247989 682.786769 483.707646 740.101052
99.539623 615.783429 575.658806 648.396594 519.075694 681.145691 483.825771 737.713110
100.927151 614.707151 575.205336 647.110066 519.027386 679.540124 483.945512 735.283964
102.334021 613.615080 574.745377 645.832065 519.108828 677.909543 484.067040 732.814375
103.760502 612.706513 574.294058 644.499676 519.200971 676.349817 484.201691 730.429931
105.206867 611.783904 573.836085 643.163479 519.294381 674.635079 484.338180 728.004275
106.673394 610.830031 573.371354 641.684717 519.389077 672.657407 484.476533 725.536528
108.160363 609.799941 572.899761 640.448947 519.485075 670.869663 484.616775 723.025781
109.668060 608.766233 572.437329 639.248214 519.591726 669.434776 484.770080 720.595053
111.196773 607.671414 571.970214 638.015085 519.687786 667.986525 484.926953 718.138557
112.746796 606.552072 571.457822 636.723392 519.668816 666.514872 485.085960 715.639210
114.318425 605.429922 570.846273 635.484588 519.649582 665.019381 485.247131 713.096079
115.911962 604.335424 570.440971 633.870627 519.647637 663.526619 485.420778 710.622101
117.527712 603.229966 569.826497 632.678637 519.651427 661.945836 485.600155 708.142316
119.165984 602.142857 569.157257 631.467734 519.655269 660.339154 485.781965 705.619067
120.827094 601.080101 568.341889 630.237576 519.659166 658.537848 485.966239 703.051399
122.511358 600.223842 567.638593 628.805182 519.679291 656.563309 486.162149 700.539453
124.219100 599.148288 567.307299 627.627105 519.709470 654.617530 486.366229 698.044592
125.950646 598.026212 566.665597 626.236725 519.797432 652.638705 486.573066 695.505817
127.706330 596.861012 566.014209 624.955358 519.877056 650.626152 486.782697 692.922155
129.486487 595.698207 565.364905 623.594895 519.874184 648.941563 487.002865 690.378158
131.291459 594.569017 564.718028 622.071446 519.880469 647.328926 487.233894 687.877067
133.121590 593.478389 564.061377 620.631730 519.939038 645.771827 487.468031 685.331792
134.977233 592.354720 563.394790 619.446654 520.001477 644.293765 487.705317 682.741350
136.858742 591.159479 562.728569 618.274131 520.076236 642.831722 487.951795 680.171873
138.766479 589.972394 561.911596 616.904294 520.171975 641.415869 488.212028 677.673999
140.700809 588.858662 561.186517 615.414114 520.269030 639.977082 488.475747 675.131871
142.662102 587.757237 560.503188 614.089887 520.367420 638.514928 488.742997 672.544495
144.650734 586.743747 559.938288 612.756827 520.475214 637.056425 489.017872 669.956784
146.667087 585.969418 559.424153 611.310811 520.397809 635.663332 489.309533 667.472139
148.711546 584.935170 558.822726 609.884175 520.120397 634.247697 489.605082 664.943380
150.784505 584.030561 558.017755 608.493801 520.171341 632.885405 489.904568 662.369515
152.886359 582.988940 557.325958 607.267516 520.225455 631.602302 490.209940 659.771498
155.017512 581.947359 556.658258 606.083376 520.300854 629.997562 490.535165 657.310603
157.178372 581.096558 556.077086 604.926172 520.377293 628.612874 490.864703 654.805961
159.369353 579.994186 555.316063 603.602849 520.454786 626.669770 491.198610 652.256586
161.590875 579.086810 554.555736 602.237178 520.533348 624.852124 491.536940 649.661460
163.843365 578.187856 553.758862 600.975240 520.636948 623.179837 491.897321 647.230701
166.127252 577.057392 553.083932 599.689672 520.469236 621.483541 492.262844 644.761379
168.442976 575.991597 552.532216 598.440794 520.424413 619.758860 492.633185 642.247942
170.790980 575.133421 551.792517 597.254529 520.329638 618.369822 492.826745 639.689386
173.171713 574.202071 551.201941 596.017314 519.983720 617.257962 493.005858 637.275724
175.585633 573.231386 550.405456 594.868916 519.789084 616.144261 493.192485 634.853313
178.033202 572.272272 549.864627 593.659264 519.341446 614.450033 493.381641 632.387661
180.514888 571.328649 549.177770 592.434094 519.123649 613.121372 493.620095 629.877785
183.031168 570.475415 548.540792 591.374184 518.936954 611.867453 494.116788 627.490724
185.582523 569.524690 548.103520 590.337967 518.760646 610.631173 494.624389 625.127131
188.169442 568.488809 547.399366 589.178950 518.581819 608.649678 495.138534 622.721431
190.792422 567.483067 546.622454 588.115045 518.995049 607.211748 495.659301 620.272671
193.451965 566.567285 546.281629 587.072174 518.728694 605.987493 496.195481 617.922254
196.148581 565.857019 545.772490 586.036065 518.611507 604.412163 496.744614 615.629611
198.882786 564.930553 545.547288 585.069263 519.129989 602.776287 497.300783 613.296259
201.655104 564.059137 544.976839 583.869213 519.655169 601.113063 497.864069 610.921283
204.466067 563.282827 544.294503 582.966015 520.112368 599.817676 498.440539 608.758462
207.316213 562.269110 543.831189 582.115495 519.765651 598.773866 499.031386 607.653909
210.206088 561.560617 543.295300 580.957260 520.135957 597.713644 499.629755 606.531907
213.136247 560.807610 542.695605 579.666693 520.650245 596.636720 500.235735 605.392141
216.107251 560.239859 542.294039 578.580129 520.364226 595.589259 500.852920 604.281759
219.119669 559.763533 541.877720 577.913837 520.143416 594.552021 501.485024 603.250070
222.174078 558.997151 541.258363 577.005696 519.882216 593.634664 502.125127 602.202196
225.271064 558.240756 540.619127 576.221523 519.635988 592.634400 502.553934 601.137850
228.411221 557.490660 540.012377 575.383385 519.899505 591.357792 502.858126 600.086042
231.595149 556.732723 539.654965 574.627318 520.655280 590.147835 503.198359 599.133790
234.823460 556.043003 539.289340 574.001318 521.316555 588.571846 503.543100 598.166715
238.096772 555.260491 538.824578 573.111123 520.983975 587.381758 503.892406 597.184561
241.415712 554.586485 538.241705 572.358746 520.061970 586.495180 504.249266 596.197748
244.780916 553.903170 537.940547 571.748928 519.244880 585.509962 504.647962 595.331067
248.193029 553.376947 537.504029 571.019787 519.282295 584.427344 505.051894 594.451015
251.652705 552.814329 537.079213 570.260795 519.501197 583.365795 505.461127 593.557364
255.160607 552.349844 536.899740 569.490189 519.347516 582.377547 505.875727 592.649879
258.717408 552.041655 536.504137 568.579582 519.691083 581.836774 506.333054 591.866331
262.323788 551.476743 536.187069 568.166311 519.097392 581.240453 506.798546 591.078998
265.980440 551.017762 535.894569 567.281624 518.762210 580.559651 507.270090 590.351880
269.688063 550.543662 535.468956 566.812813 518.315262 579.868542 507.747760 589.622536
273.447368 550.070603 535.289534 566.225066 518.535604 579.278375 508.262899 588.992973
277.259076 549.742828 535.215749 565.668112 518.771390 578.704842 508.791823 588.379301
281.123917 549.411412 534.958653 565.071515 519.010353 578.122734 509.327558 587.756419
285.042632 549.124671 534.662240 564.481743 518.711233 577.709247 509.870186 587.124180
289.015972 548.739922 534.440350 563.970567 518.357235 576.872147 510.143713 586.574921
293.044698 548.575373 534.300987 563.492167 518.103200 576.212734 509.873179 586.060183
297.129582 548.328915 534.061254 563.257057 517.700323 575.809799 509.598728 585.537807
301.271407 548.164916 534.030696 562.850759 517.300394 575.400960 509.320300 585.007674
305.470967 548.106222 533.860418 562.529483 517.614089 575.167048 509.098686 584.543496
309.729067 547.839587 533.716238 562.321005 518.017352 575.242186 508.922725 584.227013
314.046522 547.533926 533.596473 562.112262 517.936526 574.962737 508.744249 584.051663
318.424160 547.411128 533.398830 561.912366 517.707058 574.568150 508.563221 583.873815
322.862820 547.204066 533.198672 561.814257 517.585537 574.222153 508.425793 583.720518
327.363353 547.134649 533.128788 561.573482 517.615861 574.173162 508.348768 583.286847
331.926620 547.072019 533.130528 561.428850 517.633349 573.906424 508.270658 582.846802
336.553498 546.734625 533.051417 561.312236 517.939131 573.776152 508.191446 582.400283
341.244871 546.706477 532.975822 561.213982 518.544604 573.860047 508.142600 581.989384
346.001639 546.756669 532.718127 561.216139 518.837253 574.061243 508.167752 581.832484
350.824714 546.646683 532.912697 561.150244 519.089051 574.112459 508.193254 582.084571
355.715021 546.596521 533.101575 561.155955 519.503802 574.241267 508.219109 582.340061
360.673495 546.656175 533.115449 561.363741 519.779322 574.380880 508.262493 582.611774
365.701088 546.639843 533.063266 561.361245 519.808906 574.600744 508.391650 582.950499
370.798763 546.723865 533.395575 561.588161 519.838901 574.756128 508.522574 583.293746
375.967497 546.781107 533.376755 561.802433 519.869313 575.005942 508.655289 583.641571
381.208280 546.856986 533.506972 561.883472 520.240322 575.143588 508.600108 583.996672
386.522116 546.965566 533.723136 562.185701 520.742361 575.389637 508.496547 584.421202
391.910025 547.167243 533.910663 562.470828 520.884985 575.606385 508.391520 584.851335
397.373038 547.286709 534.050621 562.523783 521.011850 576.046921 508.285008 585.287142
402.912203 547.579607 534.133476 562.721320 521.121791 576.432245 508.176988 585.728692
408.528580 547.952101 534.347208 562.959187 521.594067 577.029497 508.181290 586.487018
414.223247 548.269372 534.533227 563.309669 522.084167 577.641097 508.196967 587.589966
419.997295 548.489131 534.955323 563.544537 521.643070 578.260562 508.212862 588.706178
425.851829 548.699713 535.326356 563.886220 521.548272 578.679391 508.228978 589.835792
431.787973 548.980955 535.805124 564.257496 521.893106 579.214561 508.332643 590.929763
437.806863 549.327269 536.031137 564.769444 522.262801 579.829848 508.462398 592.023047
443.909653 549.819481 536.496521 565.220120 522.637382 580.442152 508.593928 593.129513
450.097513 550.212735 536.976760 565.729489 523.016910 581.658965 508.727256 594.249299
456.371628 550.642829 537.593398 566.340793 523.451530 582.046654 508.925276 595.327052
462.733201 551.127391 537.916120 567.002159 523.854459 582.545579 509.159810 596.388017
469.183451 551.568227 538.196848 567.595979 524.392118 583.536977 509.397502 597.461847
475.723614 552.121905 538.614770 568.210082 524.871618 584.703519 509.638395 598.548679
482.354943 552.707905 539.037535 568.761460 524.985696 585.665265 509.923721 599.591719
489.078709 553.343642 539.514456 569.182473 524.874808 586.509406 510.250768 600.595109
495.896201 553.911311 540.056814 569.948221 524.962689 587.364075 510.582160 601.610778
502.808725 554.443000 540.515511 570.611414 525.381969 588.229389 510.917953 602.638857
509.817606 554.888678 541.068209 571.086024 525.838556 589.104697 511.281344 603.626876
516.924187 555.350931 541.633134 571.659025 526.329252 589.989681 511.685497 604.545352
524.129830 556.011449 542.271452 572.397043 526.826321 590.685044 512.094958 605.475208
531.435916 556.759109 542.908826 573.199165 527.329841 591.176244 512.509792 606.416569
538.843844 557.294495 543.574720 573.747475 527.846101 591.676010 512.939733 607.327697
546.355035 557.956346 544.192030 574.485440 528.386486 592.188309 513.402442 608.132627
553.970928 558.577384 544.806638 575.024027 528.607922 592.707297 513.871175 608.947692
561.692982 559.175862 545.407224 575.525601 528.695383 593.283820 514.346006 609.773005
569.522678 559.875109 545.976654 576.221901 528.791407 594.204549 514.828689 610.584149
577.461515 560.486629 546.527433 576.879463 529.018557 595.085518 515.328513 611.246709
585.511016 561.165397 547.165311 577.348417 529.440032 595.877635 515.834809 611.917772
593.672722 561.701117 547.811241 578.094843 529.867041 596.843618 516.347656 612.597440
601.948197 562.309320 548.470110 578.797085 530.299541 597.821043 516.867065 613.284749
610.339029 562.890825 549.195163 579.514113 530.821151 598.689041 517.380212 613.777274
618.846824 563.494424 549.705985 580.240232 531.535230 599.559458 517.899993 614.276262
627.473213 564.106857 550.160698 580.880155 532.258285 600.501397 518.426487 614.781792
636.219849 564.789496 550.732831 581.554091 532.990417 601.332947 518.959775 615.324677
645.088409 565.275389 551.163570 582.025398 533.588373 602.016175 519.465760 615.895537
654.080591 565.940511 551.579260 582.577585 533.924450 602.835688 519.973427 616.443496
663.198120 566.494009 552.148583 583.235568 534.622902 603.544171 520.487665 616.998596
672.442742 567.083665 552.725242 583.610125 535.363112 604.312834 521.008553 617.560925
681.816229 567.579394 553.238777 584.083549 536.043654 605.000619 521.488189 617.936668
691.320378 568.071005 553.689264 584.620645 536.692462 605.651648 521.957682 618.251202
700.957009 568.602789 554.237490 585.202542 537.342086 606.141129 522.391278 618.569957
710.727970 569.112811 554.746618 585.775037 537.999965 606.637029 522.591616 618.892987
720.635132 569.542291 555.271918 586.152859 538.600307 607.407963 522.758769 619.054814
730.680395 569.990248 555.594687 586.528682 539.167264 608.098059 522.905804 619.115564
740.865683 570.299923 556.083712 586.834165 539.741516 608.623022 523.335249 619.177156
751.192949 570.703519 556.609719 587.270727 540.323149 609.154840 523.804700 619.239599
761.664172 571.075203 557.004337 587.811746 540.849613 609.568424 524.223870 619.172483
772.281357 571.299575 557.134927 588.264968 541.316807 609.529733 524.589034 618.966658
783.046540 571.582830 557.534740 588.648641 541.754323 609.600901 524.959028 618.757895
793.961785 571.740823 557.711802 588.904370 542.132209 609.868233 525.333914 619.026949
805.029181 571.912516 557.903669 588.994632 542.388028 609.343280 525.667163 619.472314
816.250851 572.088466 557.965111 588.952878 542.585390 609.113570 525.921068 619.945423
827.628946 572.297172 558.022713 589.054615 542.913994 609.116329 526.178386 620.424758
839.165644 572.437510 558.117113 589.206893 543.239772 608.817939 526.439163 620.910397
850.863158 572.501706 558.317178 589.326956 543.546085 608.580129 526.671719 621.339415
862.723729 572.493037 558.320425 589.294620 543.707660 608.328936 526.800240 620.940162
874.749630 572.411638 558.336891 589.267626 543.698023 608.178120 526.930522 620.009825
886.943166 572.458352 558.383405 589.253037 543.909999 608.025163 527.062586 619.648127
899.306672 572.476101 558.257789 589.211512 543.912661 607.958452 527.182410 619.561216
911.842520 572.375405 558.171154 588.996887 543.713546 607.527830 527.177000 619.282732
924.553110 572.173110 558.056300 588.733596 543.511581 607.197639 527.130841 619.000237
937.440879 571.913026 557.871344 588.400181 543.306724 606.986151 526.870768 618.713673
950.508296 571.699990 557.725441 587.870890 543.205413 606.756691 526.606937 618.422979
963.757866 571.361030 557.442718 587.669344 543.014682 606.025737 526.243407 617.934238
977.192128 571.026072 557.106577 587.317881 542.925926 605.516721 525.871669 617.432460
990.813657 570.684081 556.700379 586.847924 542.628515 605.000172 525.494481 616.923270
1004.625062 570.307365 556.371432 586.166939 542.418645 604.475972 525.111758 616.406552
1018.628990 569.826291 555.922456 585.604474 542.124044 603.827162 524.648740 615.730895
1032.828126 569.305635 555.524595 585.058858 541.800008 603.146449 524.164701 615.016384
1047.225190 568.647428 555.258247 584.373279 541.471257 602.455463 523.673457 614.291065
1061.822941 568.163691 554.844133 583.683352 541.137719 601.873314 523.174895 613.554759
1076.624177 567.538639 554.242547 583.081312 540.700330 601.195712 522.616341 612.698202
1091.631734 566.807237 553.731716 582.321803 540.216216 600.459073 522.028010 611.784084
1106.848489 566.219758 553.107031 581.641622 539.566608 599.711241 521.430801 610.855826
1122.277356 565.573857 552.577813 581.042396 539.028717 598.952032 520.824567 609.913187
1137.921294 564.890082 551.921283 580.255333 538.470720 598.100368 520.177002 608.885133
1153.783300 564.099853 551.245600 579.380543 537.867462 597.177290 519.496411 607.789939
1169.866413 563.327658 550.559653 578.430649 537.188347 596.214424 518.805422 606.677461
1186.173716 562.523668 549.773549 577.506471 536.235961 595.111589 518.103860 605.547388
1202.708335 561.620175 549.017612 576.451325 535.255048 593.947349 517.376027 604.475246
1219.473437 560.700613 548.086510 575.357069 534.242210 592.711204 516.618171 603.468688
1236.472235 559.784968 547.347499 574.288809 533.437747 591.455190 515.848615 602.446383
1253.707987 558.850818 546.343502 573.247079 532.722424 590.178939 515.067157 601.408054
1271.183997 557.907548 545.462139 572.178544 531.766782 588.920623 514.269626 600.338239
1288.903612 556.929457 544.543491 571.140964 530.951565 587.721930 513.451388 599.219710
1306.870230 555.877928 543.688033 569.947286 530.123704 586.504027 512.620411 598.083454
1325.087292 554.832828 542.830963 568.763146 529.234398 585.266559 511.776473 596.929150
1343.558290 553.778634 541.941005 567.448544 528.224944 584.009529 510.921201 595.753546
1362.286764 552.697467 540.854871 566.260409 527.202591 582.728604 510.060244 594.547017
1381.276303 551.551855 539.886984 565.015301 526.163959 581.291110 509.185799 593.321164
1400.530545 550.418899 538.701271 563.866837 525.172105 579.829939 508.297629 592.075633
1420.053182 549.336808 537.664079 562.723250 524.254465 578.344890 507.397502 590.811082
1439.847953 548.179938 536.633402 561.506027 523.343266 577.068214 506.511851 589.540727
1459.918652 547.042299 535.586334 560.399222 522.417743 575.745046 505.612271 588.249862
1480.269127 545.816309 534.411364 559.076896 521.477641 574.447579 504.698513 586.938105
1500.903276 544.646228 533.198136 557.850740 520.522701 573.176953 503.770327 585.605063
1521.825053 543.490845 532.148754 556.723020 519.592050 571.848148 502.873890 584.291156
1543.038469 542.251505 531.086051 555.201086 518.649400 570.324412 501.966482 582.958689
1564.547589 540.950295 529.961081 553.740212 517.691858 568.764210 501.044747 581.604532
1586.356534 539.580755 528.820077 552.431250 516.719156 566.987776 500.108430 580.228272
1608.469483 538.272877 527.695117 551.046472 515.779105 565.515807 499.210735 578.884749
1630.890676 537.012241 526.562169 549.762143 514.835756 564.008258 498.311730 577.532600
1653.624407 535.653133 525.433216 548.548289 513.877490 562.363198 497.398533 576.158363
1676.675035 534.344378 524.327189 547.141238 512.845957 560.874721 496.470893 574.761615
1700.046975 533.197933 523.257973 545.877973 511.817287 559.292186 495.582938 573.402767
1723.744708 531.997270 522.050959 544.504775 510.803195 557.709657 494.707003 572.050809
1747.772774 530.793212 520.813051 543.081822 509.772907 556.100471 493.817270 570.676736
1772.135779 529.575817 519.640337 541.823492 508.726127 554.464085 492.913496 569.280123
1796.838391 528.376809 518.607513 540.558929 507.745350 552.860634 492.045604 567.919399
1821.885343 527.265715 517.480934 539.291710 506.825753 551.434491 491.205625 566.585179
1847.281437 526.096260 516.334112 538.011841 505.891630 550.129021 490.352468 565.229146
1873.031539 524.865143 515.220865 536.863552 504.942722 548.533374 489.485901 563.850880
1899.140582 523.779781 514.156189 535.612413 503.783724 547.223413 488.647599 562.500747
1925.613572 522.493271 513.069936 534.431306 502.766236 545.977003 487.854587 561.199353
1952.455581 521.391110 511.875551 533.231065 501.674564 544.710307 487.049202 559.876730
1979.671753 520.271766 510.797671 532.011329 500.565245 543.353728 486.231229 558.373074
2007.267304 519.203784 509.704614 530.808349 499.442618 541.973290 485.431106 556.845789
2035.247521 518.132810 508.635119 529.676093 498.441133 540.881888 484.694019 555.403269
2063.617768 517.159166 507.493406 528.610877 497.394596 539.575946 483.945511 553.936806
2092.383480 516.092887 506.369597 527.476234 496.331219 538.193389 483.185386 552.445927
2121.550171 514.988633 505.300813 526.366367 495.471534 536.718159 482.431072 550.956246
2151.123430 513.972590 504.469391 525.146967 494.703502 535.470615 481.757565 549.578815
2181.108924 512.909629 503.486881 523.923076 493.841132 534.134405 481.073708 548.178651
2211.512400 511.915848 502.561509 522.848074 492.883558 533.188366 480.379324 546.755308
2242.339683 510.841629 501.426115 521.679784 491.776401 531.864040 479.674895 545.313620
2273.596682 509.759543 500.537547 520.728961 490.783872 530.581641 479.061544 544.009993
2305.289387 508.787956 499.503229 519.757110 489.947203 529.198208 478.438840 542.684997
2337.423871 507.835293 498.450540 518.673892 488.723278 527.776921 477.806628 541.338220
2370.006292 506.785107 497.380901 517.484083 487.564230 526.629962 477.164748 540.140703
2403.042894 505.823113 496.631760 516.548017 486.655325 525.629148 476.613367 539.091357
2436.540009 504.860345 495.818198 515.610214 485.923838 524.502901 476.064559 538.038800
2470.504055 503.919118 494.948703 514.657593 484.912373 523.188421 475.507455 536.969464
2504.941542 503.097526 494.025649 513.714952 484.040681 522.088536 474.941917 535.883044
2539.859069 502.272206 493.197499 512.771601 483.268168 521.129075 474.452112 534.885370
2575.263327 501.509000 492.484457 511.888327 482.514756 520.186580 473.979866 533.903266
2611.161101 500.609063 491.600314 510.977947 481.749639 519.229200 473.500556 532.905624
2647.559271 499.856567 490.624914 510.145951 480.972614 518.256670 472.553053 531.892165
2684.464811 499.119451 489.831371 509.257415 480.279551 517.495624 471.620720 530.949499
2721.884795 498.367559 489.160949 508.525559 479.211609 517.028982 470.736189 530.054883
2759.826392 497.643284 488.364689 507.547570 478.126345 516.129012 469.837629 529.191993
2798.296876 496.826629 487.638376 506.639184 477.023433 515.214893 468.924785 528.315635
2837.303617 496.143972 486.956810 505.759610 476.126860 514.507473 468.081868 527.490613
2876.854090 495.418198 486.277433 505.126037 475.555363 513.647838 467.305949 526.714587
2916.955876 494.694123 485.511257 504.421869 474.975197 512.750420 466.517896 525.926574
2957.616659 494.003181 484.825787 503.802969 474.479615 512.022600 465.717496 525.126369
2998.844231 493.391258 484.150174 503.160096 473.830479 511.328884 464.963186 524.360454
3040.646493 492.695821 483.465954 502.512438 473.334120 510.702869 464.291387 523.657760
3083.031457 492.147069 482.755208 501.889587 472.830309 510.056202 463.609229 522.944306
3126.007243 491.522310 482.126998 501.225476 472.049136 509.500500 462.916536 522.219912
3169.582089 490.969205 481.555222 500.565200 471.255437 508.926599 462.249117 521.513911
3213.764344 490.562059 481.059514 500.018873 471.084045 508.222705 461.676731 520.883473
3258.562476 490.089204 480.654870 499.525882 470.431155 507.772851 461.095642 520.243468
3303.985070 489.596803 480.167008 498.895848 469.556415 507.093419 460.505704 519.593735
3350.040830 488.998615 479.721179 498.379355 468.685452 506.449305 459.923061 518.947873
3396.738582 488.571340 479.314251 497.991653 468.234969 505.987771 459.444469 518.387550
3444.087276 488.097238 478.794343 497.551499 467.842618 505.520909 458.958696 517.818797
3492.095985 487.733238 478.142588 497.153957 467.385636 504.913980 458.465627 517.241477
3540.773909 487.392501 477.734491 496.725786 466.579911 504.445205 457.679873 516.655451
3590.130377 487.102146 477.244558 496.343459 466.076638 504.098062 456.826414 516.163092
3640.174847 486.670899 476.990924 495.965005 465.672153 503.675609 455.959756 515.663629
3690.916911 486.315351 476.660394 495.527763 465.261670 503.246904 455.079331 515.156709
3742.366291 485.839644 476.223267 495.146297 464.845095 502.811850 454.184892 514.642213
3794.532847 485.507334 475.867346 494.877737 464.283245 502.450406 453.391896 514.202629
3847.426577 485.237607 475.543742 494.557083 463.581826 502.138091 452.604110 513.769147
3901.057617 484.982691 474.971306 494.202872 463.031338 501.786660 451.803941 513.329248
3955.436245 484.719433 474.451811 493.935697 462.669617 501.449390 450.991169 512.998083
4010.572881 484.507069 474.101932 493.791299 462.240149 501.203523 450.258006 512.663897
4066.478092 484.229703 473.935854 493.559648 461.659894 501.055172 449.546301 512.242247
4123.162591 484.045392 473.773961 493.361997 461.070805 500.917596 448.823524 511.930701
4180.637241 483.831158 473.609755 493.130411 460.472734 500.750191 448.089481 511.820755
4238.913057 483.716958 473.367566 492.999984 459.936592 500.503054 447.417021 511.748585
4298.001206 483.522395 473.097314 492.778351 459.438159 500.277871 446.781271 511.700736
4357.913012 483.377092 472.859488 492.637893 458.932225 500.143368 446.135734 511.652215
4418.659956 483.255953 472.586167 492.405040 458.418669 500.140929 445.480244 511.603013
4480.253680 483.135502 472.576466 492.333154 457.948787 500.020728 444.868164 511.580578
4542.705986 483.027366 472.320750 492.214446 457.527876 499.931974 444.305024 511.587710
4606.028844 482.960411 472.257964 492.094054 457.100701 499.875898 443.733305 511.594942
4670.234388 482.923709 472.281745 491.996522 456.667164 499.830374 443.152863 511.602274
4735.334923 482.872968 472.293094 491.910052 456.308912 499.803071 442.599651 511.627215
4801.342924 482.864145 472.171968 491.956151 456.004622 499.810452 442.245285 511.685046
4868.271040 482.873730 472.120759 491.968535 455.695883 499.686439 441.958681 511.743676
4936.132098 482.898277 472.105452 491.931691 455.614873 499.615769 441.667892 511.803117
5004.939103 482.875888 472.036182 491.995451 455.377387 499.662201 441.392339 511.873380
5074.705239 482.927024 471.981409 492.131959 455.038577 499.858482 441.181554 511.979885
5145.443878 482.951767 472.051195 492.233277 454.694786 500.057420 440.967727 512.087853
5217.168576 483.003658 472.016514 492.255832 454.355446 500.186105 440.750813 512.197302
5289.893076 483.087940 472.049638 492.167996 454.112429 500.090396 440.537825 512.311708
5363.631317 483.215413 472.102146 492.351404 453.930998 500.384540 440.391291 512.461696
5438.397428 483.271222 472.099744 492.455973 453.746965 500.692694 440.242665 512.613730
5514.205739 483.373258 472.058294 492.597212 453.560289 501.004949 440.091916 512.767837
5591.070777 483.484490 472.016263 492.646058 453.405379 501.321359 439.939013 512.924045
5669.007271 483.684059 472.197872 492.815817 453.465454 501.499111 439.855207 513.115069
5748.030158 483.836240 472.271168 492.967315 453.300673 501.599509 439.772937 513.309930
5828.154581 483.954734 472.217680 493.141049 453.133534 501.701286 439.689504 513.507432
5909.395895 484.116333 472.190185 493.268156 452.886745 501.804461 439.604891 513.707609
5991.769669 484.187886 472.374117 493.448943 452.786751 501.934944 439.570357 513.932245
6075.291689 484.471019 472.389225 493.633083 452.713635 502.008687 439.545599 514.164263
6159.977960 484.639415 472.539893 493.746844 452.635594 502.102774 439.520494 514.399408
6245.844712 484.796358 472.567652 494.043756 452.526830 502.441346 439.495038 514.637722
6332.908400 485.004920 472.719703 494.340969 452.464250 502.797610 439.512382 514.896131
6421.185709 485.240212 472.730570 494.493689 452.445979 503.116542 439.548154 515.165124
6510.693555 485.471794 472.861751 494.621351 452.455584 503.070611 439.584422 515.437724
6601.449093 485.743476 473.126108 494.844358 452.465324 503.045375 439.621192 515.713976
6693.469713 485.977005 473.293733 495.109079 452.478159 503.238483 439.685898 516.003115
6786.773051 486.291187 473.411629 495.398376 452.503509 503.443049 439.771850 516.302933
6881.376986 486.630398 473.630493 495.665860 452.529210 503.650382 439.858983 516.606753
6977.299650 486.802109 473.744238 495.946514 452.555269 503.941405 439.947313 516.914627
7074.559423 487.138741 473.934275 496.197352 452.630121 504.362788 440.059242 517.233497
7173.174944 487.510759 474.118390 496.561171 452.786274 504.795372 440.200649 517.565215
7273.165113 487.793894 474.211844 496.931879 452.913899 505.233608 440.343980 517.901339
7374.549090 488.080567 474.299448 497.247632 453.011298 505.677565 440.489262 518.241927
7477.346305 488.419336 474.540967 497.648340 453.119235 506.098351 440.647653 518.589286
7581.576458 488.746363 474.913019 497.986597 453.248595 506.385308 440.832327 518.946130
7687.259522 489.120010 475.161239 498.362628 453.379721 506.676100 441.019496 519.307699
7794.415750 489.427468 475.362353 498.727478 453.512636 506.970775 441.209193 519.674050
7903.065679 489.820261 475.658002 499.087129 453.601043 507.135682 441.407854 520.046239
8013.230128 490.166963 475.957156 499.512638 453.661946 507.412085 441.637059 520.427667
8124.930211 490.487828 476.160378 499.874363 453.723689 507.865197 441.869338 520.814127
8238.187331 490.882343 476.409960 500.204833 453.850939 508.324213 442.104730 521.205682
8353.023195 491.274632 476.647144 500.543472 454.011699 508.789480 442.345459 521.602722
8469.459808 491.659899 476.997859 500.944130 454.209586 509.265259 442.624744 522.010294
8587.519485 492.069436 477.322311 501.306287 454.410143 509.747217 442.907742 522.423222
8707.224849 492.469531 477.651061 501.703040 454.613405 510.103404 443.194501 522.841574
8828.598841 492.821925 477.956787 502.203047 454.819408 510.401868 443.485068 523.265416
8951.664721 493.147345 478.321960 502.591174 455.044347 510.706092 443.795943 523.690636
9076.446073 493.511381 478.533594 502.986000 455.313480 511.014508 444.112188 524.121112
9202.966809 493.895162 478.817414 503.348242 455.643924 511.385528 444.432612 524.557228
9331.251175 494.334966 479.151084 503.797015 455.978730 511.822136 444.757267 524.999053
9461.323756 494.766598 479.498077 504.223490 456.332185 512.260963 445.102418 525.443261
9593.209478 495.186746 479.889205 504.627479 456.693866 512.704647 445.456185 525.892424
9726.933615 495.659336 480.259153 505.036770 457.060297 513.154124 445.814597 526.347457
9862.521795 496.081065 480.573577 505.604067 457.431536 513.615863 446.177711 526.808432
10000.000000 496.497744 480.920089 506.114865 457.654471 514.146104 446.476912 527.270758
