10.000000 0.000000 0.000000 0.000000 0.000000 0.000000 0.000000 0.000000
10.139395 0.000000 0.000000 0.000000 0.000000 0.000000 0.000000 0.000000
10.280732 0.000000 0.000000 0.000000 0.000000 0.000000 0.000000 0.000000
10.424040 0.000000 0.000000 0.000000 0.000000 0.000000 0.000000 0.000000
10.569346 0.000000 0.000000 0.000000 0.000000 0.000000 0.000000 0.000000
10.716676 0.000000 0.000000 0.000000 0.000000 0.000000 0.000000 0.000000
10.866061 0.000000 0.000000 0.000000 0.000000 0.000000 0.000000 0.000000
11.017528 0.000000 0.000000 0.000000 0.000000 0.000000 0.000000 0.000000
11.171107 0.000000 0.000000 0.000000 0.000000 0.000000 0.000000 0.000000
11.326826 0.000000 0.000000 0.000000 0.000000 0.000000 0.000000 0.000000
11.484715 0.000000 0.000000 0.000000 0.000000 0.000000 0.000000 0.000000
11.644806 0.000000 0.000000 0.000000 0.000000 0.000000 0.000000 0.000000
11.807128 0.000000 0.000000 0.000000 0.000000 0.000000 0.000000 0.000000
11.971713 0.000000 0.000000 0.000000 0.000000 0.000000 0.000000 0.000000
12.138593 0.000000 0.000000 0.000000 0.000000 0.000000 0.000000 0.000000
12.307798 0.000000 0.000000 0.000000 0.000000 0.000000 0.000000 0.000000
12.479362 0.000000 0.000000 0.000000 0.000000 0.000000 0.000000 0.000000
12.653318 0.000000 0.000000 0.000000 0.000000 0.000000 0.000000 0.000000
12.829698 0.000000 0.000000 0.000000 0.000000 0.000000 0.000000 0.000000
13.008537 0.000000 0.000000 0.000000 0.000000 0.000000 0.000000 0.000000
13.189869 79.128566 75.745199 82.244562 72.653495 86.964270 68.184301 92.275517
13.373729 79.123236 75.740396 82.238749 72.649106 86.957360 68.180354 92.268453
13.560151 79.117832 75.735526 82.232854 72.644655 86.950354 68.176353 92.261292
13.749172 79.112353 75.730589 82.226878 72.640143 86.943250 68.172296 92.254030
13.940828 79.106622 75.725425 82.220627 72.635424 86.935821 68.168053 92.246436
14.135156 79.100661 75.720053 82.214125 72.630514 86.928093 68.163639 92.238536
14.332192 79.094617 75.714606 82.207533 72.625536 86.920257 68.159163 92.230526
14.531975 79.088488 75.709083 82.200848 72.620489 86.912312 68.154624 92.222405
14.734543 79.082126 75.703349 82.193909 72.615249 86.904065 68.149913 92.213974
14.939935 79.075459 75.697341 82.186637 72.609758 86.895422 68.144975 92.205139
15.148189 79.068699 75.691248 82.179264 72.604190 86.886660 68.139969 92.196181
15.359347 79.061844 75.685071 82.171788 72.598545 86.877775 68.134893 92.187099
15.573448 79.054781 75.678706 82.164084 72.592727 86.868620 68.129662 92.177740
15.790533 79.047325 75.671986 82.155952 72.586585 86.858957 68.124140 92.167861
16.010645 79.039765 75.665173 82.147707 72.580358 86.849159 68.118540 92.157844
16.233824 79.032099 75.658264 82.139346 72.574044 86.839224 68.112863 92.147687
16.460115 79.024259 75.651198 82.130796 72.567586 86.829063 68.107056 92.137300
16.689560 79.015921 75.643684 82.121702 72.560717 86.818258 68.100880 92.126253
16.922204 79.007467 75.636064 82.112482 72.553753 86.807303 68.094618 92.115053
17.158090 78.998895 75.628339 82.103134 72.546692 86.796196 68.088268 92.103697
17.397264 78.990193 75.620496 82.093644 72.539523 86.784920 68.081823 92.092169
17.639773 78.980871 75.612093 82.083477 72.531843 86.772841 68.074916 92.079819
17.885662 78.971418 75.603573 82.073168 72.524055 86.760594 68.067913 92.067297
18.134978 78.961833 75.594935 82.062716 72.516158 86.748176 68.060812 92.054601
18.387770 78.952115 75.586176 82.052118 72.508152 86.735585 68.053613 92.041727
18.644085 78.941753 75.576836 82.040819 72.499615 86.722163 68.045936 92.028003
18.903974 78.931185 75.567310 82.029294 72.490907 86.708474 68.038105 92.014005
19.167485 78.920469 75.557652 82.017609 72.482077 86.694593 68.030166 91.999812
19.434669 78.909604 75.547858 82.005761 72.473125 86.680519 68.022115 91.985421
19.705578 78.898102 75.537491 81.993219 72.463647 86.665623 68.013593 91.970190
19.980263 78.886288 75.526842 81.980337 72.453911 86.650323 68.004837 91.954544
20.258777 78.873691 75.516044 81.967275 72.444039 86.634809 67.995960 91.938680
20.541173 78.860412 75.505095 81.954031 72.434030 86.619079 67.986959 91.922594
20.827506 78.846457 75.493589 81.940113 72.423510 86.602551 67.977499 91.905692
21.117830 78.832021 75.481684 81.925714 72.412626 86.585454 67.967711 91.888207
21.412202 78.817383 75.469614 81.911115 72.401591 86.568118 67.957787 91.870478
21.710676 78.802542 75.457376 81.896313 72.390401 86.550540 67.947725 91.852501
22.013311 78.787059 75.444607 81.880870 72.378726 86.532204 67.937225 91.833748
22.320165 78.770927 75.431302 81.864780 72.366561 86.513101 67.926285 91.814211
22.631296 78.754571 75.417812 81.848465 72.354225 86.493732 67.915191 91.794401
22.946764 78.737987 75.404134 81.831924 72.341718 86.474093 67.903943 91.774315
23.266629 78.720811 75.389967 81.814792 72.328764 86.453755 67.892293 91.753513
23.590953 78.702789 75.375099 81.796815 72.315167 86.432417 67.880065 91.731686
23.919798 78.684516 75.360024 81.778587 72.301381 86.410781 67.867666 91.709555
24.253227 78.665987 75.344739 81.760105 72.287403 86.388843 67.855095 91.687115
24.591304 78.647685 75.329023 81.741103 72.273031 86.366290 67.842169 91.664045
24.934094 78.629028 75.312411 81.721021 72.257838 86.342459 67.828505 91.639666
25.281661 78.610112 75.295568 81.700659 72.242434 86.318296 67.814650 91.614947
25.634074 78.590931 75.278490 81.680013 72.226814 86.293797 67.800602 91.589884
25.991399 78.571355 75.261060 81.658942 72.210873 86.268793 67.786264 91.564304
26.353705 78.550517 75.242504 81.636514 72.193899 86.242185 67.770997 91.537080
26.721062 78.529389 75.223689 81.613773 72.176689 86.215206 67.755517 91.509477
27.093539 78.507966 75.204612 81.590715 72.159238 86.187852 67.739822 91.481490
27.471208 78.486244 75.185269 81.567336 72.141545 86.160116 67.723908 91.453112
27.854142 78.462993 75.164561 81.542312 72.122600 86.130438 67.706867 91.422742
28.242413 78.439400 75.143548 81.516920 72.103376 86.100324 67.689575 91.391927
28.636097 78.415478 75.122242 81.491175 72.083884 86.069790 67.672042 91.360682
29.035269 78.391222 75.100640 81.465070 72.064121 86.038831 67.654265 91.329001
29.440005 78.365443 75.077676 81.437328 72.043110 86.005939 67.635365 91.295338
29.850382 78.339104 75.054215 81.408985 72.021642 85.972336 67.616053 91.260946
30.266481 78.312399 75.030426 81.380246 71.999875 85.939238 67.596473 91.226075
30.688379 78.285321 75.006306 81.351107 71.977805 85.905819 67.576619 91.190718
31.116158 78.256747 74.980849 81.320360 71.954508 85.870564 67.555662 91.153415
31.549901 78.227352 74.954660 81.288731 71.930540 85.834300 67.534100 91.115045
31.989689 78.197548 74.928107 81.256662 71.905579 85.797530 67.512238 91.076140
32.435608 78.167328 74.901183 81.224145 71.877874 85.760248 67.490071 91.036692
32.887743 78.135666 74.872970 81.190078 71.848847 85.721197 67.466838 90.995370
33.346180 78.102871 74.843746 81.154796 71.818782 85.680756 67.442771 90.952576
33.811008 78.069620 74.814115 81.119021 71.788299 85.639752 67.418367 90.909186
34.282315 78.035905 74.784071 81.082748 71.757390 85.598176 67.393624 90.865191
34.760192 78.000832 74.752813 81.045016 71.725237 85.554935 67.367877 90.819432
35.244730 77.964258 74.720214 81.005672 71.691708 85.509856 67.341021 90.771725
35.736022 77.927175 74.687160 80.965779 71.657713 85.464147 67.313790 90.723352
36.234163 77.889574 74.653646 80.925331 71.623243 85.417802 67.286179 90.674305
36.739248 77.850737 74.619026 80.883555 71.587640 85.369942 67.257655 90.623653
37.251373 77.809965 74.582676 80.839701 71.550264 85.319715 67.227697 90.570492
37.770637 77.768624 74.545818 80.795236 71.512366 85.268787 67.197321 90.516590
38.297139 77.726707 74.508447 80.750151 71.473941 85.217150 67.166522 90.461936
38.830980 77.683718 74.470117 80.703914 71.434533 85.164199 67.134930 90.405890
39.372263 77.638287 74.429601 80.655057 71.392887 85.108266 67.101525 90.346682
39.921091 77.592222 74.388520 80.605518 71.350660 85.051553 67.067654 90.286649
40.477570 77.545515 74.346866 80.555290 71.307845 84.994049 67.033311 90.225779
41.041805 77.497949 74.304445 80.504138 71.264243 84.935492 66.998334 90.163792
41.613906 77.447351 74.259307 80.447799 71.217863 84.873241 66.961102 90.097887
42.193981 77.396938 74.213540 80.390609 71.170837 84.810122 66.923350 90.031063
42.782142 77.347520 74.167135 80.332622 71.123156 84.746123 66.885073 89.963308
43.378502 77.297413 74.119407 80.273826 71.074810 84.681232 66.846261 89.894608
43.983175 77.240886 74.067785 80.211226 71.023313 84.612160 66.804885 89.821469
44.596276 77.182867 74.015315 80.147602 70.970972 84.541957 66.762828 89.747134
45.217924 77.124039 73.962114 80.083091 70.917902 84.470776 66.720185 89.671763
45.848238 77.064392 73.908172 80.017681 70.864091 84.398603 66.676948 89.595341
46.487337 77.001317 73.851102 79.948527 70.807177 84.322317 66.631178 89.514552
47.135345 76.937421 73.792722 79.877794 70.748959 84.244293 66.584351 89.431920
47.792386 76.873780 73.733528 79.806075 70.689929 84.165181 66.536871 89.348137
48.458586 76.809252 73.673508 79.733357 70.630076 84.084966 66.488729 89.263185
49.134073 76.741471 73.610454 79.657011 70.567212 84.000769 66.438124 89.174003
49.818975 76.671696 73.545541 79.581587 70.502502 83.914122 66.386017 89.082220
50.513425 76.600948 73.479723 79.509271 70.437334 83.826267 66.333183 88.989159
51.217554 76.529215 73.414743 79.436616 70.378155 83.737188 66.279612 88.894800
51.931499 76.454384 73.347820 79.360818 70.316389 83.644325 66.223693 88.796420
52.655396 76.376879 73.278485 79.275455 70.252391 83.548189 66.165749 88.694564
53.389384 76.298293 73.208183 79.195789 70.187500 83.450713 66.106996 88.591288
54.133603 76.218612 73.136901 79.115013 70.116157 83.351878 66.047425 88.486573
54.888196 76.136055 73.063022 79.026026 70.039777 83.249535 65.985670 88.378129
55.653308 76.050038 72.986015 78.935194 69.960204 83.142978 65.921283 88.265204
56.429085 75.962822 72.907934 78.840448 69.879521 83.034936 65.855998 88.150704
57.215676 75.874390 72.828765 78.744381 69.797714 82.925388 65.789803 88.034609
58.013231 75.785213 72.747263 78.645524 69.713523 82.812692 65.721646 87.915168
58.821904 75.690373 72.661811 78.541970 69.625314 82.700750 65.650160 87.790107
59.641849 75.593988 72.575168 78.436972 69.535875 82.587664 65.577677 87.663303
60.473224 75.500249 72.487317 78.330511 69.445189 82.473002 65.504184 87.534732
61.316188 75.398908 72.397470 78.221660 69.354908 82.355771 65.429013 87.403293
62.170903 75.292162 72.302741 78.107031 69.267722 82.232335 65.349718 87.264960
63.037532 75.183928 72.206691 77.990804 69.179321 82.107179 65.269318 87.124699
63.916241 75.074186 72.109302 77.872958 69.089687 81.980278 65.187798 86.982482
64.807198 74.962670 72.010333 77.753208 68.998597 81.851329 65.104952 86.837976
65.710575 74.844618 71.905435 77.626481 68.902012 81.714893 65.017087 86.685168
66.626545 74.726007 71.799075 77.497987 68.804081 81.576555 64.927998 86.530229
67.555283 74.605881 71.691232 77.367336 68.704784 81.436288 64.837666 86.373131
68.496967 74.484080 71.581885 77.230979 68.604104 81.294066 64.746076 86.213843
69.451778 74.355452 71.466281 77.092938 68.497624 81.143997 64.649185 86.045871
70.419898 74.224569 71.347626 76.952480 68.389263 80.991305 64.550580 85.874974
71.401513 74.091860 71.227317 76.810065 68.279392 80.836486 64.450601 85.701694
72.396811 73.957302 71.105332 76.664649 68.167989 80.679508 64.349228 85.525999
73.405984 73.816163 70.975019 76.509958 68.050973 80.514982 64.242720 85.341966
74.429223 73.671784 70.838996 76.351388 67.931228 80.346714 64.133723 85.153776
75.466726 73.525393 70.699271 76.190607 67.809814 80.176101 64.023206 84.962964
76.518692 73.376690 70.553598 76.027586 67.686708 80.003109 63.911148 84.769491
77.585321 73.222016 70.401863 75.857830 67.558256 79.822974 63.794198 84.568140
78.666818 73.063012 70.246166 75.683385 67.426123 79.637863 63.673883 84.361285
79.763391 72.900686 70.090126 75.506508 67.292148 79.450171 63.551891 84.151546
80.875249 72.735566 69.931910 75.327165 67.156306 79.259863 63.428198 83.938884
82.002606 72.561653 69.774241 75.141566 67.015470 79.062919 63.299931 83.718914
83.145678 72.382133 69.616609 74.950025 66.869902 78.859670 63.167331 83.491998
84.304684 72.200111 69.456779 74.755814 66.722304 78.653588 63.031360 83.261918
85.479845 72.015551 69.291204 74.558895 66.572648 78.444633 62.889286 83.028632
86.671388 71.829872 69.112657 74.356287 66.418435 78.229711 62.742941 82.788706
87.879540 71.637034 68.926247 74.146420 66.241155 78.021892 62.591106 82.540333
89.104533 71.434774 68.750286 73.933627 66.060476 77.811176 62.437154 82.288498
90.346602 71.235953 68.570861 73.717868 65.877279 77.597523 62.281056 82.033152
91.605985 71.027723 68.384376 73.497058 65.689742 77.378764 62.121168 81.771911
92.882923 70.817977 68.179632 73.260986 65.505803 77.126022 61.954687 81.500712
94.177660 70.605307 67.985287 73.021524 65.331185 76.896297 61.785886 81.225732
95.490446 70.386466 67.790396 72.778108 65.154133 76.663815 61.614731 80.946920
96.821531 70.163179 67.591442 72.530527 64.968768 76.414686 61.440322 80.662995
98.171170 69.923691 67.379202 72.281334 64.755784 76.128624 61.258195 80.367660
99.539623 69.694396 67.169542 72.026069 64.539831 75.838576 61.073529 80.068208
100.927151 69.449066 66.946822 71.783645 64.334433 75.544484 60.886289 79.764582
102.334021 69.210346 66.720908 71.534171 64.133682 75.246194 60.696359 79.456615
103.760502 68.961005 66.484883 71.265258 63.921918 74.957308 60.497609 79.135933
105.206867 68.702135 66.245568 70.989504 63.694513 74.685823 60.296088 78.810780
106.673394 68.446551 65.999861 70.709906 63.463938 74.410554 60.091758 78.481094
108.160363 68.187404 65.755179 70.421319 63.230149 74.131448 59.884579 78.146813
109.668060 67.918218 65.501280 70.132468 62.987179 73.811343 59.668999 77.800658
111.196773 67.630624 65.247691 69.833566 62.740036 73.497487 59.449681 77.448720
112.746796 67.343557 64.993173 69.534378 62.489447 73.168653 59.227306 77.091876
114.318425 67.049597 64.732102 69.238666 62.238041 72.835236 59.001832 76.730057
115.911962 66.748117 64.446233 68.931068 61.991798 72.491824 58.768614 76.357504
117.527712 66.437347 64.154765 68.618627 61.725315 72.152445 58.530636 75.977890
119.165984 66.123961 63.867343 68.292724 61.449273 71.829075 58.289341 75.592984
120.827094 65.816554 63.577947 67.961330 61.169383 71.501197 58.044683 75.202712
122.511358 65.498225 63.287756 67.621506 60.883780 71.164258 57.792990 74.802858
124.219100 65.170933 62.988051 67.277662 60.597664 70.819907 57.535600 74.394926
125.950646 64.842031 62.690246 66.922942 60.299933 70.470756 57.274621 73.981307
127.706330 64.498407 62.385229 66.566340 59.995888 70.116738 57.010005 73.561923
129.486487 64.147471 62.073043 66.202234 59.689448 69.754604 56.739069 73.134030
131.291459 63.797380 61.756647 65.827453 59.373964 69.384163 56.461661 72.697442
133.121590 63.431584 61.436448 65.451702 59.054083 69.008558 56.180385 72.254770
134.977233 63.076416 61.099332 65.079336 58.729743 68.627717 55.895189 71.805926
136.858742 62.711881 60.755864 64.690429 58.399382 68.239610 55.604333 71.349456
138.766479 62.332441 60.406683 64.305223 58.061803 67.842683 55.306488 70.884239
140.700809 61.956370 60.067155 63.900310 57.719519 67.421537 55.004491 70.412537
142.662102 61.574138 59.718305 63.489752 57.372464 66.962229 54.698285 69.934260
144.650734 61.178778 59.350764 63.072990 57.019903 66.496343 54.386947 69.448915
146.667087 60.775639 58.975644 62.648536 56.660261 66.023397 54.068474 68.955509
148.711546 60.371358 58.595296 62.214391 56.295606 65.543858 53.745561 68.455225
150.784505 59.964160 58.209646 61.781921 55.925868 65.095437 53.418147 67.947967
152.886359 59.555976 57.822073 61.339505 55.550844 64.654810 53.085911 67.433726
155.017512 59.136251 57.424194 60.893761 55.169490 64.206175 52.746885 66.913037
157.178372 58.713458 57.020768 60.441884 54.785573 63.751286 52.403133 66.385091
159.369353 58.283242 56.611719 59.983709 54.404674 63.290056 52.054590 65.849785
161.590875 57.840737 56.193517 59.519147 54.018466 62.822397 51.701188 65.307017
163.843365 57.388956 55.773619 59.050378 53.626343 62.348338 51.342008 64.760376
166.127252 56.930223 55.355835 58.575125 53.228742 61.867673 50.977803 64.206197
168.442976 56.476070 54.935564 58.093247 52.818772 61.380308 50.608521 63.644293
170.790980 56.014529 54.507755 57.604652 52.389958 60.886150 50.234092 63.074556
173.171713 55.552073 54.058502 57.113621 51.958022 60.387444 49.855290 62.502986
175.585633 55.079798 53.597133 56.616527 51.520577 59.882205 49.471359 61.924541
178.033202 54.609613 53.133256 56.112504 51.092161 59.349575 49.082076 61.338033
180.514888 54.133779 52.680562 55.601454 50.662611 58.781934 48.687367 60.743349
183.031168 53.652236 52.228991 55.087480 50.214678 58.213777 48.289454 60.148330
185.582523 53.153834 51.749936 54.564527 49.757292 57.640598 47.886892 59.548131
188.169442 52.653924 51.264203 54.036528 49.293531 57.059428 47.478720 58.939565
190.792422 52.142649 50.773278 53.500039 48.823305 56.470158 47.064857 58.322517
193.451965 51.636027 50.292533 52.963480 48.362514 55.881121 46.648595 57.705901
196.148581 51.125722 49.809929 52.439936 47.898954 55.289766 46.228881 57.086992
198.882786 50.608621 49.314970 51.908917 47.428931 54.690168 45.803316 56.459456
201.655104 50.086860 48.814558 51.363998 46.952357 54.082212 45.371818 55.823173
204.466067 49.562693 48.311648 50.814227 46.474611 53.490774 44.938236 55.187188
207.316213 49.036699 47.807945 50.269833 45.996637 52.926874 44.503229 54.553111
210.206088 48.508632 47.307111 49.721940 45.511999 52.355112 44.062157 53.910196
213.136247 47.975583 46.796427 49.166409 45.020607 51.775381 43.614938 53.258319
216.107251 47.444533 46.279747 48.594769 44.536202 51.193413 43.165335 52.605554
219.119669 46.904494 45.765128 48.042925 44.064501 50.600623 42.717263 51.960290
222.174078 46.364720 45.245807 47.473290 43.564699 49.972705 42.262946 51.306031
225.271064 45.815701 44.719369 46.901924 43.050356 49.371782 41.802295 50.642652
228.411221 45.260456 44.187678 46.326102 42.532893 48.771474 41.338244 49.976040
231.595149 44.718806 43.659989 45.778192 42.029434 48.141732 40.879674 49.323926
234.823460 44.175096 43.128590 45.205955 41.512719 47.546546 40.414712 48.662722
238.096772 43.621505 42.588547 44.619339 40.987934 46.921877 39.943269 47.992300
241.415712 43.053375 42.039159 44.033846 40.457570 46.272808 39.466605 47.315083
244.780916 42.498173 41.517553 43.467837 39.943411 45.644950 39.000396 46.660714
248.193029 41.949125 40.961702 42.893939 39.422592 45.008340 38.523285 45.997223
251.652705 41.380068 40.409320 42.311583 38.899799 44.362856 38.038894 45.324484
255.160607 40.806167 39.856300 41.711749 38.390974 43.708375 37.547752 44.655281
258.717408 40.250873 39.333148 41.132553 37.872195 43.080025 37.071275 44.046693
262.323788 39.684034 38.788648 40.555354 37.353186 42.445007 36.589433 43.431370
265.980440 39.108073 38.239678 39.964237 36.846077 41.801138 36.100874 42.807470
269.688063 38.530364 37.677461 39.366884 36.331900 41.155198 35.605504 42.174872
273.447368 37.976424 37.135086 38.782451 35.833315 40.534381 35.124674 41.562645
277.259076 37.417618 36.588336 38.195615 35.332980 39.905951 34.642039 40.948551
281.123917 36.849317 36.035383 37.608691 34.825671 39.255034 34.146661 40.325898
285.042632 36.279143 35.472700 37.009299 34.301419 38.606954 33.621392 39.694565
289.015972 35.727833 34.925354 36.435654 33.791713 37.969714 33.112242 39.082015
293.044698 35.176595 34.394946 35.862351 33.285605 37.338359 32.622552 38.473653
297.129582 34.618359 33.855652 35.278704 32.771414 36.727614 32.144133 37.856810
301.271407 34.053102 33.309056 34.691744 32.247064 36.102595 31.657895 37.231369
305.470967 33.495749 32.775896 34.121701 31.723773 35.485693 31.151931 36.621870
309.729067 32.952539 32.243314 33.558041 31.232898 34.882308 30.655540 36.023662
314.046522 32.407158 31.709937 32.985317 30.732859 34.270512 30.152229 35.417115
318.424160 31.848745 31.169085 32.405647 30.229581 33.650189 29.641902 34.802114
322.862820 31.294397 30.638349 31.846911 29.722022 33.049157 29.141540 34.199032
327.363353 30.767322 30.123639 31.323579 29.228496 32.472917 28.657257 33.615205
331.926620 30.232369 29.591791 30.768353 28.734476 31.891605 28.166224 33.023239
336.553498 29.689959 29.063626 30.213996 28.237225 31.308487 27.668346 32.423022
341.244871 29.153706 28.533509 29.668150 27.751696 30.756576 27.176122 31.829657
346.001639 28.637597 28.030293 29.134960 27.287596 30.230265 26.706914 31.264123
350.824714 28.114051 27.518901 28.592961 26.790340 29.696616 26.231166 30.690707
355.715021 27.584501 27.002070 28.047773 26.300311 29.118965 25.748787 30.109297
360.673495 27.058609 26.486185 27.511889 25.799847 28.564297 25.267116 29.528819
365.701088 26.565972 26.004695 27.002623 25.337233 28.042072 24.815611 28.985081
370.798763 26.060473 25.509222 26.499579 24.871937 27.528584 24.357812 28.433763
375.967497 25.551743 25.011549 25.986481 24.402366 27.007938 23.893632 27.874761
381.208280 25.048851 24.511412 25.467864 23.923616 26.467087 23.424768 27.310149
386.522116 24.580291 24.050068 24.986237 23.482894 25.945182 22.993207 26.791213
391.910025 24.094665 23.585682 24.500814 23.040369 25.416002 22.555630 26.265044
397.373038 23.606801 23.110946 24.010556 22.589490 24.879445 22.111954 25.731539
402.912203 23.110349 22.630255 23.520057 22.136084 24.335409 21.662093 25.190599
408.528580 22.659760 22.191551 23.057609 21.721936 23.849127 21.248164 24.693844
414.223247 22.206902 21.751271 22.594006 21.311613 23.369795 20.832660 24.195306
419.997295 21.748892 21.300128 22.123398 20.888108 22.864818 20.411365 23.689819
425.851829 21.282662 20.843039 21.653686 20.441145 22.352802 19.984196 23.177285
431.787973 20.856198 20.421805 21.227230 20.040597 21.899406 19.587435 22.702263
437.806863 20.433778 20.002491 20.794559 19.632449 21.452340 19.195418 22.233237
443.909653 20.002531 19.578891 20.352855 19.224682 20.999042 18.797936 21.757673
450.097513 19.566160 19.148437 19.908788 18.815819 20.539425 18.394913 21.275480
456.371628 19.158591 18.748386 19.488819 18.428754 20.108928 18.016408 20.823590
462.733201 18.760161 18.358930 19.084071 18.050473 19.712649 17.648851 20.385335
469.183451 18.355938 17.965896 18.681496 17.666919 19.306281 17.276170 19.940971
475.723614 17.943007 17.562914 18.271494 17.278019 18.880482 16.898295 19.490413
482.354943 17.554363 17.182775 17.874969 16.900119 18.489622 16.538891 19.062707
489.078709 17.179594 16.818277 17.500449 16.537166 18.122988 16.196339 18.655868
495.896201 16.806153 16.451610 17.116406 16.181624 17.720159 15.849012 18.243357
502.808725 16.425742 16.083578 16.727147 15.817673 17.312804 15.496844 17.825096
509.817606 16.056839 15.726995 16.354238 15.462622 16.921725 15.157145 17.422273
516.924187 15.715481 15.389463 16.010338 15.130258 16.560676 14.832038 17.046906
524.129830 15.369229 15.050482 15.661804 14.793262 16.200699 14.499472 16.666306
531.435916 15.019764 14.703806 15.306224 14.455592 15.840038 14.162270 16.280400
538.843844 14.675646 14.372263 14.963101 14.128476 15.483275 13.832321 15.902806
546.355035 14.359408 14.066666 14.642911 13.830056 15.160956 13.531364 15.558425
553.970928 14.041760 13.754347 14.319593 13.520562 14.831140 13.226213 15.209243
561.692982 13.717234 13.440033 13.993534 13.203819 14.508632 12.916807 14.855194
569.522678 13.397197 13.128698 13.666399 12.894684 14.166485 12.613617 14.502832
577.461515 13.109157 12.849268 13.376184 12.615480 13.874661 12.343109 14.188471
585.511016 12.816757 12.563578 13.083442 12.329172 13.578770 12.064296 13.872030
593.672722 12.519777 12.275314 12.783779 12.038874 13.279145 11.781597 13.559935
601.948197 12.218896 11.981200 12.480003 11.750107 12.981232 11.495168 13.245345
610.339029 11.956122 11.726223 12.214143 11.498930 12.719402 11.245350 12.971763
618.846824 11.689795 11.466876 11.944577 11.242686 12.448540 10.992050 12.700345
627.473213 11.420431 11.205556 11.671376 10.980919 12.162289 10.735219 12.427164
636.219849 11.147909 10.940196 11.396506 10.713773 11.883876 10.474807 12.150176
645.088409 10.906455 10.704393 11.153271 10.476867 11.635509 10.244095 11.902056
654.080591 10.666589 10.470182 10.909591 10.241553 11.388518 10.014919 11.655146
663.198120 10.422910 10.230636 10.665330 10.003452 11.138083 9.782548 11.404793
672.442742 10.177491 9.985391 10.416035 9.763742 10.884158 9.546939 11.150951
681.816229 9.954960 9.767617 10.193128 9.547812 10.653533 9.334297 10.919540
691.320378 9.738615 9.555326 9.974993 9.337196 10.428862 9.127660 10.693775
700.957009 9.518771 9.340254 9.752086 9.121293 10.201059 8.918143 10.464863
710.727970 9.296107 9.119483 9.526548 8.899009 9.963163 8.705705 10.232760
720.635132 9.090686 8.918433 9.319286 8.696799 9.739768 8.510193 10.017260
730.680395 8.895032 8.727068 9.122285 8.506062 9.527189 8.324366 9.811137
740.865683 8.697153 8.532867 8.921438 8.317157 9.319108 8.135949 9.602140
751.192949 8.496434 8.334557 8.717501 8.125858 9.113316 7.944905 9.390230
761.664172 8.308072 8.149038 8.527501 7.944829 8.919144 7.765485 9.189758
772.281357 8.133387 7.976684 8.349956 7.776047 8.735230 7.598651 9.001688
783.046540 7.955593 7.803206 8.168993 7.602941 8.540134 7.429491 8.810996
793.961785 7.775273 7.625076 7.983992 7.427808 8.342318 7.257973 8.617646
805.029181 7.602632 7.455308 7.809173 7.260892 8.155435 7.093534 8.431247
816.250851 7.444845 7.300142 7.646417 7.108354 7.987840 6.943840 8.259605
827.628946 7.284360 7.142639 7.483297 6.954876 7.815792 6.792059 8.085570
839.165644 7.121743 6.983226 7.318281 6.799259 7.640880 6.638162 7.909109
850.863158 6.962199 6.826613 7.156882 6.646801 7.474964 6.487542 7.735786
862.723729 6.819715 6.686645 7.011829 6.508674 7.324259 6.353148 7.578959
874.749630 6.674767 6.544006 6.864188 6.368132 7.169836 6.216881 7.419945
886.943166 6.528127 6.399741 6.714343 6.225631 7.013260 6.078714 7.258716
899.306672 6.381504 6.255112 6.564727 6.085373 6.857252 5.940728 7.097447
911.842520 6.251939 6.127631 6.432356 5.960586 6.721499 5.819852 6.953876
924.553110 6.120670 5.998373 6.296672 5.834060 6.583853 5.697291 6.808304
937.440879 5.987400 5.868967 6.160259 5.705770 6.444289 5.573022 6.660703
950.508296 5.852989 5.737090 6.021579 5.575692 6.302779 5.447021 6.511045
963.757866 5.734418 5.621308 5.899994 5.462441 6.178150 5.337438 6.378691
977.192128 5.615778 5.504466 5.776548 5.347016 6.052350 5.226874 6.245074
990.813657 5.494508 5.385994 5.652889 5.230982 5.924796 5.114768 6.109595
1004.625062 5.373017 5.265871 5.527195 5.114053 5.795464 5.001100 5.972227
1018.628990 5.263259 5.158183 5.413838 5.009823 5.678853 4.899734 5.848073
1032.828126 5.154981 5.051665 5.301000 4.906773 5.561818 4.799584 5.725051
1047.225190 5.045188 4.943661 5.188469 4.802287 5.441746 4.698038 5.600314
1061.822941 4.933241 4.834153 5.076236 4.696344 5.320001 4.595076 5.473839
1076.624177 4.831297 4.733683 4.969513 4.599332 5.207856 4.501018 5.357138
1091.631734 4.732062 4.636107 4.867039 4.504860 5.098739 4.409851 5.243498
1106.848489 4.631595 4.537170 4.764327 4.407936 4.988101 4.317412 5.128275
1122.277356 4.529485 4.436854 4.659258 4.310322 4.875339 4.223685 5.011445
1137.921294 4.434055 4.342352 4.559976 4.218647 4.768834 4.136097 4.901526
1153.783300 4.342720 4.252048 4.464156 4.131354 4.666950 4.052646 4.796219
1169.866413 4.249007 4.160885 4.367536 4.043337 4.563647 3.968032 4.690999
1186.173716 4.154735 4.069402 4.270293 3.954092 4.458903 3.882239 4.585038
1202.708335 4.064261 3.981201 4.176122 3.868838 4.358648 3.800362 4.481182
1219.473437 3.979849 3.897978 4.087956 3.788737 4.264325 3.723536 4.383205
1236.472235 3.892868 3.813816 3.997702 3.707240 4.170202 3.645640 4.283862
1253.707987 3.805624 3.728542 3.906137 3.624462 4.074768 3.566658 4.183134
1271.183997 3.719457 3.645149 3.817161 3.543941 3.981728 3.489819 4.084964
1288.903612 3.641564 3.567712 3.734753 3.469443 3.895192 3.418703 3.993726
1306.870230 3.561315 3.489158 3.651467 3.393906 3.807450 3.346596 3.901215
1325.087292 3.480281 3.409480 3.567092 3.316654 3.718486 3.273483 3.807415
1343.558290 3.400003 3.330801 3.482977 3.239301 3.630338 3.201097 3.714510
1362.286764 3.326217 3.258779 3.407990 3.170052 3.549007 3.134339 3.629445
1381.276303 3.249737 3.185165 3.330647 3.099613 3.466420 3.065753 3.544426
1400.530545 3.173855 3.111576 3.253498 3.028185 3.382682 2.996223 3.460007
1420.053182 3.097587 3.037169 3.175445 2.955394 3.298434 2.924683 3.375058
1439.847953 3.027442 2.969493 3.104433 2.892129 3.222369 2.859602 3.298133
1459.918652 2.956902 2.900352 3.031972 2.826726 3.145244 2.794970 3.220136
1480.269127 2.885168 2.830921 2.958716 2.760365 3.067043 2.729437 3.141052
1500.903276 2.813016 2.761462 2.886568 2.693172 2.987448 2.662990 3.060865
1521.825053 2.747428 2.697860 2.818884 2.632410 2.915352 2.603103 2.988265
1543.038469 2.681836 2.633919 2.752206 2.571485 2.844162 2.542889 2.915244
1564.547589 2.615519 2.568176 2.684599 2.509904 2.771502 2.481837 2.841205
1586.356534 2.547564 2.501838 2.615522 2.447072 2.697644 2.419933 2.766134
1608.469483 2.485833 2.441012 2.552123 2.389321 2.629659 2.363124 2.697151
1630.890676 2.424043 2.380438 2.488728 2.332187 2.563084 2.306954 2.628919
1653.624407 2.361657 2.319429 2.423932 2.274757 2.494977 2.250000 2.559736
1676.675035 2.297844 2.257632 2.358293 2.213851 2.428232 2.192253 2.489588
1700.046975 2.238873 2.200080 2.296993 2.157199 2.365591 2.136434 2.424200
1723.744708 2.182370 2.144332 2.237042 2.103838 2.303027 2.082117 2.360641
1747.772774 2.124352 2.087622 2.178868 2.049347 2.241094 2.027043 2.296195
1772.135779 2.065217 2.030065 2.117513 1.992997 2.179667 1.967598 2.230852
1796.838391 2.009014 1.975621 2.060751 1.940304 2.122456 1.910204 2.169061
1821.885343 1.955644 1.924373 2.007080 1.889189 2.067878 1.855659 2.110102
1847.281437 1.901920 1.870856 1.953192 1.838655 2.012213 1.800353 2.050321
1873.031539 1.847449 1.817557 1.898552 1.787833 1.952473 1.748489 1.989706
1899.140582 1.795465 1.766334 1.845141 1.737500 1.895697 1.696868 1.932001
1925.613572 1.746533 1.718732 1.795414 1.689913 1.841947 1.647872 1.878307
1952.455581 1.696880 1.669374 1.743999 1.640791 1.789386 1.598194 1.823865
1979.671753 1.646676 1.619321 1.692891 1.592518 1.736954 1.547823 1.768665
2007.267304 1.597382 1.570462 1.642971 1.544149 1.685770 1.498780 1.714818
2035.247521 1.553030 1.525161 1.595786 1.499531 1.640048 1.454050 1.665448
2063.617768 1.507142 1.480082 1.549247 1.454535 1.593420 1.408696 1.615388
2092.383480 1.460384 1.434675 1.501277 1.408936 1.545648 1.362710 1.564631
2121.550171 1.415104 1.389502 1.453291 1.363076 1.497654 1.317154 1.514298
2151.123430 1.373207 1.348442 1.410235 1.322439 1.454402 1.276575 1.469188
2181.108924 1.331363 1.307051 1.366720 1.281236 1.410616 1.234497 1.425070
2211.512400 1.289163 1.265697 1.322739 1.239366 1.366081 1.191823 1.380400
2242.339683 1.246143 1.223685 1.278017 1.197291 1.321193 1.148764 1.335304
2273.596682 1.208768 1.186482 1.239583 1.160443 1.281729 1.111522 1.295600
2305.289387 1.170046 1.148903 1.200504 1.122557 1.241327 1.073760 1.255342
2337.423871 1.131416 1.110710 1.160936 1.084101 1.201796 1.035473 1.214523
2370.006292 1.092213 1.071705 1.120710 1.045694 1.160414 0.996651 1.173134
2403.042894 1.057620 1.037267 1.085031 1.011940 1.123696 0.962874 1.136535
2436.540009 1.023103 1.002917 1.049633 0.978389 1.087412 0.929232 1.100357
2470.504055 0.987868 0.968115 1.013576 0.944120 1.050358 0.895122 1.064261
2504.941542 0.952317 0.932846 0.977314 0.908823 1.012260 0.860536 1.027662
2539.859069 0.920301 0.901298 0.945037 0.877592 0.978765 0.829898 0.994690
2575.263327 0.889199 0.870612 0.913252 0.847155 0.946238 0.800141 0.962480
2611.161101 0.857838 0.839505 0.881183 0.816294 0.913386 0.769970 0.929820
2647.559271 0.825778 0.808132 0.848663 0.784787 0.880112 0.739377 0.896706
2684.464811 0.796329 0.779574 0.819272 0.756104 0.849849 0.711744 0.866386
2721.884795 0.768527 0.752234 0.790993 0.728920 0.820986 0.685610 0.837457
2759.826392 0.740846 0.724868 0.762414 0.701587 0.791452 0.659112 0.808124
2798.296876 0.712539 0.696762 0.733361 0.673845 0.761558 0.632245 0.778383
2837.303617 0.686463 0.670830 0.706571 0.648283 0.733862 0.607464 0.750666
2876.854090 0.662161 0.646718 0.681595 0.624519 0.708152 0.584673 0.724877
2916.955876 0.637536 0.622291 0.656434 0.600424 0.682083 0.561565 0.698730
2957.616659 0.612398 0.597519 0.630886 0.575993 0.655651 0.538135 0.672217
2998.844231 0.588505 0.574193 0.606616 0.552818 0.630579 0.516038 0.647031
3040.646493 0.567094 0.553137 0.584634 0.531985 0.607930 0.496299 0.624215
3083.031457 0.545302 0.531767 0.562544 0.510861 0.584966 0.476285 0.601080
3126.007243 0.523368 0.510060 0.540026 0.489591 0.561682 0.455991 0.577624
3169.582089 0.502062 0.489019 0.518297 0.469159 0.539123 0.436401 0.554876
3213.764344 0.483287 0.470678 0.499161 0.451347 0.519319 0.419417 0.534838
3258.562476 0.464335 0.452080 0.479816 0.433284 0.499239 0.402197 0.514522
3303.985070 0.445177 0.433223 0.460121 0.414961 0.478878 0.384737 0.493922
3350.040830 0.426017 0.414546 0.440522 0.396849 0.458705 0.367466 0.473502
3396.738582 0.409791 0.398751 0.423958 0.381519 0.441511 0.352947 0.456025
3444.087276 0.393342 0.382659 0.407375 0.365976 0.424077 0.338225 0.438289
3492.095985 0.376561 0.366263 0.390545 0.350215 0.406401 0.323298 0.420307
3540.773909 0.359620 0.349810 0.373437 0.334171 0.388458 0.308163 0.402073
3590.130377 0.345704 0.336223 0.359247 0.320990 0.373570 0.295818 0.386927
3640.174847 0.331591 0.322403 0.344768 0.307634 0.358613 0.283308 0.371578
3690.916911 0.317285 0.308442 0.330071 0.294091 0.343372 0.270623 0.356015
3742.366291 0.302742 0.294278 0.315323 0.280360 0.328197 0.257762 0.340234
3794.532847 0.290550 0.282323 0.302817 0.268821 0.315288 0.246995 0.326830
3847.426577 0.278561 0.270586 0.290476 0.257485 0.302713 0.236424 0.313635
3901.057617 0.266405 0.258705 0.277883 0.245991 0.289962 0.225707 0.300255
3955.436245 0.254080 0.246602 0.265132 0.234337 0.276730 0.214840 0.286690
4010.572881 0.243402 0.236123 0.254111 0.224283 0.265186 0.205493 0.274889
4066.478092 0.233177 0.226119 0.243585 0.214717 0.254174 0.196609 0.263619
4123.162591 0.222803 0.215975 0.232905 0.205016 0.243267 0.187602 0.252191
4180.637241 0.212376 0.205760 0.222094 0.195181 0.231978 0.178470 0.240604
4238.913057 0.203087 0.196653 0.212358 0.186463 0.221899 0.170392 0.230269
4298.001206 0.194508 0.188251 0.203421 0.178432 0.212581 0.162964 0.220701
4357.913012 0.185804 0.179734 0.194325 0.170289 0.203134 0.155433 0.210999
4418.659956 0.176956 0.171136 0.185117 0.162033 0.193554 0.147796 0.201162
4480.253680 0.168873 0.163221 0.176675 0.154508 0.184796 0.140847 0.192157
4542.705986 0.161665 0.156236 0.169222 0.147800 0.176954 0.134664 0.184080
4606.028844 0.154357 0.149167 0.161683 0.140998 0.169004 0.128396 0.175891
4670.234388 0.146947 0.141965 0.154030 0.134101 0.160942 0.122040 0.167588
4735.334923 0.139979 0.135183 0.146740 0.127635 0.153367 0.116086 0.159779
4801.342924 0.133946 0.129320 0.140432 0.122057 0.146802 0.110963 0.152998
4868.271040 0.127830 0.123376 0.134052 0.116401 0.140145 0.105768 0.146123
4936.132098 0.121628 0.117349 0.127572 0.110667 0.133443 0.100501 0.139151
5004.939103 0.115639 0.111529 0.121333 0.105133 0.127014 0.095421 0.132413
5074.705239 0.110626 0.106664 0.116113 0.100515 0.121602 0.091192 0.126748
5145.443878 0.105540 0.101741 0.110811 0.095833 0.116079 0.086905 0.121004
5217.168576 0.100380 0.096748 0.105461 0.091085 0.110438 0.082557 0.115180
5289.893076 0.095261 0.091786 0.100149 0.086370 0.104834 0.078240 0.109393
5363.631317 0.091108 0.087759 0.095787 0.082561 0.100284 0.074762 0.104682
5438.397428 0.086897 0.083682 0.091394 0.078699 0.095670 0.071236 0.099906
5514.205739 0.082624 0.079548 0.086946 0.074784 0.090993 0.067661 0.095063
5591.070777 0.078293 0.075357 0.082399 0.070814 0.086250 0.064036 0.090153
5669.007271 0.074833 0.072000 0.078762 0.067652 0.082454 0.061156 0.086213
5748.030158 0.071360 0.068648 0.075125 0.064478 0.078643 0.058265 0.082258
5828.154581 0.067838 0.065246 0.071431 0.061261 0.074780 0.055335 0.078248
5909.395895 0.064268 0.061799 0.067711 0.057999 0.070862 0.052364 0.074183
5991.769669 0.061320 0.058953 0.064624 0.055313 0.067625 0.049922 0.070817
6075.291689 0.058466 0.056198 0.061633 0.052714 0.064490 0.047561 0.067555
6159.977960 0.055573 0.053401 0.058584 0.050078 0.061311 0.045166 0.064248
6245.844712 0.052639 0.050562 0.055516 0.047406 0.058087 0.042739 0.060895
6332.908400 0.050137 0.048145 0.052896 0.045133 0.055336 0.040675 0.058030
6421.185709 0.047799 0.045888 0.050442 0.043010 0.052765 0.038751 0.055350
6510.693555 0.045430 0.043599 0.047943 0.040859 0.050158 0.036800 0.052632
6601.449093 0.043034 0.041278 0.045416 0.038677 0.047515 0.034822 0.049877
6693.469713 0.040924 0.039236 0.043187 0.036758 0.045185 0.033084 0.047446
6786.773051 0.039016 0.037397 0.041175 0.035030 0.043084 0.031520 0.045251
6881.376986 0.037073 0.035537 0.039142 0.033278 0.040953 0.029935 0.043025
6977.299650 0.035113 0.033650 0.037080 0.031501 0.038792 0.028327 0.040768
7074.559423 0.033330 0.031935 0.035204 0.029886 0.036826 0.026867 0.038714
7173.174944 0.031776 0.030442 0.033568 0.028483 0.035112 0.025599 0.036921
7273.165113 0.030202 0.028927 0.031910 0.027059 0.033375 0.024314 0.035104
7374.549090 0.028605 0.027391 0.030230 0.025616 0.031619 0.023010 0.033261
7477.346305 0.027105 0.025949 0.028653 0.024262 0.029975 0.021787 0.031529
7581.576458 0.025838 0.024736 0.027324 0.023124 0.028588 0.020761 0.030070
7687.259522 0.024559 0.023505 0.025976 0.021971 0.027182 0.019721 0.028590
7794.415750 0.023262 0.022258 0.024607 0.020801 0.025756 0.018666 0.027089
7903.065679 0.022004 0.021051 0.023279 0.019668 0.024374 0.017644 0.025635
8013.230128 0.020981 0.020070 0.022199 0.018748 0.023248 0.016816 0.024449
8124.930211 0.019943 0.019074 0.021103 0.017815 0.022105 0.015976 0.023247
8238.187331 0.018891 0.018065 0.019993 0.016869 0.020947 0.015124 0.022028
8353.023195 0.017839 0.017056 0.018884 0.015924 0.019789 0.014272 0.020809
8469.459808 0.017011 0.016263 0.018010 0.015181 0.018876 0.013604 0.019849
8587.519485 0.016172 0.015459 0.017124 0.014428 0.017947 0.012927 0.018874
8707.224849 0.015320 0.014644 0.016225 0.013665 0.017005 0.012240 0.017887
8828.598841 0.014456 0.013817 0.015314 0.012891 0.016049 0.011544 0.016885
8951.664721 0.013772 0.013163 0.014593 0.012279 0.015293 0.010995 0.016091
9076.446073 0.013093 0.012515 0.013876 0.011672 0.014542 0.010449 0.015304
9202.966809 0.012405 0.011857 0.013151 0.011057 0.013780 0.009897 0.014505
9331.251175 0.011708 0.011190 0.012414 0.010433 0.013008 0.009336 0.013695
9461.323756 0.011135 0.010643 0.011809 0.009921 0.012374 0.008877 0.013029
9593.209478 0.010589 0.010120 0.011232 0.009433 0.011768 0.008439 0.012393
9726.933615 0.010035 0.009590 0.010646 0.008938 0.011154 0.007994 0.011748
9862.521795 0.009473 0.009052 0.010052 0.008436 0.010531 0.007544 0.011094
10000.000000 0.008996 0.008595 0.009547 0.008009 0.010001 0.007161 0.010537
