10.000000 0.002627 -0.013324 0.015700 -0.018978 0.018996 -0.020092 0.022539
10.139395 0.002629 -0.013309 0.015704 -0.018975 0.019022 -0.020092 0.022599
10.280732 0.002632 -0.013308 0.015708 -0.018971 0.019025 -0.020092 0.022659
10.424040 0.002635 -0.013307 0.015712 -0.018967 0.019025 -0.020092 0.022720
10.569346 0.002638 -0.013306 0.015716 -0.018963 0.019025 -0.020092 0.022782
10.716676 0.002641 -0.013304 0.015720 -0.018958 0.019025 -0.020092 0.022844
10.866061 0.002644 -0.013303 0.015724 -0.018958 0.019025 -0.020092 0.022908
11.017528 0.002658 -0.013302 0.015728 -0.018957 0.019025 -0.020092 0.022972
11.171107 0.002680 -0.013301 0.015732 -0.018957 0.019025 -0.020092 0.023038
11.326826 0.002703 -0.013301 0.015737 -0.018948 0.019025 -0.020092 0.023104
11.484715 0.002725 -0.013301 0.015741 -0.018936 0.019025 -0.020092 0.023171
11.644806 0.002748 -0.013301 0.015746 -0.018932 0.019025 -0.020092 0.023237
11.807128 0.002772 -0.013301 0.015768 -0.018932 0.019025 -0.020092 0.023294
11.971713 0.002796 -0.013301 0.015803 -0.018932 0.019025 -0.020091 0.023353
12.138593 0.002820 -0.013301 0.015804 -0.018931 0.019025 -0.020091 0.023412
12.307798 0.002844 -0.013300 0.015806 -0.018931 0.019025 -0.020091 0.023472
12.479362 0.002868 -0.013290 0.015807 -0.018931 0.019025 -0.020091 0.023533
12.653318 0.002868 -0.013287 0.015809 -0.018931 0.019025 -0.020091 0.023594
12.829698 0.002869 -0.013285 0.015810 -0.018930 0.019025 -0.020091 0.023657
13.008537 0.002869 -0.013283 0.015812 -0.018930 0.019025 -0.020091 0.023720
13.189869 0.002870 -0.013282 0.015813 -0.018930 0.019025 -0.020091 0.023784
13.373729 0.002870 -0.013280 0.015815 -0.018930 0.019025 -0.020091 0.023849
13.560151 0.002889 -0.013280 0.015817 -0.018929 0.019025 -0.020091 0.023915
13.749172 0.002923 -0.013279 0.015819 -0.018929 0.019025 -0.020091 0.023982
13.940828 0.002958 -0.013279 0.015820 -0.018929 0.019025 -0.020091 0.024049
14.135156 0.002975 -0.013274 0.015822 -0.018928 0.019025 -0.020091 0.024118
14.332192 0.002985 -0.013270 0.015825 -0.018928 0.019025 -0.020091 0.024187
14.531975 0.002995 -0.013268 0.015826 -0.018928 0.019025 -0.020091 0.024258
14.734543 0.003005 -0.013266 0.015828 -0.018927 0.019025 -0.020091 0.024329
14.939935 0.003016 -0.013264 0.015830 -0.018927 0.019025 -0.020091 0.024402
15.148189 0.003027 -0.013262 0.015833 -0.018927 0.019025 -0.020091 0.024475
15.359347 0.003038 -0.013260 0.015835 -0.018926 0.019057 -0.020091 0.024550
15.573448 0.003049 -0.013257 0.015837 -0.018926 0.019098 -0.020091 0.024625
15.790533 0.003060 -0.013255 0.015839 -0.018926 0.019140 -0.020091 0.024702
16.010645 0.003072 -0.013253 0.015842 -0.018925 0.019183 -0.020091 0.024779
16.233824 0.003084 -0.013250 0.015842 -0.018925 0.019218 -0.020091 0.024858
16.460115 0.003096 -0.013248 0.015842 -0.018914 0.019220 -0.020091 0.024937
16.689560 0.003108 -0.013245 0.015847 -0.018894 0.019220 -0.020091 0.025018
16.922204 0.003121 -0.013236 0.015858 -0.018874 0.019220 -0.020091 0.025100
17.158090 0.003133 -0.013235 0.015885 -0.018854 0.019220 -0.020091 0.025183
17.397264 0.003147 -0.013235 0.015908 -0.018837 0.019220 -0.020091 0.025267
17.639773 0.003160 -0.013235 0.015913 -0.018837 0.019244 -0.020091 0.025352
17.885662 0.003173 -0.013232 0.015931 -0.018837 0.019271 -0.020091 0.025438
18.134978 0.003187 -0.013229 0.015932 -0.018837 0.019297 -0.020091 0.025526
18.387770 0.003201 -0.013219 0.015932 -0.018837 0.019301 -0.020091 0.025614
18.644085 0.003216 -0.013202 0.015932 -0.018836 0.019301 -0.020091 0.025704
18.903974 0.003230 -0.013184 0.015976 -0.018836 0.019312 -0.020091 0.025795
19.167485 0.003245 -0.013184 0.015985 -0.018836 0.019353 -0.020091 0.025888
19.434669 0.003261 -0.013184 0.015995 -0.018836 0.019400 -0.020091 0.025981
19.705578 0.003276 -0.013184 0.016004 -0.018836 0.019416 -0.020091 0.026076
19.980263 0.003333 -0.013184 0.016007 -0.018836 0.019416 -0.020091 0.026172
20.258777 0.003348 -0.013184 0.016007 -0.018836 0.019434 -0.020091 0.026270
20.541173 0.003364 -0.013184 0.016007 -0.018836 0.019482 -0.020091 0.026368
20.827506 0.003380 -0.013184 0.016007 -0.018836 0.019531 -0.020091 0.026468
21.117830 0.003382 -0.013176 0.016007 -0.018836 0.019558 -0.020091 0.026570
21.412202 0.003382 -0.013176 0.016007 -0.018836 0.019559 -0.020091 0.026672
21.710676 0.003394 -0.013144 0.016007 -0.018835 0.019559 -0.020091 0.026777
22.013311 0.003412 -0.013113 0.016007 -0.018835 0.019559 -0.020091 0.026882
22.320165 0.003431 -0.013089 0.016007 -0.018835 0.019559 -0.020091 0.026989
22.631296 0.003450 -0.013014 0.016007 -0.018835 0.019582 -0.020091 0.027097
22.946764 0.003469 -0.012937 0.016007 -0.018835 0.019582 -0.020091 0.027207
23.266629 0.003481 -0.012879 0.016007 -0.018835 0.019582 -0.020091 0.027319
23.590953 0.003492 -0.012876 0.016008 -0.018835 0.019583 -0.020090 0.027431
23.919798 0.003514 -0.012873 0.016031 -0.018835 0.019615 -0.020090 0.027546
24.253227 0.003528 -0.012870 0.016069 -0.018834 0.019650 -0.020090 0.027662
24.591304 0.003538 -0.012866 0.016069 -0.018834 0.019686 -0.020090 0.027779
24.934094 0.003549 -0.012829 0.016069 -0.018834 0.019722 -0.020090 0.027898
25.281661 0.003560 -0.012809 0.016069 -0.018834 0.019744 -0.020090 0.028018
25.634074 0.003588 -0.012773 0.016069 -0.018834 0.019752 -0.020090 0.028141
25.991399 0.003590 -0.012736 0.016069 -0.018834 0.019757 -0.020090 0.028264
26.353705 0.003594 -0.012656 0.016069 -0.018833 0.019762 -0.020090 0.028390
26.721062 0.003605 -0.012638 0.016069 -0.018833 0.019766 -0.020090 0.028517
27.093539 0.003617 -0.012591 0.016069 -0.018833 0.019771 -0.020090 0.028646
27.471208 0.003667 -0.012562 0.016077 -0.018833 0.019784 -0.020090 0.028776
27.854142 0.003688 -0.012533 0.016077 -0.018833 0.019808 -0.020090 0.028908
28.242413 0.003689 -0.012498 0.016077 -0.018823 0.019841 -0.020090 0.029042
28.636097 0.003691 -0.012455 0.016077 -0.018810 0.019871 -0.020090 0.029178
29.035269 0.003693 -0.012412 0.016077 -0.018801 0.019901 -0.020090 0.029316
29.440005 0.003695 -0.012399 0.016112 -0.018800 0.019932 -0.020090 0.029455
29.850382 0.003709 -0.012378 0.016115 -0.018799 0.019964 -0.020089 0.029596
30.266481 0.003723 -0.012346 0.016147 -0.018798 0.019997 -0.020089 0.029739
30.688379 0.003737 -0.012314 0.016197 -0.018796 0.020030 -0.020089 0.029884
31.116158 0.003752 -0.012271 0.016201 -0.018795 0.020064 -0.020089 0.030031
31.549901 0.003767 -0.012205 0.016201 -0.018794 0.020098 -0.020089 0.030180
31.989689 0.003824 -0.012205 0.016201 -0.018792 0.020134 -0.020089 0.030331
32.435608 0.003944 -0.012201 0.016201 -0.018791 0.020164 -0.020089 0.030484
32.887743 0.003971 -0.012147 0.016201 -0.018789 0.020200 -0.020089 0.030639
33.346180 0.003994 -0.012146 0.016201 -0.018788 0.020245 -0.020089 0.030795
33.811008 0.004063 -0.012146 0.016201 -0.018786 0.020287 -0.020089 0.030954
34.282315 0.004093 -0.012145 0.016201 -0.018784 0.020425 -0.020088 0.031115
34.760192 0.004094 -0.012144 0.016201 -0.018783 0.020565 -0.020088 0.031278
35.244730 0.004094 -0.012144 0.016201 -0.018781 0.020645 -0.020088 0.031444
35.736022 0.004095 -0.012144 0.016205 -0.018779 0.020733 -0.020088 0.031611
36.234163 0.004095 -0.012144 0.016205 -0.018777 0.020928 -0.020088 0.031781
36.739248 0.004096 -0.012105 0.016225 -0.018773 0.021053 -0.020088 0.031952
37.251373 0.004113 -0.012042 0.016261 -0.018768 0.021165 -0.020088 0.032126
37.770637 0.004217 -0.011995 0.016267 -0.018762 0.021223 -0.020088 0.032303
38.297139 0.004322 -0.011931 0.016273 -0.018756 0.021282 -0.020087 0.032481
38.830980 0.004328 -0.011898 0.016284 -0.018750 0.021341 -0.020087 0.032662
39.372263 0.004328 -0.011895 0.016312 -0.018744 0.021402 -0.020087 0.032845
39.921091 0.004328 -0.011892 0.016313 -0.018737 0.021464 -0.020087 0.033031
40.477570 0.004360 -0.011867 0.016313 -0.018731 0.021527 -0.020087 0.033219
41.041805 0.004407 -0.011864 0.016317 -0.018724 0.021591 -0.020087 0.033410
41.613906 0.004408 -0.011861 0.016332 -0.018715 0.021656 -0.020086 0.033602
42.193981 0.004409 -0.011857 0.016341 -0.018689 0.021722 -0.020086 0.033798
42.782142 0.004446 -0.011853 0.016367 -0.018673 0.021789 -0.020086 0.033996
43.378502 0.004447 -0.011844 0.016381 -0.018672 0.021857 -0.020086 0.034196
43.983175 0.004448 -0.011815 0.016398 -0.018672 0.021926 -0.020086 0.034399
44.596276 0.004449 -0.011813 0.016427 -0.018671 0.022066 -0.020085 0.034605
45.217924 0.004450 -0.011811 0.016493 -0.018670 0.022248 -0.020085 0.034814
45.848238 0.004481 -0.011809 0.016560 -0.018656 0.022293 -0.020085 0.035025
46.487337 0.004552 -0.011765 0.016629 -0.018637 0.022340 -0.020085 0.035238
47.135345 0.004553 -0.011744 0.016675 -0.018619 0.022386 -0.020084 0.035455
47.792386 0.004607 -0.011680 0.016677 -0.018599 0.022434 -0.020084 0.035674
48.458586 0.004668 -0.011649 0.016718 -0.018580 0.022482 -0.020084 0.035896
49.134073 0.004727 -0.011648 0.016743 -0.018559 0.022532 -0.020083 0.036121
49.818975 0.004738 -0.011641 0.016749 -0.018539 0.022601 -0.020083 0.036349
50.513425 0.004740 -0.011575 0.016759 -0.018538 0.022682 -0.020083 0.036579
51.217554 0.004742 -0.011523 0.016777 -0.018537 0.022764 -0.020082 0.036813
51.931499 0.004744 -0.011478 0.016815 -0.018537 0.022848 -0.020082 0.037049
52.655396 0.004745 -0.011467 0.016838 -0.018536 0.022933 -0.020082 0.037289
53.389384 0.004747 -0.011392 0.016840 -0.018535 0.023019 -0.020081 0.037531
54.133603 0.004749 -0.011366 0.016842 -0.018534 0.023107 -0.020081 0.037777
54.888196 0.004770 -0.011360 0.016844 -0.018530 0.023201 -0.020081 0.038025
55.653308 0.004773 -0.011357 0.016846 -0.018517 0.023384 -0.020080 0.038277
56.429085 0.004773 -0.011354 0.016848 -0.018505 0.023570 -0.020080 0.038532
57.215676 0.004807 -0.011350 0.016922 -0.018492 0.023759 -0.020079 0.038790
58.013231 0.004843 -0.011347 0.017033 -0.018478 0.023950 -0.020079 0.039052
58.821904 0.004899 -0.011344 0.017034 -0.018465 0.024110 -0.020078 0.039316
59.641849 0.005018 -0.011341 0.017067 -0.018451 0.024214 -0.020078 0.039584
60.473224 0.005048 -0.011337 0.017079 -0.018436 0.024320 -0.020077 0.039856
61.316188 0.005145 -0.011332 0.017123 -0.018421 0.024427 -0.020077 0.040130
62.170903 0.005147 -0.011318 0.017207 -0.018406 0.024536 -0.020076 0.040409
63.037532 0.005150 -0.011311 0.017226 -0.018402 0.024646 -0.020076 0.040690
63.916241 0.005237 -0.011310 0.017270 -0.018397 0.024758 -0.020075 0.040975
64.807198 0.005284 -0.011310 0.017302 -0.018392 0.024872 -0.020075 0.041264
65.710575 0.005370 -0.011310 0.017369 -0.018387 0.024988 -0.020074 0.041556
66.626545 0.005423 -0.011308 0.017418 -0.018382 0.025106 -0.020073 0.041852
67.555283 0.005443 -0.011232 0.017426 -0.018377 0.025225 -0.020073 0.042151
68.496967 0.005482 -0.011217 0.017457 -0.018372 0.025347 -0.020072 0.042454
69.451778 0.005510 -0.011201 0.017457 -0.018367 0.025470 -0.020071 0.042761
70.419898 0.005537 -0.011185 0.017480 -0.018361 0.025595 -0.020070 0.043071
71.401513 0.005628 -0.011169 0.017485 -0.018356 0.025788 -0.020070 0.043386
72.396811 0.005635 -0.011153 0.017585 -0.018350 0.026080 -0.020069 0.043704
73.405984 0.005696 -0.011136 0.017727 -0.018344 0.026375 -0.020068 0.044026
74.429223 0.005966 -0.011119 0.017832 -0.018338 0.026674 -0.020067 0.044352
75.466726 0.006003 -0.011102 0.017837 -0.018338 0.026977 -0.020066 0.044682
76.518692 0.006008 -0.011034 0.017890 -0.018338 0.027285 -0.020065 0.045016
77.585321 0.006009 -0.010922 0.017941 -0.018334 0.027597 -0.020064 0.045353
78.666818 0.006009 -0.010810 0.017977 -0.018314 0.027912 -0.020064 0.045695
79.763391 0.006049 -0.010810 0.018021 -0.018305 0.028233 -0.020064 0.046041
80.875249 0.006050 -0.010809 0.018028 -0.018299 0.028557 -0.020063 0.046392
82.002606 0.006093 -0.010809 0.018077 -0.018291 0.028886 -0.020063 0.046746
83.145678 0.006170 -0.010732 0.018105 -0.018284 0.029220 -0.020063 0.047105
84.304684 0.006171 -0.010600 0.018150 -0.018256 0.029558 -0.020062 0.047468
85.479845 0.006215 -0.010590 0.018188 -0.018221 0.029900 -0.020062 0.047835
86.671388 0.006242 -0.010548 0.018192 -0.018189 0.030248 -0.020062 0.048206
87.879540 0.006333 -0.010511 0.018263 -0.018185 0.030599 -0.020062 0.048582
89.104533 0.006334 -0.010506 0.018349 -0.018182 0.030956 -0.020061 0.048963
90.346602 0.006479 -0.010501 0.018447 -0.018179 0.031317 -0.020061 0.049348
91.605985 0.006579 -0.010496 0.018502 -0.018175 0.031683 -0.020061 0.049737
92.882923 0.006619 -0.010490 0.018505 -0.018171 0.032054 -0.020060 0.050131
94.177660 0.006690 -0.010485 0.018608 -0.018168 0.032430 -0.020060 0.050529
95.490446 0.006764 -0.010471 0.018677 -0.018164 0.032811 -0.020059 0.050933
96.821531 0.006838 -0.010356 0.018715 -0.018160 0.033197 -0.020059 0.051340
98.171170 0.006853 -0.010318 0.018783 -0.018156 0.033589 -0.020059 0.051753
99.539623 0.006926 -0.010312 0.018823 -0.018151 0.033985 -0.020058 0.052170
100.927151 0.006927 -0.010306 0.018918 -0.018145 0.034386 -0.020058 0.052593
102.334021 0.007011 -0.010300 0.018941 -0.018122 0.034793 -0.020057 0.053020
103.760502 0.007066 -0.010294 0.018960 -0.018098 0.035205 -0.020057 0.053452
105.206867 0.007073 -0.010204 0.019013 -0.018073 0.035570 -0.020056 0.053888
106.673394 0.007080 -0.010167 0.019038 -0.018047 0.035935 -0.020056 0.054330
108.160363 0.007195 -0.010148 0.019127 -0.018020 0.036304 -0.020055 0.054777
109.668060 0.007217 -0.010101 0.019225 -0.017993 0.036679 -0.020054 0.055229
111.196773 0.007332 -0.010096 0.019321 -0.017964 0.036986 -0.020054 0.055686
112.746796 0.007556 -0.010095 0.019393 -0.017935 0.037292 -0.020053 0.056148
114.318425 0.007606 -0.010064 0.019446 -0.017889 0.037603 -0.020052 0.056616
115.911962 0.007657 -0.009985 0.019586 -0.017873 0.037918 -0.020052 0.057088
117.527712 0.007709 -0.009897 0.019639 -0.017841 0.038237 -0.020051 0.057566
119.165984 0.007938 -0.009800 0.019834 -0.017808 0.038560 -0.020050 0.058049
120.827094 0.008174 -0.009745 0.019954 -0.017773 0.038887 -0.020049 0.058538
122.511358 0.008237 -0.009713 0.020075 -0.017737 0.039219 -0.020049 0.059032
124.219100 0.008239 -0.009562 0.020112 -0.017717 0.039554 -0.020048 0.059531
125.950646 0.008283 -0.009466 0.020129 -0.017716 0.040068 -0.020047 0.060036
127.706330 0.008430 -0.009426 0.020370 -0.017714 0.040674 -0.020046 0.060546
129.486487 0.008431 -0.009386 0.020485 -0.017713 0.041289 -0.020045 0.061062
131.291459 0.008524 -0.009375 0.020602 -0.017705 0.041794 -0.020044 0.061584
133.121590 0.008532 -0.009303 0.020733 -0.017665 0.042163 -0.020043 0.062111
134.977233 0.008546 -0.009247 0.021045 -0.017624 0.042555 -0.020042 0.062644
136.858742 0.008697 -0.009157 0.021161 -0.017592 0.042934 -0.020041 0.063182
138.766479 0.008862 -0.009044 0.021313 -0.017590 0.043317 -0.020038 0.063727
140.700809 0.009078 -0.008923 0.021500 -0.017588 0.043705 -0.020033 0.064277
142.662102 0.009124 -0.008797 0.021734 -0.017585 0.044144 -0.020028 0.064833
144.650734 0.009125 -0.008701 0.021928 -0.017583 0.044531 -0.020022 0.065395
146.667087 0.009127 -0.008669 0.022132 -0.017581 0.044922 -0.020016 0.065962
148.711546 0.009353 -0.008636 0.022398 -0.017578 0.045317 -0.020010 0.066536
150.784505 0.009404 -0.008533 0.022615 -0.017573 0.045717 -0.020004 0.067116
152.886359 0.009618 -0.008390 0.022885 -0.017549 0.046267 -0.019998 0.067702
155.017512 0.009802 -0.008345 0.023185 -0.017541 0.046837 -0.019991 0.068293
157.178372 0.009855 -0.008283 0.023445 -0.017480 0.047414 -0.019984 0.068891
159.369353 0.009985 -0.008265 0.023640 -0.017417 0.047998 -0.019977 0.069495
161.590875 0.010046 -0.008219 0.024046 -0.017344 0.048591 -0.019970 0.070106
163.843365 0.010094 -0.008176 0.024311 -0.017287 0.049191 -0.019962 0.070722
166.127252 0.010119 -0.008158 0.024672 -0.017219 0.049799 -0.019954 0.071345
168.442976 0.010141 -0.008138 0.024933 -0.017150 0.050415 -0.019946 0.071974
170.790980 0.010163 -0.008122 0.025209 -0.017079 0.051039 -0.019938 0.072609
173.171713 0.010252 -0.008051 0.025451 -0.017006 0.051671 -0.019929 0.073251
175.585633 0.010425 -0.008002 0.025589 -0.016963 0.052226 -0.019920 0.073899
178.033202 0.010425 -0.007990 0.025899 -0.016917 0.052697 -0.019910 0.074553
180.514888 0.010494 -0.007884 0.026133 -0.016907 0.053173 -0.019900 0.075214
183.031168 0.010564 -0.007709 0.026367 -0.016898 0.053653 -0.019890 0.075882
185.582523 0.010845 -0.007504 0.026628 -0.016888 0.054138 -0.019880 0.076555
188.169442 0.010915 -0.007442 0.027062 -0.016878 0.054628 -0.019869 0.077236
190.792422 0.010979 -0.007414 0.027304 -0.016860 0.055123 -0.019857 0.077923
193.451965 0.010987 -0.007386 0.027533 -0.016841 0.055623 -0.019845 0.078616
196.148581 0.011358 -0.007356 0.027947 -0.016822 0.056127 -0.019833 0.079317
198.882786 0.011403 -0.007239 0.028423 -0.016801 0.056637 -0.019820 0.080023
201.655104 0.011444 -0.007209 0.028880 -0.016792 0.057151 -0.019807 0.080815
204.466067 0.011624 -0.007096 0.029280 -0.016785 0.057670 -0.019801 0.081619
207.316213 0.011783 -0.007034 0.029612 -0.016778 0.058195 -0.019797 0.082431
210.206088 0.011916 -0.006970 0.029948 -0.016771 0.058724 -0.019793 0.083252
213.136247 0.011967 -0.006904 0.030287 -0.016764 0.059258 -0.019788 0.084080
216.107251 0.012147 -0.006837 0.030628 -0.016712 0.059796 -0.019784 0.084916
219.119669 0.012264 -0.006767 0.030972 -0.016642 0.060340 -0.019779 0.085760
222.174078 0.012312 -0.006683 0.031220 -0.016616 0.060889 -0.019774 0.086612
225.271064 0.012625 -0.006622 0.031669 -0.016590 0.061442 -0.019769 0.087472
228.411221 0.012726 -0.006560 0.032204 -0.016563 0.062001 -0.019764 0.088340
231.595149 0.012751 -0.006541 0.032765 -0.016527 0.062724 -0.019758 0.089217
234.823460 0.012885 -0.006437 0.033334 -0.016445 0.063775 -0.019752 0.090101
238.096772 0.013065 -0.006350 0.033912 -0.016362 0.064839 -0.019746 0.090993
241.415712 0.013226 -0.006212 0.034499 -0.016333 0.065916 -0.019740 0.091893
244.780916 0.013497 -0.006108 0.035095 -0.016307 0.067006 -0.019733 0.092801
248.193029 0.013519 -0.006042 0.035699 -0.016281 0.068109 -0.019727 0.093717
251.652705 0.013541 -0.005780 0.036174 -0.016254 0.069225 -0.019720 0.094642
255.160607 0.013535 -0.005774 0.036657 -0.016226 0.070355 -0.019712 0.095574
258.717408 0.013589 -0.005756 0.037103 -0.016198 0.071252 -0.019705 0.096514
262.323788 0.013782 -0.005744 0.037501 -0.016169 0.071956 -0.019697 0.097463
265.980440 0.013929 -0.005552 0.038080 -0.016139 0.072668 -0.019689 0.098419
269.688063 0.014019 -0.005445 0.038736 -0.016108 0.073387 -0.019680 0.099383
273.447368 0.014205 -0.005335 0.039397 -0.016077 0.074114 -0.019672 0.100356
277.259076 0.014435 -0.005237 0.040127 -0.016045 0.074848 -0.019662 0.101336
281.123917 0.014551 -0.005106 0.040738 -0.016012 0.075590 -0.019653 0.102324
285.042632 0.014864 -0.004893 0.041417 -0.015978 0.076338 -0.019643 0.103320
289.015972 0.014911 -0.004644 0.042102 -0.015943 0.077095 -0.019633 0.104325
293.044698 0.015076 -0.004447 0.042793 -0.015904 0.077859 -0.019622 0.105336
297.129582 0.015182 -0.004245 0.043490 -0.015856 0.078630 -0.019611 0.106356
301.271407 0.015297 -0.004134 0.044130 -0.015807 0.079409 -0.019599 0.107384
305.470967 0.015432 -0.004095 0.044778 -0.015756 0.080596 -0.019587 0.108419
309.729067 0.015462 -0.004055 0.045616 -0.015704 0.081909 -0.019575 0.109462
314.046522 0.015631 -0.003984 0.046322 -0.015650 0.083239 -0.019562 0.110513
318.424160 0.015733 -0.003901 0.046795 -0.015594 0.084421 -0.019549 0.111572
322.862820 0.016007 -0.003748 0.047494 -0.015537 0.085312 -0.019535 0.112638
327.363353 0.016185 -0.003600 0.048205 -0.015478 0.086210 -0.019520 0.113712
331.926620 0.016321 -0.003486 0.048888 -0.015430 0.087115 -0.019505 0.114793
336.553498 0.016432 -0.003453 0.049523 -0.015396 0.088027 -0.019489 0.115882
341.244871 0.016482 -0.003419 0.050375 -0.015324 0.089059 -0.019473 0.116978
346.001639 0.016586 -0.003385 0.051188 -0.015250 0.090228 -0.019456 0.118082
350.824714 0.016702 -0.003350 0.051969 -0.015174 0.091616 -0.019439 0.119193
355.715021 0.017031 -0.003053 0.052642 -0.015096 0.093041 -0.019420 0.120311
360.673495 0.017191 -0.002948 0.053214 -0.015017 0.094483 -0.019401 0.121437
365.701088 0.017222 -0.002747 0.053982 -0.014940 0.095940 -0.019382 0.122570
370.798763 0.017286 -0.002732 0.054593 -0.014883 0.097413 -0.019361 0.123710
375.967497 0.017361 -0.002437 0.055293 -0.014840 0.098902 -0.019340 0.124857
381.208280 0.017402 -0.002375 0.056168 -0.014796 0.100407 -0.019318 0.126010
386.522116 0.017531 -0.002311 0.057012 -0.014727 0.101928 -0.019295 0.127171
391.910025 0.017744 -0.002246 0.058297 -0.014596 0.103066 -0.019271 0.128339
397.373038 0.018034 -0.002074 0.059167 -0.014461 0.104015 -0.019246 0.129513
402.912203 0.018350 -0.001636 0.060469 -0.014354 0.104969 -0.019220 0.130694
408.528580 0.018567 -0.001284 0.062192 -0.014261 0.105928 -0.019193 0.131881
414.223247 0.018774 -0.001081 0.063182 -0.014220 0.106892 -0.019166 0.133075
419.997295 0.018946 -0.000782 0.063974 -0.014098 0.107861 -0.019137 0.134276
425.851829 0.019118 -0.000447 0.064709 -0.014042 0.108838 -0.019107 0.135482
431.787973 0.019357 -0.000235 0.065568 -0.014024 0.110148 -0.019076 0.136695
437.806863 0.019534 -0.000151 0.066723 -0.013970 0.111466 -0.019043 0.137914
443.909653 0.019658 -0.000065 0.067958 -0.013848 0.112793 -0.019009 0.139140
450.097513 0.019848 0.000023 0.068992 -0.013723 0.114127 -0.018975 0.140371
456.371628 0.020031 0.000278 0.070094 -0.013645 0.115470 -0.018938 0.141607
462.733201 0.020206 0.000540 0.071057 -0.013553 0.116820 -0.018900 0.142914
469.183451 0.020414 0.000601 0.073081 -0.013405 0.118178 -0.018861 0.144358
475.723614 0.020743 0.000803 0.074036 -0.013258 0.119544 -0.018821 0.145806
482.354943 0.020814 0.000938 0.075002 -0.013180 0.120918 -0.018778 0.147259
489.078709 0.021051 0.001077 0.076225 -0.013100 0.122435 -0.018734 0.148717
495.896201 0.021218 0.001288 0.077219 -0.013016 0.124020 -0.018689 0.150180
502.808725 0.021509 0.001633 0.078506 -0.012929 0.125620 -0.018642 0.151646
509.817606 0.021723 0.001688 0.080187 -0.012839 0.127236 -0.018592 0.153117
516.924187 0.022008 0.001744 0.081465 -0.012745 0.128867 -0.018541 0.154592
524.129830 0.022147 0.001831 0.082736 -0.012648 0.130563 -0.018488 0.156041
531.435916 0.022404 0.001914 0.083843 -0.012547 0.132177 -0.018433 0.157130
538.843844 0.022744 0.001987 0.084957 -0.012442 0.134171 -0.018376 0.158222
546.355035 0.023006 0.002047 0.086077 -0.012334 0.138150 -0.018317 0.159315
553.970928 0.023243 0.002109 0.087393 -0.012221 0.142456 -0.018255 0.160763
561.692982 0.023670 0.002173 0.088455 -0.012104 0.146632 -0.018191 0.162608
569.522678 0.023848 0.002414 0.089489 -0.011983 0.151225 -0.018125 0.164467
577.461515 0.024193 0.002847 0.090625 -0.011857 0.154116 -0.018056 0.166341
585.511016 0.024632 0.003126 0.091629 -0.011727 0.155462 -0.017984 0.168229
593.672722 0.024979 0.003195 0.092693 -0.011586 0.157119 -0.017925 0.170209
601.948197 0.025308 0.003197 0.094103 -0.011432 0.158335 -0.017870 0.175358
610.339029 0.025605 0.003233 0.095723 -0.011273 0.159555 -0.017812 0.180578
618.846824 0.025800 0.003269 0.096965 -0.011107 0.160894 -0.017752 0.185865
627.473213 0.026110 0.003315 0.098138 -0.010935 0.163140 -0.017690 0.191217
636.219849 0.026662 0.003602 0.099315 -0.010818 0.165904 -0.017626 0.196629
645.088409 0.027041 0.003630 0.100495 -0.010667 0.167716 -0.017559 0.202098
654.080591 0.027407 0.003624 0.101678 -0.010492 0.169079 -0.017489 0.207621
663.198120 0.027760 0.003832 0.102863 -0.010311 0.171693 -0.017417 0.213194
672.442742 0.028118 0.003895 0.104051 -0.010251 0.175820 -0.017342 0.218811
681.816229 0.028487 0.004187 0.105270 -0.010207 0.176923 -0.017264 0.224470
691.320378 0.028866 0.004463 0.107034 -0.010117 0.178025 -0.017184 0.230165
700.957009 0.029218 0.004721 0.108654 -0.009995 0.179127 -0.017100 0.235813
710.727970 0.029712 0.004801 0.110637 -0.009872 0.180229 -0.017013 0.241238
720.635132 0.030443 0.004862 0.111960 -0.009747 0.182796 -0.016923 0.246679
730.680395 0.030993 0.005133 0.113559 -0.009620 0.186256 -0.016829 0.252131
740.865683 0.031346 0.005494 0.114981 -0.009389 0.187617 -0.016732 0.257589
751.192949 0.031728 0.005557 0.115894 -0.009033 0.188978 -0.016631 0.263049
761.664172 0.032120 0.005767 0.117456 -0.008666 0.190341 -0.016527 0.268506
772.281357 0.032398 0.005957 0.119383 -0.008485 0.191704 -0.016419 0.273956
783.046540 0.032646 0.006141 0.121138 -0.008368 0.193067 -0.016306 0.279395
793.961785 0.033075 0.006294 0.122496 -0.008151 0.194430 -0.016165 0.284819
805.029181 0.033540 0.006477 0.123761 -0.007961 0.195794 -0.016016 0.290222
816.250851 0.034243 0.006509 0.125035 -0.007824 0.197158 -0.015861 0.295601
827.628946 0.034633 0.006540 0.126728 -0.007683 0.198658 -0.015700 0.300952
839.165644 0.035262 0.006572 0.128196 -0.007378 0.200796 -0.015534 0.306270
850.863158 0.035853 0.006883 0.129609 -0.007312 0.202950 -0.015361 0.311551
862.723729 0.036237 0.007006 0.130629 -0.007283 0.205119 -0.015183 0.316793
874.749630 0.036625 0.007339 0.131541 -0.007088 0.207305 -0.014997 0.321990
886.943166 0.037054 0.007923 0.132417 -0.006927 0.209505 -0.014805 0.327139
899.306672 0.037412 0.008281 0.134206 -0.006879 0.211722 -0.014606 0.332395
911.842520 0.037914 0.008539 0.135047 -0.006728 0.213633 -0.014400 0.337729
924.553110 0.038844 0.008597 0.136499 -0.006360 0.215124 -0.014271 0.343007
937.440879 0.039476 0.008916 0.137984 -0.006300 0.216609 -0.014179 0.348224
950.508296 0.040554 0.009114 0.139416 -0.006054 0.218470 -0.014086 0.353378
963.757866 0.041229 0.009153 0.141095 -0.005803 0.220457 -0.013991 0.358466
977.192128 0.041859 0.009269 0.142408 -0.005548 0.221917 -0.013835 0.363484
990.813657 0.042502 0.009579 0.143972 -0.005416 0.223894 -0.013629 0.368430
1004.625062 0.043157 0.009892 0.145386 -0.005281 0.225348 -0.013417 0.373302
1018.628990 0.043898 0.010046 0.146623 -0.005144 0.227058 -0.013197 0.378097
1032.828126 0.044617 0.010091 0.148743 -0.005005 0.228613 -0.012970 0.382813
1047.225190 0.045238 0.010203 0.150518 -0.004942 0.230502 -0.012735 0.387449
1061.822941 0.046083 0.010426 0.151814 -0.004895 0.233559 -0.012535 0.392001
1076.624177 0.046542 0.010419 0.153419 -0.004849 0.236443 -0.012421 0.396469
1091.631734 0.047340 0.010520 0.155124 -0.004802 0.238813 -0.012304 0.400852
1106.848489 0.048077 0.010602 0.156665 -0.004755 0.241193 -0.012186 0.405148
1122.277356 0.048825 0.010549 0.158306 -0.004708 0.243581 -0.012066 0.409356
1137.921294 0.049396 0.010497 0.159382 -0.004598 0.245979 -0.011943 0.413476
1153.783300 0.050269 0.011103 0.161624 -0.004472 0.248384 -0.011819 0.417507
1169.866413 0.051133 0.011734 0.164047 -0.004344 0.250798 -0.011693 0.421448
1186.173716 0.051591 0.011801 0.166747 -0.004214 0.253456 -0.011564 0.425300
1202.708335 0.052557 0.011878 0.168972 -0.004083 0.256812 -0.011433 0.429062
1219.473437 0.052903 0.012478 0.170074 -0.003951 0.260290 -0.011301 0.432734
1236.472235 0.053251 0.012841 0.171069 -0.003818 0.263794 -0.011166 0.436316
1253.707987 0.053599 0.013043 0.172054 -0.003683 0.267324 -0.011029 0.439810
1271.183997 0.053964 0.013439 0.173595 -0.003548 0.270879 -0.010890 0.443215
1288.903612 0.054350 0.013894 0.176031 -0.003411 0.273730 -0.010750 0.446531
1306.870230 0.054746 0.014233 0.177192 -0.003245 0.277020 -0.010607 0.449760
1325.087292 0.056071 0.014419 0.178890 -0.003135 0.279658 -0.010462 0.452903
1343.558290 0.056874 0.014639 0.180601 -0.002921 0.282274 -0.010315 0.455960
1362.286764 0.057687 0.015110 0.181781 -0.002610 0.284901 -0.010166 0.458932
1381.276303 0.058063 0.015527 0.183319 -0.002357 0.287540 -0.010016 0.461821
1400.530545 0.058796 0.015667 0.185093 -0.002131 0.290190 -0.009863 0.464627
1420.053182 0.059438 0.015716 0.186918 -0.001902 0.292850 -0.009709 0.467352
1439.847953 0.060542 0.016004 0.187772 -0.001669 0.295521 -0.009552 0.469997
1459.918652 0.061419 0.016155 0.189417 -0.001454 0.298202 -0.009394 0.472563
1480.269127 0.062033 0.016410 0.191206 -0.001385 0.300893 -0.009234 0.475052
1500.903276 0.062961 0.016662 0.192152 -0.001317 0.304214 -0.009072 0.477466
1521.825053 0.063423 0.016903 0.194194 -0.001248 0.307663 -0.008909 0.479805
1543.038469 0.063697 0.017051 0.196353 -0.001180 0.311124 -0.008744 0.482071
1564.547589 0.063963 0.017079 0.198280 -0.001111 0.314596 -0.008577 0.484266
1586.356534 0.064777 0.017238 0.200025 -0.001040 0.318078 -0.008408 0.486391
1608.469483 0.065594 0.017312 0.201298 -0.000912 0.321570 -0.008238 0.488449
1630.890676 0.066087 0.017519 0.202182 -0.000855 0.325072 -0.008067 0.490439
1653.624407 0.067354 0.017719 0.203058 -0.000799 0.328583 -0.007894 0.492365
1676.675035 0.068065 0.017880 0.203927 -0.000664 0.332103 -0.007720 0.494228
1700.046975 0.068980 0.018042 0.206316 -0.000391 0.335630 -0.007544 0.496028
1723.744708 0.070014 0.018354 0.209677 -0.000316 0.339165 -0.007367 0.497769
1747.772774 0.071120 0.018447 0.211256 -0.000242 0.342707 -0.007189 0.499450
1772.135779 0.071555 0.018531 0.212129 -0.000146 0.346255 -0.007009 0.501075
1796.838391 0.072817 0.018562 0.213118 -0.000014 0.349809 -0.006829 0.502644
1821.885343 0.073393 0.018730 0.213942 0.000043 0.353368 -0.006658 0.504160
1847.281437 0.074143 0.018996 0.214760 0.000173 0.356931 -0.006525 0.505623
1873.031539 0.074956 0.019080 0.215572 0.000379 0.360499 -0.006392 0.507035
1899.140582 0.075911 0.019163 0.216635 0.000440 0.364070 -0.006257 0.508397
1925.613572 0.077366 0.019282 0.217308 0.000426 0.367644 -0.006121 0.509712
1952.455581 0.078118 0.019378 0.217970 0.000421 0.371220 -0.005985 0.510980
1979.671753 0.078813 0.019638 0.219100 0.000481 0.374798 -0.005848 0.512203
2007.267304 0.079515 0.020012 0.223083 0.000542 0.378377 -0.005711 0.513383
2035.247521 0.080535 0.020186 0.225839 0.000602 0.381957 -0.005572 0.514520
2063.617768 0.081631 0.020353 0.228354 0.000661 0.385537 -0.005433 0.515616
2092.383480 0.082730 0.020489 0.232293 0.000736 0.389116 -0.005294 0.516672
2121.550171 0.083726 0.020689 0.233752 0.000812 0.392694 -0.005154 0.517690
2151.123430 0.084154 0.020773 0.235756 0.000887 0.396050 -0.005013 0.518671
2181.108924 0.085540 0.020794 0.236535 0.000963 0.398728 -0.004872 0.519616
2211.512400 0.086049 0.020825 0.237306 0.001038 0.401404 -0.004731 0.520526
2242.339683 0.087214 0.020963 0.238071 0.001114 0.404076 -0.004589 0.521403
2273.596682 0.088795 0.021237 0.239312 0.001190 0.406746 -0.004447 0.522247
2305.289387 0.090382 0.021314 0.241549 0.001265 0.409413 -0.004352 0.523060
2337.423871 0.091669 0.021529 0.242259 0.001346 0.412653 -0.004296 0.523842
2370.006292 0.092543 0.021779 0.243943 0.001433 0.416183 -0.004194 0.524595
2403.042894 0.093117 0.021929 0.245658 0.001520 0.419706 -0.004022 0.525320
2436.540009 0.093664 0.022088 0.247346 0.001607 0.423223 -0.003851 0.526018
2470.504055 0.095182 0.022514 0.248995 0.001694 0.426733 -0.003681 0.526689
2504.941542 0.096624 0.022688 0.250677 0.001781 0.430234 -0.003512 0.527335
2539.859069 0.097797 0.022710 0.252022 0.001868 0.433728 -0.003344 0.527957
2575.263327 0.098108 0.022732 0.253333 0.001954 0.437213 -0.003177 0.528555
2611.161101 0.099242 0.022753 0.253805 0.002040 0.440688 -0.003087 0.529130
2647.559271 0.100284 0.022774 0.254788 0.002127 0.444154 -0.003020 0.529683
2684.464811 0.100749 0.022921 0.255956 0.002183 0.447609 -0.002954 0.530216
2721.884795 0.101210 0.023072 0.258304 0.002235 0.451054 -0.002888 0.530727
2759.826392 0.102111 0.023219 0.259692 0.002332 0.454486 -0.002822 0.531219
2798.296876 0.102581 0.023288 0.263599 0.002327 0.457682 -0.002756 0.531693
2837.303617 0.103812 0.023313 0.265745 0.002360 0.460422 -0.002691 0.532148
2876.854090 0.104847 0.023336 0.267409 0.002370 0.463151 -0.002626 0.532585
2916.955876 0.105609 0.023360 0.269069 0.002407 0.465869 -0.002561 0.533006
2957.616659 0.106953 0.023382 0.270726 0.002443 0.468576 -0.002496 0.533410
2998.844231 0.107652 0.023404 0.272221 0.002479 0.471272 -0.002431 0.533799
3040.646493 0.108041 0.023452 0.274032 0.002514 0.474039 -0.002367 0.534172
3083.031457 0.108266 0.023604 0.275974 0.002549 0.477811 -0.002303 0.534532
3126.007243 0.108500 0.023756 0.277037 0.002584 0.481556 -0.002240 0.534877
3169.582089 0.108787 0.023907 0.277649 0.002618 0.485273 -0.002177 0.535208
3213.764344 0.108924 0.024057 0.278431 0.002653 0.486585 -0.002114 0.535527
3258.562476 0.109644 0.024206 0.280188 0.002686 0.487646 -0.002051 0.536304
3303.985070 0.110195 0.024371 0.282078 0.002720 0.490948 -0.001989 0.539956
3350.040830 0.110986 0.024501 0.283960 0.002753 0.494224 -0.001928 0.543585
3396.738582 0.111361 0.024578 0.284835 0.002785 0.497473 -0.001867 0.544867
3444.087276 0.111918 0.024696 0.285291 0.002818 0.500695 -0.001806 0.545124
3492.095985 0.112315 0.024755 0.286502 0.002850 0.503889 -0.001746 0.545371
3540.773909 0.112789 0.024884 0.288286 0.002881 0.507055 -0.001686 0.545608
3590.130377 0.113517 0.024966 0.290268 0.002912 0.510192 -0.001627 0.545836
3640.174847 0.113929 0.024989 0.293023 0.002943 0.513301 -0.001568 0.546055
3690.916911 0.114337 0.025032 0.295219 0.002974 0.516495 -0.001510 0.547235
3742.366291 0.114742 0.025185 0.295970 0.003004 0.519430 -0.001452 0.550479
3794.532847 0.115143 0.025201 0.297077 0.003034 0.522164 -0.001395 0.553702
3847.426577 0.116049 0.025216 0.298809 0.003063 0.522413 -0.001339 0.556904
3901.057617 0.117039 0.025230 0.300531 0.003092 0.522776 -0.001283 0.560083
3955.436245 0.117399 0.025244 0.302244 0.003121 0.525704 -0.001228 0.563240
4010.572881 0.117616 0.025258 0.303947 0.003207 0.527279 -0.001195 0.566374
4066.478092 0.117829 0.025295 0.305641 0.003263 0.530034 -0.001170 0.569485
4123.162591 0.118267 0.025317 0.307324 0.003283 0.532819 -0.001145 0.572573
4180.637241 0.118526 0.025328 0.308998 0.003302 0.533320 -0.001121 0.575638
4238.913057 0.119065 0.025339 0.310661 0.003320 0.536176 -0.001097 0.578679
4298.001206 0.119320 0.025349 0.312314 0.003338 0.537500 -0.001073 0.581696
4357.913012 0.119780 0.025359 0.313957 0.003356 0.538969 -0.001050 0.584689
4418.659956 0.120412 0.025369 0.315589 0.003373 0.540204 -0.001027 0.587658
4480.253680 0.120792 0.025378 0.316888 0.003389 0.540343 -0.001004 0.590602
4542.705986 0.120962 0.025387 0.317562 0.003402 0.541376 -0.000982 0.593522
4606.028844 0.121095 0.025484 0.318228 0.003412 0.544332 -0.000960 0.596417
4670.234388 0.121600 0.025556 0.318885 0.003436 0.547271 -0.000938 0.599287
4735.334923 0.122139 0.025568 0.319759 0.003451 0.548896 -0.000916 0.602132
4801.342924 0.122547 0.025579 0.321448 0.003465 0.549127 -0.000895 0.604951
4868.271040 0.122633 0.025590 0.323123 0.003479 0.552114 -0.000874 0.607746
4936.132098 0.122945 0.025600 0.324124 0.003493 0.555078 -0.000853 0.610515
5004.939103 0.123613 0.025611 0.325437 0.003553 0.558021 -0.000832 0.613258
5074.705239 0.124276 0.025620 0.326350 0.003575 0.560942 -0.000812 0.615976
5145.443878 0.124668 0.025630 0.326840 0.003597 0.563840 -0.000792 0.618668
5217.168576 0.125213 0.025639 0.327318 0.003619 0.566716 -0.000773 0.621335
5289.893076 0.125561 0.025647 0.327787 0.003640 0.569569 -0.000753 0.623975
5363.631317 0.125699 0.025656 0.328245 0.003661 0.571646 -0.000734 0.626590
5438.397428 0.125905 0.025664 0.329365 0.003682 0.573688 -0.000715 0.629179
5514.205739 0.126234 0.025672 0.330909 0.003702 0.575713 -0.000696 0.631742
5591.070777 0.126264 0.025691 0.331261 0.003722 0.577721 -0.000678 0.634279
5669.007271 0.126292 0.025710 0.332562 0.003796 0.580113 -0.000660 0.636790
5748.030158 0.126580 0.025729 0.333203 0.003884 0.582590 -0.000642 0.639275
5828.154581 0.126772 0.025747 0.333545 0.003971 0.585043 -0.000624 0.641734
5909.395895 0.126990 0.025765 0.333882 0.004056 0.587470 -0.000607 0.644167
5991.769669 0.127346 0.025782 0.334622 0.004140 0.589873 -0.000590 0.646574
6075.291689 0.127603 0.025799 0.335305 0.004170 0.592251 -0.000573 0.648955
6159.977960 0.127647 0.025815 0.336396 0.004170 0.594605 -0.000556 0.651311
6245.844712 0.127690 0.025831 0.337907 0.004170 0.596933 -0.000540 0.653640
6332.908400 0.127731 0.025847 0.338997 0.004170 0.599237 -0.000524 0.655944
6421.185709 0.127771 0.025862 0.340063 0.004170 0.601516 -0.000508 0.658222
6510.693555 0.127994 0.025965 0.341119 0.004170 0.603770 -0.000492 0.660475
6601.449093 0.128144 0.026101 0.341973 0.004170 0.605999 -0.000477 0.662701
6693.469713 0.128390 0.026126 0.342411 0.004169 0.608203 -0.000458 0.664903
6786.773051 0.128505 0.026136 0.342843 0.004169 0.610383 -0.000418 0.667078
6881.376986 0.128536 0.026147 0.343269 0.004169 0.612538 -0.000378 0.669229
6977.299650 0.128795 0.026157 0.343691 0.004169 0.614669 -0.000339 0.671354
7074.559423 0.129002 0.026215 0.344106 0.004169 0.616711 -0.000299 0.673454
7173.174944 0.129019 0.026275 0.344517 0.004184 0.618846 -0.000261 0.675529
7273.165113 0.129036 0.026279 0.344922 0.004223 0.620913 -0.000222 0.677580
7374.549090 0.129331 0.026282 0.345322 0.004262 0.622875 -0.000184 0.679605
7477.346305 0.129446 0.026345 0.345717 0.004299 0.624436 -0.000147 0.681606
7581.576458 0.129464 0.026404 0.346107 0.004335 0.625974 -0.000109 0.683582
7687.259522 0.129482 0.026410 0.346492 0.004365 0.627706 -0.000072 0.685534
7794.415750 0.129499 0.026416 0.346872 0.004360 0.629838 -0.000060 0.687461
7903.065679 0.129515 0.026421 0.347247 0.004354 0.631943 -0.000055 0.689364
8013.230128 0.129531 0.026426 0.347618 0.004349 0.634022 -0.000051 0.691244
8124.930211 0.129546 0.026431 0.347983 0.004344 0.636074 -0.000047 0.693099
8238.187331 0.129561 0.026436 0.348344 0.004339 0.637510 -0.000043 0.694931
8353.023195 0.129575 0.026441 0.348700 0.004334 0.638904 -0.000039 0.696740
8469.459808 0.129589 0.026445 0.349051 0.004329 0.640276 -0.000035 0.698525
8587.519485 0.129602 0.026449 0.349397 0.004324 0.641844 -0.000031 0.700286
8707.224849 0.129615 0.026453 0.349740 0.004319 0.643653 -0.000028 0.702025
8828.598841 0.129628 0.026457 0.350077 0.004315 0.645437 -0.000024 0.703741
8951.664721 0.129650 0.026461 0.350396 0.004321 0.647195 -0.000021 0.705434
9076.446073 0.129797 0.026465 0.350634 0.004355 0.648561 -0.000018 0.707105
9202.966809 0.129941 0.026468 0.350867 0.004389 0.649812 -0.000014 0.708754
9331.251175 0.130004 0.026472 0.351093 0.004422 0.651044 -0.000011 0.710380
9461.323756 0.130023 0.026475 0.351315 0.004426 0.652706 -0.000008 0.711984
9593.209478 0.130042 0.026478 0.351531 0.004408 0.654344 -0.000005 0.713567
9726.933615 0.130060 0.026481 0.351742 0.004391 0.655554 -0.000003 0.715128
9862.521795 0.130077 0.026484 0.351948 0.004373 0.656736 -0.000000 0.716668
10000.000000 0.130094 0.026487 0.352150 0.004355 0.657899 0.000003 0.718186
