10.000000 -0.659011 -1.420160 -0.055823 -2.253732 0.669718 -2.648326 0.821217
10.139395 -0.669603 -1.431837 -0.077790 -2.260864 0.663888 -2.652782 0.817902
10.280732 -0.674585 -1.442305 -0.086992 -2.268017 0.655168 -2.657104 0.815330
10.424040 -0.679369 -1.453786 -0.100473 -2.275188 0.645424 -2.661296 0.757752
10.569346 -0.688369 -1.479846 -0.107256 -2.282378 0.642348 -2.665354 0.755102
10.716676 -0.694030 -1.484991 -0.111275 -2.289585 0.639242 -2.670325 0.752425
10.866061 -0.701004 -1.502225 -0.115325 -2.296808 0.636106 -2.675576 0.749722
11.017528 -0.705245 -1.521787 -0.119406 -2.304046 0.632942 -2.680723 0.746991
11.171107 -0.710840 -1.534362 -0.123518 -2.303395 0.629748 -2.685763 0.744233
11.326826 -0.716266 -1.541511 -0.127109 -2.310379 0.626524 -2.690693 0.741448
11.484715 -0.724423 -1.552945 -0.128645 -2.315012 0.623271 -2.695510 0.738635
11.644806 -0.730311 -1.571872 -0.130370 -2.321270 0.619988 -2.700209 0.735794
11.807128 -0.736217 -1.602955 -0.131066 -2.324429 0.616675 -2.704788 0.732926
11.971713 -0.742142 -1.616244 -0.138855 -2.331535 0.613332 -2.709243 0.730030
12.138593 -0.748085 -1.638346 -0.139538 -2.338626 0.609959 -2.713571 0.727105
12.307798 -0.756689 -1.709493 -0.141700 -2.345700 0.607171 -2.717769 0.724153
12.479362 -0.766426 -1.727302 -0.153564 -2.352757 0.604735 -2.724077 0.721172
12.653318 -0.776309 -1.740749 -0.155670 -2.356730 0.601643 -2.731940 0.718163
12.829698 -0.780820 -1.740886 -0.160500 -2.356653 0.597833 -2.739775 0.715125
13.008537 -0.794103 -1.743198 -0.170762 -2.356494 0.592639 -2.747581 0.712058
13.189869 -0.800767 -1.744292 -0.183959 -2.357012 0.589084 -2.755354 0.708963
13.373729 -0.821333 -1.757163 -0.192596 -2.361766 0.577661 -2.763095 0.705838
13.560151 -0.839745 -1.759135 -0.201827 -2.366446 0.555556 -2.770800 0.702685
13.749172 -0.850478 -1.762289 -0.209695 -2.375058 0.544745 -2.778468 0.699502
13.940828 -0.856285 -1.765938 -0.212469 -2.375577 0.542156 -2.786098 0.696291
14.135156 -0.868398 -1.769003 -0.216334 -2.382281 0.539539 -2.793686 0.693050
14.332192 -0.881273 -1.775836 -0.220230 -2.382818 0.536896 -2.801232 0.689779
14.531975 -0.886985 -1.778641 -0.224158 -2.389202 0.534225 -2.808734 0.686479
14.734543 -0.892720 -1.779851 -0.228117 -2.392887 0.530950 -2.816188 0.683150
14.939935 -0.901833 -1.780553 -0.238841 -2.399650 0.526741 -2.823593 0.679791
15.148189 -0.918196 -1.781975 -0.244599 -2.408102 0.522500 -2.830947 0.676402
15.359347 -0.920045 -1.784493 -0.250351 -2.421567 0.518230 -2.838248 0.672983
15.573448 -0.921147 -1.795161 -0.256098 -2.428066 0.514788 -2.845493 0.669535
15.790533 -0.937407 -1.804800 -0.264669 -2.447532 0.511939 -2.852680 0.666056
16.010645 -0.947848 -1.805027 -0.267573 -2.465906 0.509060 -2.859807 0.662548
16.233824 -0.953049 -1.805027 -0.273302 -2.464345 0.506153 -2.866871 0.659009
16.460115 -0.965227 -1.806109 -0.277491 -2.450040 0.503217 -2.873869 0.655440
16.689560 -0.976305 -1.806109 -0.281852 -2.461695 0.500253 -2.880800 0.651842
16.922204 -0.984627 -1.813903 -0.290451 -2.474256 0.487476 -2.887660 0.648213
17.158090 -0.996245 -1.817568 -0.321332 -2.486721 0.467423 -2.894448 0.644554
17.397264 -1.007973 -1.826227 -0.336074 -2.499081 0.441458 -2.901159 0.640864
17.639773 -1.015731 -1.828958 -0.352523 -2.511328 0.333068 -2.907792 0.637144
17.885662 -1.018951 -1.830893 -0.356178 -2.523455 0.327656 -2.914343 0.633395
18.134978 -1.021412 -1.833154 -0.373706 -2.535454 0.308999 -2.920810 0.629614
18.387770 -1.028415 -1.831254 -0.373460 -2.547003 0.305316 -2.927189 0.625804
18.644085 -1.037072 -1.835356 -0.373863 -2.557229 0.301602 -2.933477 0.621963
18.903974 -1.042212 -1.840770 -0.380431 -2.570380 0.297858 -2.939672 0.618092
19.167485 -1.047384 -1.841129 -0.384950 -2.581993 0.294084 -2.945771 0.614190
19.434669 -1.052587 -1.854062 -0.389552 -2.593224 0.290278 -2.951768 0.610258
19.705578 -1.057821 -1.852441 -0.389633 -2.603175 0.286442 -2.957663 0.606296
19.980263 -1.063086 -1.856131 -0.394527 -2.610299 0.282575 -2.963450 0.602304
20.258777 -1.069358 -1.861602 -0.408075 -2.621497 0.278258 -2.969127 0.598281
20.541173 -1.071735 -1.845023 -0.413867 -2.623073 0.272700 -2.974690 0.594229
20.827506 -1.079066 -1.849179 -0.419662 -2.638793 0.267129 -2.980135 0.590146
21.117830 -1.091033 -1.855918 -0.425460 -2.653427 0.261546 -2.985458 0.586033
21.412202 -1.117715 -1.862675 -0.431261 -2.664380 0.255952 -2.990656 0.581890
21.710676 -1.123674 -1.864943 -0.433999 -2.676013 0.250347 -2.995725 0.577717
22.013311 -1.142479 -1.864943 -0.434264 -2.684318 0.244731 -3.000660 0.573514
22.320165 -1.156353 -1.881031 -0.434815 -2.694484 0.239105 -3.005459 0.569281
22.631296 -1.164634 -1.880800 -0.446946 -2.703415 0.233469 -3.010115 0.565018
22.946764 -1.171137 -1.864943 -0.452748 -2.712587 0.227824 -3.014627 0.560726
23.266629 -1.186817 -1.845023 -0.458543 -2.720314 0.222170 -2.933170 0.556404
23.590953 -1.194159 -1.844755 -0.464333 -2.728057 0.216508 -2.940297 0.552053
23.919798 -1.200877 -1.845023 -0.470117 -2.736225 0.210838 -2.946725 0.547672
24.253227 -1.206707 -1.844755 -0.475894 -2.741103 0.205160 -2.952461 0.543262
24.591304 -1.220649 -1.850264 -0.481664 -2.746031 0.199572 -2.957513 0.538823
24.934094 -1.228053 -1.857051 -0.489803 -2.758048 0.194496 -2.961894 0.534355
25.281661 -1.235892 -1.861829 -0.490765 -2.764765 0.189396 -2.965617 0.529858
25.634074 -1.242562 -1.850124 -0.492533 -2.771201 0.184271 -2.968695 0.525332
25.991399 -1.248195 -1.850235 -0.501928 -2.781314 0.179123 -2.971146 0.520778
26.353705 -1.254279 -1.856566 -0.510406 -2.790630 0.173952 -2.972987 0.516195
26.721062 -1.260960 -1.863759 -0.516130 -2.792070 0.168757 -2.974238 0.511583
27.093539 -1.270975 -1.869326 -0.521847 -2.801124 0.163540 -2.974920 0.506944
27.471208 -1.280339 -1.875755 -0.528336 -2.799859 0.158300 -2.975056 0.502276
27.854142 -1.285629 -1.864943 -0.533062 -2.803881 0.153011 -2.912255 0.497581
28.242413 -1.290896 -1.857171 -0.537818 -2.808347 0.147738 -2.923417 0.492858
28.636097 -1.301030 -1.860119 -0.542604 -2.811808 0.142443 -2.933977 0.488107
29.035269 -1.304824 -1.854684 -0.547419 -2.815720 0.137122 -2.944690 0.483330
29.440005 -1.308736 -1.859121 -0.555964 -2.815240 0.131775 -2.956491 0.478525
29.850382 -1.313379 -1.854684 -0.561619 -2.820039 0.126407 -2.967512 0.473693
30.266481 -1.322731 -1.850124 -0.568363 -2.809734 0.121019 -2.977750 0.468835
30.688379 -1.326817 -1.844755 -0.572901 -2.807885 0.115612 -2.977591 0.463950
31.116158 -1.331925 -1.842725 -0.578528 -2.796475 0.110185 -2.984458 0.459039
31.549901 -1.339123 -1.841129 -0.584146 -2.794379 0.104738 -2.990708 0.454102
31.989689 -1.350431 -1.839660 -0.589755 -2.801834 0.099274 -2.996343 0.449139
32.435608 -1.357184 -1.839485 -0.595354 -2.790208 0.093790 -3.001369 0.444151
32.887743 -1.363228 -1.838001 -0.600944 -2.790437 0.088289 -3.005793 0.439137
33.346180 -1.385105 -1.837251 -0.606525 -2.786167 0.082771 -3.009622 0.434099
33.811008 -1.417448 -1.837251 -0.620812 -2.788995 0.077235 -3.012867 0.429035
34.282315 -1.430106 -1.838001 -0.626412 -2.791007 0.071683 -3.015538 0.423948
34.760192 -1.436833 -1.838748 -0.631999 -2.782331 0.066114 -3.017648 0.418836
35.244730 -1.445463 -1.839554 -0.637573 -2.781517 0.060529 -3.019213 0.413700
35.736022 -1.466975 -1.840857 -0.642432 -2.783663 0.054928 -3.020246 0.408540
36.234163 -1.486360 -1.841831 -0.655547 -2.783384 0.049312 -3.020767 0.403357
36.739248 -1.492179 -1.841129 -0.661738 -2.781635 0.043682 -3.020791 0.398151
37.251373 -1.501197 -1.841276 -0.669387 -2.779987 0.038037 -3.020341 0.392922
37.770637 -1.521173 -1.840770 -0.692613 -2.778452 0.032378 -3.019435 0.387671
38.297139 -1.531224 -1.841276 -0.701038 -2.777035 0.026705 -3.031619 0.382397
38.830980 -1.537782 -1.841831 -0.706514 -2.775743 0.021019 -3.035285 0.377102
39.372263 -1.567265 -1.840289 -0.713187 -2.774646 0.015321 -3.032492 0.371785
39.921091 -1.570842 -1.839485 -0.719438 -2.773914 0.009610 -3.029241 0.366447
40.477570 -1.585071 -1.839485 -0.724016 -2.783864 0.003887 -3.025564 0.361088
41.041805 -1.613894 -1.839485 -0.732305 -2.797051 -0.001848 -3.021494 0.355708
41.613906 -1.630341 -1.839485 -0.737471 -2.800508 -0.007594 -3.017065 0.350308
42.193981 -1.662417 -1.839660 -0.742622 -2.799477 -0.013351 -3.012312 0.344888
42.782142 -1.666656 -1.840289 -0.755294 -2.799294 -0.019118 -3.007268 0.339449
43.378502 -1.699108 -1.840770 -0.763598 -2.798255 -0.024895 -2.999564 0.333990
43.983175 -1.715517 -1.839660 -0.771112 -2.795864 -0.030681 -2.996171 0.328513
44.596276 -1.728185 -1.840289 -0.777555 -2.791835 -0.036477 -2.994325 0.323017
45.217924 -1.728258 -1.840770 -0.779757 -2.791459 -0.042281 -2.992895 0.317502
45.848238 -1.731613 -1.840770 -0.785035 -2.789463 -0.048094 -2.991153 0.311970
46.487337 -1.735583 -1.840289 -0.790295 -2.787614 -0.053915 -2.989122 0.306420
47.135345 -1.736850 -1.840289 -0.795538 -2.785917 -0.059744 -2.986820 0.300853
47.792386 -1.740886 -1.840289 -0.800762 -2.784379 -0.065580 -2.984271 0.295269
48.458586 -1.743268 -1.838748 -0.805968 -2.777019 -0.071422 -2.981494 0.289669
49.134073 -1.744126 -1.838001 -0.811157 -2.781787 -0.077271 -2.985381 0.284053
49.818975 -1.746755 -1.838001 -0.816326 -2.783186 -0.083126 -3.002762 0.278421
50.513425 -1.747720 -1.838001 -0.823084 -2.782607 -0.088987 -2.978248 0.272773
51.217554 -1.747720 -1.837488 -0.835317 -2.781338 -0.094854 -2.986937 0.267111
51.931499 -1.751031 -1.837488 -0.847720 -2.783358 -0.100725 -2.995049 0.261434
52.655396 -1.753479 -1.838001 -0.855351 -2.785075 -0.106601 -3.002581 0.255743
53.389384 -1.759135 -1.838001 -0.873056 -2.782801 -0.112481 -3.009532 0.250037
54.133603 -1.761967 -1.838503 -0.879218 -2.784416 -0.118365 -3.015901 0.244318
54.888196 -1.762931 -1.838503 -0.882533 -2.782874 -0.124252 -3.021689 0.238586
55.653308 -1.764106 -1.838702 -0.889849 -2.784483 -0.130143 -3.026899 0.232841
56.429085 -1.765359 -1.838702 -0.903301 -2.784348 -0.136037 -3.031535 0.227084
57.215676 -1.767873 -1.839485 -0.909477 -2.785905 -0.141934 -3.035602 0.221314
58.013231 -1.769003 -1.839660 -0.916882 -2.787523 -0.147833 -3.039107 0.215533
58.821904 -1.771052 -1.839485 -0.929599 -2.786759 -0.153734 -3.042059 0.209740
59.641849 -1.771052 -1.838748 -0.935383 -2.778128 -0.159636 -3.044466 0.203936
60.473224 -1.771216 -1.839485 -0.942416 -2.782393 -0.165540 -3.046341 0.198121
61.316188 -1.770785 -1.838503 -0.946855 -2.787530 -0.171445 -3.048701 0.192296
62.170903 -1.771216 -1.838310 -0.952085 -2.789254 -0.177351 -3.060430 0.186461
63.037532 -1.772703 -1.838702 -0.958060 -2.796550 -0.183258 -3.071651 0.180616
63.916241 -1.775080 -1.839485 -0.967648 -2.798881 -0.189165 -3.082351 0.174762
64.807198 -1.775080 -1.838748 -0.980316 -2.799972 -0.195072 -3.092520 0.168898
65.710575 -1.775080 -1.838503 -0.991345 -2.801159 -0.227610 -3.102144 0.163026
66.626545 -1.775135 -1.838748 -1.002781 -2.802436 -0.242555 -3.111215 0.157145
67.555283 -1.778578 -1.838143 -1.022933 -2.793808 -0.277719 -3.119724 0.151256
68.496967 -1.778641 -1.838001 -1.028834 -2.795561 -0.304201 -3.127662 0.145359
69.451778 -1.779259 -1.838702 -1.036865 -2.797366 -0.311597 -3.135023 0.139455
70.419898 -1.779734 -1.838748 -1.042787 -2.799218 -0.317008 -3.141801 0.133543
71.401513 -1.779894 -1.840199 -1.048702 -2.801111 -0.322415 -3.147993 0.127624
72.396811 -1.780553 -1.840289 -1.062484 -2.802972 -0.337233 -3.153595 0.121699
73.405984 -1.780763 -1.840770 -1.069080 -2.804983 -0.381326 -3.158605 0.115767
74.429223 -1.781666 -1.840770 -1.076269 -2.805020 -0.383806 -3.170615 0.109829
75.466726 -1.781812 -1.840940 -1.082973 -2.807242 -0.398991 -3.166856 0.103885
76.518692 -1.781975 -1.841129 -1.089518 -2.811034 -0.404636 -3.170100 0.097935
77.585321 -1.782484 -1.840880 -1.095082 -2.810371 -0.405435 -3.172763 0.091979
78.666818 -1.783518 -1.840940 -1.099855 -2.812010 -0.409295 -3.174849 0.086019
79.763391 -1.784493 -1.840940 -1.102122 -2.806424 -0.419243 -3.176368 0.080053
80.875249 -1.786980 -1.840770 -1.103741 -2.804824 -0.420002 -3.177328 0.074083
82.002606 -1.788781 -1.840770 -1.109831 -2.806428 -0.420780 -3.177739 0.068107
83.145678 -1.789443 -1.840940 -1.117832 -2.808077 -0.421576 -3.177615 0.062128
84.304684 -1.789803 -1.840289 -1.124403 -2.563071 -0.423119 -3.112492 0.056143
85.479845 -1.790894 -1.839485 -1.134060 -2.373275 -0.423964 -3.104615 0.050155
86.671388 -1.791068 -1.839485 -1.142289 -2.379455 -0.424829 -3.096591 0.044163
87.879540 -1.791060 -1.840289 -1.150596 -2.385592 -0.425715 -3.125737 0.038167
89.104533 -1.791794 -1.840940 -1.158982 -2.391684 -0.426621 -3.154635 0.032167
90.346602 -1.792356 -1.840940 -1.167447 -2.397243 -0.427549 -3.062915 0.026163
91.605985 -1.792864 -1.841276 -1.175993 -2.404549 -0.428499 -3.063911 0.020156
92.882923 -1.792356 -1.841142 -1.184621 -2.409696 -0.429472 -3.064392 0.014145
94.177660 -1.791908 -1.840770 -1.190850 -2.376081 -0.432477 -3.064375 0.008130
95.490446 -1.792265 -1.841129 -1.202127 -2.380237 -0.486547 -3.063877 0.002113
96.821531 -1.792356 -1.841142 -1.211006 -2.384361 -0.487867 -3.062918 -0.003909
98.171170 -1.792356 -1.841276 -1.219972 -2.388454 -0.489217 -3.061517 -0.009933
99.539623 -1.793292 -1.841515 -1.236366 -2.392397 -0.490628 -3.069164 -0.015961
100.927151 -1.793292 -1.841515 -1.243510 -2.389975 -0.492012 -3.093949 -0.021992
102.334021 -1.793483 -1.841041 -1.247396 -2.304642 -0.493487 -3.118202 -0.028027
103.760502 -1.793292 -1.841129 -1.256717 -2.314122 -0.494967 -3.141890 -0.034066
105.206867 -1.793822 -1.841129 -1.266129 -2.291271 -0.496452 -3.164982 -0.040108
106.673394 -1.794788 -1.840289 -1.275634 -2.299941 -0.498029 -3.187447 -0.046153
108.160363 -1.795131 -1.839660 -1.280759 -2.295588 -0.499586 -3.209255 -0.052203
109.668060 -1.795245 -1.840289 -1.292539 -2.269580 -0.501207 -3.106239 -0.058256
111.196773 -1.795245 -1.840289 -1.296834 -2.275424 -0.502867 -3.132890 -0.064314
112.746796 -1.796433 -1.840289 -1.301108 -2.245665 -0.504563 -3.017789 -0.070376
114.318425 -1.796433 -1.839485 -1.318972 -2.206667 -0.510466 -3.040141 -0.076442
115.911962 -1.797684 -1.839485 -1.327236 -2.202529 -0.516212 -2.962133 -0.082513
117.527712 -1.797850 -1.839485 -1.332416 -2.185941 -0.521989 -2.988979 -0.088589
119.165984 -1.798014 -1.839485 -1.338521 -2.189759 -0.527798 -3.015472 -0.094669
120.827094 -1.798247 -1.839485 -1.350765 -2.193579 -0.533641 -3.041583 -0.100756
122.511358 -1.798262 -1.839660 -1.356727 -2.202811 -0.539520 -3.067282 -0.106848
124.219100 -1.798567 -1.841129 -1.366970 -2.209438 -0.552037 -3.092538 -0.112947
125.950646 -1.798793 -1.841347 -1.378200 -2.208433 -0.669184 -3.117320 -0.119051
127.706330 -1.798793 -1.841515 -1.381803 -2.216428 -0.673144 -3.141597 -0.125163
129.486487 -1.798911 -1.841877 -1.392434 -2.229202 -0.677083 -3.165338 -0.131282
131.291459 -1.798911 -1.841877 -1.403172 -2.246840 -0.681003 -3.188511 -0.137408
133.121590 -1.798911 -1.841877 -1.410293 -2.273308 -0.684904 -3.211085 -0.143543
134.977233 -1.798872 -1.841276 -1.416680 -2.249769 -0.688785 -3.233030 -0.149686
136.858742 -1.798872 -1.841515 -1.420634 -2.262329 -0.692647 -3.254314 -0.155839
138.766479 -1.798911 -1.841515 -1.424562 -2.255525 -0.698729 -3.080021 -0.162001
140.700809 -1.799207 -1.841831 -1.428465 -2.262492 -0.703535 -3.104963 -0.168173
142.662102 -1.799207 -1.841515 -1.432342 -2.244406 -0.707303 -3.065543 -0.174356
144.650734 -1.799662 -1.841515 -1.438039 -2.274499 -0.711050 -3.092664 -0.180551
146.667087 -1.799207 -1.841502 -1.443955 -2.252440 -0.714778 -3.119196 -0.186758
148.711546 -1.799207 -1.841142 -1.449858 -2.240288 -0.718487 -3.031209 -0.192977
150.784505 -1.800117 -1.841831 -1.462041 -2.239208 -0.722175 -3.060240 -0.199210
152.886359 -1.800269 -1.841831 -1.465135 -2.255142 -0.725845 -3.088770 -0.205458
155.017512 -1.800352 -1.841831 -1.468233 -2.256639 -0.729496 -3.116766 -0.211720
157.178372 -1.800352 -1.842444 -1.478257 -2.259160 -0.733129 -3.144192 -0.217998
159.369353 -1.800352 -1.842725 -1.483207 -2.246503 -0.736743 -3.171013 -0.224293
161.590875 -1.800473 -1.843203 -1.486046 -2.252963 -0.740339 -3.197193 -0.230606
163.843365 -1.800720 -1.843186 -1.490794 -2.209553 -0.743917 -3.222697 -0.236937
166.127252 -1.801102 -1.843186 -1.500631 -2.218478 -0.777797 -3.247490 -0.243288
168.442976 -1.801174 -1.843186 -1.505354 -2.221568 -0.781265 -3.271538 -0.249659
170.790980 -1.801192 -1.843674 -1.511233 -2.224625 -0.784717 -3.294804 -0.256052
173.171713 -1.801326 -1.843419 -1.515347 -2.231142 -0.788152 -3.317255 -0.262468
175.585633 -1.801578 -1.843674 -1.519779 -2.240951 -0.791570 -3.338858 -0.268907
178.033202 -1.801631 -1.843419 -1.525328 -2.243048 -0.794973 -3.359579 -0.275371
180.514888 -1.802887 -1.843419 -1.536771 -2.253693 -0.854094 -3.379386 -0.281861
183.031168 -1.803378 -1.844233 -1.544913 -2.264526 -0.860426 -3.398248 -0.502036
185.582523 -1.803491 -1.844633 -1.557120 -2.275551 -0.865413 -3.416136 -0.505548
188.169442 -1.803685 -1.844234 -1.571840 -2.282947 -0.878719 -3.429672 -0.509199
190.792422 -1.803816 -1.844633 -1.577673 -2.293517 -0.882234 -3.445728 -0.512986
193.451965 -1.803685 -1.844633 -1.583541 -2.304274 -0.885738 -3.460735 -0.516731
196.148581 -1.803944 -1.844755 -1.595505 -2.275460 -0.911749 -3.474669 -0.521786
198.882786 -1.804354 -1.844633 -1.604805 -2.151186 -0.960353 -3.189485 -0.633670
201.655104 -1.804542 -1.845023 -1.615742 -2.154111 -0.975992 -3.217151 -0.640020
204.466067 -1.805016 -1.846016 -1.651170 -2.159832 -0.998503 -3.244237 -0.646393
207.316213 -1.805324 -1.846485 -1.678444 -2.160146 -1.052528 -3.270706 -0.652790
210.206088 -1.805324 -1.846016 -1.680964 -2.141820 -1.058536 -3.296522 -0.659214
213.136247 -1.805456 -1.846449 -1.708507 -2.117249 -1.107199 -3.304623 -0.665664
216.107251 -1.805456 -1.845799 -1.713073 -2.101897 -1.112897 -2.778427 -0.672143
219.119669 -1.805720 -1.845836 -1.713901 -2.104630 -1.118583 -2.791186 -0.678653
222.174078 -1.805792 -1.845799 -1.715256 -2.107126 -1.124256 -2.650510 -0.685193
225.271064 -1.805811 -1.846016 -1.720253 -2.101697 -1.131997 -2.605929 -0.733480
228.411221 -1.806190 -1.846485 -1.725914 -2.109422 -1.137944 -2.631174 -0.742200
231.595149 -1.806542 -1.846802 -1.728274 -2.113510 -1.143915 -2.664884 -0.751057
234.823460 -1.806729 -1.847334 -1.731613 -2.118549 -1.183427 -2.698755 -0.760056
238.096772 -1.806861 -1.847514 -1.736262 -2.121739 -1.221201 -2.732770 -0.769200
241.415712 -1.807183 -1.847538 -1.736329 -2.124256 -1.225386 -2.766909 -0.778494
244.780916 -1.807332 -1.847800 -1.737762 -2.127144 -1.229554 -2.801151 -0.787940
248.193029 -1.807376 -1.848864 -1.738244 -2.130056 -1.233705 -2.835474 -0.797544
251.652705 -1.807391 -1.849013 -1.738244 -2.129343 -1.237841 -2.641366 -0.807309
255.160607 -1.807802 -1.849052 -1.739455 -2.135697 -1.248481 -2.629832 -0.817241
258.717408 -1.807802 -1.849052 -1.739455 -2.138755 -1.262256 -2.632480 -0.854441
262.323788 -1.807887 -1.849229 -1.740886 -2.141971 -1.268194 -2.635129 -0.857648
265.980440 -1.807887 -1.849184 -1.741371 -2.146010 -1.276070 -2.637780 -0.860854
269.688063 -1.807955 -1.849970 -1.743198 -2.159884 -1.292259 -2.640434 -0.864058
273.447368 -1.808075 -1.850124 -1.743466 -2.164264 -1.299229 -2.643092 -0.867262
277.259076 -1.807942 -1.849448 -1.743466 -2.168678 -1.302769 -2.645754 -0.870465
281.123917 -1.808075 -1.850124 -1.743769 -2.171882 -1.315907 -2.648421 -0.873669
285.042632 -1.807955 -1.849229 -1.744026 -2.156409 -1.323381 -2.635441 -0.876874
289.015972 -1.808075 -1.849229 -1.744126 -2.161216 -1.327693 -2.638311 -0.880081
293.044698 -1.808075 -1.849229 -1.747506 -2.166055 -1.331504 -2.641191 -0.883290
297.129582 -1.808075 -1.849184 -1.746755 -2.165252 -1.335350 -2.644083 -0.886503
301.271407 -1.808075 -1.849013 -1.746755 -2.167125 -1.339232 -2.646987 -0.889720
305.470967 -1.808075 -1.849012 -1.746755 -2.167311 -1.378658 -2.649905 -0.892943
309.729067 -1.808142 -1.849052 -1.746755 -2.170469 -1.382926 -2.652838 -0.896170
314.046522 -1.808659 -1.849184 -1.747720 -2.173643 -1.396965 -2.655786 -0.926169
318.424160 -1.808075 -1.848864 -1.744292 -2.039381 -1.400849 -2.356858 -0.929328
322.862820 -1.807955 -1.848864 -1.746755 -1.993828 -1.404721 -2.336630 -0.932494
327.363353 -1.807887 -1.847514 -1.744292 -1.980850 -1.408695 -2.359044 -0.935670
331.926620 -1.808075 -1.847799 -1.744629 -1.987655 -1.413215 -2.389661 -0.938854
336.553498 -1.808075 -1.847800 -1.747805 -1.994455 -1.417771 -2.420537 -0.942049
341.244871 -1.808075 -1.848864 -1.749478 -2.001248 -1.422365 -2.417765 -0.945255
346.001639 -1.808142 -1.848864 -1.751031 -2.007211 -1.426996 -2.449901 -0.948473
350.824714 -1.808142 -1.847514 -1.751348 -1.980938 -1.431233 -2.482278 -0.951704
355.715021 -1.808370 -1.848070 -1.751883 -1.983565 -1.435096 -2.514884 -0.954949
360.673495 -1.808827 -1.848864 -1.751978 -1.979319 -1.441109 -2.547704 -1.268533
365.701088 -1.809003 -1.848864 -1.751883 -1.981948 -1.445887 -2.580722 -1.271767
370.798763 -1.808902 -1.847058 -1.753190 -1.951440 -1.450701 -2.512844 -1.275035
375.967497 -1.808901 -1.846802 -1.753479 -1.939951 -1.470484 -2.537290 -1.315457
381.208280 -1.809003 -1.846845 -1.753479 -1.938910 -1.476480 -2.562010 -1.319152
386.522116 -1.809003 -1.846669 -1.755729 -1.935865 -1.482538 -2.586998 -1.322883
391.910025 -1.809494 -1.846449 -1.755957 -1.929111 -1.488662 -2.612246 -1.326649
397.373038 -1.809655 -1.846059 -1.756153 -1.928485 -1.494852 -2.637748 -1.330450
402.912203 -1.809792 -1.846485 -1.756153 -1.929111 -1.501112 -2.325997 -1.334286
408.528580 -1.809828 -1.846669 -1.757307 -1.934518 -1.509382 -2.330288 -1.338158
414.223247 -1.809828 -1.846658 -1.757162 -1.930187 -1.528974 -2.334598 -1.342065
419.997295 -1.809784 -1.846669 -1.757307 -1.923840 -1.541368 -2.338927 -1.346009
425.851829 -1.809555 -1.846485 -1.758104 -1.918305 -1.554493 -2.332299 -1.349988
431.787973 -1.809494 -1.846658 -1.758919 -1.910469 -1.573546 -2.338799 -1.354003
437.806863 -1.809655 -1.846743 -1.759248 -1.910469 -1.588639 -2.345400 -1.358054
443.909653 -1.809655 -1.846802 -1.759353 -1.910469 -1.593187 -2.352104 -1.362141
450.097513 -1.809792 -1.846802 -1.761110 -1.910385 -1.597750 -2.358913 -1.366265
456.371628 -1.810280 -1.846802 -1.761714 -1.909279 -1.602329 -2.365386 -1.370425
462.733201 -1.809963 -1.846669 -1.761714 -1.908685 -1.606925 -2.273816 -1.374621
469.183451 -1.810620 -1.846845 -1.761967 -1.910469 -1.611541 -2.278010 -1.378854
475.723614 -1.810792 -1.847205 -1.762329 -1.911563 -1.616176 -2.282262 -1.383124
482.354943 -1.810792 -1.847334 -1.762931 -1.914765 -1.620833 -2.286575 -1.387429
489.078709 -1.811121 -1.847058 -1.763330 -1.910469 -1.625513 -2.290951 -1.391772
495.896201 -1.811121 -1.847334 -1.764330 -1.914766 -1.630217 -2.295392 -1.396151
502.808725 -1.811164 -1.848070 -1.764765 -1.916570 -1.634947 -2.299900 -1.400568
509.817606 -1.811302 -1.847815 -1.764920 -1.915619 -1.639704 -2.304477 -1.405021
516.924187 -1.811412 -1.848864 -1.764974 -1.923840 -1.644490 -2.328328 -1.409510
524.129830 -1.811745 -1.848864 -1.765079 -1.926210 -1.649307 -2.358736 -1.414037
531.435916 -1.811965 -1.848070 -1.765079 -1.926210 -1.654155 -2.389390 -1.418601
538.843844 -1.811965 -1.848070 -1.765236 -1.928485 -1.659037 -2.420280 -1.423201
546.355035 -1.811736 -1.848070 -1.765079 -1.929556 -1.663955 -2.328463 -1.427838
553.970928 -1.811965 -1.848864 -1.765235 -1.929111 -1.670464 -2.266358 -1.432512
561.692982 -1.811965 -1.849012 -1.765079 -1.928485 -1.679230 -2.103808 -1.437223
569.522678 -1.811979 -1.849184 -1.765079 -1.928485 -1.680393 -2.134232 -1.441971
577.461515 -1.811979 -1.849184 -1.765079 -1.926210 -1.680393 -2.165015 -1.446756
585.511016 -1.811965 -1.849052 -1.764974 -1.923840 -1.680393 -2.192437 -1.451577
593.672722 -1.811965 -1.849184 -1.765079 -1.925094 -1.680393 -2.223837 -1.456435
601.948197 -1.811979 -1.849230 -1.765079 -1.926210 -1.680393 -2.255574 -1.461330
610.339029 -1.811979 -1.849230 -1.765235 -1.926210 -1.680393 -2.287639 -1.466262
618.846824 -1.811979 -1.849448 -1.765359 -1.927036 -1.680393 -2.320022 -1.471230
627.473213 -1.811979 -1.849448 -1.765359 -1.929620 -1.680393 -2.352715 -1.476234
636.219849 -1.812081 -1.849448 -1.765668 -1.929111 -1.681920 -2.265759 -1.481275
645.088409 -1.812081 -1.849970 -1.766007 -1.934111 -1.683978 -2.288815 -1.486353
654.080591 -1.812080 -1.849970 -1.766007 -1.935342 -1.683978 -2.246164 -1.491466
663.198120 -1.812080 -1.849971 -1.766007 -1.941814 -1.684475 -2.266692 -1.496616
672.442742 -1.812117 -1.849970 -1.766622 -1.947282 -1.687888 -2.287550 -1.501801
681.816229 -1.812154 -1.849970 -1.766622 -1.950253 -1.687888 -2.308737 -1.507023
691.320378 -1.812226 -1.849970 -1.766622 -1.951440 -1.690655 -2.330254 -1.512280
700.957009 -1.812225 -1.849970 -1.766622 -1.947717 -1.691390 -2.352100 -1.517573
710.727970 -1.812225 -1.849486 -1.767259 -1.947282 -1.691390 -2.374274 -1.522902
720.635132 -1.812225 -1.849486 -1.767819 -1.947282 -1.691390 -2.396775 -1.528265
730.680395 -1.812154 -1.849448 -1.767873 -1.943257 -1.691390 -2.384970 -1.533664
740.865683 -1.812154 -1.849448 -1.767873 -1.947282 -1.691390 -2.407308 -1.539098
751.192949 -1.812135 -1.849448 -1.768581 -1.947282 -1.691390 -2.429970 -1.544567
761.664172 -1.812135 -1.849486 -1.768581 -1.947282 -1.691390 -2.452954 -1.550070
772.281357 -1.812154 -1.849486 -1.768581 -1.951440 -1.691390 -2.476257 -1.555608
783.046540 -1.812225 -1.849486 -1.768581 -1.951440 -1.691738 -2.499877 -1.561179
793.961785 -1.812226 -1.849486 -1.768581 -1.947282 -1.693765 -2.523811 -1.566785
805.029181 -1.812226 -1.849448 -1.768706 -1.935342 -1.696984 -2.216477 -1.572424
816.250851 -1.812226 -1.849448 -1.769003 -1.935342 -1.696984 -2.232814 -1.578097
827.628946 -1.812244 -1.849448 -1.769633 -1.934891 -1.696984 -2.249443 -1.583803
839.165644 -1.812244 -1.849486 -1.769633 -1.934890 -1.698633 -2.266369 -1.589542
850.863158 -1.812244 -1.849970 -1.769633 -1.929111 -1.698720 -2.283592 -1.595314
862.723729 -1.812244 -1.849971 -1.769633 -1.928485 -1.698720 -2.301114 -1.601118
874.749630 -1.812277 -1.849970 -1.769633 -1.928485 -1.700514 -2.318938 -1.606955
886.943166 -1.812539 -1.849970 -1.769633 -1.929111 -1.700514 -2.337064 -1.612823
899.306672 -1.812712 -1.849970 -1.769633 -1.933189 -1.701135 -2.355493 -1.618723
911.842520 -1.812712 -1.849970 -1.769633 -1.929111 -1.701134 -2.374227 -1.624653
924.553110 -1.812712 -1.849971 -1.770413 -1.929111 -1.701134 -2.393266 -1.630615
937.440879 -1.812713 -1.849970 -1.770654 -1.929111 -1.701134 -2.412610 -1.636608
950.508296 -1.812644 -1.850124 -1.770683 -1.927999 -1.703540 -2.240047 -1.642630
963.757866 -1.812644 -1.850124 -1.770682 -1.928485 -1.703540 -2.254523 -1.648683
977.192128 -1.812539 -1.850124 -1.770785 -1.928485 -1.703540 -2.235105 -1.654765
990.813657 -1.812644 -1.850124 -1.771216 -1.928485 -1.707615 -2.249251 -1.660876
1004.625062 -1.812713 -1.850124 -1.771216 -1.928485 -1.707615 -2.263664 -1.667016
1018.628990 -1.812878 -1.850124 -1.771231 -1.929111 -1.707615 -2.278349 -1.673184
1032.828126 -1.812882 -1.850125 -1.771231 -1.929111 -1.708507 -2.291823 -1.679381
1047.225190 -1.812903 -1.850125 -1.771231 -1.929111 -1.708657 -2.304040 -1.680393
1061.822941 -1.812903 -1.850125 -1.771231 -1.929111 -1.708657 -2.316357 -1.680393
1076.624177 -1.813087 -1.850125 -1.771231 -1.929112 -1.708657 -2.328770 -1.680393
1091.631734 -1.812949 -1.850124 -1.771231 -1.934877 -1.708657 -2.272700 -1.680393
1106.848489 -1.812949 -1.851079 -1.772085 -1.934891 -1.708697 -2.280902 -1.680393
1122.277356 -1.812934 -1.850205 -1.772085 -1.934891 -1.708697 -2.274728 -1.680393
1137.921294 -1.812934 -1.850385 -1.772085 -1.930477 -1.708697 -2.284575 -1.680393
1153.783300 -1.812934 -1.851163 -1.772085 -1.934891 -1.708697 -2.294489 -1.680393
1169.866413 -1.813087 -1.851163 -1.772686 -1.934891 -1.708697 -2.292056 -1.680393
1186.173716 -1.812903 -1.850125 -1.772704 -1.926211 -1.708697 -2.297016 -1.680393
1202.708335 -1.812934 -1.850205 -1.772907 -1.926210 -1.708697 -2.306732 -1.680393
1219.473437 -1.812934 -1.850206 -1.772907 -1.928485 -1.708697 -2.316519 -1.680393
1236.472235 -1.812903 -1.850205 -1.772703 -1.923840 -1.708697 -2.244229 -1.680393
1253.707987 -1.812903 -1.850125 -1.772704 -1.918306 -1.708697 -2.253770 -1.680393
1271.183997 -1.812903 -1.850125 -1.772704 -1.920512 -1.708697 -2.263377 -1.680393
1288.903612 -1.812882 -1.849971 -1.772686 -1.923840 -1.709365 -2.273052 -1.680393
1306.870230 -1.812786 -1.849487 -1.772704 -1.920512 -1.709364 -2.282794 -1.680393
1325.087292 -1.812786 -1.849487 -1.772704 -1.920512 -1.709364 -2.292604 -1.680393
1343.558290 -1.812786 -1.849487 -1.772704 -1.920512 -1.709364 -2.254745 -1.680393
1362.286764 -1.812786 -1.849487 -1.772704 -1.920512 -1.709365 -2.262698 -1.680393
1381.276303 -1.812786 -1.849486 -1.772704 -1.920512 -1.709364 -2.270698 -1.680393
1400.530545 -1.812786 -1.849487 -1.772704 -1.920512 -1.709365 -2.278747 -1.680393
1420.053182 -1.812786 -1.849487 -1.772704 -1.918306 -1.709365 -2.286846 -1.680393
1439.847953 -1.812786 -1.849486 -1.772704 -1.917896 -1.709365 -2.192627 -1.680393
1459.918652 -1.812713 -1.849448 -1.772704 -1.916608 -1.709365 -2.202548 -1.680393
1480.269127 -1.812713 -1.849448 -1.772704 -1.916608 -1.709364 -2.212509 -1.680393
1500.903276 -1.812713 -1.849448 -1.772704 -1.914766 -1.709364 -2.222512 -1.680393
1521.825053 -1.812713 -1.849448 -1.772704 -1.914766 -1.709365 -2.147907 -1.680393
1543.038469 -1.812713 -1.849448 -1.772704 -1.914766 -1.709365 -2.158955 -1.680393
1564.547589 -1.812645 -1.849230 -1.772704 -1.911395 -1.709365 -1.984226 -1.680393
1586.356534 -1.812644 -1.849230 -1.772704 -1.911395 -1.709365 -1.984226 -1.680393
1608.469483 -1.812645 -1.849230 -1.772704 -1.911396 -1.709364 -1.984226 -1.680393
1630.890676 -1.812645 -1.849230 -1.772703 -1.911395 -1.709365 -1.984226 -1.680393
1653.624407 -1.812645 -1.849230 -1.772703 -1.911395 -1.709364 -1.984226 -1.680393
1676.675035 -1.812644 -1.849230 -1.772704 -1.911395 -1.709364 -1.984226 -1.680393
1700.046975 -1.812645 -1.849230 -1.772704 -1.911395 -1.709365 -1.984226 -1.680393
1723.744708 -1.812645 -1.849230 -1.772704 -1.911395 -1.709365 -1.984226 -1.680393
1747.772774 -1.812645 -1.849230 -1.772704 -1.911395 -1.709365 -1.984226 -1.680393
1772.135779 -1.812644 -1.849230 -1.772704 -1.911395 -1.709364 -1.984226 -1.680393
1796.838391 -1.812644 -1.849230 -1.772703 -1.911396 -1.709364 -1.984226 -1.680393
1821.885343 -1.812644 -1.849230 -1.772704 -1.911396 -1.709364 -1.984226 -1.680393
1847.281437 -1.812644 -1.849230 -1.772704 -1.911395 -1.709365 -1.984226 -1.680393
1873.031539 -1.812644 -1.849230 -1.772704 -1.911395 -1.709365 -1.984226 -1.680393
1899.140582 -1.812645 -1.849230 -1.772704 -1.911395 -1.709364 -1.984226 -1.680393
1925.613572 -1.812644 -1.849230 -1.772704 -1.911395 -1.709365 -1.984227 -1.680393
1952.455581 -1.812644 -1.849230 -1.772704 -1.911396 -1.709364 -1.984226 -1.680393
1979.671753 -1.812644 -1.849230 -1.772704 -1.911396 -1.709364 -1.984226 -1.680393
2007.267304 -1.812645 -1.849230 -1.772703 -1.911395 -1.709365 -1.984226 -1.680393
2035.247521 -1.812644 -1.849230 -1.772704 -1.911395 -1.709365 -1.984226 -1.680393
2063.617768 -1.812644 -1.849229 -1.772703 -1.911395 -1.709364 -1.984226 -1.680393
2092.383480 -1.812644 -1.849229 -1.772704 -1.911395 -1.709364 -1.984226 -1.680393
2121.550171 -1.812644 -1.849229 -1.772703 -1.911395 -1.709364 -1.984226 -1.680393
2151.123430 -1.812644 -1.849229 -1.772703 -1.911395 -1.709364 -1.984226 -1.680393
2181.108924 -1.812644 -1.849229 -1.772703 -1.911395 -1.709364 -1.984226 -1.680393
2211.512400 -1.812644 -1.849229 -1.772704 -1.911395 -1.709364 -1.984226 -1.680393
2242.339683 -1.812644 -1.849229 -1.772703 -1.911395 -1.709364 -1.984226 -1.680393
2273.596682 -1.812644 -1.849229 -1.772703 -1.911395 -1.709364 -1.984226 -1.680393
2305.289387 -1.812644 -1.849229 -1.772703 -1.911395 -1.709364 -1.984226 -1.680393
2337.423871 -1.812644 -1.849230 -1.772703 -1.911395 -1.709364 -1.984226 -1.680393
2370.006292 -1.812644 -1.849229 -1.772703 -1.911395 -1.709364 -1.984226 -1.680393
2403.042894 -1.812644 -1.849229 -1.772703 -1.911395 -1.709364 -1.984226 -1.680393
2436.540009 -1.812644 -1.849229 -1.772703 -1.911395 -1.709364 -1.984226 -1.680393
2470.504055 -1.812644 -1.849229 -1.772703 -1.911395 -1.709364 -1.984226 -1.680393
2504.941542 -1.812644 -1.849229 -1.772703 -1.911395 -1.709365 -1.984226 -1.680393
2539.859069 -1.812644 -1.849229 -1.772703 -1.911395 -1.709364 -1.984226 -1.680393
2575.263327 -1.812644 -1.849229 -1.772703 -1.911395 -1.709364 -1.984226 -1.680393
2611.161101 -1.812644 -1.849229 -1.772704 -1.911395 -1.709364 -1.984226 -1.680393
2647.559271 -1.812644 -1.849230 -1.772703 -1.911395 -1.709364 -1.984226 -1.680393
2684.464811 -1.812644 -1.849229 -1.772703 -1.911394 -1.709364 -1.984226 -1.680393
2721.884795 -1.812645 -1.849229 -1.772704 -1.911395 -1.709365 -1.984226 -1.680393
2759.826392 -1.812644 -1.849229 -1.772703 -1.911395 -1.709364 -1.984226 -1.680393
2798.296876 -1.812644 -1.849229 -1.772704 -1.911395 -1.709364 -1.984226 -1.680393
2837.303617 -1.812644 -1.849229 -1.772703 -1.911395 -1.709365 -1.984226 -1.680393
2876.854090 -1.812644 -1.849229 -1.772704 -1.911395 -1.709364 -1.984225 -1.680393
2916.955876 -1.812644 -1.849229 -1.772703 -1.911395 -1.709364 -1.984225 -1.680393
2957.616659 -1.812644 -1.849229 -1.772703 -1.911395 -1.709364 -1.984226 -1.680393
2998.844231 -1.812644 -1.849229 -1.772703 -1.911395 -1.709364 -1.984226 -1.680393
3040.646493 -1.812644 -1.849229 -1.772703 -1.911395 -1.709365 -1.984226 -1.680394
3083.031457 -1.812644 -1.849229 -1.772703 -1.911395 -1.709365 -1.984226 -1.680393
3126.007243 -1.812644 -1.849229 -1.772703 -1.911395 -1.709365 -1.984226 -1.680393
3169.582089 -1.812644 -1.849229 -1.772703 -1.911395 -1.709364 -1.984226 -1.680393
3213.764344 -1.812645 -1.849230 -1.772703 -1.911395 -1.709364 -1.984226 -1.680393
3258.562476 -1.812644 -1.849229 -1.772703 -1.911395 -1.709364 -1.984225 -1.680393
3303.985070 -1.812644 -1.849230 -1.772703 -1.911395 -1.709364 -1.984226 -1.680393
3350.040830 -1.812644 -1.849229 -1.772703 -1.911395 -1.709364 -1.984226 -1.680393
3396.738582 -1.812644 -1.849229 -1.772704 -1.911395 -1.709364 -1.984226 -1.680393
3444.087276 -1.812644 -1.849229 -1.772703 -1.911395 -1.709364 -1.984226 -1.680393
3492.095985 -1.812644 -1.849229 -1.772703 -1.911395 -1.709365 -1.984226 -1.680393
3540.773909 -1.812644 -1.849229 -1.772704 -1.911395 -1.709364 -1.984226 -1.680393
3590.130377 -1.812644 -1.849229 -1.772703 -1.911395 -1.709364 -1.984226 -1.680393
3640.174847 -1.812644 -1.849229 -1.772703 -1.911395 -1.709364 -1.984226 -1.680393
3690.916911 -1.812644 -1.849230 -1.772704 -1.911395 -1.709364 -1.984225 -1.680393
3742.366291 -1.812644 -1.849229 -1.772704 -1.911395 -1.709365 -1.984226 -1.680393
3794.532847 -1.812644 -1.849229 -1.772703 -1.911395 -1.709364 -1.984226 -1.680393
3847.426577 -1.812644 -1.849229 -1.772703 -1.911395 -1.709364 -1.984225 -1.680392
3901.057617 -1.812644 -1.849229 -1.772703 -1.911395 -1.709364 -1.984225 -1.680393
3955.436245 -1.812644 -1.849229 -1.772703 -1.911395 -1.709364 -1.984226 -1.680393
4010.572881 -1.812644 -1.849229 -1.772704 -1.911395 -1.709365 -1.984226 -1.680393
4066.478092 -1.812644 -1.849230 -1.772704 -1.911395 -1.709364 -1.984225 -1.680393
4123.162591 -1.812645 -1.849230 -1.772704 -1.911396 -1.709365 -1.984227 -1.680394
4180.637241 -1.812645 -1.849230 -1.772704 -1.911396 -1.709365 -1.984227 -1.680394
4238.913057 -1.812645 -1.849231 -1.772705 -1.911396 -1.709365 -1.984227 -1.680394
4298.001206 -1.812645 -1.849231 -1.772703 -1.911396 -1.709365 -1.984227 -1.680394
4357.913012 -1.812644 -1.849230 -1.772705 -1.911396 -1.709364 -1.984227 -1.680394
4418.659956 -1.812645 -1.849231 -1.772704 -1.911396 -1.709365 -1.984227 -1.680394
4480.253680 -1.812645 -1.849230 -1.772705 -1.911395 -1.709365 -1.984227 -1.680394
4542.705986 -1.812645 -1.849230 -1.772705 -1.911396 -1.709366 -1.984227 -1.680394
4606.028844 -1.812645 -1.849230 -1.772704 -1.911396 -1.709365 -1.984227 -1.680394
4670.234388 -1.812645 -1.849229 -1.772704 -1.911396 -1.709364 -1.984227 -1.680394
4735.334923 -1.812645 -1.849230 -1.772704 -1.911396 -1.709365 -1.984227 -1.680394
4801.342924 -1.812645 -1.849231 -1.772703 -1.911395 -1.709364 -1.984227 -1.680394
4868.271040 -1.812645 -1.849230 -1.772705 -1.911396 -1.709365 -1.984226 -1.680394
4936.132098 -1.812645 -1.849230 -1.772704 -1.911396 -1.709365 -1.984227 -1.680393
5004.939103 -1.812645 -1.849231 -1.772704 -1.911396 -1.709365 -1.984226 -1.680394
5074.705239 -1.812645 -1.849230 -1.772705 -1.911396 -1.709366 -1.984227 -1.680394
5145.443878 -1.812644 -1.849230 -1.772704 -1.911396 -1.709365 -1.984227 -1.680394
5217.168576 -1.812645 -1.849231 -1.772704 -1.911395 -1.709365 -1.984226 -1.680394
5289.893076 -1.812645 -1.849231 -1.772704 -1.911396 -1.709365 -1.984227 -1.680393
5363.631317 -1.812645 -1.849230 -1.772705 -1.911396 -1.709364 -1.984227 -1.680394
5438.397428 -1.812645 -1.849231 -1.772704 -1.911397 -1.709364 -1.984227 -1.680393
5514.205739 -1.812645 -1.849230 -1.772704 -1.911396 -1.709365 -1.984227 -1.680393
5591.070777 -1.812645 -1.849230 -1.772705 -1.911396 -1.709364 -1.984227 -1.680394
5669.007271 -1.812645 -1.849230 -1.772704 -1.911396 -1.709365 -1.984227 -1.680394
5748.030158 -1.812645 -1.849231 -1.772704 -1.911396 -1.709364 -1.984227 -1.680394
5828.154581 -1.812645 -1.849230 -1.772705 -1.911395 -1.709364 -1.984227 -1.680394
5909.395895 -1.812645 -1.849230 -1.772704 -1.911396 -1.709365 -1.984227 -1.680394
5991.769669 -1.812645 -1.849230 -1.772704 -1.911397 -1.709364 -1.984227 -1.680394
6075.291689 -1.812645 -1.849230 -1.772704 -1.911396 -1.709366 -1.984227 -1.680394
6159.977960 -1.812645 -1.849230 -1.772703 -1.911396 -1.709366 -1.984227 -1.680393
6245.844712 -1.812645 -1.849231 -1.772703 -1.911396 -1.709365 -1.984227 -1.680394
6332.908400 -1.812645 -1.849230 -1.772705 -1.911397 -1.709365 -1.984227 -1.680393
6421.185709 -1.812645 -1.849230 -1.772704 -1.911396 -1.709364 -1.984227 -1.680392
6510.693555 -1.812645 -1.849229 -1.772704 -1.911395 -1.709365 -1.984227 -1.680394
6601.449093 -1.812645 -1.849231 -1.772704 -1.911396 -1.709366 -1.984227 -1.680394
6693.469713 -1.812644 -1.849231 -1.772704 -1.911396 -1.709364 -1.984227 -1.680394
6786.773051 -1.812645 -1.849230 -1.772704 -1.911396 -1.709365 -1.984226 -1.680393
6881.376986 -1.812645 -1.849230 -1.772705 -1.911396 -1.709366 -1.984227 -1.680394
6977.299650 -1.812645 -1.849230 -1.772705 -1.911397 -1.709366 -1.984226 -1.680394
7074.559423 -1.812645 -1.849230 -1.772704 -1.911395 -1.709365 -1.984227 -1.680394
7173.174944 -1.812645 -1.849231 -1.772704 -1.911395 -1.709364 -1.984227 -1.680395
7273.165113 -1.812645 -1.849230 -1.772704 -1.911395 -1.709365 -1.984227 -1.680394
7374.549090 -1.812645 -1.849230 -1.772704 -1.911396 -1.709366 -1.984227 -1.680395
7477.346305 -1.812646 -1.849231 -1.772704 -1.911397 -1.709365 -1.984227 -1.680394
7581.576458 -1.812645 -1.849230 -1.772705 -1.911395 -1.709366 -1.984227 -1.680393
7687.259522 -1.812645 -1.849230 -1.772703 -1.911397 -1.709366 -1.984228 -1.680394
7794.415750 -1.812645 -1.849229 -1.772704 -1.911396 -1.709365 -1.984228 -1.680394
7903.065679 -1.812645 -1.849230 -1.772705 -1.911396 -1.709365 -1.984227 -1.680394
8013.230128 -1.812645 -1.849230 -1.772705 -1.911396 -1.709364 -1.984227 -1.680394
8124.930211 -1.812645 -1.849231 -1.772705 -1.911396 -1.709365 -1.984227 -1.680394
8238.187331 -1.812645 -1.849231 -1.772704 -1.911395 -1.709365 -1.984227 -1.680394
8353.023195 -1.812645 -1.849231 -1.772703 -1.911396 -1.709365 -1.984226 -1.680394
8469.459808 -1.812644 -1.849231 -1.772703 -1.911396 -1.709365 -1.984227 -1.680394
8587.519485 -1.812645 -1.849231 -1.772704 -1.911395 -1.709366 -1.984225 -1.680393
8707.224849 -1.812645 -1.849231 -1.772704 -1.911395 -1.709365 -1.984227 -1.680394
8828.598841 -1.812645 -1.849232 -1.772704 -1.911395 -1.709365 -1.984228 -1.680393
8951.664721 -1.812646 -1.849231 -1.772703 -1.911397 -1.709364 -1.984228 -1.680395
9076.446073 -1.812645 -1.849231 -1.772704 -1.911395 -1.709366 -1.984227 -1.680392
9202.966809 -1.812645 -1.849229 -1.772704 -1.911395 -1.709366 -1.984227 -1.680393
9331.251175 -1.812645 -1.849231 -1.772705 -1.911396 -1.709366 -1.984227 -1.680394
9461.323756 -1.812645 -1.849229 -1.772704 -1.911395 -1.709364 -1.984227 -1.680394
9593.209478 -1.812645 -1.849230 -1.772704 -1.911397 -1.709365 -1.984227 -1.680393
9726.933615 -1.812645 -1.849229 -1.772704 -1.911396 -1.709364 -1.984228 -1.680392
9862.521795 -1.812644 -1.849232 -1.772704 -1.911396 -1.709366 -1.984227 -1.680394
10000.000000 -1.812645 -1.849228 -1.772705 -1.911395 -1.709364 -1.984226 -1.680394
