10.000000 24428516.762942 4661189.996643 85737688.569536 820821.535006 244434869.352540 173210.135194 331482185.672007
10.139395 24235711.384147 4617117.220741 84119067.648582 828883.062584 238723086.898535 175052.389747 322512556.700237
10.280732 24373839.429124 4561436.314390 82303169.387223 836990.967839 233071975.240503 176907.911509 313752198.764377
10.424040 24246335.217760 4498636.673350 80463218.102411 845144.739034 227483171.839549 178776.642289 305197201.466563
10.569346 23883911.380763 4447335.195837 78247403.787179 848219.397781 221958272.659234 180658.519398 297770804.992094
10.716676 23686692.588051 4469666.050650 76164603.504778 850719.484903 217437658.500981 182553.475574 291291470.280653
10.866061 23508320.118521 4468359.612769 74631323.653126 853171.193468 214041632.116205 184461.438897 284897561.562722
11.017528 23427759.595533 4436598.117473 73371330.630733 855573.746620 210666909.122853 186382.332718 278589152.238972
11.171107 23250932.811576 4404943.137653 71638625.906758 857926.374984 205393501.055228 188316.075578 272366301.479186
11.326826 23084050.986379 4383469.284945 70530604.701192 860228.317114 199711460.826250 190262.581131 266229053.908028
11.484715 22870587.962837 4353598.344499 68976117.048060 862478.819951 193445572.158586 192221.758070 260177439.281163
11.644806 22823021.372870 4336885.377489 67451826.107062 864677.139273 188185664.399996 194193.510048 254211472.152015
11.807128 22600076.607923 4300513.488577 65957210.608319 866822.540146 183250140.432014 196177.735609 248331151.529571
11.971713 22368778.331025 4260155.123707 64576622.150018 868914.297383 177960429.861686 198174.328109 242536460.527723
12.138593 22305045.202420 4218556.146869 63234246.334394 870951.695992 172770428.287573 200183.175648 236827366.006730
12.307798 22285574.938397 4186307.534142 61646330.814290 872934.031629 167680607.581155 202204.160996 231203818.207495
12.479362 22088871.294095 4147737.499675 60282714.985706 874860.611045 162691348.673120 204237.161524 225665750.379453
12.653318 21806598.416666 4119246.453435 58911607.767404 876730.752537 157802941.012747 206282.049136 220213078.402972
12.829698 21650995.418655 4085416.223288 57584564.637353 878543.786392 153015582.254607 208338.690198 214845700.407270
13.008537 21412462.206787 4051773.933842 56545104.408693 880299.055326 148329378.176401 210406.945479 209563496.384976
13.189869 21135836.875589 4030256.668739 55502258.445566 883282.653721 143744342.830622 212486.670077 204366327.804559
13.373729 20919603.331216 3987923.332172 53843901.871883 886328.087386 139260398.931599 214577.713367 199254037.221957
13.560151 20721957.229438 3960361.614515 52534425.456971 889316.392552 134939819.528273 216679.918931 194226447.892864
13.749172 20430942.137877 3937183.040767 51112082.206428 892246.711766 130858441.626574 218793.124505 189283363.387198
13.940828 20182646.642552 3886342.462389 50083467.044646 895118.200643 126860397.765259 220917.161918 184424567.207437
14.135156 19971608.093601 3853804.518263 48962207.584743 897930.028344 122945893.861650 223051.857040 179649822.412540
14.332192 19693026.878524 3821446.869846 47605299.658671 900681.378048 119115055.933370 225197.029726 174958871.249314
14.531975 19443649.034822 3795666.341603 46281932.127725 903371.447412 115367930.227753 227352.493769 170351434.793144
14.734543 19188768.627122 3761082.489064 44991407.686779 905999.449029 111704483.559697 229518.056847 165827212.600118
14.939935 18956120.200927 3731160.802261 43918183.334164 908564.610871 108124603.858154 231693.520484 161385882.372591
15.148189 18713964.232993 3706360.424800 43115445.177706 911066.176730 104402823.116130 233878.679998 157027099.640372
15.359347 18436406.880377 3681584.008827 42310573.871527 913503.406645 100456306.168160 236073.324467 152750497.459701
15.573448 18164411.887462 3656831.848725 41504205.459640 915875.577318 96653201.793530 238277.236690 148555686.132275
15.790533 17957172.075896 3632104.254795 40519043.785300 918181.982526 93189958.694111 240490.193149 144442252.946577
16.010645 17746574.457853 3607401.553375 39388721.541559 920421.933514 89973741.039564 242711.963982 140409761.943806
16.233824 17463453.359355 3582724.086962 38400546.630005 922594.759383 86848700.090117 244942.312947 136457753.710686
16.460115 17233690.187031 3558072.214316 37709491.895762 924699.807465 83813585.892558 247180.997404 132585745.201444
16.689560 17042094.050176 3531814.644455 36563824.223261 925019.914657 81198113.955294 249427.768287 128793229.591197
16.922204 16813322.439896 3503219.096349 35364490.347853 922407.568279 79013248.708904 251682.370086 125079676.162962
17.158090 16560850.856814 3474723.148650 34563642.157820 919768.827887 77263551.650031 253944.540834 121444530.230449
17.397264 16336649.346003 3446326.792184 33778291.489897 919916.794739 75684819.786209 256214.012092 117887213.098697
17.639773 16124055.167244 3418030.031644 32954203.724749 927052.859681 74118353.311258 258490.508941 114407122.064555
17.885662 15913339.213333 3389832.885614 31914865.681884 934186.985449 72336708.547138 260773.749978 111003630.458870
18.134978 15702871.720685 3350685.725192 31178894.611850 937486.531051 69750895.858001 263063.447315 107676087.732150
18.387770 15449062.762772 3316982.287008 30244081.439001 939028.161614 68119229.829195 265359.306585 104423819.585297
18.644085 15259690.651269 3305839.528833 29485408.166609 940497.016036 66626234.168044 267661.026942 101246128.146880
18.903974 15079435.817356 3278041.304570 28501766.122585 941892.641634 65147426.253065 269968.301080 98756080.430059
19.167485 14873725.869200 3243560.754955 27679401.869663 943214.607183 63683159.777178 272280.815246 96456842.327500
19.434669 14665196.217517 3209287.664819 26931053.476060 941974.314981 62233782.642764 274598.249258 94188599.393310
19.705578 14392112.237305 3181994.758774 26134343.271601 937351.229888 60594851.831157 276920.276533 91448404.917294
19.980263 14189901.194642 3167848.653861 25298908.899182 933575.856560 58441768.758708 279246.564110 88348161.000618
20.258777 13921751.778496 3141015.627175 24600329.197989 929469.320390 56356249.006165 281576.772692 85340472.474093
20.541173 13705702.324475 3134444.102932 23957065.722931 926073.042342 54336829.432939 283910.556677 82423318.414240
20.827506 13505865.651290 3127646.271830 23258877.510715 929560.663640 52382040.537190 286247.564203 79594687.286162
21.117830 13279597.255394 3120623.060921 22701197.365579 933000.632130 50566737.308180 288587.437197 76852578.156513
21.412202 13084532.203754 3107258.048687 22205437.288170 934264.062203 49326502.040550 290929.811423 74195001.903255
21.710676 12863764.751660 3075173.005134 21671008.274730 935031.491401 48112264.677447 293274.316546 71619982.418468
22.013311 12658203.763928 3050976.117682 21137456.639255 935726.928434 46923605.566467 295620.576188 69125557.800465
22.320165 12454231.345664 3029568.670134 20502367.922651 936017.514375 45760108.854357 297968.208000 66709781.531491
22.631296 12190447.933316 3000769.022653 20004788.061533 936474.046001 44621362.503173 300316.823730 64370723.637338
22.946764 11961187.895014 2975331.595699 19472378.712585 937113.378957 43292757.106289 302666.029303 62106471.825272
23.266629 11724534.213250 2951485.259344 18915691.555156 935492.823680 41803334.299520 305015.424904 59915132.596756
23.590953 11500553.170807 2927679.761570 18237918.592986 933819.482666 40361551.567266 307364.605064 57852455.614623
23.919798 11310924.737555 2907671.449450 17664352.656045 932093.253905 38966088.149549 309713.158754 55873300.186489
24.253227 11074583.536275 2886780.708570 17203994.066732 930314.048333 37966595.902413 312060.669482 53951580.671060
24.591304 10871482.013544 2856826.977388 16815656.416802 928481.790037 37018438.186272 314406.715397 52086240.583449
24.934094 10646086.365560 2832882.695652 16445690.534605 926596.416461 36090656.941184 316750.869399 50276214.617139
25.281661 10462519.084160 2809599.231488 16093904.180328 924569.062907 35182911.233824 319092.699249 48520429.762725
25.634074 10279541.815596 2793520.218075 15712976.015689 919947.748136 34294863.403022 321431.767694 46817806.444154
25.991399 10087948.465515 2762255.238600 15296355.759545 919068.172548 33426179.074950 323767.632585 45167259.668805
26.353705 9899180.117335 2738807.135547 14830924.015852 918115.194643 32485397.996974 326099.847010 43567700.187634
26.721062 9688892.282970 2727740.194315 14453108.109000 916371.590015 31251964.424429 328427.959428 42018035.661572
27.093539 9458098.892915 2706009.856677 14084849.374163 914166.983865 30228852.449466 330751.513809 40517171.830323
27.471208 9232803.096118 2681024.281960 13708787.078154 911909.214779 29329606.447519 333070.049778 39064013.679706
27.854142 9039835.631234 2656053.307107 13324903.284339 909598.333823 28577809.547739 335383.102768 37657466.603694
28.242413 8864444.419916 2636497.073917 12872697.466897 907234.407013 27833391.626288 337690.204172 36296437.557358
28.636097 8719442.714062 2608370.162935 12513277.631191 904817.515458 26953011.742132 339990.881503 34979836.196955
29.035269 8542738.054261 2581266.332999 12220130.820218 901136.306096 26012530.438588 342284.658563 33706576.003524
29.440005 8386491.297349 2556392.001172 11861080.045739 896439.345649 25217397.327895 343457.259316 32475575.386432
29.850382 8206394.176856 2531551.277033 11517630.873929 891764.852691 24243422.645265 344217.151122 31285758.763455
30.266481 8064384.399003 2507169.682852 11239103.424427 887112.687328 23306548.347095 344956.059300 30136057.614108
30.688379 7921682.815480 2484312.721084 10942711.430305 882482.709909 22405520.457734 345673.708058 29163228.695767
31.116158 7755019.876024 2461515.787024 10664956.032165 877874.781016 21539108.760702 346369.825325 28304290.481261
31.549901 7575314.182098 2438779.982829 10393493.057841 873288.761392 20734142.978205 347044.142920 27460258.608258
31.989689 7409070.179444 2416106.421951 10134553.731937 868724.512000 19958620.632527 347696.396727 26631300.889052
32.435608 7235470.523825 2393496.228748 9910410.066971 864181.893953 19210676.077139 348326.326853 25817570.438065
32.887743 7089476.804358 2377862.508489 9662400.877642 859660.768545 18489459.734139 348933.677802 25019205.355979
33.346180 6934157.590376 2372910.872421 9418073.161191 855160.997225 17794138.907027 349518.198642 24236328.448365
33.811008 6786464.677492 2344391.834699 9207109.855339 850682.441593 17143048.871520 350079.643166 23469046.980615
34.282315 6649079.197771 2316059.913580 8958066.030367 846224.963345 16517771.261831 350617.770061 22717452.470868
34.760192 6503510.220641 2287917.381158 8727024.985264 841788.424336 15914543.591567 351132.343067 21981620.522440
35.244730 6379831.294755 2259966.419537 8507060.277533 837372.686514 15332644.101601 351623.131143 21261610.697079
35.736022 6229170.917504 2237095.717409 8299933.475492 832977.611906 14803401.935873 352089.908624 20557466.430199
36.234163 6082464.824268 2215034.113685 8076516.939384 828603.062646 14236920.676355 352532.455380 19869214.989021
36.739248 5954451.626581 2187524.172584 7879875.978268 824551.659013 13691086.130768 352950.556971 19196867.474334
37.251373 5824211.130609 2175685.245983 7739947.364574 821397.386599 13165261.729267 353344.004802 18540418.866372
37.770637 5697148.249859 2165496.110623 7525669.114190 816945.559172 12719154.030862 353712.596276 17899848.115071
38.297139 5584578.548993 2152418.355232 7333603.361725 812477.003996 12251136.818616 354056.134939 17275118.274710
38.830980 5448984.290069 2121301.916364 7161792.847350 808030.390558 11822921.224534 354374.430630 16666176.682723
39.372263 5336807.338017 2090473.623193 6986494.968656 803605.570967 11418595.586078 354667.299622 16072955.182212
39.921091 5216604.598627 2062740.406827 6799177.901476 799202.397517 11026813.280660 354934.564764 15495370.387440
40.477570 5107012.438971 2044713.872817 6631029.440133 794820.722687 10647231.016181 355176.055615 14933323.991359
41.041805 4986437.358126 2027701.684292 6428153.924886 790460.399128 10279513.618100 355391.608582 14386703.113965
41.613906 4897256.482329 2008476.900651 6251643.279616 786121.279628 9936620.038348 355581.067047 13855380.690071
42.193981 4793493.307475 1997791.676974 6085448.364732 781803.217118 9631238.070890 355744.281495 13339215.894841
42.782142 4683713.590104 1985469.436603 5915531.445823 778438.020023 9265995.671009 355881.109632 12838054.605232
43.378502 4573517.112425 1964179.552734 5757035.894201 776272.509308 8974335.551639 355991.416511 12351729.895288
43.983175 4465693.520744 1942980.804168 5629594.014277 774048.679941 8634701.246442 356075.074640 11977780.107121
44.596276 4363165.795465 1921874.434478 5471627.274988 771767.033487 8307538.494979 356131.964093 11629533.051316
45.217924 4257385.333823 1909567.884364 5331519.040898 769428.086595 8011185.869013 356161.972618 11290500.085942
45.848238 4155288.923853 1886204.771591 5196375.879552 766469.969898 7727243.835274 356164.995733 10960470.810826
46.487337 4053567.785061 1859122.007409 5050643.440535 761958.147822 7452489.857156 356140.936826 10639238.491610
47.135345 3955183.988066 1838397.548451 4917615.458015 757415.869195 7186661.520385 356089.707243 10326600.031330
47.792386 3875058.412966 1836556.338982 4790001.998795 752844.162217 6929502.884736 356011.226375 10022355.941191
48.458586 3789016.071761 1814750.561215 4657238.812342 748244.056254 6680764.346104 355905.421739 9726310.310559
49.134073 3700336.339809 1791917.422790 4554436.391721 743616.581320 6440202.500707 355772.229051 9438270.776203
49.818975 3626526.456067 1780945.751409 4441609.175066 738962.767573 6207580.011425 355611.592299 9158048.490803
50.513425 3534927.879759 1767081.354503 4332657.245402 734283.644805 6027747.188494 355423.463804 8885458.090769
51.217554 3451679.924121 1738454.805495 4222939.568227 729580.241945 5825707.474227 355207.804280 8620317.663378
51.931499 3368127.722664 1710234.904118 4120803.542057 724853.586565 5691268.398005 354964.582888 8362448.713276
52.655396 3286153.046190 1690246.019469 4019726.403102 720104.704396 5557491.948039 354693.777281 8111676.128359
53.389384 3210809.976392 1684165.125968 3917834.516438 715334.618848 5344423.739822 354395.373646 7867828.145072
54.133603 3141212.257268 1671192.956133 3818525.381815 710544.350538 5130937.659047 355643.257120 7630736.313153
54.888196 3073598.035340 1645057.100764 3721733.531721 706226.753838 4948745.064409 356886.500990 7400235.459844
55.653308 3003118.570128 1619224.328455 3627395.158116 702419.942717 4818795.643927 358105.518789 7152066.518780
56.429085 2931493.677801 1592368.923374 3535448.070362 698629.208342 4685420.391988 359299.970824 6909917.195843
57.215676 2859777.534198 1568464.604815 3445831.654226 694854.407849 4592278.309240 360469.523242 6702493.470892
58.013231 2788347.005822 1543535.763132 3358486.831926 691095.397984 4436077.532163 361613.848185 6500813.281824
58.821904 2721216.890191 1519738.514081 3271224.559778 687352.035067 4271802.427628 362732.623947 6304736.116039
59.641849 2655379.636773 1494574.883609 3187206.126409 683624.174978 4114221.802975 363825.535130 6114124.225713
60.473224 2593301.826519 1470540.554299 3106911.549183 679821.276659 4011598.373024 364892.272789 5928842.596206
61.316188 2527296.329954 1448288.773291 3030693.547532 676079.436537 3916632.095502 365932.534573 5748758.914099
62.170903 2470243.256255 1431592.747817 2953871.631688 672532.163663 3823797.758399 366946.024867 5573743.534884
63.037532 2413784.389020 1411905.333703 2878996.995125 668864.864469 3732008.358146 367932.454919 5403669.450326
63.916241 2357233.713173 1397329.965821 2806020.278275 665212.340444 3641280.484204 368891.542974 5238412.255540
64.807198 2302318.240653 1383513.850145 2730510.983021 661574.444533 3563230.886898 369823.014390 5077850.115785
65.710575 2246572.203036 1364934.127170 2658260.002759 657951.029139 3479999.318985 370726.601757 4921863.733019
66.626545 2191786.545654 1341164.122078 2588456.153946 653673.334734 3361205.426136 371602.045009 4770336.312237
67.555283 2138173.727125 1317732.734856 2523482.837012 646614.779750 3274676.710851 372449.091528 4623153.527606
68.496967 2095336.044760 1299842.438629 2460140.427330 642796.842079 3188231.649002 373267.496241 4480203.488432
69.451778 2049306.374517 1278766.956443 2393084.811038 637576.098562 3107081.483730 374057.021719 4341376.704980
70.419898 2000650.551080 1257559.635025 2331641.174217 628189.536129 3034927.712933 374817.438256 4206566.054174
71.401513 1951504.790719 1236659.030735 2272365.263599 620809.936548 2968300.750865 375548.523960 4075666.745189
72.396811 1908236.450909 1216061.069784 2214910.191340 616528.125120 2879120.756384 376250.064820 3948576.284975
73.405984 1865917.255708 1195761.734049 2156267.501300 612232.882317 2807241.948572 376921.854776 3825194.443719
74.429223 1823473.673203 1182508.844355 2098461.971806 607924.881943 2729248.027775 377563.695786 3705423.220279
75.466726 1778931.030086 1169347.813901 2042152.194181 603604.789593 2655008.079523 378175.397876 3589166.807605
76.518692 1735227.339105 1155967.386097 1993499.506269 599416.848032 2565354.931317 378756.779194 3476331.558172
77.585321 1692806.159184 1143235.107874 1944948.926444 595162.579321 2491029.101069 379307.666048 3366825.949441
78.666818 1651195.571203 1128967.409573 1894239.670394 590578.490365 2417965.644579 379827.892949 3260560.549373
79.763391 1612033.004020 1105989.967980 1846368.506242 586216.516764 2346173.432538 380317.302636 3157447.982012
80.875249 1572501.328430 1082807.069488 1799707.140613 581845.651058 2275660.605429 380775.746100 3057402.893158
82.002606 1533334.416834 1060521.634999 1751185.291890 577466.506746 2206434.546438 381203.082604 2960341.916144
83.145678 1496322.494451 1048999.040670 1704462.349198 570304.162827 2126546.374390 381599.179689 2866183.637745
84.304684 1460760.202126 1033064.430415 1665520.347200 561713.300353 2078597.649176 381963.913184 2774848.564225
85.479845 1423834.095984 1019134.946125 1622225.810426 553242.366958 2016109.020581 381587.280611 2686259.087538
86.671388 1388917.597727 997816.958715 1583503.837349 546509.931473 1963060.073958 379494.597693 2600339.451720
87.879540 1356514.690147 976893.266662 1543485.579196 543550.964113 1911406.979796 377385.195434 2517015.719454
89.104533 1322405.656220 957450.970993 1504478.661178 539284.372637 1861113.009673 375259.446022 2436215.738849
90.346602 1289222.143240 945041.432032 1465067.649086 533429.709161 1812142.401585 373117.719361 2363876.648963
91.605985 1257606.716383 932544.599142 1428202.878189 525873.380814 1764460.334517 370960.382930 2302242.992293
92.882923 1226766.590525 921509.283099 1392029.440244 519257.272745 1718032.903685 368787.801657 2241294.694217
94.177660 1196682.753060 902485.538998 1357351.701263 513317.999359 1664816.393629 366600.337795 2181054.782229
95.490446 1167336.657627 888923.646213 1323081.448578 508491.889799 1618219.874796 364398.350800 2130984.510522
96.821531 1140170.746239 882230.646555 1289789.406051 503479.484233 1576644.210313 362182.197218 2082033.927439
98.171170 1112624.726098 874361.886108 1257335.074683 495745.726198 1536045.359853 359952.230577 2033429.136382
99.539623 1085398.539514 858296.255556 1226553.039312 489616.112761 1501158.822716 357708.801282 1985189.838557
100.927151 1058654.244309 844562.694704 1195648.091761 484091.160117 1457699.253631 355452.256515 1937335.601092
102.334021 1031054.407990 826902.554858 1166171.377241 476657.065901 1419913.304664 353182.940147 1889885.824143
103.760502 1005861.820447 808732.063429 1135526.845503 469327.100412 1367699.764686 350901.192644 1842859.707239
105.206867 982375.597626 789710.463131 1107794.209891 462329.170415 1331364.009098 348607.350991 1796276.214975
106.673394 958581.145597 771182.579528 1080657.799706 459892.974269 1296922.347970 346301.748613 1750154.042170
108.160363 935475.434140 753623.214103 1053945.466040 452723.412273 1263302.984642 343984.715303 1703761.077084
109.668060 913281.707686 738982.574679 1027591.964721 445654.806614 1230488.676941 341656.577159 1646599.065348
111.196773 891970.505189 728649.984388 1001410.416089 438685.792881 1198462.460720 339317.656524 1590642.862689
112.746796 870845.709510 718378.214676 976245.481097 432677.716282 1167207.648258 334323.683300 1535901.017486
114.318425 849629.661295 708167.487127 951873.038506 426911.803314 1143208.543052 329302.792882 1482380.621805
115.911962 828755.382696 694378.950300 928109.065782 421199.947634 1117324.239834 324351.758087 1430087.301089
117.527712 809812.305103 681357.944956 904814.532630 415541.840403 1088544.719836 319469.627366 1379025.208200
119.165984 790244.937484 666076.384072 882266.537196 409937.175802 1059675.591630 314655.462384 1329197.021910
120.827094 770728.747834 650290.936433 859001.649453 403871.646262 1031516.726991 309908.337842 1288328.029375
122.511358 752308.807259 634879.590569 837319.065350 398620.288820 1004052.600110 305227.341282 1251491.477368
124.219100 733872.196902 619833.480583 816183.784566 393440.823341 977267.955126 300611.572913 1215212.041607
125.950646 716372.389944 608099.647503 795581.992284 388046.928888 951147.803870 296060.145428 1179498.787057
127.706330 698793.569834 594382.563880 774713.526462 382704.990682 925677.423535 291572.183826 1144360.343599
129.486487 681655.631948 581851.700704 754225.423869 378154.666044 900842.354281 287146.825244 1109804.885080
131.291459 664926.231505 568417.852046 735327.658817 376753.289596 876628.396777 282783.218780 1075840.109046
133.121590 648607.409112 556337.149095 717232.405453 376065.169146 858895.820714 279995.127514 1042473.217245
134.977233 632649.079106 544598.378149 699668.326954 373575.463290 836296.091194 278223.215310 1009710.897029
136.858742 617036.818501 535526.812462 682999.654339 367786.378928 808655.651678 276439.399429 977559.303742
138.766479 602014.875343 522936.444790 666151.857733 363894.414528 789990.537258 274644.041682 946024.044201
140.700809 586958.609020 514966.285450 649282.617833 359607.121825 772002.664227 272837.503452 915110.161370
142.662102 572526.817361 504525.822626 632946.839315 353953.338011 751689.314250 271020.145530 884822.120326
144.650734 558769.303345 493438.972318 616582.647232 348576.553587 733160.336703 269192.327936 855163.795591
146.667087 545596.218073 482646.955588 601195.021336 344546.359119 713007.397531 267354.409756 826138.459943
148.711546 532913.283707 471524.930778 585970.710357 339530.983893 690470.087067 265506.748978 797748.774758
150.784505 520100.386596 462490.137873 571471.375232 336234.900697 666086.710367 263649.702329 771676.973604
152.886359 508138.580359 453104.644239 556976.161032 331294.202496 644356.712552 261783.625117 751109.818315
155.017512 495625.525983 443168.024182 543423.689850 326407.542804 625595.824510 258414.201698 731090.830059
157.178372 483378.789163 433639.860078 529415.361006 321574.515590 604614.535544 254353.038257 706557.839214
159.369353 471669.368792 423795.712325 516208.618134 316794.718486 585262.398526 250349.238366 679537.920484
161.590875 460188.711393 414367.399718 503331.329355 312067.752705 569464.340664 246402.028412 659932.079728
163.843365 449086.270187 406364.436566 490754.031163 306974.834832 554745.889358 242510.645496 642879.611991
166.127252 438388.271048 398003.550526 478794.085716 302770.737417 540407.853108 238674.337282 626040.693409
168.442976 428426.794455 388319.293932 467240.425735 298199.907560 526836.103109 234892.361844 609418.625613
170.790980 418076.992314 379508.351816 455741.400621 293680.348169 513227.155529 231163.987528 593016.655899
173.171713 408388.119542 371416.014840 444609.336412 289211.677222 499969.746983 227488.492798 576837.969523
175.585633 398833.006097 363066.266493 433634.511095 284793.515819 487054.796701 223865.166101 560885.681864
178.033202 388990.697209 355387.201762 423866.362095 280365.379689 474473.458487 220293.305723 545162.830458
180.514888 379417.072299 347052.816652 413183.420041 274947.911664 462153.352487 216772.219654 529672.366942
183.031168 370264.153071 338453.819074 403273.336558 270678.210588 448787.281978 213301.225448 514417.148929
185.582523 361326.633127 330946.693324 393362.680599 266454.492811 436259.005430 209879.650089 499399.931853
188.169442 352685.938325 322683.508644 383833.558088 262276.739564 424360.534427 206506.829864 484623.360816
190.792422 343980.399627 314936.041682 374339.746449 258144.919489 413406.020659 203182.110223 470089.962457
193.451965 335489.744471 307833.720254 364853.635071 252761.777811 404421.239468 199904.845658 455802.136896
196.148581 327541.288548 300039.770447 356144.214557 247433.769196 394001.224974 196674.399573 441762.149784
198.882786 319640.886953 293112.493023 346812.237282 242208.747005 384843.993874 193490.144156 427972.124482
201.655104 311780.818527 286413.236733 338437.452735 237758.894866 374902.910285 190351.460259 415797.041202
204.466067 304180.405382 279722.641752 329794.123885 233623.223382 365218.619433 187257.737273 404802.259310
207.316213 296833.935595 272999.842426 322596.313598 229545.165379 355784.487988 184208.373011 394098.208753
210.206088 289392.778621 266810.462999 315240.383621 224766.739178 346594.053965 181202.773583 383677.201820
213.136247 282282.279546 260661.497245 307484.763957 219405.478564 337641.022303 178240.353287 373648.436917
216.107251 275496.520267 254686.683569 299829.629739 214164.962386 328919.260551 175320.534482 365556.952816
219.119669 268724.065974 248506.051012 293288.375885 210768.611017 320422.794671 172442.747487 357539.799826
222.174078 262276.663331 242410.683494 286230.752964 205556.656327 312929.421682 169606.430456 349598.182389
225.271064 255765.397802 236106.372965 279169.046629 202982.099976 304783.667788 166811.029275 341733.311539
228.411221 249955.554305 230501.398128 272287.617797 198397.492178 297460.673053 164055.997446 333946.403453
231.595149 243514.308414 224880.807589 265579.047298 194152.019226 291786.682281 161340.795985 327036.000012
234.823460 237720.820018 219245.227235 259827.936011 189900.105975 283030.108271 158664.893309 322679.374952
238.096772 231917.071767 213458.356102 253108.428321 186165.334449 275825.795392 156027.765134 315520.536923
241.415712 226158.968742 208366.566784 247578.128139 181552.791358 268494.009256 153428.894369 307292.930756
244.780916 220582.207650 203584.376734 241376.741492 177321.421932 262688.456703 150867.771014 299279.870063
248.193029 215054.655946 198570.546535 235444.447156 173982.715591 255880.726048 148343.892059 291475.760293
251.652705 209700.047626 193681.157793 229818.732776 171031.695022 250931.190161 145856.761379 283875.152782
255.160607 204617.522594 189185.365359 224312.690728 167354.649381 245078.649934 143405.889645 276449.400398
258.717408 199645.260949 184557.744062 218595.844640 161901.438660 238782.784756 140990.794214 269081.320305
262.323788 194912.656090 180267.439067 213235.304447 157598.681097 232627.596940 138610.999044 261909.618298
265.980440 190050.782184 175967.378683 207897.916919 153925.599369 227249.403804 136266.034590 254929.060402
269.688063 185385.670471 171778.857648 202684.750658 150338.124507 222397.028024 133955.437715 248134.552140
273.447368 180813.729044 167672.529291 197604.220397 146965.882022 217457.441116 131678.751597 241521.134815
277.259076 176378.154384 163615.940715 192602.651897 143523.558139 212471.393053 129435.525635 235083.981893
281.123917 172016.489587 159677.892300 187694.206326 140322.755741 207632.720161 127225.315361 228818.395480
285.042632 167818.508863 155787.773842 182905.183041 137272.161689 202895.177607 125047.682349 222719.802890
289.015972 163602.430320 151936.450826 178272.443943 133616.626141 197681.959338 121108.803653 217257.280933
293.044698 159492.271668 148221.904090 173719.471499 130502.483403 193411.604225 116771.130699 212276.388259
297.129582 155622.084264 144605.256979 169335.256110 127460.920593 188675.412383 112584.068003 207903.692597
301.271407 151765.229811 141076.856855 165133.877994 124116.395813 184137.881137 108542.531241 205104.084277
305.470967 147976.142715 137634.550470 160985.069807 121134.095691 179641.058900 105980.628411 201005.245166
309.729067 144212.973014 134276.237120 157120.312840 118318.914920 175568.792407 102485.570380 195775.156842
314.046522 140614.846283 131085.130709 153170.867233 115569.159516 171518.296860 98768.516555 190681.153642
318.424160 137135.707970 127891.597283 149320.696636 113018.314513 167655.051661 96240.131876 185719.694678
322.862820 133750.941758 124766.031192 145794.821964 110259.878155 163495.430164 93986.839775 180887.331194
327.363353 130444.781734 121736.040324 142047.008231 107697.416388 159491.883282 91786.304514 176180.704169
331.926620 127209.042966 118770.272110 138473.747476 105194.506749 155856.207789 89637.290886 171596.541984
336.553498 124035.908283 115863.680876 134976.701449 102447.863878 152261.650195 87538.592603 167131.658145
341.244871 120998.410115 113023.455715 131566.072760 100072.908548 148552.200323 85489.031620 162782.949069
346.001639 117969.814315 110252.854433 128399.452290 97821.105730 144674.938196 83487.457475 158547.391928
350.824714 115072.031027 107550.170306 125177.820430 95751.187397 140898.873908 81532.746640 154422.042549
355.715021 112191.644702 104913.738445 122040.387998 93525.910524 137221.366161 79623.801895 150404.033361
360.673495 109419.329934 102341.934776 118989.419721 91352.349535 133639.842596 77759.551708 146490.571410
365.701088 106725.635244 99886.226707 115994.470013 89229.302540 130744.356802 75938.949634 142678.936413
370.798763 104066.656573 97438.527871 113079.594504 87155.595584 127372.936702 74160.973731 138966.478865
375.967497 101524.841235 95112.573222 110345.552219 85130.081996 124374.207173 72424.625983 135350.618204
381.208280 99023.912476 92809.739033 107583.776627 83149.925438 121549.898339 70728.931739 131828.841011
386.522116 96560.425202 90548.681640 105007.041889 81219.180857 118566.894462 69072.939170 128398.699267
391.910025 94195.928415 88342.708774 102333.635965 79331.630742 115537.884877 67455.718731 125057.808648
397.373038 91855.609952 86190.478449 99704.074397 77395.691185 112568.630789 65876.362643 121803.846870
402.912203 89573.437213 84016.140318 97173.886487 75505.579999 109658.408203 64333.984379 118634.552075
408.528580 87393.976200 82027.354055 94652.860277 73661.627976 107147.388876 62827.718167 115547.721255
414.223247 85218.512409 80043.308522 92303.533823 72074.516506 104729.171663 61356.718509 112541.208726
419.997295 83072.135764 78093.270558 90004.322809 70296.675201 101970.270439 59920.159700 109789.889419
425.851829 81022.248441 76140.716365 87752.004231 68574.020224 99473.232035 58517.235370 107286.496599
431.787973 79024.333412 74272.262118 85542.888791 66978.602375 97200.755799 57147.158026 104830.381430
437.806863 77065.523554 72449.658783 83566.487238 65420.302930 94882.417029 55809.158615 102420.908326
443.909653 75189.145987 70661.292570 81462.904384 63898.258304 92641.756366 54502.486088 100057.444255
450.097513 73322.147132 68935.970049 79417.362363 62411.625007 90226.998883 53226.406983 97739.358841
456.371628 71481.137306 67236.729820 77434.061576 60942.523576 87875.183360 51980.205008 95466.024467
462.733201 69703.935848 65578.013092 75464.423661 59470.993653 85584.669180 50763.180643 93236.816380
469.183451 67979.027900 63955.484658 73572.594752 58038.032513 83353.858491 49574.650746 91051.112790
475.723614 66301.537034 62376.609106 71733.273882 56679.988749 81181.195090 48413.948171 88908.294974
482.354943 64652.159356 60847.672418 69953.911894 55266.183836 79065.163335 47280.421389 86807.747379
489.078709 63052.195232 59360.423456 68304.759910 53942.961389 77004.287092 46173.434127 84748.857718
495.896201 61506.047610 57891.723152 66585.177368 52693.876863 75074.253242 45092.365010 82731.017073
502.808725 59975.298165 56477.718755 64860.641358 51457.705795 73257.178153 44036.607210 80753.619991
509.817606 58494.121792 55124.284665 63274.794675 50194.497885 71409.939127 43005.568107 78816.064585
516.924187 57063.915553 53771.562906 61681.842259 48965.829445 69637.012950 41998.668958 76917.752626
524.129830 55701.802168 52494.578938 60216.626020 47818.294299 67849.449836 41015.344567 74489.088277
531.435916 54344.954597 51201.538240 58708.467992 46658.638576 66041.089319 40055.042974 72665.588986
538.843844 53015.596824 49940.347579 57238.456717 45541.249366 64280.926212 39117.225141 70921.034278
546.355035 51706.055821 48710.222427 55817.456260 44414.565652 62704.690548 38201.364650 69211.435325
553.970928 50428.861858 47497.864842 54397.593986 43393.317625 61023.278182 37306.947409 67536.273510
561.692982 49185.197301 46323.906145 53013.849605 42395.551704 59638.061586 36433.471362 65895.033239
569.522678 47968.893931 45187.728457 51730.499175 41420.727952 58105.475916 35580.446209 64287.202033
577.461515 46783.470344 44078.844706 50447.784518 40468.318848 56585.537673 34747.393128 62712.270631
585.511016 45627.869420 42986.259067 49174.669111 39537.808999 55105.358372 33933.844508 61169.733076
593.672722 44503.591123 41931.328168 47894.221408 38628.694864 53663.897989 33139.343687 59659.086815
601.948197 43401.596165 40897.185283 46718.087218 37740.484480 52260.143703 32363.444694 58179.832779
610.339029 42329.531090 39899.598830 45529.873990 36872.697196 50954.511702 31605.712001 56731.475478
618.846824 41277.313617 38916.796298 44394.358441 36024.863412 49686.898229 30865.720276 55313.523082
627.473213 40253.416417 37968.128800 43261.840961 35196.524327 48377.567102 30143.054146 53925.487504
636.219849 39261.057987 37042.309310 42158.214446 34366.069660 47102.738994 29437.307962 52566.884480
645.088409 38290.169188 36133.309980 41082.741875 33534.057157 45861.504695 28748.085574 51237.233644
654.080591 37343.289549 35253.973077 40064.518981 32722.187917 44656.656974 28075.000106 49936.058609
663.198120 36419.825348 34400.924998 39084.442563 31952.915157 43495.057111 27417.673742 48662.887032
672.442742 35525.238023 33578.308331 38098.436083 31204.084930 42363.672547 26775.737509 47417.250690
681.816229 34649.098495 32775.362595 37137.988453 30449.460937 41261.717328 26148.831076 46198.685542
691.320378 33791.997761 31986.506328 36210.901196 29709.069320 40188.425943 25536.602545 45006.731794
700.957009 32948.754755 31211.896593 35295.872110 28986.680641 39143.717166 24938.708261 43840.933965
710.727970 32140.930011 30438.338561 34431.557726 28283.182572 38217.609387 24354.812611 42700.840939
720.635132 31354.258015 29688.456121 33555.879921 27628.645989 37322.044334 23784.587843 41586.006026
730.680395 30579.774864 28965.820867 32710.242450 26989.256859 36392.929318 23227.713877 40495.987012
740.865683 29817.338590 28248.955547 31881.075644 26361.675100 35491.074217 22683.878128 39430.346210
751.192949 29081.836467 27549.831684 31094.424773 25722.855903 34615.753840 22152.775329 38388.650509
761.664172 28362.677756 26868.010202 30295.638640 25099.517132 33759.745240 21634.107360 37370.471417
772.281357 27668.480369 26207.588228 29526.351802 24491.283652 32922.660035 21127.583083 36375.385101
783.046540 26975.007460 25567.855640 28769.331872 23897.789418 32036.337827 20632.918174 35402.972430
793.961785 26302.704314 24956.449757 28034.911701 23318.677257 31294.103493 20149.834967 34452.819007
805.029181 25654.658229 24335.199147 27314.414720 22753.598648 30488.017456 19678.062297 33536.294818
816.250851 25022.491330 23742.336557 26630.668182 22202.213520 29696.273222 19217.335348 32626.231508
827.628946 24405.957969 23164.919217 25962.046407 21664.190038 28917.335337 18767.395504 31754.733834
839.165644 23797.677942 22607.409522 25306.000112 21139.204413 28173.933297 18327.990204 31050.126086
850.863158 23205.611663 22068.444224 24652.733229 20626.940699 27442.283583 17898.872800 30358.463864
862.723729 22621.713908 21519.378866 24021.047454 20115.540340 26729.634103 17479.802419 29679.536959
874.749630 22068.554626 20978.086362 23419.757679 19616.474982 26035.491438 17070.543828 29013.138213
886.943166 21529.107017 20457.261960 22833.519262 19129.791405 25359.374984 16670.867302 28359.063501
899.306672 20987.326573 19959.420660 22258.506068 18655.182420 24700.816619 16280.548494 27709.316261
911.842520 20465.168942 19473.694665 21687.469626 18206.078209 24059.360376 15899.368308 27040.513966
924.553110 19959.910788 18997.637080 21153.266205 17785.610760 23434.562129 15527.112781 26384.946381
937.440879 19467.126793 18534.774013 20622.815108 17351.275033 22831.810522 15163.572957 25742.391195
950.508296 18986.508989 18079.883749 20099.477102 16927.527996 22283.580251 14808.544774 25112.629368
963.757866 18517.757008 17641.231638 19589.632995 16533.889328 21721.270617 14461.828946 24495.445112
977.192128 18060.577897 17207.414253 19096.506571 16139.743814 21205.003157 14123.230855 23890.625883
990.813657 17613.256437 16792.875613 18613.948601 15748.631407 20687.332779 13792.560439 23297.962356
1004.625062 17177.889013 16385.028004 18143.617033 15366.996779 20153.386516 13469.632083 22717.248408
1018.628990 16753.484962 15986.092679 17685.106432 14997.099011 19627.225363 13154.264523 22148.281100
1032.828126 16338.830642 15588.674838 17240.377878 14650.181427 19131.003062 12846.280735 21590.860654
1047.225190 15930.887143 15202.176014 16812.636287 14311.288849 18653.202015 12545.507842 21044.790430
1061.822941 15531.870885 14828.626553 16393.304949 13967.155253 18185.315756 12251.777013 20509.876904
1076.624177 15152.388477 14461.630061 15981.912194 13619.990416 17711.110122 11964.923371 19985.929640
1091.631734 14785.237894 14100.418152 15580.914864 13275.398427 17249.270014 11684.785898 19472.761268
1106.848489 14416.528560 13752.954886 15197.200986 12942.324126 16799.472984 11411.207348 18970.187453
1122.277356 14059.289916 13420.713787 14822.689274 12628.694394 16361.404994 11144.034154 18478.026870
1137.921294 13707.703504 13091.112610 14454.373042 12325.878319 15934.760193 10883.116347 17996.101171
1153.783300 13366.646763 12764.988511 14092.634825 12041.825290 15519.240707 10628.307468 17524.234958
1169.866413 13034.889819 12451.706920 13740.676801 11764.318336 15114.556430 10379.464488 17062.255752
1186.173716 12712.475965 12148.043470 13394.009760 11479.381817 14720.424818 10136.447724 16609.993958
1202.708335 12387.391612 11851.785549 13056.033334 11201.335848 14336.570698 9899.120768 16167.282831
1219.473437 12082.511809 11553.218832 12732.154803 10930.024525 13967.036689 9667.350401 15733.958446
1236.472235 11783.124746 11269.581109 12414.123839 10665.284724 13604.697767 9441.006527 15309.859659
1253.707987 11490.231681 11001.274075 12099.646369 10406.957274 13244.028059 9219.962094 14894.828074
1271.183997 11206.612048 10733.770720 11795.240986 10154.886861 12898.672895 9004.093024 14488.708002
1288.903612 10929.993152 10471.104209 11505.201240 9908.921930 12562.323313 8793.278145 14100.581128
1306.870230 10660.197050 10217.110330 11208.857639 9668.914599 12234.744482 8587.399124 13726.741248
1325.087292 10397.326673 9968.640516 10934.352514 9434.720566 11915.707692 8386.340395 13362.812751
1343.558290 10140.434081 9725.457840 10657.168529 9206.199025 11606.276342 8189.989099 13008.532862
1362.286764 9889.428519 9488.241413 10392.830243 8983.212581 11320.963563 7998.235021 12663.645774
1381.276303 9642.122778 9250.105679 10131.855101 8765.627167 11028.884124 7810.970525 12327.902462
1400.530545 9401.219460 9020.746677 9875.827910 8553.311963 10720.612276 7628.090495 12001.060501
1420.053182 9170.182145 8794.264565 9627.671873 8346.139316 10441.058443 7449.492277 11682.883897
1439.847953 8945.239976 8579.049916 9386.262109 8143.984668 10168.794337 7275.075620 11373.142910
1459.918652 8720.917174 8367.387259 9156.352915 7946.726476 9899.011154 7104.742619 11071.613892
1480.269127 8502.948286 8157.663640 8929.520974 7754.246140 9612.566468 6938.397664 10778.079125
1500.903276 8289.191349 7954.482115 8706.244880 7566.427936 9356.177007 6775.947381 10492.326660
1521.825053 8085.304801 7756.939155 8490.582821 7383.158940 9119.884086 6617.300584 10214.150172
1543.038469 7889.308128 7563.573874 8279.212721 7204.328963 8890.091836 6462.368220 9943.348803
1564.547589 7694.836246 7374.597502 8072.988104 7029.830488 8671.708802 6311.063323 9679.727021
1586.356534 7505.658388 7190.197899 7867.860931 6859.558599 8451.699046 6163.300961 9423.094478
1608.469483 7319.805478 7011.843806 7676.485971 6693.410922 8235.779326 6018.998194 9173.265874
1630.890676 7135.829438 6838.444706 7484.329799 6525.244430 8028.557450 5878.074020 8930.060818
1653.624407 6961.755753 6668.501469 7296.663557 6361.279992 7826.549519 5740.449336 8693.303706
1676.675035 6791.928478 6506.936369 7116.814990 6201.435605 7629.624345 5606.046889 8462.823588
1700.046975 6625.628104 6347.852167 6938.929855 6049.840213 7432.183605 5474.791238 8238.454044
1723.744708 6461.844537 6188.781844 6766.532254 5903.235186 7244.481686 5346.608706 8020.033069
1747.772774 6301.689784 6033.400046 6597.977016 5760.182822 7061.520233 5221.427340 7807.402953
1772.135779 6148.986221 5881.878020 6433.490094 5620.219766 6883.782323 5099.176874 7600.410167
1796.838391 5993.201534 5738.880524 6273.622513 5481.576465 6715.234618 4979.788685 7398.905250
1821.885343 5844.407703 5599.064267 6116.839947 5346.353308 6547.870227 4863.195760 7202.742707
1847.281437 5697.299831 5458.116429 5961.572407 5214.465925 6386.704583 4749.332651 7011.780899
1873.031539 5553.928962 5321.679910 5815.208842 5085.832028 6228.660070 4638.135446 6825.881941
1899.140582 5418.148027 5188.184324 5669.575898 4960.371357 6080.467651 4529.541725 6644.911607
1925.613572 5285.491374 5061.499448 5526.214045 4838.005633 5932.414678 4423.490534 6468.739225
1952.455581 5154.153736 4938.516872 5390.239862 4719.981521 5787.160974 4319.922344 6297.237592
1979.671753 5026.321733 4816.035202 5257.611366 4602.255515 5645.463771 4218.779020 6134.401994
2007.267304 4901.844842 4695.043474 5129.500925 4484.929811 5507.235989 4120.003787 5982.826542
2035.247521 4779.584392 4576.298524 5004.158548 4371.830614 5371.862121 4023.541201 5834.996380
2063.617768 4662.536407 4460.403900 4880.388962 4261.583508 5231.973238 3929.337115 5690.818966
2092.383480 4548.354830 4350.815491 4758.486604 4154.116570 5105.745979 3837.338652 5550.204044
2121.550171 4434.759301 4242.334367 4639.216435 4049.359691 4984.137818 3747.494169 5413.063588
2151.123430 4324.627981 4137.313440 4526.031806 3947.244530 4865.236953 3659.753235 5279.311747
2181.108924 4217.663383 4033.630215 4415.340193 3850.990546 4746.112832 3574.066600 5148.864791
2211.512400 4112.495743 3932.755978 4307.355726 3757.352070 4629.905435 3490.386166 5021.641060
2242.339683 4011.195016 3836.040341 4202.012199 3665.990453 4514.922704 3408.664961 4897.560911
2273.596682 3911.906055 3740.937330 4101.351068 3577.277985 4405.956902 3328.857112 4776.546668
2305.289387 3815.201499 3648.179238 3999.034340 3490.900341 4298.078139 3250.917824 4658.522577
2337.423871 3719.688685 3557.746229 3902.732554 3405.019830 4192.840761 3174.803345 4543.414753
2370.006292 3625.951986 3470.494058 3806.155966 3322.225322 4090.180093 3100.470952 4431.151137
2403.042894 3536.424376 3385.773202 3710.912416 3241.443998 3993.319957 3027.878920 4321.661453
2436.540009 3448.206360 3303.032338 3618.214571 3162.626906 3899.097991 2956.986502 4214.877158
2470.504055 3364.134343 3219.477084 3530.755214 3081.568064 3807.099182 2887.753905 4110.731406
2504.941542 3280.851142 3140.585401 3444.241228 2999.208068 3717.271075 2820.142266 4009.158999
2539.859069 3198.881738 3061.932887 3360.269685 2921.521356 3629.562454 2754.113633 3910.096354
2575.263327 3118.905592 2984.951682 3280.371274 2847.546892 3543.923308 2689.630944 3813.481456
2611.161101 3042.240290 2910.980955 3201.767338 2775.445500 3460.061508 2626.658003 3719.253824
2647.559271 2966.208507 2838.238910 3124.581896 2705.169754 3377.363252 2565.159462 3627.354470
2684.464811 2891.631852 2767.882424 3045.486469 2636.673427 3296.584858 2505.100800 3537.725864
2721.884795 2820.369280 2698.770239 2971.106082 2569.911463 3209.195782 2446.345930 3450.311900
2759.826392 2749.732110 2631.737350 2898.030317 2505.335114 3133.144846 2384.452258 3365.057854
2798.296876 2680.537790 2566.649667 2825.742320 2442.382150 3058.763488 2324.124525 3281.910358
2837.303617 2613.882215 2503.095927 2757.005770 2381.474901 2984.634852 2265.323111 3200.817360
2876.854090 2550.329876 2440.401597 2689.811023 2319.426918 2912.083277 2208.265392 3121.029434
2916.955876 2486.835107 2378.537604 2624.508075 2261.816211 2842.511675 2156.644386 3038.905983
2957.616659 2424.611248 2318.379795 2560.876833 2207.866232 2774.602185 2106.230087 2958.943442
2998.844231 2363.563907 2260.335943 2498.246344 2155.203096 2708.315098 2056.994286 2881.084950
3040.646493 2305.247210 2205.485442 2437.147587 2103.796108 2643.611654 2008.909434 2805.275144
3083.031457 2247.534542 2150.512931 2375.130490 2053.615305 2580.454018 1961.948627 2731.460116
3126.007243 2190.741863 2095.448129 2315.627110 2004.631439 2518.805259 1916.085588 2659.587378
3169.582089 2136.545370 2043.353417 2259.096289 1956.815962 2458.629330 1871.294656 2589.605823
3213.764344 2083.008097 1992.999535 2205.417143 1907.759226 2399.891045 1827.550769 2523.857924
3258.562476 2030.203315 1942.814744 2152.191609 1861.279979 2342.556055 1784.829451 2461.719791
3303.985070 1979.757660 1893.838075 2099.192501 1813.961778 2286.590837 1741.114219 2401.111518
3350.040830 1931.002353 1845.915869 2047.458132 1767.846520 2231.962665 1695.960206 2341.995438
3396.738582 1882.614766 1800.010116 1996.998752 1722.903621 2176.883089 1651.977216 2284.334814
3444.087276 1835.849303 1754.641159 1947.537917 1680.914106 2122.916922 1608.450535 2228.093811
3492.095985 1789.574232 1710.502767 1899.780041 1640.455772 2070.288606 1565.462038 2173.237479
3540.773909 1744.926368 1668.058620 1853.818398 1598.471428 2018.964977 1523.622479 2119.731726
3590.130377 1700.719212 1626.521585 1809.595316 1557.860378 1969.710949 1482.901152 2067.543300
3640.174847 1658.753289 1585.919076 1764.454935 1519.132651 1922.932551 1443.268170 2016.639769
3690.916911 1617.705183 1546.514755 1721.864105 1479.588652 1875.876963 1404.694444 1966.989498
3742.366291 1577.299709 1507.923724 1680.301342 1441.408253 1829.195521 1367.151665 1918.561632
3794.532847 1537.903444 1469.935143 1639.270644 1404.596235 1785.705218 1330.612279 1871.326074
3847.426577 1499.491181 1433.362815 1598.745836 1368.724357 1743.248924 1295.049468 1825.253469
3901.057617 1462.038342 1397.461947 1559.222851 1332.682438 1701.802056 1260.437132 1780.315186
3955.436245 1425.577332 1362.488649 1521.260049 1299.234881 1661.340614 1226.749868 1736.483296
4010.572881 1390.386948 1328.376771 1484.467545 1268.689452 1621.841169 1193.962952 1693.730561
4066.478092 1355.142247 1295.227631 1448.564888 1238.109162 1583.280849 1163.509605 1652.030411
4123.162591 1321.129660 1263.225039 1413.495036 1204.893542 1545.637326 1134.072280 1611.356931
4180.637241 1288.347425 1232.039674 1378.277002 1173.740283 1507.761153 1105.379732 1571.684844
4238.913057 1256.317150 1201.401812 1345.520234 1144.199093 1472.118124 1077.413119 1532.989495
4298.001206 1225.302498 1171.395802 1313.316335 1116.471063 1437.317686 1050.154074 1495.246838
4357.913012 1194.930185 1142.671490 1281.234453 1087.972584 1402.425689 1023.584696 1458.433416
4418.659956 1165.311153 1114.313053 1248.933158 1060.869904 1366.419664 997.687535 1422.526352
4480.253680 1136.483821 1086.367144 1218.939315 1034.138348 1333.690196 972.445584 1387.503330
4542.705986 1108.506576 1059.261878 1189.128333 1007.816762 1301.744688 947.842265 1353.342585
4606.028844 1081.110755 1032.524404 1159.485111 982.165131 1270.564362 923.861422 1320.022888
4670.234388 1054.391999 1006.461826 1131.070723 957.166402 1240.130889 900.487306 1287.523532
4735.334923 1028.333575 981.057110 1103.499248 932.803958 1210.426381 877.704565 1255.824320
4801.342924 1002.794146 956.328608 1076.610382 907.814937 1182.317654 855.498238 1224.905551
4868.271040 977.727010 932.577577 1050.183474 883.669082 1154.950596 832.575322 1194.748012
4936.132098 953.314589 909.322333 1024.499496 860.896091 1128.217003 809.898315 1165.332961
5004.939103 929.398982 886.627588 999.443662 838.902053 1100.558914 787.838966 1136.642117
5074.705239 906.520454 864.209773 975.000610 818.414890 1073.481975 766.380451 1109.016212
5145.443878 884.166621 842.381954 950.743892 798.428052 1047.071208 745.506406 1082.505348
5217.168576 862.377372 821.060274 927.594800 778.773062 1021.490587 725.200912 1056.628221
5289.893076 840.877437 800.591804 905.009817 758.951206 997.023108 705.448481 1031.369683
5363.631317 820.034249 780.522008 882.974731 739.633868 973.141693 686.234052 1006.714947
5438.397428 799.707711 760.858351 861.465189 720.492896 949.832302 667.542969 982.649578
5514.205739 779.750687 741.885637 840.231167 701.820562 927.081235 649.360979 959.159489
5591.070777 760.382202 723.498686 819.778372 683.533295 904.875118 631.674215 936.230926
5669.007271 741.530308 705.315850 799.662991 665.915091 883.200897 614.469188 913.850467
5748.030158 723.316632 687.437399 779.856578 648.657198 862.054415 597.732778 892.005010
5828.154581 705.387474 670.600341 760.540739 631.846562 842.190934 581.452221 870.681765
5909.395895 687.815523 653.748412 741.967794 615.471591 822.558660 565.615100 849.868249
5991.769669 670.774103 637.319965 723.760512 599.520995 802.245486 550.209338 828.908466
6075.291689 654.208957 621.477054 705.801319 584.185636 782.601505 535.223185 808.426898
6159.977960 637.905814 606.236112 688.603302 569.334236 763.632906 520.645213 788.451410
6245.844712 622.173279 591.106151 671.561203 554.860394 745.341821 506.464304 768.969498
6332.908400 606.721540 576.629875 655.187960 540.754512 727.488857 492.669643 750.649151
6421.185709 591.728910 561.980726 639.138033 527.007235 710.063520 479.250709 732.937663
6510.693555 576.814614 547.929927 623.522073 513.609448 693.055567 466.197270 715.644076
6601.449093 562.468256 534.508791 608.382851 500.711356 676.362498 453.499369 698.758529
6693.469713 548.437204 521.161313 593.667755 487.827025 659.508828 441.147324 682.271394
6786.773051 534.621589 508.046853 579.308577 475.425292 643.970178 429.131713 666.173272
6881.376986 521.301023 495.416694 565.236184 463.338841 629.152893 417.443374 650.454984
6977.299650 508.472255 483.100525 551.382798 451.559656 614.686442 406.073392 635.107566
7074.559423 495.953501 470.769306 538.006164 439.822750 600.552625 395.013097 620.122270
7173.174944 483.726921 458.739103 524.977972 428.552035 586.743795 384.254053 605.490550
7273.165113 471.829005 447.032944 512.131943 417.257106 573.252479 373.788055 591.199333
7374.549090 460.083483 435.864335 499.522404 406.515595 560.071376 363.607121 577.066802
7477.346305 448.620939 425.059078 487.261297 396.264245 546.702635 353.703487 563.272108
7581.576458 437.550208 414.443048 475.369937 386.271409 533.638639 344.069600 549.807173
7687.259522 426.597122 404.114096 463.713729 376.530568 521.248667 334.698113 536.664116
7794.415750 416.070860 393.761397 452.531203 367.035368 508.767104 325.581880 523.835241
7903.065679 405.724661 383.731505 441.463802 357.779615 496.261935 316.713946 511.313039
8013.230128 395.724050 374.177846 430.667073 348.757269 484.064134 308.128878 499.090178
8124.930211 385.866246 364.607812 420.134395 339.962445 472.567743 299.893625 487.159503
8238.187331 376.399364 355.477366 409.859312 331.389406 461.456367 291.878473 475.514029
8353.023195 367.094986 346.674631 399.835523 323.032558 450.606249 284.077538 464.146938
8469.459808 357.853516 337.844201 389.951907 314.880015 440.011248 276.485097 453.051575
8587.519485 348.884333 329.368572 380.136723 306.617294 429.665365 269.095576 442.221446
8707.224849 340.170650 321.093189 370.846648 298.458976 419.345798 261.903552 431.907950
8828.598841 331.820807 312.992625 361.821012 290.734252 409.089557 254.903747 421.910595
8951.664721 323.579415 305.149825 353.040615 283.377899 399.489553 248.091024 412.144648
9076.446073 315.668921 297.399426 344.473294 276.207682 390.114831 241.460381 402.604753
9202.966809 307.758467 289.896609 336.102077 269.218891 380.960103 235.006954 393.285678
9331.251175 300.056460 282.583075 327.957323 262.242394 372.020206 228.726005 384.182310
9461.323756 292.529485 275.454047 319.963543 255.553534 363.279260 222.612925 375.289658
9593.209478 285.317030 268.504870 312.138304 249.082784 354.764861 216.663227 366.602844
9726.933615 278.282403 261.731008 304.504445 242.653556 346.439682 210.872544 358.070281
9862.521795 271.421217 255.102626 297.057283 236.383874 338.309868 205.236627 349.621650
10000.000000 264.596419 248.674527 289.792255 230.222847 330.370834 199.751339 341.372364
