71703406845602.781250 78.997330 1.905989 197.237746 252.719209 1.814681 1343.804636
559406458202275.875000 82.213878 1.639503 357.646016 37.483094 1.798931 2703.470945
192100392890873.968750 48.902524 0.598203 1679.250307 258.202781 1.778197 1580.534129
25983614952690.003906 63.223942 0.315939 97.550404 34.914986 1.848864 885.805102
68678317378527.171875 92.556746 1.228117 139.221903 23.278364 1.817778 1402.208853
12181463800171.988281 85.359310 1.494925 10.092854 21.741937 1.844755 765.171325
23488523472513.164062 84.521192 -0.422136 18.029648 48.724526 1.782711 949.012947
477310279436392.500000 89.673454 1.147857 518.662851 21.243381 1.772906 2645.475201
4099218109748844.000000 4.084052 0.066567 98.671397 11.088289 1.756153 2390.758888
261331525730924.218750 32.614588 1.160556 860.259814 226.400691 1.812225 1534.693461
4450835474196860.000000 3.598975 0.140916 118.611946 15.972285 1.766007 2426.981836
12978914097160.886719 89.618543 0.591640 18.958071 25.541231 1.832099 795.341275
239490225752883.968750 30.824043 0.684811 683.539650 53.160227 1.865110 1464.541988
33497934892107.910156 22.286044 1.820724 13.784227 45.910878 1.802227 689.380185
218151479570369.625000 35.344445 1.494099 645.640674 407.977007 1.963481 1482.361375
19807165478271.371094 97.288128 -0.349609 12.487776 37.453990 1.799207 943.350205
1136012094993856.750000 85.889911 1.612289 1456.153956 235.824413 1.908685 3477.658454
377411220355403.812500 53.872672 1.975178 726.064973 256.520134 1.884517 2045.457315
40497081171242608.000000 40.998726 0.853966 2481.104706 12.436490 1.784038 8872.146394
217031076121677.375000 34.734418 1.719738 535.164364 546.695018 1.981796 1471.621458
2775811576854792.500000 98.368083 0.884627 2527.801405 15.079497 1.805231 4919.725074
108345834588028.859375 91.435137 0.782419 684.306828 82.326559 1.785292 1625.151862
15831376448524.960938 90.972584 0.682262 20.539157 30.898269 1.826342 854.409967
122072234812796.609375 7.725650 0.658864 270.054655 318.948762 1.797765 816.879207
21667638596095.210938 54.168095 -0.139220 25.304880 36.626845 1.810357 790.554624
14070728429506.873047 65.791950 0.791695 19.305744 31.274687 1.800473 732.094739
42069724505326.882812 92.208686 1.276519 12.873625 76.827186 1.791794 1189.242177
11257663141781.173828 64.731984 0.800788 21.168618 25.499241 1.801247 675.798432
956807135122792.375000 40.298517 0.827937 2630.035587 79.219985 1.842444 2531.526344
505902018720559.500000 84.879433 1.028298 1147.257218 47.717480 1.815417 2644.448025
20046667511710.105469 29.398593 1.737623 11.253153 31.304510 1.802887 631.304018
26820166852293.035156 33.704448 1.613909 33.911009 51.380313 1.855280 726.031440
206849672936322.593750 16.560081 0.413081 922.165595 35.850183 1.788762 1163.800753
33739546218765.355469 89.311167 -0.416849 33.599984 55.971941 1.796433 1092.232967
57363475991266.976562 99.664155 0.631898 212.674464 154.055742 1.801326 1356.525049
24513326135053.738281 31.778119 1.614098 35.875393 51.471272 1.851327 691.638025
81890121026633.843750 97.461292 0.770486 348.168967 212.014305 1.809792 1515.038630
485443074531784.000000 23.733195 1.575788 930.804083 311.655081 1.918305 1712.015723
2213545523772973.000000 25.045590 1.080249 194.742721 13.270153 1.741371 2884.704589
2120089548953067.750000 97.929870 0.817229 2650.462403 13.199246 1.806109 4489.756696
15317420330217.064453 91.287819 0.661303 19.872588 31.175891 1.825585 846.119718
10942870032134.410156 69.162764 0.945924 32.080659 21.925311 1.804379 685.127104
303707784025871.000000 6.548138 0.489370 1386.822899 842.863064 1.839601 1073.707883
2341658258191719.000000 94.475367 1.601663 2533.503811 278.187927 1.887183 4580.826805
211841849322148.187500 27.958426 0.478599 2595.817542 102.833177 1.779614 1364.132514
274801070411343.562500 98.550386 1.315069 929.045658 796.331972 1.778958 2277.420482
1071395227834794.000000 11.959832 0.424632 803.147453 20.044521 1.751031 1853.353731
169317653118757.531250 70.301177 1.128373 708.716658 386.317842 1.788654 1717.066871
919651707832567.750000 38.167070 0.908132 2314.966648 93.171030 1.852575 2454.568687
19064803943883.453125 32.951094 1.908272 10.584060 30.789306 1.795823 643.340446
202890401539524.843750 43.438971 0.623383 1718.869630 262.642921 1.771231 1547.273193
26702859440142.945312 52.938469 0.264806 78.128106 65.267075 1.750866 840.982420
499861000180022.000000 47.220444 0.878540 2081.378748 235.380227 1.891013 2148.558892
72201191098639.718750 85.231374 0.557304 339.112923 163.462529 1.799260 1384.011379
2390740204963713.000000 45.582751 1.939966 650.720226 73.486149 1.806542 3577.619626
2098624064597875.250000 45.216880 1.899513 677.362115 77.947457 1.815096 3416.365337
10807282722782.041016 84.907874 1.705743 31.401747 26.057240 1.811965 733.844383
2428778804218651.000000 87.528227 1.556379 2356.954019 206.327964 1.853223 4510.670215
6739658445021712.000000 36.856306 1.830035 138.633958 13.628921 1.728258 4714.270228
278883124605874.593750 90.107970 1.480454 366.484712 47.213954 1.814800 2215.485347
128746657806649.078125 6.182078 0.061880 17.276338 67.131523 1.825721 798.719085
383217720857536.687500 2.926639 0.373863 2340.434826 1425.760218 1.918463 1056.047470
17076331517723.462891 66.968653 0.879850 12.017300 31.071404 1.809655 785.749833
291450714154738.687500 49.099279 1.040949 1088.380277 465.738326 1.847815 1818.594278
45893289203904.875000 45.570450 0.794160 71.042773 12.841090 1.813406 957.842482
17249166239368.449219 91.891304 0.447034 14.353966 30.599508 1.838001 882.391178
76234608897076.000000 50.196805 0.977145 169.647550 34.118762 1.855727 1171.742330
186028014752448.500000 61.145219 1.601283 543.183320 442.516958 1.914765 1687.571519
29012501222469.507812 35.828457 0.990766 75.132949 35.812164 1.812244 759.952125
18198885082492.726562 56.811970 -0.220862 27.492694 28.882163 1.812903 758.144941
239892849460537.062500 8.452545 0.733379 908.297200 570.274977 1.859380 1041.685275
96801034933674.890625 37.021775 0.764022 272.859628 44.542413 1.845313 1147.593825
85445032056219.656250 81.506261 1.829984 228.983852 283.655163 1.834217 1440.672680
13927419877451.869141 61.473876 0.786286 27.614732 31.865628 1.806190 712.577914
12654189418501.310547 27.791877 -0.089367 2171.889020 18.139349 1.814697 532.276911
1197488985462132.750000 89.003352 0.757721 2232.807153 13.624143 1.815116 3584.966188
20613573567702.792969 27.125436 0.665448 57.307876 40.995027 1.760373 621.677698
416537386223244.312500 12.906907 0.638387 2412.739566 820.975825 1.850205 1378.038034
646710802315781.625000 86.290603 1.215818 494.304583 19.769098 1.769086 2887.061721
48069486156523288.000000 40.318994 0.919271 2750.821873 17.196739 1.813892 9342.638121
136243229997088.875000 4.307046 1.693144 15.933137 207.134284 1.816522 773.257694
204944249048557.968750 4.360998 0.081963 2137.019236 375.962161 1.841052 887.284755
157734897377601.812500 4.009505 -0.170099 2586.777888 24.484835 1.807176 805.551034
654538425237240.500000 15.052489 1.014106 2399.350906 1327.639105 1.950051 1665.949261
3205542586509689.000000 90.409175 1.408865 2919.727919 123.367306 1.801192 5005.938659
13010683113073.419922 55.979263 0.356743 32.021675 22.247301 1.820091 674.486939
478951037606032.000000 24.995004 1.253265 1143.177913 236.600934 1.843121 1730.772149
30833475256118.863281 59.949376 0.438003 21.056582 64.871100 1.757100 920.685989
284619617777065.375000 46.716954 1.164272 960.322248 172.665840 1.780601 1774.447704
506886385476158.312500 67.177596 0.975488 2765.253880 332.567586 1.698720 2435.546576
11091833044099.904297 95.108399 1.928628 30.429786 28.787053 1.831600 771.181276
122072234812796.609375 7.725650 0.658864 270.054655 318.948762 1.797765 816.879207
295726870586909.187500 51.238940 1.067213 1098.757011 382.600195 1.840841 1853.929127
10115203646341.427734 70.478018 0.945558 30.502341 22.703509 1.801631 671.833967
172010848898997.031250 4.879440 -0.117699 2149.361252 28.139037 1.822643 848.894515
172010848898997.031250 4.879440 -0.117699 2149.361252 28.139037 1.822643 848.894515
323766075254747.500000 8.476998 0.509076 1540.077428 783.860343 1.869982 1151.854752
121969259768050.359375 7.757687 0.672846 284.338599 326.186236 1.796620 817.306116
827464196423350.500000 32.748013 1.160616 2658.976824 1471.824799 1.926240 2256.487260
148496722754075.531250 7.188544 0.652368 305.844864 378.453170 1.838898 860.176148
191139922070395.906250 5.892389 0.113874 24.909118 55.889413 1.853700 904.053345
29670948764227.898438 33.754008 0.624359 16.014147 57.706014 1.778704 751.243969
478796623849885.250000 46.414889 0.744811 2882.313494 206.392617 1.865915 2105.805524
171455261674315.656250 4.810729 -0.133337 2232.265005 25.182387 1.817490 846.378950
334299954537090.375000 15.634624 0.521488 516.374727 41.633287 1.861423 1344.992689
379868823827897.187500 94.224560 0.908735 2100.739595 271.863289 1.818552 2495.907124
10200203527309.980469 34.397837 1.477204 16.928194 20.222644 1.774077 529.434549
241684452756438.218750 0.859358 0.014278 17.733898 1303.569817 1.810012 973.886611
85575302129104208.000000 97.048176 1.828448 603.869374 17.531330 1.817694 15350.580788
15702625926125.650391 69.195450 0.569618 13.616116 30.567674 1.796072 772.900455
63591830920213.468750 88.382097 0.981952 27.470998 125.316797 1.780102 1344.099227
211020178351268.187500 21.560204 0.345902 1448.132931 546.019113 1.749640 1261.033977
274801070411343.562500 98.550386 1.315069 929.045658 796.331972 1.778958 2277.420482
28874530252064.433594 81.672667 1.511822 20.322529 50.275651 1.846485 1004.210474
270325178348037.937500 97.789056 0.768451 1606.845674 415.272195 1.791377 2258.600400
66954655441016.289062 52.049829 1.789185 93.985839 187.786407 1.785329 1135.967419
55850434410641.156250 99.554339 0.648335 194.478962 148.462029 1.801102 1343.951473
60962091183619.062500 53.410774 1.768813 131.557001 211.981264 1.770845 1110.706087
51309596465853.671875 55.154466 0.973605 40.094776 107.404767 1.806768 1060.234355
383302628878201.062500 89.676548 1.474532 475.724460 52.678189 1.811412 2458.986290
222516287006126.937500 44.996274 0.524776 1530.173920 555.707564 1.746924 1614.362245
493052962911101.375000 30.353938 1.198202 1103.438728 210.258651 1.896662 1854.211979
10275465697926.148438 58.376740 1.069022 18.726916 20.922589 1.818541 632.496736
35650367517611.625000 61.473505 0.628168 131.514064 93.136200 1.762329 974.755957
191019754047814.343750 5.543492 0.102513 23.135827 55.351963 1.852017 895.290424
20549693619841.281250 52.469767 1.845893 15.199495 34.564129 1.862445 768.347790
2028178043268558.000000 89.178349 1.655338 2587.134063 374.242524 1.923840 4276.327984
1354617368082559.250000 48.826512 1.892908 585.347191 78.176144 1.823656 3029.281394
56896241718235.289062 52.592204 1.783496 107.067226 176.662555 1.792637 1079.760709
69968427768973.515625 21.640877 0.467917 218.422489 82.101769 1.860722 873.751384
25821953929443.773438 27.554876 0.038269 1354.026221 26.936569 1.807725 673.370446
851159000293167.875000 49.708768 1.887800 439.293423 68.053489 1.820566 2610.284512
21772033633784.851562 56.761671 0.825019 41.582283 42.183328 1.853917 804.584624
11788971543317.828125 59.930959 0.782686 23.558562 19.203824 1.830599 668.164313
478119454627005.625000 78.112203 1.086652 1925.213403 467.673272 1.845763 2519.177965
33341390181768.289062 13.801532 -0.098685 1210.676629 45.638017 1.813087 603.935010
211200331158464.656250 46.212491 0.669454 1614.996403 237.986218 1.788655 1600.662403
926296063641493.125000 97.842598 1.420305 307.598913 20.705131 1.886041 3405.757440
262642092180042.812500 45.761560 1.910702 535.710372 201.719917 1.869947 1715.684495
91128874779072.765625 6.771503 1.406378 11.327184 116.287906 1.815227 723.074257
128856592062074.578125 60.253144 1.145786 104.343008 10.745245 1.759135 1485.585768
91266058304937760.000000 97.737102 1.757567 659.013756 16.983910 1.816993 15723.998229
199402715984804.062500 3.168619 0.032248 2092.198186 366.403972 1.842516 853.492171
142918004141391.281250 4.194915 1.616915 20.254405 221.410892 1.822539 783.326610
661031140835004.625000 14.435337 0.719165 2728.047357 233.545133 1.907064 1653.411632
525137286161995.625000 31.645961 1.162056 1339.364730 219.080515 1.854749 1918.382317
532830476747429.687500 67.900058 1.005549 2823.545116 367.792758 1.696984 2485.705602
66271141191413.531250 92.097660 0.685516 280.003529 171.139693 1.799526 1383.139025
184919020251323.531250 5.017858 -0.097260 2043.178544 26.916433 1.817320 872.939207
421165505642413.062500 27.919778 1.137968 1424.332743 695.336865 1.916608 1714.562008
524522815928849.125000 32.827723 0.972999 2042.811668 667.962315 1.849486 1939.862184
14547170895296.351562 85.290786 1.649050 14.135874 30.570373 1.829514 811.570815
288728017787540.500000 51.007293 0.817185 1299.405246 546.876212 1.808249 1836.370528
18921062249091.031250 85.814040 1.413526 10.393564 30.327283 1.860201 887.843650
21460191360350.933594 64.154131 0.710989 67.807818 26.001141 1.823083 835.325675
113136133762898.296875 94.349036 1.480848 261.381395 63.583366 1.829158 1667.601615
12287835938596.666016 30.763566 -0.419728 65.799352 15.128361 1.826227 543.874279
24817273316040.226562 28.523495 0.006963 1032.747498 30.262787 1.806973 671.584153
2149228182025963.250000 45.578660 1.924718 561.779602 65.011535 1.812786 3452.745546
7038299356613183.000000 94.784311 1.298858 1362.543013 26.906926 1.845836 6618.706893
18275886768078.265625 56.178169 1.083843 11.736238 31.838133 1.812080 756.299354
372291455323439.312500 3.862056 0.352124 1664.328964 1337.263321 1.885939 1068.438830
484658180390353.875000 30.422671 1.187179 1098.596032 211.684914 1.887686 1844.925223
68281785004315376.000000 97.121995 1.778384 646.483273 17.932958 1.823857 14241.762744
302260939007925.000000 63.263121 0.986598 1063.456233 101.379934 1.798262 2007.516698
129677396076108.046875 88.293215 1.428667 268.653805 55.008011 1.833335 1703.837355
5895362528117544.000000 0.479869 0.573071 401.953465 165.156414 1.831685 3225.099172
26900023273341.156250 59.234051 0.894011 61.491709 60.314806 1.844234 876.105182
25951860434836.207031 63.591345 0.270090 22.880467 58.864005 1.724870 887.229532
381493883837295.937500 89.687786 1.474770 475.402734 52.659135 1.812539 2455.223402
42664424723867.312500 62.770846 1.149403 23.579869 83.177016 1.816337 1042.417972
14939535520675.185547 52.994519 -0.439011 76.022094 23.048053 1.818544 693.217521
38344761021830.718750 76.602739 -0.445698 44.470752 59.821301 1.794685 1078.869161
528515253795151.437500 67.446018 1.004604 2809.657245 362.765964 1.693764 2473.157288
263845960369578.375000 42.310360 0.763569 1369.537666 99.980944 1.820031 1674.275812
175255967921829.531250 69.644190 0.990832 684.679854 88.524323 1.808901 1731.184780
172010848898997.031250 4.879440 -0.117699 2149.361252 28.139037 1.822643 848.894515
526014910207107.062500 83.522077 1.631382 348.272731 35.833075 1.805720 2663.590057
118207438583280.015625 43.746956 0.169453 981.553010 318.636208 1.715790 1295.315878
286863278435982.687500 97.160970 0.808207 1629.804462 430.582516 1.795398 2298.355309
108899833322051.812500 30.350987 0.594806 449.155762 40.940760 1.819568 1120.789713
14320442985618.066406 28.936015 -0.436165 74.382614 15.744791 1.831254 561.589370
10972611207696.169922 50.191537 0.325956 30.080423 23.557207 1.778578 614.048509
210817587035675.250000 3.746027 0.358437 734.172030 457.629749 1.855259 881.336340
729044689436182.000000 54.007544 0.942849 2920.846595 215.351449 1.842644 2549.608186
18560006046206.226562 51.567576 -0.293301 32.886898 27.471766 1.813372 738.349483
46809524157076.437500 58.964817 1.482610 96.053048 147.378467 1.791943 1052.127067
692479373326278.000000 30.868316 0.755423 2595.055642 79.620520 1.823369 2087.384832
1699452561280142.500000 96.799069 1.250361 305.481812 12.623187 1.885799 4153.099752
84687983347529.765625 80.094811 1.160609 287.844420 92.938260 1.846891 1427.470030
134399373941601.453125 91.202357 1.362617 313.557357 61.557018 1.814285 1744.570776
116148289440818.750000 25.387496 0.367584 2377.325143 77.727641 1.743769 1084.355648
44189056689608.046875 62.532537 1.146754 23.685963 84.974501 1.810280 1053.298277
162772439536941.062500 2.331547 0.013615 278.022677 384.394965 1.757307 787.731196
16715880726704.044922 87.260463 -0.335384 12.514139 36.666690 1.773706 857.055693
2323460690947633.500000 98.239363 0.838320 2659.023116 14.234317 1.807942 4634.278939
17347689907201.853516 53.485396 -0.030774 28.121182 28.404363 1.821799 730.913605
756345478105782.625000 94.845622 1.334287 382.930538 17.152662 1.765079 3147.452903
70699941241718.968750 21.663345 0.466408 222.676639 82.504007 1.856528 877.048752
26718559786606.378906 93.181421 0.875503 18.234947 58.052126 1.770654 1026.129157
166181569571131.500000 61.761041 0.953917 670.906362 82.118809 1.806347 1630.938671
14510883360399.158203 87.338683 0.464550 14.687064 29.721282 1.801623 817.844383
15239848542693.603516 82.386130 1.793722 40.313242 39.859022 1.832942 814.075611
1704251036766898.750000 94.898619 1.255605 315.200334 13.438771 1.890528 4127.164234
16543596190626.939453 31.846867 1.340957 17.112344 32.040649 1.779894 607.084396
41304988608420.101562 77.461357 0.225241 50.510620 92.805970 1.742116 1110.336777
165981733123967.250000 5.268167 0.412152 139.907375 188.551383 1.892677 847.887197
250432528847354.562500 99.835444 1.408104 233.312516 22.438563 1.805456 2218.459781
101512408535070.843750 10.007638 1.494521 21.593299 177.812149 1.842469 810.772174
442735852006360.375000 84.130568 1.015291 1145.267348 49.775597 1.814536 2521.428523
38474785633966.546875 88.212151 0.871509 37.691933 83.950583 1.783588 1136.026146
1107762462905692.875000 40.871448 1.847274 580.755544 82.622213 1.805792 2670.510394
47097376869331.226562 93.075965 0.132806 25.180792 113.293368 1.708507 1239.039245
831522095567277.625000 33.940471 0.950867 2308.999931 140.643046 1.839888 2285.882398
17249166239368.449219 91.891304 0.447034 14.353966 30.599508 1.838001 882.391178
18761202723571.625000 51.310316 -0.204156 51.304343 25.923375 1.824206 739.754533
94420302797743.796875 66.040508 1.122046 86.343196 10.431080 1.778641 1382.681563
194239058985217.750000 97.481750 1.551583 261.614175 43.154517 1.824752 2020.653730
173844640246020.500000 59.773774 1.056895 492.490930 63.743439 1.816984 1637.010038
2628782087173628.500000 21.936162 1.001346 259.784263 15.690652 1.751348 2937.933070
86469212213209696.000000 96.823559 1.826956 598.525045 17.611666 1.820765 15390.868820
401144753522954.500000 89.652572 1.455462 445.139931 44.043103 1.821001 2496.322119
24702435371348.542969 39.217403 0.892914 67.516928 30.532071 1.803491 741.604606
204618460558043.687500 2.728310 0.120108 820.774110 471.075099 1.852468 853.876746
252984857563724.218750 99.752840 0.760880 1614.412806 368.928513 1.785241 2225.299026
201044977549438.406250 13.424924 0.336597 2844.290205 88.102345 1.772686 1091.602134
40847375444150480.000000 39.756668 0.843502 2489.663388 12.152852 1.779734 8808.687052
2619449808451066.500000 92.090121 1.453729 2477.716258 128.241099 1.807391 4711.380461
3530802856612354.000000 4.086980 0.063054 109.676279 11.596549 1.762931 2274.888893
61156851001340.304688 53.937897 1.347927 126.755953 31.672228 1.798512 1115.611149
24979310175282.386719 20.055840 -0.118096 214.001536 37.429621 1.803816 606.494495
2483767946233304.500000 46.381068 1.926952 628.789474 67.200673 1.805114 3644.455266
481607004893045.750000 12.038871 0.561106 660.281120 62.957690 1.886815 1421.981823
17572131556488.841797 63.603690 0.471198 63.276697 19.697772 1.834792 779.143208
25698498394901.457031 85.012001 1.531316 15.219694 43.243851 1.852865 979.923492
482809310809079.187500 47.954425 0.878881 1920.523652 136.872697 1.830006 2134.841551
547926325197659.750000 66.150858 0.998565 2993.811574 352.465708 1.683978 2486.152400
61885730916967.835938 98.474809 1.819452 168.536394 161.641183 1.879717 1385.200221
34548895768891.859375 79.053516 1.744877 45.311470 89.865750 1.805811 1053.766291
13678357950219.123047 28.969697 -0.436104 77.226462 16.310598 1.833492 553.265581
157425828381915.343750 4.278563 -0.158449 2612.617580 23.283745 1.807332 810.796699
243050860681762.718750 40.341460 0.611651 1952.908936 274.555104 1.796514 1603.827928
31584344530102.648438 20.195528 0.011524 183.848515 41.873033 1.795131 657.121692
136812589656124.531250 8.177175 0.427105 215.437723 285.020548 1.840146 858.079625
1109091584378331.625000 45.479714 1.928580 478.666097 72.204757 1.833264 2767.444104
25211318666420.316406 86.898938 0.947257 13.269973 52.993008 1.791677 981.406209
164930429981047.250000 40.062912 0.916222 670.379202 227.306617 1.857989 1406.187865
51894794707363.960938 17.522681 0.490379 10.070825 89.554794 1.805481 745.333447
19859762595520.605469 31.457214 1.829847 12.199569 29.476696 1.806336 642.720404
86469212213209696.000000 96.823559 1.826956 598.525045 17.611666 1.820765 15390.868820
72978184196629.640625 41.094287 1.185282 88.941849 23.298589 1.838748 1080.478894
72655918163899.734375 11.148610 0.220653 26.505895 105.697347 1.813329 743.317624
355591769626701.187500 17.088563 0.571466 879.183609 41.320233 1.791068 1406.028538
16626207628630.654297 63.968740 0.791463 20.302151 34.091516 1.809828 766.428355
141842102844346.562500 4.887585 0.062620 10.350709 112.200924 1.835640 796.221961
1953770447753891.000000 7.415765 0.814249 574.156412 58.449263 1.800117 2042.540666
319841362826811.750000 7.471130 0.648648 1115.801146 500.045902 1.984226 1118.931522
89443317375893.921875 36.076378 1.098913 152.585123 38.994773 1.854396 1108.494728
9064334774487920.000000 42.910811 1.994163 94.672200 10.397240 1.741556 5468.121859
231714626006493.468750 1.670861 -0.009595 1795.897465 393.332441 1.842517 891.194341
162151670753406.562500 2.457716 0.013400 349.637545 385.042595 1.748381 787.494896
177979613611998.187500 11.454420 0.293365 921.082348 77.350614 1.856018 1008.400270
57644582381926.992188 98.109106 0.491809 13.152690 128.175621 1.710393 1350.973168
173754112137934.062500 4.738726 0.076362 13.218316 109.063529 1.842704 848.465568
3578920419259608.500000 4.022138 0.050063 106.716623 11.283954 1.762289 2281.278455
369798280008289.812500 94.568157 0.941404 1801.430339 482.040191 1.812154 2476.922181
516670324823964.250000 55.994533 0.987454 1733.042289 168.848621 1.842770 2301.363545
176963909505021.156250 69.817428 0.988359 680.895987 89.518362 1.808827 1738.307752
179662593167930.187500 3.719484 -0.365247 234.086619 22.675755 1.781190 835.030085
666535227064810.250000 24.389763 0.882133 2871.263942 1445.885703 1.796957 1918.283040
198856712499674.406250 4.448991 0.240612 992.247554 370.400369 1.847205 880.506900
121230214674576.140625 56.831800 1.174917 123.177491 17.197879 1.800269 1426.678946
161837643406131.031250 20.128945 0.744869 660.132285 283.433348 1.851079 1131.812901
25861207897077.929688 33.412163 1.613064 33.472709 51.631614 1.855439 715.297562
8506201271676688.000000 88.987425 1.455438 2653.446994 63.924454 1.793557 6890.938943
227051692670751.062500 95.413352 0.926982 1101.906106 391.809151 1.809555 2112.038324
353327227558903.937500 71.560553 0.862447 2575.033580 258.139791 1.680393 2207.977722
237617286914325.062500 48.485000 1.753873 710.524881 584.301915 1.947282 1691.750027
1945756323234970.750000 85.099667 1.394176 2219.336716 128.766934 1.804624 4147.118814
6725735176468214.000000 38.632715 1.864858 122.893838 12.866512 1.738244 4783.221641
78536825172025.343750 99.447249 0.772258 343.574939 206.878811 1.807800 1505.088669
207600766594036.750000 81.662825 0.608737 1205.653278 369.268229 1.812934 1938.105316
331557583200056.312500 15.922367 0.541254 886.025940 41.769764 1.789373 1347.796759
203671895541635.250000 44.060163 0.631053 1704.960187 265.175765 1.772085 1556.549855
867661531821086.000000 37.166784 0.787082 2662.622380 66.992075 1.826386 2386.851049
5487108443356589.000000 36.923046 1.840477 125.083874 13.467673 1.736850 4404.560761
165704356355197.875000 80.144640 0.783532 940.918868 269.827559 1.817549 1785.805299
121969259768050.359375 7.757687 0.672846 284.338599 326.186236 1.796620 817.306116
76007103395773.484375 17.398300 0.389196 298.174792 92.990449 1.835174 844.791860
109416974753957.281250 91.835434 0.781803 675.570214 79.208314 1.786926 1633.068662
2449877479281139.000000 93.083004 1.685735 2178.419351 230.171795 1.897218 4625.366792
37299430199562.593750 96.134974 1.044323 143.545259 57.315721 1.830273 1159.889073
22150399781417.453125 39.106015 1.961581 13.155695 39.109965 1.800352 714.471311
340214248091504.437500 97.294952 0.849390 1842.625192 424.255432 1.820855 2434.038375
73241385307574.281250 96.004632 0.659509 343.486781 191.511452 1.793767 1451.734196
531104020993781.625000 83.381004 1.695349 343.906079 40.798233 1.807184 2670.533944
251606796904767.875000 0.748273 0.050882 12.630919 1282.061810 1.797740 1013.135795
142873418534383.187500 31.850000 1.299639 328.368207 86.089917 1.802074 1245.574302
3226623461900920.500000 7.504436 0.921710 564.559799 56.361640 1.790894 2419.778819
8506201271676688.000000 88.987425 1.455438 2653.446994 63.924454 1.793557 6890.938943
35116692720616.925781 11.790076 -0.116172 1404.420144 48.791101 1.809494 591.097636
44479788354421.226562 84.612652 1.255863 12.819349 84.726044 1.790587 1174.563148
40847375444150480.000000 39.756668 0.843502 2489.663388 12.152852 1.779734 8808.687052
44565287798099.906250 52.436290 1.103886 89.406216 24.718126 1.840289 994.323187
2812999886604071.500000 21.250509 0.933594 237.736492 13.352423 1.747506 2977.590251
1264069622305253.250000 12.098522 0.616720 448.621421 24.295166 1.761967 1963.831510
546425666407771.937500 87.401436 1.615997 343.916688 37.519395 1.823369 2741.966047
217635168404732.718750 83.880753 0.681110 2027.885277 274.894825 1.699680 1987.825528
428076322290619.625000 4.152656 0.377574 2083.185447 1425.417775 1.907762 1127.886543
191657636420046.937500 5.659795 -0.088000 2332.564060 29.085832 1.841276 899.145931
333536399415971.437500 12.160938 0.491944 633.057719 46.369800 1.820638 1261.153861
10366328197494.175781 43.780567 1.252221 19.261411 22.945520 1.782791 575.633497
12043226895844.599609 98.192665 1.841677 32.781447 32.027164 1.835271 801.880189
308312321088297.500000 5.532085 0.523727 1456.620826 1083.140370 1.802331 1049.862096
27253461867382.105469 39.614502 1.838864 15.139083 51.260380 1.793822 768.817970
90365738968906368.000000 97.862165 1.785996 621.831058 17.393852 1.828344 15679.419905
154569640641961.812500 26.595888 0.493244 1018.528371 368.309679 1.765668 1209.553546
697782651653693.875000 95.831069 1.359960 386.820258 19.095113 1.772046 3075.549794
191970681877237.968750 10.261191 0.423989 351.315466 48.364963 1.827214 1008.252824
20308609012388.839844 31.719953 1.782909 11.964625 32.552873 1.792083 649.215315
397399767755425.562500 11.297594 0.290897 713.588176 36.017139 1.894292 1313.740019
135427426614002.359375 3.591195 -0.370763 260.230409 30.833229 1.776881 757.540128
57157809082914.476562 39.106537 1.179544 72.019744 23.915868 1.843419 979.981804
2549806085825611.000000 96.614013 1.524943 2457.991885 166.060615 1.834960 4751.194992
12873756113425.902344 83.322416 1.828099 28.891511 35.613828 1.823001 772.675729
460439435371224.812500 94.235934 1.519858 370.894772 33.749049 1.801174 2661.299316
93816404084997.406250 20.344549 0.682327 148.362942 220.962678 1.811164 946.576129
410156540751069.687500 89.647529 1.170054 483.721658 22.254678 1.766622 2514.826226
140836110948368.843750 55.125855 1.157657 147.792573 22.274971 1.839485 1484.214591
270305016445002.562500 99.119346 1.423334 241.954866 23.170194 1.805837 2269.687819
526014910207107.062500 83.522077 1.631382 348.272731 35.833075 1.805720 2663.590057
974782139151648.375000 45.326859 1.904926 526.870676 84.010175 1.824174 2647.926930
19807165478271.371094 97.288128 -0.349609 12.487776 37.453990 1.799207 943.350205
87306720616877.218750 78.467817 1.136653 301.122686 96.908176 1.844633 1431.522752
28790513619300.746094 60.878661 0.435119 19.191081 61.148275 1.755957 904.682072
71356212130610.343750 25.472477 0.332007 411.429414 40.341412 1.846802 922.741118
26391427280254.691406 91.170901 1.099593 14.176389 51.134838 1.798451 1013.887178
319670056662174.187500 99.344939 0.780339 1922.183060 505.437172 1.782658 2402.197154
94167718651613.984375 35.926826 0.966612 362.921963 174.999701 1.830122 1126.177076
353327227558903.937500 71.560553 0.862447 2575.033580 258.139791 1.680393 2207.977722
324714236036506.687500 79.611191 1.145546 1382.721323 540.605836 1.791436 2229.402354
12317136923690.351562 60.014255 0.792399 25.561834 19.820717 1.832700 678.322419
3278779723001213.000000 7.666959 0.920561 576.013614 55.987765 1.793483 2442.766606
37427031514204.906250 27.482827 0.376740 129.174980 35.880507 1.819269 761.446701
16633435812839.996094 62.395610 0.474352 58.745031 18.248753 1.833175 759.935531
741676174842424.125000 30.467070 1.061790 2824.865121 1492.169425 1.910104 2127.005784
22150399781417.453125 39.106015 1.961581 13.155695 39.109965 1.800352 714.471311
117241741057553.281250 45.540776 0.153915 1018.150420 314.781285 1.711431 1309.114586
85032735396637.968750 10.725424 -0.188519 113.246509 239.601954 1.684217 776.346183
528870066126126.875000 47.670732 0.906800 2991.302477 334.782634 1.715390 2196.308584
754305432171531.000000 89.720951 0.662895 2287.956819 11.677975 1.823168 3082.020569
199187641522455.906250 87.864850 1.393200 426.961729 73.470599 1.816219 1962.454947
25495310222224.953125 91.789993 1.088238 11.176128 47.976671 1.805220 1004.735780
125321185995014.640625 6.479549 0.076899 18.441740 62.796391 1.828383 797.903382
227630294589559.843750 91.271188 1.439307 822.620256 726.618410 1.770683 2080.102224
29436753602343.113281 62.506729 0.941359 73.963553 67.676410 1.843186 919.773477
399911048360573.750000 34.320456 0.847652 1917.605763 346.965007 1.827269 1797.295355
408730210640321.000000 63.944753 1.920557 786.958972 266.217474 1.854066 2228.243902
72090272692733.781250 51.999504 1.720506 130.578762 214.213307 1.799949 1163.917205
35538437615393.632812 84.960896 1.334877 95.094835 33.132835 1.828781 1091.512189
2606037046423490.000000 89.749381 1.598463 2335.388566 206.116255 1.853304 4659.754015
226977085950360.312500 4.067001 0.385327 572.949107 414.206329 1.888453 910.823109
526892004599008.125000 83.074128 1.682460 351.420265 40.997446 1.807376 2659.939015
308098325710570.500000 93.721405 0.879379 1672.688199 206.533015 1.818917 2323.113167
169220994727447.187500 70.389121 0.910484 699.971016 252.583593 1.828555 1717.495437
35535425829130.351562 22.117758 0.211219 140.855038 39.319310 1.811736 701.535590
46875119219611.796875 31.312496 1.068843 86.415098 35.214277 1.835136 854.512577
136087175459637.937500 5.608523 -0.008403 26.939674 66.854874 1.825845 801.034069
166639667117129.625000 35.347972 0.590424 895.302346 419.019642 1.769642 1355.110405
79758674273192.750000 18.756418 0.438921 333.213807 84.386146 1.818922 876.434553
247487295550736.031250 0.684864 0.014490 18.112584 1293.452545 1.800772 1026.413874
356724129612273.187500 87.882734 1.441902 438.863494 47.162563 1.818119 2383.352273
38129980348942.625000 34.554486 1.035962 78.075367 31.591438 1.823733 822.860183
413032491257713.812500 63.373103 1.929904 773.806674 253.024117 1.849229 2229.061774
1079921662736413.500000 13.203881 0.414594 771.959687 16.848287 1.752210 1903.826436
952428900933663.125000 34.049555 0.907250 2555.495408 114.944216 1.836583 2394.137612
191616079812602.218750 16.896579 0.403369 929.658672 37.635434 1.792356 1140.667133
12143246104798.699219 60.045762 -0.311552 28.087623 14.157264 1.824891 675.237515
139428685999908.281250 21.527231 0.479859 931.385261 360.048968 1.758919 1097.853408
43453129613502.890625 88.430068 0.258025 14.541823 98.043439 1.713901 1184.103129
28790702697489.015625 88.222024 -0.395098 26.737622 52.248706 1.804354 1031.409669
317905874776640.375000 99.000225 1.398663 246.087485 20.571720 1.809872 2394.733930
122492317622556.921875 59.716950 1.178236 84.916652 10.455537 1.780154 1456.212085
841288379723122.625000 87.467833 1.399823 791.313517 52.507058 1.822370 3167.029426
38599036522004.414062 96.477881 0.571955 15.499606 84.248253 1.758397 1174.726171
81159720845099.484375 11.024699 1.472142 12.457638 133.486630 1.824781 769.249592
2388711498971595.500000 45.676717 1.943806 653.139803 73.984499 1.806861 3579.059485
282972159176724.875000 1.314810 0.535982 245.569353 502.308008 1.895381 969.026959
219994344962828.781250 3.751588 -0.336212 222.249056 21.668592 1.779696 894.068535
699426958395518.500000 32.712940 0.683250 2871.654729 72.569650 1.854968 2132.802150
92329041225158.968750 43.021052 0.867229 490.572460 146.377686 1.783346 1186.332734
16381450343089.810547 89.642107 1.403689 11.306497 27.722533 1.854684 859.605927
197861634036778.437500 11.429692 0.409386 425.552676 53.305609 1.837063 1044.099631
2725452292404527.000000 23.825953 1.046291 262.237025 14.834412 1.736262 3046.315745
14774228315788.136719 90.010070 -0.409059 10.073092 33.625066 1.770785 831.749538
201693980965479.906250 91.159318 1.412885 436.669196 77.249518 1.815349 1997.007519
129505650945525.953125 60.243311 1.145470 104.367820 10.760604 1.758455 1487.992013
195308381634771.531250 28.516822 0.543816 814.395814 45.330390 1.865475 1335.748961
2679722345484466.500000 93.874602 1.523951 1556.066442 84.522615 1.826159 4780.364826
101580210503071.218750 94.160054 0.791813 632.309460 74.483790 1.776065 1607.603793
43973728237396.546875 20.516923 -0.035506 16.209475 74.280572 1.788781 737.061754
116331269867278.640625 6.205335 -0.184217 191.115925 301.705192 1.698633 772.655936
224527766286839.406250 93.005681 1.321462 250.145803 24.170793 1.812882 2084.765989
96149900564713.359375 35.907723 0.956423 356.432993 179.141737 1.831738 1133.830839
173753241371232.656250 64.417883 0.940116 695.587990 80.649015 1.812117 1679.742609
460414910580952.875000 96.529647 0.842627 2702.748103 268.320963 1.815578 2684.596259
310312701845024.937500 99.316360 0.776942 1876.179673 498.294298 1.785840 2378.276211
49731571620271.929688 94.763085 0.140233 23.160994 114.054529 1.713073 1269.967662
120773232409944.375000 57.864837 1.800537 341.291219 368.920282 1.861038 1433.724575
706899614943570.875000 54.550668 0.947684 2681.165243 259.257143 1.868181 2532.150489
470715449351843.062500 87.127084 1.309858 576.586885 43.467279 1.815861 2606.031227
226455102019166.218750 2.127388 0.003031 1223.015278 344.777261 1.841447 878.950558
424451960875822.812500 8.685137 0.527782 2536.103513 904.968342 1.834664 1266.971163
205912895842593.125000 60.822903 1.830456 567.292241 243.326824 1.837062 1742.487639
43764173110275.820312 16.526321 0.030539 1274.353216 35.376934 1.810338 693.098861
20066650119428.730469 50.248381 -0.403391 56.342143 26.436509 1.829247 751.202149
105224994907524.765625 12.015021 0.032705 137.688098 295.559306 1.687888 856.042685
2703167669602711.500000 19.246250 0.955963 257.222244 14.860584 1.748844 2856.798372
176635625203848.000000 31.573008 0.891733 690.924226 296.882507 1.866724 1333.182789
81943618272928.515625 17.475383 0.409844 347.823536 83.229446 1.817575 867.282298
21467128425712.765625 54.314895 -0.427815 50.103925 31.220556 1.814819 788.835934
12784863998502.486328 56.402244 -0.326323 16.366476 18.225950 1.804519 672.292815
30087827729066.523438 93.115099 1.120964 10.525222 59.193940 1.780763 1067.290343
1945756323234970.750000 85.099667 1.394176 2219.336716 128.766934 1.804624 4147.118814
20231222792560.234375 41.640572 0.871017 12.015021 38.593502 1.779259 707.576344
210713487302391.250000 70.742027 0.901838 923.794878 298.003040 1.828801 1850.998846
7190473698916146.000000 0.377767 0.630878 437.160687 187.644338 1.835289 3697.626776
10695148358520.224609 68.464683 0.325734 28.598114 14.382216 1.837488 677.501009
14767779762402.822266 63.965959 0.805373 21.240216 33.724367 1.803332 736.725432
244694226291324.000000 0.687284 0.013917 18.147555 1306.425963 1.801409 1021.756411
26482634985405180.000000 35.882593 0.899770 1517.516280 13.272201 1.775836 7375.446155
112002912719027.187500 8.814592 0.678061 239.995546 282.444743 1.799802 815.150502
28811579652170.617188 11.334244 -0.188586 1473.163221 47.923476 1.821847 548.217582
11600058731358.207031 58.487010 0.119044 38.148325 14.586547 1.828609 659.011904
328099179822318.250000 12.403208 0.480721 589.661830 42.948307 1.818187 1260.282544
215748263638742.281250 39.464021 1.740962 509.573427 195.381019 1.840419 1530.361156
148065488606171.156250 3.592948 -0.363412 248.806240 28.980588 1.775080 780.440806
54321134355406.210938 55.112467 1.409159 75.573777 142.523785 1.797203 1080.303032
219197779353423.656250 47.116621 1.905938 641.145935 636.199214 1.934890 1631.134932
40129384765822.859375 93.272786 1.263354 12.855531 76.969935 1.792864 1175.545422
225460840123702.718750 95.436144 0.929207 1104.670116 391.675355 1.807163 2107.276838
51689219209861.328125 54.996118 0.974137 40.071059 107.383505 1.806729 1061.799432
384186344116990.250000 94.168189 1.106999 1425.507670 943.304994 1.882511 2504.783748
121802949834057.656250 59.870652 1.178053 84.200017 10.528559 1.780147 1454.765356
1196849434220091.250000 43.062918 1.744651 888.970442 124.315317 1.805957 2787.701573
2846757111557512.000000 4.315588 0.059543 95.319399 11.997556 1.765235 2130.276450
1925146865516535.000000 7.273214 0.799632 572.048746 57.906782 1.798911 2025.114211
353327227558903.937500 71.560553 0.862447 2575.033580 258.139791 1.680393 2207.977722
28185489177393.953125 31.866204 0.853652 61.697373 23.946753 1.791908 725.209767
190546978997372.718750 18.001549 0.772820 715.645577 262.719025 1.878349 1158.389706
104862637886018.250000 77.340864 1.773100 299.877665 305.960463 1.875719 1513.864739
118893050858576.656250 7.572342 0.386498 201.618642 212.576147 1.839009 806.602076
56546899341383.906250 92.534097 0.546530 289.325895 145.751895 1.779166 1314.126785
20162079873059.558594 55.577140 1.750771 15.835633 34.443075 1.861802 778.599387
9042308583488798.000000 42.921638 1.993518 94.688475 10.405226 1.740886 5464.143701
80394516814354.015625 98.994777 0.777935 341.160393 208.678677 1.809003 1514.343914
495342998924995.562500 93.290795 1.462761 404.788295 32.144247 1.793998 2716.966653
11569495299389.669922 36.332493 1.503392 16.200590 20.821329 1.784342 561.877466
624583580483252.750000 31.472022 0.761611 2289.300438 79.287984 1.819842 2029.044415
268943054179157.875000 44.737585 1.930958 521.125315 198.886025 1.872606 1716.336918
447593639939635.812500 15.384116 0.586462 758.850149 39.330908 1.794996 1476.120724
6258084646989683.000000 44.798330 1.663094 185.112322 12.766556 1.732584 4902.208902
26937245205952.957031 70.264134 0.546110 13.648265 54.815495 1.764652 930.229957
604476129839518.625000 23.486491 1.640104 1131.189663 359.293713 1.929111 1836.184888
207863757553422.281250 81.683111 0.608357 1207.878544 369.729232 1.812948 1939.095601
49803163077838.140625 33.880527 -0.206638 24.293598 100.592221 1.778465 893.863854
157397554754508.562500 96.145596 1.493641 334.176321 76.474253 1.831410 1874.415314
22016035407929.660156 30.213845 1.754928 14.221474 33.274238 1.808142 656.876454
333206644118360.000000 17.401425 0.541749 562.019330 42.853871 1.876389 1382.687841
97254490198716.562500 41.845806 0.855257 519.181299 164.610353 1.785167 1196.107772
79285797570835.687500 99.202234 0.766852 337.700751 209.949309 1.807887 1508.500809
6028233023195181.000000 38.438119 1.860029 120.672596 13.202367 1.746755 4604.256746
7286933954941188.000000 87.527792 1.469848 2937.705999 90.794012 1.811746 6505.678384
437743674295987.312500 9.797374 0.508105 2239.613974 1158.845238 1.896801 1313.481068
16381450343089.810547 89.642107 1.403689 11.306497 27.722533 1.854684 859.605927
468902466812293.937500 93.420937 1.491760 391.192170 33.272248 1.791060 2669.085931
212958778464595.312500 4.384711 0.385034 703.045728 448.256488 1.854887 899.279449
476650698741778.062500 26.916415 1.326902 1058.931814 234.836902 1.846845 1766.962361
170785599823341.468750 3.121923 1.322458 31.159650 349.093759 1.815133 809.743896
17598193423896.281250 36.058635 1.289503 35.433524 28.984478 1.795245 644.622091
151599889188003.343750 93.947443 1.488295 318.347453 69.219111 1.824846 1835.634551
96801034933674.890625 37.021775 0.764022 272.859628 44.542413 1.845313 1147.593825
40478038261990.453125 80.590071 0.752859 18.068313 83.580534 1.776372 1118.549706
89749857070269824.000000 97.798392 1.757626 661.839610 16.765920 1.813903 15640.006050
103163160964268.328125 75.176839 1.704900 344.970916 336.985827 1.822828 1490.548511
117426262520497.656250 8.181427 -0.227148 191.967143 301.225381 1.700514 815.553787
1929574726030953.750000 7.380263 0.812731 574.969115 58.163711 1.798567 2032.231265
154550646868695.875000 5.114310 -0.111515 1952.535632 30.991899 1.828025 824.456538
341427331267299.812500 11.753765 0.481550 661.793092 47.957446 1.820330 1260.668866
168070845845147.625000 36.272909 0.524396 1006.213331 459.018550 1.749037 1370.267767
116458009399884.062500 97.429570 1.472335 200.563017 35.366527 1.800827 1703.536887
59092874712218.492188 98.481788 1.768276 155.031222 159.215264 1.891616 1364.076188
2773117987243644.000000 21.082382 0.950625 245.843531 14.068908 1.751151 2956.695715
82426029243103.578125 77.640288 0.730649 531.040117 49.305835 1.767259 1399.045172
99784810602669.515625 10.714517 0.023251 129.682255 269.021728 1.701134 818.678583
37877979126795.921875 61.890024 0.659765 126.219262 101.598344 1.761465 996.979674
28228581168789.796875 20.487812 -0.035119 644.046385 33.510403 1.814795 635.565081
150016629162739.500000 3.263154 0.043269 261.767186 349.730935 1.751883 777.842165
25458769330276.578125 37.468195 0.901915 69.892360 31.311999 1.801510 738.106414
149907515863460.937500 98.495972 1.492694 302.791260 64.172342 1.822973 1860.476444
153343160957087.343750 35.162353 0.860375 656.222452 179.648146 1.826735 1315.849801
30507398571950.753906 57.231513 0.397517 16.175781 62.876201 1.758219 902.891172
1987777448522604.000000 46.630304 1.908451 571.666615 67.170310 1.814193 3389.702866
195811395925514.156250 86.766077 1.291709 230.856851 23.046227 1.808659 1942.482640
113305825370270.718750 5.467752 -0.147989 125.223905 316.016327 1.691390 750.675946
236142744934849.625000 14.765786 0.473601 972.306270 71.344387 1.840940 1180.058147
1475522636891400.000000 89.018621 1.694028 1722.724247 268.169837 1.903902 3843.587043
119847325719995.218750 43.923705 0.164413 974.899168 317.383897 1.718613 1303.015357
28730941431703.816406 58.490676 0.923218 66.756294 27.550391 1.853518 891.659794
40835222611144.250000 80.223662 1.788150 90.724403 133.301191 1.797765 1120.006484
12012662213278.398438 63.245859 -0.234423 29.766591 14.199138 1.841129 685.020743
62879583637187.867188 23.577155 0.439286 185.421460 77.962986 1.861328 864.542449
7825041076579697.000000 0.273181 0.650669 418.982330 195.027775 1.833570 4237.955067
230929670792922.968750 94.245580 0.954403 1079.082454 358.143669 1.826902 2114.522231
10495749304873.580078 36.754364 1.488355 14.856131 20.028734 1.784369 545.949665
143498489014062.812500 5.091221 0.063624 10.481918 111.578804 1.846449 803.804301
144514389053157.468750 31.824431 0.487855 1006.514300 370.842268 1.743931 1250.009936
38556741512073.351562 31.101735 1.114659 86.948148 41.397669 1.817432 798.953081
80332964989410.171875 97.586276 0.770171 346.813298 212.534309 1.812713 1506.076482
39482669247381.585938 86.997175 1.156163 12.470761 74.349926 1.786980 1140.151012
20861521245424.328125 91.918339 1.107393 15.555822 44.386973 1.785365 940.228353
14058194612608.921875 62.023416 1.116612 10.827641 25.951460 1.815711 717.009166
54966121597865160.000000 41.225909 0.851204 2855.487762 12.192924 1.781975 9840.987562
2673203744481213.500000 46.942754 1.945613 619.358782 66.111303 1.805444 3749.889730
38556741512073.351562 31.101735 1.114659 86.948148 41.397669 1.817432 798.953081
328099179822318.250000 12.403208 0.480721 589.661830 42.948307 1.818187 1260.282544
600684054631984.375000 31.415643 0.758059 2226.960547 77.798386 1.813309 2001.703459
62865872224814.726562 64.428841 0.508087 300.735828 148.536457 1.734241 1197.004577
266927392012527.031250 3.520381 0.352026 939.664572 629.939924 1.911395 948.177954
198291009852570.687500 70.594165 1.122761 480.412188 51.932237 1.815262 1812.549182
193350215299168.656250 2.132528 1.590695 29.579758 483.280316 1.822875 833.839307
22295120462974.074219 79.652575 0.768679 14.372829 50.651493 1.767873 913.072199
12092678057334.556641 11.549587 -0.321201 1280.594252 38.503163 1.794389 412.287387
42876018630128.406250 38.748237 0.757771 78.789372 17.982473 1.813925 887.767905
209597369354360.531250 34.425595 0.720534 1125.269070 89.337995 1.800720 1450.494328
468902466812293.937500 93.420937 1.491760 391.192170 33.272248 1.791060 2669.085931
92375979351035.796875 92.494395 1.799004 306.199493 300.038629 1.848070 1547.461548
1490694924874439.250000 49.159519 1.948632 555.099544 74.658462 1.828072 3134.653039
688640125065772.375000 19.107863 1.011947 2418.388697 1276.848679 1.941038 1807.346780
16142860438822.900391 90.951972 1.802418 41.674888 30.497135 1.837251 859.906703
202890401539524.843750 43.438971 0.623383 1718.869630 262.642921 1.771231 1547.273193
21066799838651.578125 51.470151 1.851801 16.051456 33.948133 1.862937 769.704597
474122522798818.875000 5.222326 0.401696 2739.089353 1073.615509 1.920512 1201.526329
370359914447370.312500 70.227059 0.874220 2500.654786 286.691229 1.697568 2228.092809
238317636104465.250000 6.915836 0.705400 978.362616 696.072362 1.834137 999.983033
17100866947199.796875 86.991899 1.379641 10.151736 29.946522 1.851445 862.627776
90311381484076.843750 12.067815 1.526766 10.883177 148.999431 1.834718 814.382707
7655698696968566.000000 0.344362 0.623950 459.800775 185.535976 1.835619 3888.775522
141706471877680.125000 31.676663 0.490406 973.417598 364.797509 1.750288 1240.050543
22777169421262.250000 37.163020 1.991745 14.346903 40.161224 1.803490 709.350606
202597605635278.250000 43.821644 0.627600 1728.715059 261.407024 1.770413 1551.019422
351444616898525.812500 47.188506 1.057754 1494.279781 572.126919 1.848513 1910.079915
75012064688029.781250 90.363125 1.681133 250.965506 222.522156 1.857724 1431.579400
2678313525878174.500000 89.899568 1.375120 2703.037565 116.927317 1.811323 4705.279776
13191139059902.855469 92.501799 0.652340 18.835300 29.205620 1.818950 808.860326
35392661564433780.000000 43.847420 0.866044 2247.158899 11.526884 1.778261 8672.174962
2821926658327631.500000 22.891263 1.003499 256.960492 13.620426 1.731613 3045.775598
326409677994800.750000 7.268033 0.634332 1268.452618 541.859300 1.964440 1120.705350
10355558523415296.000000 43.679669 1.992534 94.181211 10.066594 1.743198 5749.951631
9042308583488798.000000 42.921638 1.993518 94.688475 10.405226 1.740886 5464.143701
10613361062561.281250 43.427596 1.257139 19.501509 22.810841 1.778391 578.619729
14736076383165.125000 74.421922 1.661723 29.684327 40.726955 1.822859 776.388313
43616827469335.843750 89.461034 0.276507 21.650159 93.820792 1.728461 1190.555574
184275054515345.906250 58.497963 0.949410 743.247653 80.318665 1.798610 1656.748959
250263645657003.656250 5.975815 0.238802 2571.411088 135.002856 1.794215 991.273342
2263700571287459.000000 89.293996 1.585507 2131.426039 205.279598 1.887561 4437.909021
199688186519153.656250 60.528733 0.934088 784.072309 77.717891 1.803998 1721.860217
61598658118263.335938 82.668928 1.769284 206.877845 163.062030 1.857141 1298.357753
1029870948218234.125000 47.865974 1.937685 478.390103 73.235974 1.822853 2746.413841
14911507111511.503906 69.450991 0.246754 68.043942 20.754578 1.835214 760.680645
226699827972846.343750 46.807311 1.902285 642.000038 653.536488 1.935342 1645.908190
15626448847646.519531 66.417294 0.810344 16.063891 31.483706 1.810956 760.648255
431367041342229.375000 75.975680 0.986990 2363.934430 279.635275 1.709364 2410.358885
31488822874844.867188 47.566386 0.764915 59.309971 11.629391 1.808835 856.992768
561491987725437.875000 43.152736 0.907215 2474.473793 388.510623 1.829571 2167.602152
13345005210048.486328 83.147912 1.825732 30.101643 36.955015 1.823514 781.403802
6001268975521923.000000 82.790601 1.453669 2400.467844 75.310624 1.802594 5977.419111
20174580742899.777344 97.186564 -0.394656 12.655368 38.083657 1.801578 948.786804
400446602875386.125000 4.773853 0.383380 1909.735304 1225.618919 1.893531 1121.819108
140836110948368.843750 55.125855 1.157657 147.792573 22.274971 1.839485 1484.214591
49625730527506.320312 56.237011 1.007755 40.722211 103.815265 1.808370 1055.501665
742233174677954.750000 91.851159 1.180640 537.068820 16.302233 1.747720 3091.599563
377198381751214.812500 2.293640 0.293293 2105.201957 1514.998711 1.948096 1042.206796
161043870484332.875000 24.910983 1.832105 182.755722 63.316548 1.782471 1202.322465
713211124570112.250000 25.505498 0.910771 2913.268137 1556.077624 1.801754 1988.432028
35885408756690.148438 61.488566 0.629086 131.737361 93.190539 1.761714 976.976329
122308040979646.968750 94.153685 1.307106 421.540550 423.565950 1.779609 1710.213512
2679722345484466.500000 93.874602 1.523951 1556.066442 84.522615 1.826159 4780.364826
204944249048557.968750 4.360998 0.081963 2137.019236 375.962161 1.841052 887.284755
10209522175932.757812 56.486546 -0.479521 28.257832 11.064238 1.833154 624.046812
434233700946150.250000 97.914365 1.059929 1646.186733 1112.429994 1.834541 2646.392226
25477939229329.242188 89.433585 0.372147 44.750065 67.135066 1.732224 995.111275
389506856333013.937500 91.838257 1.538114 353.466437 37.759328 1.817065 2493.557633
38659900022424.031250 84.103122 1.907279 57.696309 108.912850 1.813502 1118.496193
231325208751979.343750 51.779058 0.655175 1832.862446 271.878207 1.787834 1714.268815
1158411980482598.500000 42.275534 1.741855 888.976347 124.080272 1.807183 2740.817980
16917020310652.898438 71.461414 0.813265 37.824849 30.108065 1.842725 801.366825
14939535520675.185547 52.994519 -0.439011 76.022094 23.048053 1.818544 693.217521
254971814639082.093750 49.564045 0.569996 1708.447697 584.820633 1.750011 1744.838207
788088117627723.875000 55.291827 0.965407 2800.080877 204.389416 1.864829 2637.726227
33925433186842.515625 91.659341 0.815561 11.798625 72.373257 1.776816 1104.544171
192100392890873.968750 48.902524 0.598203 1679.250307 258.202781 1.778197 1580.534129
56714551697663.695312 74.965309 0.601644 420.396251 54.545394 1.778915 1219.838560
516323824349164.875000 82.441926 1.645677 373.478015 43.396555 1.812135 2634.817216
54966121597865160.000000 41.225909 0.851204 2855.487762 12.192924 1.781975 9840.987562
366736724968365.312500 28.433623 1.304871 906.331309 257.470123 1.890442 1646.442242
220525143612536.156250 87.874409 0.820047 1203.579588 137.235472 1.810792 2030.245822
7215231459350906.000000 38.786452 1.885247 124.514175 12.830759 1.744292 4902.869320
446043956298427.562500 66.074767 0.917303 2631.880133 354.567504 1.708657 2320.446783
89461243100703.406250 17.213186 0.479541 365.979260 156.343663 1.798111 889.362249
329877379514752.625000 17.928505 0.550228 877.754839 35.336778 1.780864 1389.373462
79799920917050.750000 98.740762 0.803858 333.669800 213.865164 1.807802 1509.187706
79710904951752.218750 51.781785 0.966663 196.248739 38.321221 1.849052 1201.853689
28361973029991.207031 16.747289 -0.090815 2035.825542 60.711351 1.794788 601.940036
7467151293589659.000000 0.375037 0.615042 467.662506 179.017361 1.821514 3752.961986
7883888295734346.000000 0.263183 0.648550 418.265556 196.952847 1.835904 4305.357680
136973203327030.343750 5.729639 0.079404 16.288246 79.216967 1.832986 805.432551
44366465432871432.000000 40.479755 0.847122 2635.046814 12.282486 1.783946 9108.130385
16194006557245.136719 31.858881 1.713570 14.429425 28.021395 1.792266 602.849046
6183520965183376.000000 40.963548 1.776280 149.696561 13.168627 1.736329 4740.716706
507245417184874.250000 93.211621 1.174160 530.903096 21.730269 1.771216 2737.713848
197288039598280.656250 11.395429 0.408234 424.426487 53.227438 1.837416 1042.351838
20633634389233.261719 66.672207 0.251503 81.969223 30.218886 1.849448 835.610770
273446876767193.562500 1.764554 0.575016 263.991892 521.309872 1.900730 939.553621
430504755621330.625000 85.170379 1.040397 1021.138359 51.264675 1.817506 2509.030024
3348862378545686.500000 3.856799 0.064552 121.003778 14.004042 1.767819 2221.753062
263799833456179.093750 98.870175 1.410058 241.800541 23.193186 1.806636 2249.268049
197746112459479.218750 3.938421 1.700038 33.802434 507.319688 1.830909 866.991005
233071359666858.875000 0.547134 0.013415 18.024967 1304.270087 1.807348 1060.967553
249703038445134.125000 0.826205 0.039623 29.279373 1004.055289 1.813384 991.514597
429145531470735.937500 95.735071 1.066859 1577.724097 976.260918 1.849062 2614.524799
175847132375818.250000 6.120899 0.151635 21.743479 53.890897 1.853392 884.730056
84029823348945.218750 11.349008 0.529030 189.719890 134.197322 1.845799 783.504205
39381917843125.476562 44.714201 0.761878 59.303593 11.704621 1.816004 904.494735
400952439976443.812500 15.415848 0.510763 902.815589 36.288439 1.795966 1423.726764
18862647268164.582031 86.866388 0.020997 37.310309 51.192861 1.691738 890.825438
35658736771573.414062 90.906194 0.248834 42.465433 78.116080 1.751978 1119.697693
5895362528117544.000000 0.479869 0.573071 401.953465 165.156414 1.831685 3225.099172
3055594145318704.000000 99.361970 0.868683 2884.215844 14.546733 1.804800 5098.397484
118893050858576.656250 7.572342 0.386498 201.618642 212.576147 1.839009 806.602076
30211483799480.355469 11.807749 -0.060538 938.368463 25.542836 1.764106 562.385512
217263407968742.843750 10.457708 0.427753 342.435135 46.670954 1.827197 1055.235026
14388920675297.046875 91.399683 0.702752 19.285696 29.990658 1.822687 829.032769
2753051533095850.000000 95.448508 1.585770 1619.283591 95.109650 1.817750 4852.770663
81564231144238384.000000 97.510485 1.791640 639.837707 18.134479 1.825645 15133.040859
630454703153282.000000 81.573631 1.061851 2441.047377 633.929952 1.845038 2805.536817
31333755152113.078125 81.594851 1.803869 71.298098 90.095454 1.849970 1031.594971
81107615587172.890625 77.729622 0.722514 547.615830 49.211217 1.768581 1392.115101
20785597515574.843750 36.105487 0.765959 10.086689 39.100555 1.769633 681.685680
22151129229779.753906 58.392901 0.900597 53.549325 40.882289 1.849184 817.142461
80394516814354.015625 98.994777 0.777935 341.160393 208.678677 1.809003 1514.343914
2412774403629689.000000 95.393126 1.599038 2659.606597 284.167485 1.887240 4643.003526
13070219307723.605469 28.801559 -0.444192 75.090606 15.392373 1.826578 543.965984
447593639939635.812500 15.384116 0.586462 758.850149 39.330908 1.794996 1476.120724
41676838779584.632812 91.403299 0.497417 16.581161 88.739364 1.762325 1181.771271
30087827729066.523438 93.115099 1.120964 10.525222 59.193940 1.780763 1067.290343
145565151855511.156250 56.550604 1.053502 453.246699 69.239374 1.814858 1513.804761
82677339690065.578125 97.137175 1.816925 210.764164 251.490328 1.858453 1518.036854
73129494810602.562500 10.114165 0.169478 24.894001 107.460405 1.809963 728.532795
1363811832404909.500000 12.228065 0.620977 451.471860 22.739998 1.765359 2019.375585
185143634506366.937500 16.221918 0.383031 924.864045 36.144944 1.789456 1115.397660
29599935610210.191406 58.776939 0.352857 12.611977 64.079388 1.744026 902.075524
1344070187364173.000000 43.573092 1.937085 530.888971 78.687644 1.831916 2908.905298
37839043924959.445312 22.982230 -0.005211 2039.327729 61.644661 1.802803 724.436971
121702732684391.609375 6.246127 0.061454 16.708003 67.515280 1.827732 785.230478
18671934603926.390625 36.389096 1.039025 43.390282 22.220305 1.781666 659.402122
310444736641630.687500 77.122509 1.095029 1286.114078 533.943535 1.798140 2171.559501
148065488606171.156250 3.592948 -0.363412 248.806240 28.980588 1.775080 780.440806
34261209655867.718750 30.318127 1.350376 72.392669 65.016628 1.853610 762.025933
94048109141897.046875 42.727951 1.279224 100.443098 25.350670 1.850124 1190.962674
15580858269790.904297 71.104748 0.246087 65.021790 21.480447 1.835466 778.313859
1109091584378331.625000 45.479714 1.928580 478.666097 72.204757 1.833264 2767.444104
554764739984133.500000 89.455100 1.353838 775.091318 75.701988 1.841142 2779.014852
5497768329864210.000000 94.456603 1.264016 1373.965358 27.384924 1.841831 6087.891165
426882812440982.812500 92.323813 1.186965 494.060801 21.829707 1.763330 2575.803974
384785957159668.000000 55.671787 1.929501 754.747655 269.281347 1.886326 2081.907480
15231043207510.183594 34.438191 1.402944 23.050345 27.586969 1.799662 605.361107
38024737455677.640625 61.655242 0.658873 126.475896 101.546050 1.762076 996.951603
1490921792166542.750000 12.092866 0.510073 692.471407 21.183242 1.764765 2074.673901
14933085371889.861328 82.355242 1.794781 40.190721 39.505118 1.836939 808.467849
1834500614221666.000000 7.333503 0.780621 585.261678 56.200515 1.798793 1995.901339
262201066137140.843750 99.801419 1.419308 238.702856 23.056959 1.806753 2252.399749
314656148724810.125000 35.810060 1.271603 914.188536 259.152743 1.846658 1681.893439
2274569825385714.500000 97.700691 0.840099 2879.368892 13.288462 1.780553 4592.340434
34591192602395.667969 90.149293 1.951160 89.253199 111.469733 1.833239 1105.066889
5439627832499666.000000 99.902195 1.265901 1170.158024 22.560153 1.836728 6191.324764
260975773505631.250000 0.895829 0.063449 21.552286 1119.805880 1.799065 992.025886
1546782823795992.750000 48.014360 1.990054 636.334242 94.377669 1.843674 3148.463990
342079102812663.750000 16.290953 0.678636 1557.174012 666.055866 1.956940 1370.235210
73485245814913.328125 50.775659 1.852391 119.831715 223.366432 1.775828 1161.972754
123090571142154.328125 6.934942 0.400245 193.300622 214.012459 1.840722 802.722649
410332313945677.812500 14.803147 0.514175 924.258903 41.778221 1.806688 1419.629506
3220669009614652.500000 7.278198 0.911250 573.003157 56.789606 1.793969 2404.358327
406611529650818.625000 93.538383 0.814968 2402.697729 230.714393 1.813617 2546.396665
6739658445021712.000000 36.856306 1.830035 138.633958 13.628921 1.728258 4714.270228
486773753079745.437500 38.146245 0.868024 2965.603467 323.145137 1.707615 1985.179213
144073196408209.437500 22.088973 0.475674 394.467722 21.783405 1.790376 1118.216849
1704251036766898.750000 94.898619 1.255605 315.200334 13.438771 1.890528 4127.164234
20326847065494.121094 33.817772 0.946805 58.202676 31.338735 1.779430 662.654349
49229606752277.054688 87.287528 1.146674 16.803031 93.169400 1.788262 1228.635995
163561985111706.718750 52.701349 1.619373 488.957878 318.015051 1.908817 1536.383018
429307510805147.437500 14.354238 0.610803 643.068231 43.796289 1.806517 1429.774971
10763778210928.744141 43.918463 1.252571 19.443936 23.105752 1.778637 583.504906
3089024376438304.000000 99.285469 0.870374 2804.432586 14.597956 1.805027 5115.486798
41718609878870.640625 88.418228 1.264559 12.495475 78.814081 1.793648 1168.077041
123333043700087.437500 60.115698 1.177204 85.506364 10.981196 1.781437 1462.893506
27364593765877.621094 94.397791 1.189598 11.109701 53.437556 1.798531 1039.209075
66183292370009.070312 74.654418 0.657936 551.823500 42.821646 1.764330 1282.372587
20887394877538.019531 50.278204 -0.404480 58.722727 26.573957 1.842174 761.459659
242729023209759.250000 30.314231 0.721721 1149.451317 107.859093 1.826594 1463.497807
124206692546258.593750 5.029408 -0.242534 205.095890 327.350514 1.692381 764.733260
38837962123760.101562 38.613406 0.635243 54.302696 12.014201 1.845023 858.003330
704457002996553.625000 86.087354 0.693327 2143.529842 14.389440 1.823318 2968.036684
202630417688245.625000 4.754232 0.269987 838.584194 408.772968 1.876579 893.460916
314267613138488.125000 99.389743 0.780273 1935.555697 503.531368 1.786265 2388.980442
136956593480396.187500 5.734743 0.080344 16.404595 79.494122 1.833038 805.512267
134160778339103.390625 48.914316 1.833250 398.639106 358.085846 1.879428 1402.398740
55162146289296.070312 20.349681 -0.121796 21.342041 101.790097 1.803378 793.062654
243282944340374.156250 91.553441 1.026249 1016.367276 176.858139 1.811979 2129.104046
250432528847354.562500 99.835444 1.408104 233.312516 22.438563 1.805456 2218.459781
12331953692473.347656 61.170350 0.867457 37.342348 31.456182 1.784475 683.085610
19359768872868.312500 80.188485 0.499470 10.475432 32.896245 1.831595 873.187746
309956667855864.187500 99.137776 0.876362 1653.057991 367.357511 1.816555 2375.807139
25247452959074.320312 32.136841 0.911784 69.954629 32.331965 1.782484 700.939737
55162146289296.070312 20.349681 -0.121796 21.342041 101.790097 1.803378 793.062654
342909835375390.250000 91.596239 1.161591 1260.796030 967.334844 1.801286 2387.589910
2231443177767779.000000 92.765545 1.487790 2655.142293 212.915209 1.849013 4478.052553
157621753151949.687500 3.998847 -0.170277 2587.651715 24.472808 1.807367 805.133701
204228157000872.687500 56.998516 0.671839 1563.252530 284.761202 1.774358 1699.277131
65349127556199.140625 11.401039 -0.278301 27.226592 99.258653 1.805016 721.291881
14521877730275.068359 92.848748 -0.234214 11.561378 30.447729 1.788790 836.326508
161043826245508.843750 96.350675 0.825302 765.058369 310.289161 1.832675 1890.242587
633284979576256.000000 34.477836 1.061463 2382.759856 1239.167354 1.906988 2097.957387
37702689242869.882812 30.639052 1.166707 85.115129 56.834740 1.847514 789.312213
220525143612536.156250 87.874409 0.820047 1203.579588 137.235472 1.810792 2030.245822
178872903665640.750000 3.769369 -0.362048 242.856752 23.791260 1.789803 834.853512
16413670038332.326172 89.903036 0.622561 16.714704 33.793100 1.807955 861.072255
34400084803648.980469 24.939011 1.847695 13.319262 47.435571 1.819784 718.960746
80354480247598.328125 12.030125 -0.098036 34.520058 134.535973 1.806784 782.691248
19201080305468.414062 57.938397 0.636633 33.769974 39.145578 1.813908 777.034671
113949222703071.203125 58.023158 1.092851 105.779530 11.460794 1.769003 1407.517913
23453126702886.023438 53.775284 -0.241984 66.440654 32.736312 1.827686 809.688800
20454266465378.921875 88.033189 0.590998 24.862200 43.939407 1.813488 919.615707
11786804921917.865234 40.824136 1.639316 13.234812 25.357287 1.772703 587.146037
255546463222481.093750 1.029361 0.033390 19.785189 1183.521071 1.790734 964.128615
182314877237641.843750 59.854203 1.119361 754.405492 409.805418 1.747332 1663.948401
186935594366533.843750 13.820689 0.329808 2769.065813 91.206857 1.774629 1073.278124
2868081757937491.000000 88.123576 1.570590 2505.177376 198.078906 1.847799 4779.357584
1699452561280142.500000 96.799069 1.250361 305.481812 12.623187 1.885799 4153.099752
89700242319974032.000000 97.786002 1.753175 675.043889 17.333558 1.830893 15636.402314
307239040018858.375000 85.065600 1.415462 395.580017 46.372548 1.817937 2241.196907
109181783760832.046875 5.250433 -0.130390 2108.652078 32.222268 1.824740 737.037039
8047904804903881.000000 42.459113 1.978284 91.897307 10.088899 1.728185 5237.284287
29205754846788.000000 55.658317 0.308887 21.161233 67.944832 1.737572 881.404409
1190899646081939.250000 42.011450 1.747479 875.833872 124.466738 1.808075 2760.509661
2993494688363892.500000 88.109541 1.535413 2658.071466 212.252854 1.881189 4847.750417
95364853826575.562500 32.488796 0.727268 288.388706 43.846979 1.838702 1095.364430
408479907948822.812500 10.433008 0.529330 2452.036857 855.824441 1.832457 1301.699878
498815779273328.812500 46.653310 0.884001 2885.299603 308.617073 1.718794 2138.408266
44189056689608.046875 62.532537 1.146754 23.685963 84.974501 1.810280 1053.298277
46597279155407.679688 40.696870 -0.016297 22.284296 93.476959 1.782568 927.450349
11117492576136.302734 59.578753 0.777719 23.175583 18.380098 1.831776 653.898124
163491457215676.468750 2.349915 0.011352 352.716319 388.372914 1.748284 788.978736
10495259945021.421875 70.627004 0.908157 28.424656 22.535450 1.805324 680.650695
46291169244226.789062 79.789932 1.454656 29.139730 87.022637 1.851163 1165.560462
98536438516927.859375 76.909748 1.718366 277.386235 281.267736 1.871600 1479.844872
185671801144589.906250 75.110851 1.066887 805.939907 395.463801 1.782588 1812.527912
271895600107443.562500 61.978499 1.848476 542.087701 183.673792 1.880035 1924.154022
434469323535811.812500 16.003158 0.602063 812.624148 41.376279 1.789659 1476.868595
18850924914688732.000000 53.716485 1.025235 1585.702816 15.973473 1.803841 7525.470603
458836174131713.625000 85.904659 1.014497 1115.536535 47.112668 1.816650 2570.821731
93243687795275.062500 5.341305 -0.151016 2328.428147 26.694412 1.812226 701.022559
57834251122694.812500 94.994032 1.780312 164.450348 156.988784 1.871635 1336.679730
27886273445107.144531 41.781110 1.552173 28.156086 49.986250 1.861233 788.333300
1071395227834794.000000 11.959832 0.424632 803.147453 20.044521 1.751031 1853.353731
115362079358850.171875 98.050558 1.479546 197.062769 34.562876 1.800021 1702.108273
12708175837482.183594 64.242593 0.705493 26.164183 19.163457 1.833585 701.801124
5011595045598027.000000 36.458889 1.828689 123.810015 13.395946 1.739028 4256.113364
72090272692733.781250 51.999504 1.720506 130.578762 214.213307 1.799949 1163.917205
123392122858749.921875 23.642746 0.358870 2845.969162 79.391075 1.743466 1083.265025
12835897679630.177734 57.110104 -0.390568 16.352605 18.144603 1.805197 676.071376
11355113138970.150391 22.912026 -0.207977 1610.866804 18.546601 1.864943 484.575867
700057608788940.625000 95.722654 1.347778 399.684939 19.118819 1.768706 3077.622604
63676924893314.601562 53.374592 1.809855 101.918820 197.740586 1.786238 1126.695202
23883225403734.550781 54.192358 -0.235942 64.760478 33.029063 1.826694 816.755315
204714598682717.531250 32.749437 1.253460 473.160117 99.320064 1.806169 1416.572174
13388579901007.566406 94.102167 0.828252 19.891603 32.315707 1.798247 817.944722
1679639066085061.250000 35.995526 1.977971 1049.423191 181.751205 1.821548 2944.267316
7190473698916146.000000 0.377767 0.630878 437.160687 187.644338 1.835289 3697.626776
23430069466079.410156 37.717439 0.733403 10.472818 43.228423 1.782640 719.494528
8498261669877731.000000 44.757097 1.922541 104.195613 10.547115 1.743268 5426.943620
705535412463513.250000 17.482987 0.744312 2787.430806 214.083957 1.879004 1777.787931
7467151293589659.000000 0.375037 0.615042 467.662506 179.017361 1.821514 3752.961986
42472263978474.929688 18.878047 -0.208415 15.132127 67.518746 1.787330 711.668340
55830766128410.226562 85.633034 0.709066 16.357110 116.005778 1.764920 1272.476066
300042061223853.062500 98.977420 1.409769 242.336461 20.994197 1.810620 2348.814219
11257663141781.173828 64.731984 0.800788 21.168618 25.499241 1.801247 675.798432
282159122575726.437500 80.724494 1.014138 778.541852 48.076584 1.811121 2137.988331
675260507571377.375000 90.303857 1.182756 500.555641 16.133154 1.753479 2977.322712
10611907734800.648438 68.498433 0.200307 28.961713 13.451104 1.835356 675.855599
259358154264029.093750 0.848360 0.043315 19.992744 1114.720876 1.806313 999.344893
465788460305947.375000 46.647805 0.931614 2647.927668 354.032711 1.717498 2090.048480
37271486067347.781250 72.255338 1.628531 74.839832 112.745334 1.827373 1046.826598
2494936504738443.500000 92.077198 1.676208 2550.317045 312.608878 1.890380 4635.279454
256582450205816.656250 0.885557 0.074231 13.981696 1180.640827 1.799484 988.352968
47896290186497.226562 92.316859 1.098079 197.616463 77.335568 1.838361 1242.315877
79184052643032464.000000 96.237178 1.805338 600.104103 17.441595 1.818752 14912.920104
86217219896578.906250 93.573565 1.825852 295.368063 291.130509 1.852651 1518.646525
6028233023195181.000000 38.438119 1.860029 120.672596 13.202367 1.746755 4604.256746
532267054678548.375000 22.459580 1.283200 1233.219624 264.762804 1.847058 1737.042082
255058864859619.406250 0.789561 0.041698 20.004977 1114.823439 1.808210 1007.072381
217642087410873.343750 3.578341 0.162497 917.079149 419.835740 1.860271 887.050360
684723292469611.375000 95.511749 1.066499 2748.540100 795.708762 1.875474 3052.538600
42868600706396.632812 92.829636 1.270050 99.935191 25.355082 1.834373 1199.634617
18671934603926.390625 36.389096 1.039025 43.390282 22.220305 1.781666 659.402122
37512301343866.257812 19.577886 -0.416202 10.094465 73.261548 1.764974 689.813331
143507980960480.156250 15.068346 0.273801 1191.882472 248.909945 1.826503 1004.834857
165116349273216.812500 3.706099 -0.377351 239.205978 23.109341 1.781812 811.584961
11793071766352.417969 92.838866 0.474308 15.834999 22.319960 1.819646 780.238135
638599365517490.625000 35.595984 1.051295 2403.756548 1238.882262 1.821176 2125.342760
788088117627723.875000 55.291827 0.965407 2800.080877 204.389416 1.864829 2637.726227
42758881376387376.000000 39.926857 0.842033 2510.621861 12.032046 1.781900 8956.465162
6315845350876418.000000 40.984951 1.776818 149.219661 13.166193 1.735583 4775.111297
23745863390304.394531 11.535418 -0.229811 1534.823526 47.928579 1.833331 516.133803
145106612017541.312500 68.620007 1.146659 110.772890 11.058648 1.784493 1617.168803
11927561318588.326172 92.981024 0.261973 14.125878 24.029057 1.797850 783.627130
23188054548472.324219 87.723137 1.954432 56.250178 33.877789 1.853417 957.666874
463112913207256.062500 85.856279 1.015193 1110.852206 47.211544 1.816383 2578.262310
119847325719995.218750 43.923705 0.164413 974.899168 317.383897 1.718613 1303.015357
517052833866001.625000 37.671049 0.827768 2675.589524 388.429547 1.830604 2017.322247
140599660903064.234375 5.145564 0.383860 129.510446 201.555564 1.898130 799.551067
30514126787315.433594 45.221103 0.644831 53.947432 13.231913 1.840770 833.872954
40613076449935.171875 87.687887 0.189566 13.854613 92.712606 1.715010 1154.211640
209597369354360.531250 34.425595 0.720534 1125.269070 89.337995 1.800720 1450.494328
251641575212805.906250 0.650175 0.035172 18.712504 1165.692242 1.826779 1044.086754
104421880409423.625000 19.318305 0.182791 831.682209 172.491119 1.834254 966.735555
123163151666520.375000 31.570273 0.670305 297.496522 33.574029 1.844089 1182.166769
27513536959047.472656 32.604246 1.487582 37.536284 51.800936 1.856060 724.596878
122684627206207.687500 56.121870 1.306468 143.062420 23.110602 1.806310 1426.204652
22856513561744380.000000 34.900401 0.921598 1372.351772 15.587187 1.803854 6960.151325
63546434937624.265625 53.399643 1.812772 101.603086 198.854769 1.786043 1126.104784
223295434571421.562500 46.378797 0.626959 1919.553382 220.645063 1.789174 1632.607569
143266614600334.718750 4.069581 1.562533 13.184373 244.909111 1.809783 781.360127
549087487962245.250000 26.277577 0.889052 2480.102875 1231.142999 1.753379 1838.865667
383935767455085.562500 98.375882 0.937112 1889.033605 425.504470 1.836367 2544.346406
83940976318428.609375 17.563400 0.395944 334.016691 83.221432 1.830353 875.473173
7456377515813761.000000 0.393251 0.615020 467.509064 178.963526 1.821081 3696.420221
18194390767784.562500 72.229239 0.263003 81.379099 25.174186 1.847334 824.150091
7825041076579697.000000 0.273181 0.650669 418.982330 195.027775 1.833570 4237.955067
41566751958814.226562 59.542243 1.505728 84.785543 137.287683 1.767396 1014.685202
141952549593320.906250 18.413217 1.991676 157.843682 68.520266 1.781543 1056.688593
487792203303245.750000 44.736058 0.894733 1879.930404 144.061747 1.839479 2093.095935
191347411805261.781250 3.304440 1.715372 29.158277 526.529642 1.824687 844.342152
14190148418811.068359 86.892308 -0.479791 12.107500 28.935084 1.785358 810.277916
475319081984274.125000 26.947011 1.325919 1058.314061 234.821972 1.846669 1765.924141
574817185842962.625000 85.336952 1.646800 366.141313 38.209665 1.800299 2764.784202
183695184205915.156250 26.363288 0.631232 405.623677 33.767159 1.846016 1277.799084
72655918163899.734375 11.148610 0.220653 26.505895 105.697347 1.813329 743.317624
71964764562685.781250 98.715902 0.713283 317.127265 195.615293 1.811302 1457.949780
574353565819915.625000 51.248385 0.895972 2258.066696 221.773789 1.905300 2313.217058
233476111716467.593750 49.060267 0.555589 1561.893014 544.905928 1.753153 1688.543174
668335520493145.375000 81.183529 1.358973 771.690530 59.205848 1.824551 2855.739874
7398584866808045.000000 86.928639 1.459703 2731.302180 74.268868 1.804691 6522.587477
445467522609608.875000 76.049059 1.105648 1708.076181 537.503075 1.842412 2437.175839
112956508513426.156250 46.859053 0.182611 910.092055 314.176430 1.708697 1305.326800
217567853233336.375000 65.087033 0.936238 880.080115 83.360555 1.812644 1817.024711
146362537066281.093750 48.481618 1.822386 442.179991 373.741480 1.883749 1439.383940
418754418320005.000000 86.140716 1.035001 1013.176648 49.954970 1.819486 2496.132656
242148030026986.468750 2.974589 0.215219 1107.299308 559.649628 1.888773 907.022058
47068417850601.593750 89.119520 0.522377 224.087435 119.828607 1.780469 1219.482154
456994414093294.312500 4.055159 0.321933 2693.162461 1552.547536 1.994842 1149.762582
922239629723910.875000 91.120744 1.563408 1331.909769 194.697277 1.874359 3314.084055
195665731813813.406250 4.570614 0.091567 1897.139030 346.342779 1.837503 878.676377
21774947930939.015625 92.754132 1.017142 16.348835 47.942323 1.778706 956.886135
46120936084143.875000 93.873735 1.174034 13.456843 80.152665 1.815640 1234.228847
60570473542279.015625 13.340336 0.194306 15.739461 105.985792 1.798014 730.632718
217630313867166.375000 3.577929 0.162489 917.085227 419.836650 1.860285 887.025467
42869498967300.429688 81.658954 1.303528 110.239634 35.598407 1.833772 1145.538865
130061253780242.093750 93.695574 1.469459 317.278018 81.191744 1.827726 1742.528251
371915807415011.187500 61.158506 1.905226 475.694707 148.236214 1.951440 2126.099624
119993898953713.359375 49.992011 1.903450 369.057064 230.060429 1.875846 1361.138520
285947524904099.937500 90.864553 0.910949 1394.551937 175.538237 1.818433 2240.795991
29962886036614.613281 59.250949 0.431911 20.175749 64.014615 1.755729 908.258117
329831541744446.875000 15.771295 0.460252 530.437054 36.888788 1.858183 1342.057586
299421540037755.250000 52.263142 0.971945 1232.344173 497.058172 1.832061 1874.141201
34182724988599.980469 78.521412 1.061055 122.127502 56.403776 1.828541 1047.506817
16002880820176.292969 79.553428 1.558499 37.925569 22.180408 1.839660 817.162287
14428162590906.134766 63.890504 0.802585 20.547785 32.930593 1.803685 730.733845
18299092877702.679688 56.340015 1.089240 11.848508 31.901447 1.812277 757.365236
9188164891013950.000000 45.814021 1.998775 91.040310 10.111979 1.747805 5613.381985
439307085785941.312500 46.986082 0.786155 2436.033363 182.145496 1.845213 2054.618140
542651569023220.375000 21.983030 0.938466 2338.229514 1133.539920 1.882843 1737.398557
92847973153811440.000000 99.289173 1.805634 630.555844 17.027186 1.825372 15905.350317
13020360580113.626953 69.621388 0.923523 33.617691 23.520357 1.819142 727.685141
172777686462586.593750 50.531971 1.658234 510.534952 374.950916 1.907888 1542.597868
50076940881771984.000000 40.117280 0.910951 2785.177516 16.777268 1.813151 9455.428040
11668322384642.542969 15.826771 -0.293683 936.310564 39.829101 1.773690 440.974845
3169194226584403.500000 98.740145 1.329332 537.565227 20.179602 1.926210 5149.017895
331557583200056.312500 15.922367 0.541254 886.025940 41.769764 1.789373 1347.796759
127590651542226.812500 55.821703 1.730002 339.398351 401.090327 1.853655 1442.317482
39664853368806.085938 36.235601 1.097747 73.709386 35.485879 1.868839 846.512080
105844112142644.343750 7.756110 1.494784 25.936470 180.355937 1.819780 779.542309
2231267758083497.250000 7.299024 0.800307 537.800691 52.271732 1.793757 2128.628487
93781134799422.625000 31.559449 1.310352 140.432298 47.207187 1.841877 1079.386569
148736111999293.687500 4.157136 1.567318 23.585205 230.740045 1.825497 793.016526
1798331059831413.250000 83.762853 1.601423 2151.863718 303.295566 1.904485 4016.731049
77505201254122.359375 40.959324 1.181133 90.469910 23.391640 1.836396 1101.186836
167688768602276.937500 70.350471 0.909058 697.694928 253.248596 1.828621 1711.965071
196508468077705.687500 11.369334 0.408459 425.574342 53.242238 1.837000 1040.415355
30992671326983.593750 23.398581 1.792133 11.259161 42.489131 1.822656 681.391738
27754289126140.800781 87.120951 0.943049 14.901622 54.797211 1.794992 1014.283037
42998138896671.515625 31.675235 1.072623 86.608278 43.171452 1.841515 833.271596
27224132015007.113281 55.781801 0.255815 75.760783 66.759589 1.732485 861.654191
1987777448522604.000000 46.630304 1.908451 571.666615 67.170310 1.814193 3389.702866
283582800149999.250000 27.308533 1.064398 716.997009 155.960208 1.892259 1492.666549
2816329198971041.500000 20.982959 0.946172 242.595021 13.670084 1.739455 2967.946399
1631052090819887.500000 97.468498 1.558795 2159.776350 273.278369 1.910469 4106.900339
14951537674601.623047 53.203575 -0.475900 68.421471 20.372733 1.828418 694.331755
1918931661397035.000000 7.321403 0.810382 577.639833 58.101313 1.798872 2025.435106
264446652114472.062500 1.014638 0.074804 14.038351 1170.226640 1.797983 977.205491
43752201784091424.000000 40.213710 0.849051 2487.478137 11.984623 1.779851 9046.395163
183037392801883.562500 5.343539 -0.087277 2189.471290 27.202652 1.815522 877.806541
127018579365199.562500 52.469467 1.279784 125.439988 21.052942 1.814844 1410.081788
15977361127844.658203 31.399515 1.779555 13.000830 28.658213 1.793292 597.424397
175847132375818.250000 6.120899 0.151635 21.743479 53.890897 1.853392 884.730056
616098754034346.750000 30.909442 0.694268 2693.589101 88.148915 1.855173 2008.463835
266953069413582.937500 96.888593 1.330029 902.434507 746.813811 1.780087 2241.611427
688812361794532.750000 17.501336 0.746517 2770.221558 230.020023 1.904353 1764.134642
9743859205134576.000000 46.065192 1.989900 96.267764 10.142713 1.741696 5734.774738
41545343955485.101562 90.086913 0.486226 16.742923 88.493240 1.761110 1174.353727
498777399342617.187500 44.003633 0.815388 2140.170303 174.992222 1.876622 2097.186269
478951037606032.000000 24.995004 1.253265 1143.177913 236.600934 1.843121 1730.772149
27699197079850.445312 41.530864 1.980201 13.188129 53.185591 1.797684 785.016855
284709007318944.625000 15.972430 0.565114 485.543454 40.328142 1.825817 1282.135668
218479435869984.687500 46.481252 0.628550 1863.762123 217.404444 1.789135 1621.978640
28185489177393.953125 31.866204 0.853652 61.697373 23.946753 1.791908 725.209767
168114491372620.687500 94.250049 1.613270 586.660348 485.868060 1.803103 1902.223449
3512207825149478.500000 4.197300 0.063373 109.864546 11.751442 1.759353 2277.551854
41728954154534.960938 12.762955 -0.083972 1257.293291 52.532304 1.838503 638.244342
34814885738293.359375 63.087431 1.568767 66.679628 114.742943 1.759248 975.814175
15239848542693.603516 82.386130 1.793722 40.313242 39.859022 1.832942 814.075611
623412449080464.000000 31.318034 0.759725 2341.989872 79.794385 1.812878 2024.666511
287532340746082.375000 99.347409 0.790271 1713.944914 450.121171 1.786390 2318.858049
192933136051870.906250 93.307833 0.706589 1405.789868 127.030292 1.804203 1984.327334
315718256643858.250000 96.988666 0.694199 2185.979110 424.130579 1.788182 2371.437384
382361615375700.062500 4.477007 0.372533 1778.515243 1177.173655 1.917896 1095.741153
84496878542261.125000 17.475719 0.394194 339.590889 83.519229 1.830641 876.202734
117683766286610.796875 39.289431 0.238488 736.218184 299.771080 1.749478 1248.601449
230990211310808.468750 93.734627 0.971762 1118.594327 372.405902 1.817937 2110.541956
372864526814849.312500 91.118401 0.960223 1757.409812 455.232831 1.816288 2450.540641
55212829629860352.000000 98.028104 1.717720 666.093338 17.044011 1.806757 13313.020736
450405336152414.687500 59.328143 1.101732 1824.668190 553.667207 1.851204 2242.560751
1894294416000161.250000 4.361232 -0.050631 139.786378 10.125461 1.757163 1862.100013
60962091183619.062500 53.410774 1.768813 131.557001 211.981264 1.770845 1110.706087
95767564420024.000000 8.909254 1.372886 19.680154 154.701890 1.837336 775.424748
77826311540006.656250 80.132249 1.178657 270.058995 89.558209 1.853746 1388.058114
22097678623762.562500 28.336283 0.697624 57.969706 43.461626 1.771052 644.793080
769457549750474.125000 29.571930 1.048767 2874.798811 1407.992006 1.891930 2133.414254
1265693544914364.500000 33.416461 1.996633 1003.093821 222.838230 1.881211 2616.561848
24797779672675.550781 12.127201 -0.214994 1513.995876 48.435184 1.836883 529.947737
784141726919362.875000 92.250024 1.168133 545.071917 15.100253 1.744126 3153.666265
12153116256382.812500 98.730087 1.848343 32.068639 31.776288 1.836666 805.912482
46611475656197.406250 62.626658 1.525565 84.230790 137.943729 1.786251 1072.763862
28790513619300.746094 60.878661 0.435119 19.191081 61.148275 1.755957 904.682072
16940774167982.255859 37.478056 1.256798 26.108172 29.961141 1.816837 644.447902
30726573641832.660156 87.098052 0.074740 18.245551 77.275110 1.703540 1049.170511
163974663619724.562500 50.074208 1.683612 475.362701 320.810942 1.928485 1511.293358
143431851715933.531250 5.893575 -0.377887 205.813310 413.975276 1.690655 821.560340
43912314332115.234375 87.985920 0.262660 15.277268 99.177657 1.720253 1186.105000
83403598139859.515625 75.751108 1.813970 271.056488 279.017638 1.842736 1392.317100
12352005896934.949219 33.900839 1.108932 17.498971 22.844176 1.784888 561.712557
4099218109748844.000000 4.084052 0.066567 98.671397 11.088289 1.756153 2390.758888
594572550184609.750000 31.448637 0.758283 2240.360357 77.854673 1.813897 1995.547015
167065877155644.968750 23.921610 0.821722 656.820935 286.912851 1.843613 1202.557287
94048109141897.046875 42.727951 1.279224 100.443098 25.350670 1.850124 1190.962674
19514004621384.328125 29.556397 1.826892 10.698413 30.490144 1.804889 626.698340
34205415014382.500000 65.967302 1.063174 15.916570 67.438584 1.804542 985.289247
330260346813826.375000 89.384388 1.123565 1189.420946 938.659240 1.802054 2337.129529
522927829131346.125000 26.249337 0.917866 2294.581674 1284.072237 1.737267 1808.599580
55325771484628064.000000 38.209613 0.796794 2818.458997 10.561853 1.775135 9621.287479
170282094069342.656250 23.846763 0.396191 2648.723592 87.680923 1.779468 1209.104320
256647500909922.500000 90.917024 1.025007 1094.763128 181.695697 1.814198 2161.937729
407805556703834.875000 15.704126 0.601145 835.873661 40.756419 1.783518 1438.802240
116331269867278.640625 6.205335 -0.184217 191.115925 301.705192 1.698633 772.655936
27811161728685.730469 94.202856 1.119322 10.063184 58.983711 1.780342 1044.048373
526014910207107.062500 83.522077 1.631382 348.272731 35.833075 1.805720 2663.590057
133408225732797.515625 5.465307 -0.020101 25.036417 67.746009 1.826192 792.623229
422743998308081.812500 41.057523 0.691785 2833.238427 283.653067 1.846059 1939.919769
28641744102145.007812 70.257756 1.089088 12.148842 55.123903 1.803944 949.420367
273678342886810.843750 0.827702 0.018778 16.311604 1280.417003 1.822831 1021.945070
52174534389726.382812 16.252660 -0.394749 13.517257 109.484065 1.758104 731.643122
348550306144611.000000 54.369221 1.844481 486.408008 150.102389 1.935865 1998.167541
23906396126151.277344 29.985413 0.898385 61.674928 30.275562 1.782518 673.574848
247846530618058.437500 3.420579 0.230330 1112.875146 559.662103 1.880593 922.841137
122751227748272.703125 7.129491 -0.291900 165.643909 325.327040 1.709725 806.048764
3226623461900920.500000 7.504436 0.921710 564.559799 56.361640 1.790894 2419.778819
361056165184923.250000 53.335440 0.799727 1765.934024 709.186411 1.813932 2008.609920
273446876767193.562500 1.764554 0.575016 263.991892 521.309872 1.900730 939.553621
144294069477834.562500 4.331906 1.564277 23.404153 231.068658 1.825709 788.726240
267222500416358.750000 33.069958 1.590604 231.239765 51.474910 1.803641 1552.916633
