10.000000 0.000000 0.000000 0.000000 0.000000 0.000000 0.000000 0.000000
10.139395 0.000000 0.000000 0.000000 0.000000 0.000000 0.000000 0.000000
10.280732 0.000000 0.000000 0.000000 0.000000 0.000000 0.000000 0.000000
10.424040 0.000000 0.000000 0.000000 0.000000 0.000000 0.000000 0.000000
10.569346 0.000000 0.000000 0.000000 0.000000 0.000000 0.000000 0.000000
10.716676 0.000000 0.000000 0.000000 0.000000 0.000000 0.000000 0.000000
10.866061 0.000000 0.000000 0.000000 0.000000 0.000000 0.000000 0.000000
11.017528 0.000000 0.000000 0.000000 0.000000 0.000000 0.000000 0.000000
11.171107 0.000000 0.000000 0.000000 0.000000 0.000000 0.000000 0.000000
11.326826 0.000000 0.000000 0.000000 0.000000 0.000000 0.000000 0.000000
11.484715 0.000000 0.000000 0.000000 0.000000 0.000000 0.000000 0.000000
11.644806 0.000000 0.000000 0.000000 0.000000 0.000000 0.000000 0.000000
11.807128 0.000000 0.000000 0.000000 0.000000 0.000000 0.000000 0.000000
11.971713 0.000000 0.000000 0.000000 0.000000 0.000000 0.000000 0.000000
12.138593 0.000000 0.000000 0.000000 0.000000 0.000000 0.000000 0.000000
12.307798 0.000000 0.000000 0.000000 0.000000 0.000000 0.000000 0.000000
12.479362 0.000000 0.000000 0.000000 0.000000 0.000000 0.000000 0.000000
12.653318 0.000000 0.000000 0.000000 0.000000 0.000000 0.000000 0.000000
12.829698 0.000000 0.000000 0.000000 0.000000 0.000000 0.000000 0.000000
13.008537 0.000000 0.000000 0.000000 0.000000 0.000000 0.000000 0.000000
13.189869 425.318759 369.044372 531.744172 328.728515 732.323927 297.996627 1073.391030
13.373729 425.895558 370.405826 532.856073 330.085251 731.611223 299.310483 1068.382587
13.560151 426.439021 371.387870 533.106421 331.410103 730.687810 300.636792 1063.280241
13.749172 426.946017 372.380959 532.968233 332.771559 731.693673 301.975641 1058.081651
13.940828 427.820841 373.367461 533.430621 334.122966 734.569611 303.307500 1052.917736
14.135156 428.504290 374.344456 533.237065 335.452288 736.188968 304.635048 1047.772010
14.332192 428.846871 375.209753 533.341583 336.825260 735.387474 305.975220 1045.969388
14.531975 429.132816 375.996859 533.021667 338.322908 734.573915 307.328106 1051.837128
14.734543 430.260107 377.113040 532.923626 339.845204 733.737327 308.585110 1057.794607
14.939935 431.105009 378.375134 534.084029 341.366116 732.872359 309.470939 1063.860863
15.148189 431.488509 379.774897 535.853554 342.895341 731.994289 310.366535 1069.976564
15.359347 432.174271 380.595906 536.406233 343.878002 732.646503 311.271984 1076.142030
15.573448 432.936197 381.377038 535.758148 345.035694 733.094997 312.183856 1082.388734
15.790533 433.436128 382.743010 537.137000 346.377821 732.146488 313.096593 1088.766574
16.010645 434.224166 383.653087 537.006246 347.748937 731.183501 314.019345 1095.195397
16.233824 434.603347 384.417168 536.358440 349.085352 730.205793 314.952199 1101.675531
16.460115 434.731060 384.898287 537.963048 350.088329 729.082569 315.893188 1108.225862
16.689560 435.529292 385.831441 538.677289 351.088144 727.491494 317.091793 1114.933803
16.922204 436.274244 386.792350 538.063194 352.098998 725.874678 318.516055 1121.694292
17.158090 436.779655 387.446854 539.630621 353.151581 724.231641 319.953698 1128.507669
17.397264 437.461472 387.713140 539.678136 354.475444 724.753979 321.170851 1135.377052
17.639773 437.952108 388.795008 539.756407 355.769799 724.208323 322.059837 1142.434183
17.885662 438.770764 390.175992 539.835757 357.077406 723.190167 322.958717 1149.545454
18.134978 439.585941 391.312973 540.326264 358.259678 722.156353 323.867579 1156.711215
18.387770 440.442069 392.791819 540.226816 359.480592 721.106615 324.786513 1164.458136
18.644085 441.341493 393.621482 540.165919 360.523594 720.082110 325.705918 1173.989377
18.903974 441.876678 394.834972 540.216078 361.577728 719.046944 326.634306 1183.606421
19.167485 442.116214 395.878590 540.328996 362.692204 717.995824 327.572948 1193.278388
19.434669 442.826355 396.897183 540.239528 363.818729 716.928478 328.521937 1203.005786
19.705578 443.665939 397.938801 540.790448 364.925367 715.886741 329.472762 1213.028579
19.980263 444.520586 399.211082 542.597464 365.937766 714.842214 330.431348 1223.182018
20.258777 445.105107 400.054356 542.678471 366.890984 713.781566 331.400464 1233.391652
20.541173 445.590557 400.986535 542.720424 368.024787 712.704522 332.380204 1243.658031
20.827506 445.982462 402.181045 542.785937 369.111484 711.650231 333.362559 1254.198325
21.117830 446.354626 403.424245 543.174579 369.993401 711.246765 334.350932 1264.921542
21.412202 447.089193 404.755536 544.072595 371.296679 715.694586 335.350109 1275.702208
21.710676 447.830862 405.772747 544.645608 372.409523 720.066568 336.360184 1286.540918
22.013311 448.347155 406.227404 546.329841 373.518355 722.626032 337.374003 1297.626390
22.320165 449.614428 406.738546 547.126936 374.799114 726.973455 338.391671 1308.955928
22.631296 449.935452 407.917344 549.942977 376.181951 731.044032 339.420409 1320.344140
22.946764 450.409485 409.009814 551.464081 377.342644 729.599410 340.460314 1331.791674
23.266629 451.300588 409.614704 551.171983 378.501917 728.153933 341.566434 1343.451057
23.590953 452.526311 410.669428 550.821187 379.662825 726.722891 342.673616 1355.424370
23.919798 453.687050 411.736095 551.582201 380.836303 730.175085 343.792592 1367.457550
24.253227 454.292634 412.814818 551.632094 382.022457 734.710020 344.923459 1379.551304
24.591304 455.165033 413.447327 552.819346 383.210361 739.301620 346.060573 1391.814541
24.934094 456.085499 414.843723 552.845708 384.376863 738.852120 347.191937 1404.472765
25.281661 457.198441 416.014277 553.124360 385.556023 738.719913 348.335320 1417.192006
25.634074 458.182929 417.010350 553.935869 386.747949 739.433528 349.490822 1429.973040
25.991399 459.200174 418.203438 553.073691 387.720409 745.214714 350.655605 1442.871983
26.353705 460.005512 419.519015 552.492076 388.657480 749.851836 351.810076 1456.257503
26.721062 460.638554 420.950711 552.360221 389.631258 748.516408 352.976784 1469.705143
27.093539 461.473795 421.932002 553.502308 390.884969 747.159929 354.155831 1483.215757
27.471208 461.928538 422.988219 553.307628 392.152065 745.782022 355.347319 1496.790192
27.854142 462.532316 423.747891 554.817551 393.399480 744.681787 356.524529 1510.941730
28.242413 463.312312 424.601168 554.468301 394.659787 751.955842 357.713814 1525.163681
28.636097 464.339269 425.072530 553.508021 395.819772 759.260143 358.915654 1539.449737
29.035269 465.777173 426.308395 553.253999 396.959421 766.592661 360.130151 1553.800830
29.440005 466.605859 427.618842 553.275913 398.087465 765.244718 361.333361 1568.700181
29.850382 467.537982 428.908882 553.380591 399.200965 763.883813 362.545232 1583.744485
30.266481 468.621325 429.992622 553.939656 400.337462 767.490486 363.769875 1598.853973
30.688379 469.524808 431.084803 553.638720 401.555351 773.935473 365.007393 1614.029669
31.116158 470.429641 432.155683 553.922117 402.773751 774.224724 366.235709 1629.715907
31.549901 471.486341 433.226108 554.337807 403.995569 771.636770 367.468618 1645.633676
31.989689 472.686679 433.924119 555.433584 405.025944 773.170156 368.714504 1661.617646
32.435608 473.694981 434.550870 555.489553 406.054161 779.388524 369.973473 1677.668946
32.887743 474.686256 435.731331 555.580178 407.199567 786.700500 371.226182 1694.183138
33.346180 475.870473 437.061981 555.954323 408.340560 794.148155 372.478944 1711.028852
33.811008 476.801894 438.572434 556.856720 409.297198 801.628983 373.744881 1727.941715
34.282315 477.999739 439.715639 557.757614 409.339652 804.178381 375.024101 1744.922969
34.760192 478.849820 440.793497 558.681524 410.655624 810.655967 376.301056 1762.307850
35.244730 479.932501 441.854539 558.460506 411.802129 817.292802 377.573611 1780.138687
35.736022 480.849760 442.927777 559.555846 412.668843 823.967572 378.859540 1798.037546
36.234163 481.882343 444.013326 560.274784 413.697475 830.680625 380.158953 1816.005794
36.739248 482.820317 444.948011 560.022904 415.040788 837.518183 381.459763 1834.305994
37.251373 483.738281 445.766800 560.210002 416.212698 844.561191 382.750403 1853.182794
37.770637 485.022779 446.424405 561.007018 416.710214 851.642908 384.054606 1872.128402
38.297139 485.973043 447.245807 561.949468 417.983426 858.763717 385.372482 1891.144326
38.830980 486.817222 448.975697 562.429784 419.134177 865.983432 386.696211 1910.406597
39.372263 487.738442 450.238838 562.856290 420.519076 873.465475 387.848411 1930.393760
39.921091 488.574846 451.504606 563.604743 421.790472 880.986938 388.963113 1950.450425
40.477570 489.412053 452.424767 564.190616 423.075690 888.548242 390.090101 1970.578254
41.041805 490.277982 452.700108 565.002266 424.233735 896.175354 391.233885 1990.851438
41.613906 490.999446 453.740549 565.764388 425.639372 904.131745 392.440234 2012.017107
42.193981 491.381985 454.513199 566.946844 426.921368 912.128187 393.659625 2033.252868
42.782142 492.611606 455.702686 567.448817 428.217316 920.165146 394.892168 2054.560555
43.378502 493.873559 456.333999 567.889359 429.807508 928.243091 396.137977 2075.941973
43.983175 494.690361 457.524232 568.829276 430.879723 936.692896 397.436434 2098.311923
44.596276 495.705458 457.984201 569.569915 432.098331 945.200026 398.750665 2120.798761
45.217924 496.764894 458.670383 570.531510 433.403754 953.748268 400.078808 2143.358192
45.848238 497.819714 459.445321 571.293676 434.723372 962.338144 401.420978 2165.992204
46.487337 497.839181 460.610506 571.794695 436.222789 971.286483 402.803946 2189.551534
47.135345 499.007894 461.527985 572.013231 438.027399 980.344200 404.207128 2213.365518
47.792386 500.241037 462.765765 571.975537 438.630500 989.443521 405.624914 2237.252663
48.458586 501.187418 463.954843 573.611286 439.958466 998.585029 407.057422 2261.215156
49.134073 502.219876 464.910682 574.655295 441.266029 1008.064074 408.516195 2286.024127
49.818975 503.048673 465.964035 574.705524 441.306139 1017.715128 409.995075 2311.245717
50.513425 504.181422 467.261729 575.259825 442.652348 1027.408154 411.489142 2336.540927
51.217554 505.276832 468.494984 575.821308 443.167922 1037.143808 412.998518 2361.912162
51.931499 506.171504 469.520466 575.779152 443.738572 1047.187612 414.525361 2388.033695
52.655396 507.333102 470.333665 576.645142 444.888886 1057.478127 416.069347 2414.747895
53.389384 508.161492 471.632500 576.800829 445.424775 1067.810838 417.629027 2441.536060
54.133603 509.010116 473.166469 576.958643 446.684674 1078.186483 419.204524 2468.400832
54.888196 509.925648 474.132023 577.125557 447.448514 1088.830404 420.790268 2495.900613
55.653308 510.819290 475.204794 577.633444 448.503210 1099.808586 422.328323 2524.197203
56.429085 511.704096 476.313534 578.398237 448.576973 1110.829028 423.744591 2552.567979
57.215676 512.866843 477.484032 579.908300 448.908837 1121.892566 425.175784 2582.985540
58.013231 513.977670 478.733603 580.863372 449.739613 1133.173649 426.606573 2615.453983
58.821904 514.621458 479.596231 581.771710 451.246374 1144.891854 428.017170 2649.162684
59.641849 515.764172 480.847507 582.218460 452.769019 1156.652198 429.442700 2682.908880
60.473224 516.389397 481.897681 582.608004 453.580110 1168.455628 430.883285 2716.697520
61.316188 517.520412 482.593516 583.190121 452.911635 1180.413092 432.329752 2750.854962
62.170903 518.302746 483.770495 583.557633 453.553324 1192.927271 431.245764 2786.555296
63.037532 519.215720 484.929481 584.249161 455.062901 1205.483258 428.797660 2822.292238
63.916241 520.247513 486.147870 584.921215 454.547767 1218.082130 426.301077 2858.071132
64.807198 521.179680 487.274981 585.257054 455.242623 1230.757103 423.836031 2893.987555
65.710575 522.061885 488.407214 585.150807 456.333468 1244.127069 423.678405 2931.779311
66.626545 523.023467 489.631452 585.321356 458.363053 1257.538281 424.247563 2969.606857
67.555283 523.949184 490.861256 586.024368 459.785902 1270.991961 424.823876 3007.475954
68.496967 525.415752 492.052117 586.230046 461.832545 1284.489313 425.407425 3045.392174
69.451778 526.622208 493.158698 586.773652 462.795190 1298.717554 427.612295 3085.213829
70.419898 527.645019 494.117640 587.702878 463.698844 1313.047986 429.981079 3125.237697
71.401513 528.603129 495.092659 588.468515 465.478868 1327.420230 432.369633 3165.302803
72.396811 529.449197 496.082419 589.243808 466.677582 1341.835651 432.324280 3205.415134
73.405984 530.566176 496.771635 589.772737 467.544977 1356.939712 432.842142 3247.259479
74.429223 531.690832 498.093582 590.589603 468.879430 1372.256660 434.238268 3289.591438
75.466726 532.828741 498.878673 591.386069 470.674489 1387.614504 435.649287 3331.964410
76.518692 533.592009 499.814256 591.934620 472.280300 1403.014795 437.075324 3374.384817
77.585321 534.514755 500.915003 592.471786 473.678752 1419.047054 439.129712 3418.339096
78.666818 535.354111 502.060224 592.771797 474.279511 1433.724271 441.132085 3463.097160
79.763391 536.607048 503.169648 592.981433 475.722526 1447.339525 442.636269 3507.896100
80.875249 537.508295 504.223280 593.872607 477.109681 1461.015028 443.720024 3552.742793
82.002606 538.393347 505.428407 595.152071 478.539548 1475.017967 445.601547 3598.898408
83.145678 539.376904 506.565708 595.944148 479.070462 1489.317282 448.004379 3646.207030
84.304684 540.533888 507.668184 596.927656 479.818267 1503.677092 450.427618 3693.556484
85.479845 541.659214 508.951062 597.556304 481.617617 1518.098392 452.871397 3740.954120
86.671388 542.559805 510.222800 598.522867 482.616402 1532.797977 455.256663 3789.406730
87.879540 543.483802 511.241758 599.223861 483.655920 1547.881922 457.543773 3839.397004
89.104533 544.645391 512.520943 599.791235 484.677107 1563.027510 459.851151 3889.428155
90.346602 545.290722 513.722630 599.944676 485.710337 1578.235829 462.178930 3939.508032
91.605985 546.257291 514.905301 600.570033 487.024904 1593.664521 464.477042 3990.357667
92.882923 547.107796 516.273154 601.065849 488.537609 1609.576533 466.660501 4043.167515
94.177660 548.022071 517.423677 601.733176 490.066634 1625.551327 468.864014 4096.018384
95.490446 549.057626 518.566010 601.769100 491.612117 1641.590088 470.076134 4148.918641
96.821531 550.038709 519.869863 601.374469 493.164824 1657.781708 470.014431 4202.269808
98.171170 551.035406 520.882971 601.846408 494.677352 1674.567427 472.553940 4258.044174
99.539623 552.172476 522.436505 602.405656 496.206258 1691.417057 475.114989 4313.859806
100.927151 553.085028 523.697692 602.972171 497.751680 1708.331887 477.697719 4369.725615
102.334021 554.209129 524.775608 603.545714 499.312890 1725.321619 480.299447 4425.687417
103.760502 555.377422 525.829886 604.101419 500.483939 1748.383493 482.351581 4484.578448
105.206867 556.376044 527.014228 604.664348 501.960121 1773.765473 484.106525 4543.511100
106.673394 557.386759 528.437250 605.234590 503.344348 1799.135694 485.879461 4602.494851
108.160363 558.310181 529.447191 605.431949 504.560289 1824.499406 487.670529 4661.538851
109.668060 559.400480 530.734491 606.374540 506.535419 1851.793957 489.362943 4723.348322
111.196773 560.397388 531.606970 606.941127 507.378324 1879.316961 491.057517 4785.557636
112.746796 561.311122 532.950340 607.515071 508.565809 1906.818053 492.769763 4847.819117
114.318425 562.141939 534.362331 608.096464 509.926562 1934.303324 494.499824 4910.142484
115.911962 562.899157 535.163836 608.508178 511.681087 1963.604111 496.153194 4974.958927
117.527712 563.802170 535.939432 608.634567 513.419862 1993.463428 497.793046 5040.612092
119.165984 565.003606 536.909523 609.727215 514.620525 2014.571853 499.346966 5106.318648
120.827094 566.122493 538.299923 610.504650 515.509887 2032.190748 498.721701 5172.088913
122.511358 566.963719 539.520683 611.097250 516.247813 2050.203338 499.349555 5240.043132
124.219100 567.997075 540.573051 612.555018 517.276789 2068.488172 500.717706 5309.315024
125.950646 568.880474 541.572578 614.029573 518.171277 2086.864318 502.112012 5378.641706
127.706330 569.789310 542.825281 613.384798 519.076660 2105.332861 503.521812 5448.034120
129.486487 570.757493 544.039341 613.402054 519.981809 2124.153536 505.279383 5519.262075
131.291459 571.724006 545.153536 614.110896 520.886468 2143.330451 507.394125 5592.335375
133.121590 572.790328 546.342640 614.828784 521.802137 2162.601065 509.396298 5665.465059
134.977233 573.889432 547.555521 615.555824 522.728931 2181.966539 509.852345 5738.662719
136.858742 574.807537 548.791024 616.289011 523.660444 2201.634265 510.416417 5813.305620
138.766479 575.980418 550.059045 617.026116 524.591907 2221.754260 511.165240 5890.370908
140.700809 577.265299 550.844790 617.554884 525.534669 2241.970369 511.923383 5967.494390
142.662102 578.058859 551.871351 617.595715 526.488849 2262.283839 512.690949 6044.688335
144.650734 579.310445 552.827538 618.637689 527.758795 2282.840097 513.552091 6122.892734
146.667087 580.265909 553.885391 619.663606 529.506323 2303.958508 514.695515 6204.148540
148.711546 581.131020 554.912984 620.325436 530.701266 2325.175469 515.852289 6285.464593
150.784505 582.292599 555.738213 621.614905 531.808498 2346.492318 517.022546 6366.853869
152.886359 583.258173 557.068002 622.407677 533.460013 2367.981354 518.254033 6448.771752
155.017512 584.202727 558.194374 623.199272 535.030132 2390.158472 519.895283 6534.424566
157.178372 585.436008 559.218994 624.000876 536.309008 2414.138880 521.554138 6620.139956
159.369353 586.477306 560.334144 624.751328 537.210043 2441.692370 523.230747 6705.931634
161.590875 587.491988 561.291496 625.634571 537.894496 2472.849755 524.925259 6791.812838
163.843365 588.569294 562.278912 626.575898 538.582140 2508.362688 526.436570 6881.984739
166.127252 589.571937 563.174196 627.956564 539.278353 2543.912898 526.967104 6972.314191
168.442976 590.770699 564.269577 628.651446 539.983355 2579.458460 527.504489 7062.723339
170.790980 591.779771 565.283066 630.133038 540.745637 2615.006236 528.048807 7153.226158
173.171713 592.844146 566.369114 630.820232 542.233774 2652.636602 528.656982 7247.644194
175.585633 593.887619 567.379789 631.155064 543.407218 2690.619384 529.283066 7342.810298
178.033202 594.656750 568.070483 631.533070 544.594437 2728.591841 529.917122 7438.059892
180.514888 595.579919 569.242272 632.821561 546.017761 2766.561525 530.559243 7533.407716
183.031168 596.639921 570.388785 633.879236 546.585468 2806.427522 531.510334 7632.247175
185.582523 597.357759 571.105770 634.629012 548.027483 2847.009271 532.127283 7732.480222
188.169442 598.290533 571.739949 635.153212 548.736963 2887.574453 532.817061 7832.800990
190.792422 599.333251 572.561587 635.952538 549.871941 2928.131369 533.598277 7933.225010
193.451965 600.348221 573.572214 636.726089 551.144716 2970.360928 534.474416 8036.666541
196.148581 601.376312 574.654322 637.577999 551.667103 3013.725016 535.329191 8142.204280
198.882786 602.422924 575.854382 638.671596 552.962251 3057.065604 535.592522 8247.834464
201.655104 603.554334 576.571091 639.597875 554.272363 3100.391810 536.360713 8353.573444
204.466067 604.807649 577.659948 641.188462 555.613920 3145.124239 537.203234 8461.803019
207.316213 605.750995 578.999564 642.630799 556.990029 3191.474943 538.132106 8572.890319
210.206088 606.715979 580.027511 643.731949 558.381859 3227.966222 539.197672 8684.075350
213.136247 607.961211 581.034904 644.441036 559.789556 3262.578764 541.574649 8795.375308
216.107251 609.064809 582.431383 645.148031 560.989380 3297.751222 543.342329 8908.584161
219.119669 610.139159 583.759786 645.841483 561.838676 3333.932936 544.845275 9025.472574
222.174078 611.083916 584.722189 647.664889 563.175110 3370.222431 546.364949 9142.464639
225.271064 612.173723 585.670665 648.701834 563.503507 3406.623106 547.901504 9259.578422
228.411221 613.004290 586.940597 649.780838 565.072135 3443.426832 547.803595 9377.962976
231.595149 614.042557 588.339625 650.462323 565.950017 3490.604117 549.464091 9500.910174
234.823460 614.947660 589.309841 651.199788 566.838748 3549.392880 551.142625 9623.967666
238.096772 615.817455 590.636582 652.275159 567.919076 3608.023238 550.572100 9747.154409
241.415712 616.713745 591.729426 653.476042 568.654062 3666.924036 551.867135 9870.916182
244.780916 617.608156 593.053678 654.755083 569.641984 3730.807290 553.731924 10000.185263
248.193029 618.558695 593.761271 656.452689 570.641931 3794.483081 555.307531 10129.572098
251.652705 619.498337 594.878078 658.208192 572.407400 3857.973581 556.406443 10259.096557
255.160607 620.409602 596.114099 658.772782 574.578783 3921.299665 557.518463 10388.777848
258.717408 621.447414 597.278030 659.548961 576.226505 3988.144855 558.725491 10524.300688
262.323788 622.505119 598.261397 660.438761 577.411533 4055.010577 559.951529 10660.285475
265.980440 623.557977 599.686042 661.692109 578.610602 4121.700980 560.100133 10796.417202
269.688063 624.818131 600.723415 663.613438 580.252987 4188.236915 559.092730 10932.715978
273.447368 625.686828 601.768996 665.211864 581.922291 4240.368121 560.847298 11074.277199
277.259076 626.621371 602.918394 666.812869 583.545358 4289.352702 563.251420 11217.132247
281.123917 627.442435 604.081580 668.438331 585.232271 4338.455446 565.678622 11360.144612
285.042632 628.460084 605.258698 670.070262 586.997547 4387.681638 568.029390 11500.578901
289.015972 629.502750 606.519590 671.716668 588.490588 4438.260039 569.560531 11644.488502
293.044698 630.611362 607.681760 673.554346 589.593183 4489.519647 571.150405 11790.659338
297.129582 631.778144 608.604175 675.318034 590.659604 4540.903029 572.757935 11937.040373
301.271407 633.124994 609.561912 676.492879 592.162933 4592.415713 574.383280 12083.651510
305.470967 634.355873 610.690845 677.657687 593.413663 4645.084616 576.115416 12234.339475
309.729067 635.431677 611.620720 679.195732 594.610061 4698.695127 577.937437 12388.288996
314.046522 636.755547 612.748581 680.910669 595.685096 4752.435514 579.779009 12542.455325
318.424160 637.717862 613.770059 682.416452 596.586460 4806.311548 581.640299 12696.859571
322.862820 638.550527 614.872566 683.690547 597.853012 4861.134117 583.602947 12854.600771
327.363353 639.421260 615.810065 685.226102 598.931773 4917.171321 585.695824 13016.692588
331.926620 640.126863 616.908060 686.779556 600.640778 4973.345031 587.753124 13179.008549
336.553498 641.165608 617.935566 688.831478 601.686500 5029.661258 589.569404 13341.571011
341.244871 641.993488 618.979961 690.905318 603.098612 5086.701327 588.707852 13507.011863
346.001639 642.977690 619.901743 692.939304 604.297449 5145.240457 590.587222 13678.830363
350.824714 643.903834 620.972857 694.944401 605.556069 5203.923292 592.486703 13850.867929
355.715021 644.984777 622.155991 696.745851 606.670158 5262.756083 594.406465 14023.148860
360.673495 645.952907 623.421229 698.512468 607.793092 5322.077997 596.319359 14197.316401
365.701088 646.893679 624.449181 700.350288 608.770133 5383.193210 596.723648 14379.693339
370.798763 647.783659 625.735909 702.300054 610.019371 5444.459939 596.571817 14562.280645
375.967497 648.750466 626.845168 704.418993 611.212765 5505.884671 596.417830 14745.104843
381.208280 649.608692 627.987005 706.240987 612.516949 5567.553122 596.358922 14928.488220
386.522116 650.707076 629.075222 708.031310 613.652146 5631.316922 598.680622 15119.342039
391.910025 651.664288 630.104991 709.841980 614.622309 5695.240706 601.025528 15310.427364
397.373038 652.573057 631.122994 712.067914 615.790201 5759.331193 602.732569 15501.771575
402.912203 653.614573 632.520828 714.540418 616.972115 5823.594960 603.164265 15693.401200
408.528580 654.451419 633.529974 716.889251 618.116546 5889.893641 605.163120 15892.283202
414.223247 655.471889 634.583839 719.088060 619.323337 5956.545404 607.309379 16092.109262
419.997295 656.321821 635.713709 721.129821 620.116654 6023.373275 608.822105 16292.218605
425.851829 657.532030 636.798285 723.558372 620.902137 6090.384051 609.513820 16492.638571
431.787973 658.654751 637.784128 725.382680 622.258827 6159.197989 610.208172 16699.447340
437.806863 659.963165 638.742310 727.207976 623.744656 6228.645732 610.909646 16908.244799
443.909653 661.037212 639.634073 729.054050 624.728707 6298.279739 611.620077 17117.352567
450.097513 662.134816 640.505292 730.921096 625.836543 6368.107025 612.339570 17326.798755
456.371628 663.170663 641.450509 732.750114 626.693473 6439.494828 613.061437 17541.724274
462.733201 664.123752 642.351879 734.568184 627.792404 6511.802885 613.788847 17759.709046
469.183451 665.166309 643.347986 736.607822 628.621078 6584.308169 614.525518 17978.034009
475.723614 666.414378 644.125349 738.863228 629.675537 6657.017902 615.271557 18196.728005
482.354943 667.796220 644.960643 741.122965 630.797199 6731.036754 616.020392 18419.954099
489.078709 668.811979 646.081532 742.953554 631.761129 6806.264995 616.772593 18647.324472
495.896201 669.998465 646.890552 744.768527 632.736998 6881.702285 617.534344 18875.068019
502.808725 671.317844 647.810576 746.604295 633.629990 6957.356046 618.305756 19103.214254
509.817606 672.298519 648.890695 748.438131 634.512927 7034.061404 619.081023 19334.917584
516.924187 673.280191 649.657405 750.277577 635.379052 7112.264381 619.856922 19571.851200
524.129830 674.257987 650.602829 752.760661 636.265029 7190.689147 620.642647 19809.194310
531.435916 675.695371 651.482580 755.270023 637.247522 7269.343311 621.438309 20046.977045
538.843844 676.797875 652.349194 757.793809 638.375582 7348.788588 622.239485 20287.326069
546.355035 677.752577 653.418673 760.310406 639.617639 7430.014640 624.035641 20533.976775
553.970928 678.655473 654.230873 762.853607 640.603192 7511.476196 625.852970 20781.076878
561.692982 679.697927 655.075012 765.005089 641.600938 7593.181037 626.896509 21028.657054
569.522678 680.729205 656.138759 767.057293 642.605059 7675.417264 627.586692 21277.810937
577.461515 681.800646 657.148849 769.034734 643.592032 7759.707579 628.281073 21534.305548
585.511016 682.908840 658.183329 771.034562 644.432696 7844.248143 628.984350 21791.293282
593.672722 683.866945 658.893924 773.056983 645.283961 7929.046891 629.696629 22048.805281
601.948197 684.753745 659.941869 775.494674 646.145795 8014.122372 630.417973 22306.912755
610.339029 685.847575 660.904461 778.745573 647.064084 8101.510014 631.140423 22573.347778
618.846824 687.001884 661.890952 780.893809 648.277091 8189.163735 631.872100 22840.323698
627.473213 688.158205 662.815334 783.539330 649.044026 8277.091610 632.613112 23107.872043
636.219849 689.339510 663.866447 786.277051 650.593011 8365.301579 633.363568 23376.023547
645.088409 690.438588 664.955119 789.010741 651.384783 8455.560467 634.114124 23651.508575
654.080591 691.464676 665.984230 791.151642 652.116419 8546.352432 634.872889 23928.539869
663.198120 692.720404 667.026066 793.160329 653.021998 8637.435641 635.641307 24206.195919
672.442742 693.952727 667.930505 796.000760 653.607885 8728.818157 636.419488 24484.507774
681.816229 695.088423 669.034600 798.943589 654.347395 8821.965783 637.197610 24769.076849
691.320378 696.221140 669.904261 801.907181 655.257112 8915.911019 637.982219 25056.194102
700.957009 697.536691 670.900301 804.900944 656.477479 9010.165752 638.776780 25343.992807
710.727970 698.832120 672.047329 807.368855 657.271612 9104.738151 639.581410 25632.504233
720.635132 699.958605 673.145727 809.457675 658.012937 9200.797729 640.386529 25926.214432
730.680395 701.082846 674.095240 812.269109 658.752977 9297.900199 641.195798 26223.408523
740.865683 702.412334 675.165320 814.404889 659.502485 9395.331628 642.102000 26521.345288
751.192949 703.740078 676.113081 816.276082 660.241009 9493.100270 643.033715 26820.056119
761.664172 704.752426 677.002147 818.130449 661.016241 9592.089591 643.963130 27122.945571
772.281357 705.870346 677.891571 819.965778 661.570401 9692.341233 644.889463 27430.164765
783.046540 706.832803 678.991909 822.076952 662.097355 9792.942537 645.827352 27738.192509
793.961785 708.030861 680.045910 824.212738 662.688448 9893.901820 646.776926 28047.060218
805.029181 709.310079 681.093846 826.340959 663.500088 9995.832859 647.727513 28359.147013
816.250851 710.620082 682.186207 828.576765 664.270745 10099.212658 648.670523 28676.294328
827.628946 711.855177 683.164810 831.587849 665.051233 10202.964090 649.625280 28994.320810
839.165644 713.179804 684.162947 833.966179 665.841667 10307.095513 650.591916 29313.257797
850.863158 714.335784 685.129112 836.056874 666.635066 10411.974039 651.563299 29634.538910
862.723729 715.340448 686.130823 838.099172 667.414613 10518.447176 652.522241 29961.469840
874.749630 716.504047 687.289518 840.164871 668.215343 10625.315199 653.493113 30289.355338
886.943166 717.739393 688.397649 842.254191 669.307599 10732.586484 654.476048 30618.226562
899.306672 718.868297 689.279943 844.357833 670.270411 10840.411665 655.467859 30948.676794
911.842520 719.895402 690.324040 846.575047 671.045642 10949.928758 656.442020 31285.197472
924.553110 721.204780 691.238631 849.250502 671.879564 11059.865273 657.428286 31622.752889
937.440879 722.393907 692.182583 851.954673 672.727799 11170.229583 658.426792 31961.373921
950.508296 723.597615 693.174432 854.687803 673.719545 11281.029972 659.437673 32301.090925
963.757866 724.769551 694.194678 857.493636 674.677814 11393.490059 660.427373 32646.810747
977.192128 726.242102 695.075728 860.330541 675.646679 11506.431754 661.428346 32993.796237
990.813657 727.721065 695.981535 862.482545 676.627632 11619.827025 662.441728 33341.931829
1004.625062 729.039221 696.874850 864.495511 677.620810 11733.684137 663.401921 33691.247550
1018.628990 730.439378 697.769270 867.651764 678.544913 11848.910214 664.219349 34045.465997
1032.828126 731.808217 698.703825 870.829942 679.216083 11964.778052 665.043719 34401.590184
1047.225190 733.103860 699.605494 874.040623 679.895931 12081.126467 665.878537 34758.953419
1061.822941 734.474947 700.512315 877.284062 680.584563 12197.963685 666.723926 35117.585311
1076.624177 735.710248 701.398041 880.533898 681.246930 12315.913092 667.563378 35480.139693
1091.631734 737.138760 702.191803 883.867416 681.903600 12434.611974 668.406708 35845.059555
1106.848489 738.526848 703.164488 887.234613 682.568780 12553.819608 669.260708 36211.311664
1122.277356 739.992297 704.212617 890.635749 683.242571 12673.544161 670.125502 36578.925130
1137.921294 741.205879 705.109808 893.624167 684.024716 12794.166093 670.986584 36949.627872
1153.783300 742.117904 706.311920 896.922291 684.892369 12915.584716 671.848029 37322.949355
1169.866413 743.481612 707.323615 900.254053 685.770995 13037.541375 672.720357 37697.700251
1186.173716 744.592708 708.351409 903.619715 686.692165 13160.044157 673.603690 38073.909105
1202.708335 746.077580 709.284640 906.983283 687.718602 13283.279569 674.486003 38452.547841
1219.473437 747.304556 710.198577 910.337287 688.737340 13407.290502 675.364736 38833.827234
1236.472235 748.596709 711.124056 913.725474 689.768743 13531.869775 676.254552 39216.636823
1253.707987 750.227492 712.152416 917.148111 690.812950 13657.025383 677.233101 39601.004524
1271.183997 751.472622 713.196700 920.577775 691.857604 13782.806919 678.145657 39987.342292
1288.903612 752.683792 714.240159 923.320275 692.889065 13909.266916 678.953925 40376.088417
1306.870230 754.145358 715.296609 925.510879 693.933339 14036.326472 679.860407 40766.468702
1325.087292 755.650522 716.306797 928.830152 694.892188 14163.993474 680.778292 41158.510390
1343.558290 757.049542 717.185328 931.217034 695.702058 14292.245446 681.701849 41552.285943
1362.286764 758.141944 718.029573 933.541604 696.489178 14420.996010 682.612729 41946.413632
1381.276303 759.265340 719.009845 935.892681 697.180956 14550.378138 683.454258 42341.601589
1400.530545 760.677226 720.017518 938.270517 697.822720 14680.399598 684.282892 42738.567495
1420.053182 762.202046 721.044416 940.348806 698.769143 14811.037996 685.119779 43137.234988
1439.847953 763.502792 722.025453 942.321222 699.674917 14941.906206 685.934952 43536.290533
1459.918652 764.926265 723.086079 944.316926 700.354119 15073.438621 686.760501 43937.208333
1480.269127 766.338938 723.931080 946.336152 701.042117 15205.642884 687.596546 44340.013658
1500.903276 767.847693 724.745081 948.379135 701.818251 15338.526629 688.443207 44744.731678
1521.825053 769.299465 725.674911 950.336547 702.892312 15471.375030 689.267602 45148.841803
1543.038469 770.561143 726.689215 952.309712 703.976468 15604.871941 690.100245 45554.753721
1564.547589 771.994635 727.639748 954.306216 705.074035 15739.073678 690.943469 45962.663929
1586.356534 773.419106 728.558625 956.326295 706.185159 15873.987756 691.797398 46372.596828
1608.469483 774.660594 729.339318 958.276528 707.056717 16008.732681 692.633231 46781.404342
1630.890676 775.795191 730.159489 960.227471 707.899409 16143.996113 693.472753 47191.540127
1653.624407 777.040037 731.025264 962.201571 708.752824 16279.997631 694.322941 47603.785320
1676.675035 778.251887 732.017872 964.199062 709.617087 16416.744629 695.183919 48018.163573
1700.046975 779.431419 732.946192 966.142241 710.467797 16553.266415 696.031134 48431.194455
1723.744708 780.643756 733.777416 968.071371 711.317625 16690.087784 696.877335 48844.757552
1747.772774 781.789162 734.479404 970.023475 712.178264 16827.680580 697.734284 49260.540650
1772.135779 782.990003 735.478847 972.301304 713.049839 16966.052081 698.445574 49678.566683
1796.838391 784.168097 736.478098 974.906676 713.912238 17104.225711 699.108315 50095.335042
1821.885343 785.511064 737.468078 977.062687 714.946421 17242.387616 699.765721 50511.511533
1847.281437 786.850955 738.385703 979.747066 715.838231 17381.354160 700.431661 50930.017178
1873.031539 788.340158 739.219758 982.696043 716.577377 17521.132511 701.106238 51350.874245
1899.140582 789.507934 740.063995 985.288284 717.388897 17660.828158 701.776566 51770.885079
1925.613572 790.718958 740.917564 987.822556 718.252034 17800.106371 702.437517 52188.853121
1952.455581 792.035324 741.793954 990.385533 718.987806 17940.222086 703.107048 52609.257107
1979.671753 793.522063 742.566897 992.977483 719.714501 18081.182372 703.785261 53032.118711
2007.267304 794.949430 743.468965 995.554992 720.439877 18222.265970 704.463206 53454.870760
2035.247521 795.988516 744.429275 998.054453 721.148325 18362.431584 705.127681 53873.810285
2063.617768 797.349683 745.427620 1000.582380 722.027299 18503.466989 705.800780 54295.289283
2092.383480 798.731625 746.438518 1003.139042 722.861933 18645.379168 706.482607 54719.328905
2121.550171 800.087491 747.381632 1005.700402 723.806509 18787.713037 707.168207 55144.317608
2151.123430 801.318136 748.252770 1008.163772 724.731356 18928.534724 707.836194 55563.420055
2181.108924 802.823786 749.135016 1010.655349 725.798401 19070.257696 708.512850 55985.161367
2211.512400 804.201051 750.088524 1013.175402 726.673005 19212.888865 709.198279 56409.562267
2242.339683 805.592802 751.131603 1015.719391 727.711572 19356.332371 709.891578 56836.282835
2273.596682 806.629050 752.140330 1018.145743 728.641062 19497.578717 710.563071 57254.760632
2305.289387 807.513466 753.161738 1021.140914 729.582300 19639.756826 711.243276 57675.971747
2337.423871 808.735129 754.105740 1023.334017 730.535419 19782.873558 711.932300 58099.936569
2370.006292 810.137905 755.010801 1025.593467 731.500557 19926.935821 712.630248 58526.675618
2403.042894 811.484668 755.888271 1027.996859 732.436373 20068.725674 713.308338 58944.982750
2436.540009 812.829131 756.580923 1030.413256 733.126821 20211.128538 713.992088 59364.900434
2470.504055 814.074484 757.239405 1032.857564 734.237434 20354.499248 714.684701 59787.660380
2504.941542 814.924792 758.280560 1035.330053 735.211992 20498.844683 715.386284 60213.282880
2539.859069 816.307166 759.183854 1037.714842 736.118369 20641.144682 716.072028 60631.339539
2575.263327 817.739570 760.180844 1040.093089 737.190573 20783.546296 716.759316 61049.238243
2611.161101 819.189385 761.190398 1042.498948 738.147688 20926.943579 717.455512 61470.061569
2647.559271 820.267134 762.097411 1044.932688 739.116879 21071.343403 718.160723 61893.829683
2684.464811 821.256083 763.046463 1047.298594 739.910418 21214.019507 718.854169 62311.214225
2721.884795 822.237225 763.934895 1049.638740 740.679431 21356.200485 719.544985 62726.413598
2759.826392 823.662009 764.933803 1052.006192 741.697335 21499.403379 720.244755 63144.613247
2798.296876 825.113810 765.966429 1054.225214 742.724693 21643.635075 720.953586 63565.833304
2837.303617 826.545425 766.985785 1056.238906 743.906684 21786.556045 721.654777 63982.145064
2876.854090 827.958635 767.992995 1058.209763 744.435275 21928.305729 722.349110 64394.016426
2916.955876 829.174905 768.885234 1060.204352 745.288805 22071.101848 723.052440 64808.956613
2957.616659 830.267318 769.674156 1062.222921 746.225527 22214.951322 723.764877 65226.985814
2998.844231 831.450443 770.608248 1064.214047 747.097459 22357.989374 724.473855 65641.847026
3040.646493 832.855143 771.686772 1066.146352 747.837353 22499.107774 725.171687 66049.818655
3083.031457 834.168515 772.796930 1068.102023 748.586813 22641.295268 725.878562 66460.920287
3126.007243 835.394537 773.717842 1070.081306 749.345955 22784.558834 726.505954 66875.172252
3169.582089 836.620898 774.585284 1072.050972 750.105397 22927.590284 726.709179 67288.229840
3213.764344 837.818984 775.455277 1073.946739 750.846911 23067.889799 726.807559 67691.791017
3258.562476 839.108067 776.589123 1075.865522 751.668331 23209.279107 727.294993 68098.535866
3303.985070 840.260186 777.618850 1077.807564 752.583293 23351.765260 728.045657 68508.484929
3350.040830 841.643022 778.505636 1079.756953 753.325686 23494.671152 728.801375 68919.412153
3396.738582 842.973514 779.037459 1081.618259 754.011185 23633.978048 729.534865 69318.115926
3444.087276 843.913021 779.787953 1083.728379 754.705604 23774.393400 730.266909 69720.049514
3492.095985 845.198506 780.937340 1085.878565 755.409051 23915.924356 730.806998 70125.233741
3540.773909 846.783001 781.614116 1088.054385 756.155636 24058.578108 731.354208 70533.689560
3590.130377 847.920034 782.261516 1090.145497 756.900638 24196.746696 731.877334 70927.196369
3640.174847 849.168659 783.126013 1092.261414 757.655191 24336.027357 732.407297 71323.929591
3690.916911 850.194471 784.289192 1094.402649 758.419495 24476.440317 732.944256 71723.952511
3742.366291 851.382296 785.318046 1096.569462 759.193668 24617.992879 733.488300 72127.286409
3794.532847 852.582904 786.235206 1098.666281 759.928652 24755.621878 734.012550 72517.660858
3847.426577 853.842405 787.158201 1100.773657 760.665785 24893.623104 734.539615 72908.870380
3901.057617 855.166932 788.092959 1102.906297 761.406510 25032.771247 735.073641 73303.401496
3955.436245 856.507831 789.052359 1105.064463 762.156825 25173.073732 735.614716 73701.275860
4010.572881 857.805431 789.928457 1107.167238 762.889133 25310.084841 736.140194 74088.364604
4066.478092 858.983401 790.804357 1109.266460 763.621093 25436.938795 736.664542 74473.792126
4123.162591 860.083831 791.782056 1111.390896 764.362540 25564.509002 737.195818 74862.566280
4180.637241 861.506308 792.589950 1113.540807 765.113589 25693.210767 737.734110 75254.709123
4238.913057 862.897323 793.701900 1115.649807 765.851477 25819.675236 738.260915 75638.387162
4298.001206 863.893600 794.523579 1117.741292 766.616746 25945.108805 738.782716 76017.837668
4357.913012 864.902592 795.529131 1119.857942 767.326429 26071.674706 739.311414 76400.653371
4418.659956 866.097992 796.536434 1122.000020 768.078269 26199.380607 739.847096 76786.856750
4480.253680 867.341234 797.479910 1124.115537 768.821799 26325.529521 740.375325 77167.026895
4542.705986 868.569172 798.412021 1126.199723 769.555346 26449.893079 740.894737 77540.366022
4606.028844 869.742079 799.356016 1128.309032 770.298406 26575.396000 741.421019 77917.082886
4670.234388 870.852322 800.449123 1130.443724 771.051092 26702.046101 741.954255 78297.200402
4735.334923 872.100717 801.364938 1132.566065 771.800324 26827.846853 742.484001 78673.792648
4801.342924 873.486067 802.281317 1134.643414 772.451774 26951.092243 743.001178 79040.943314
4868.271040 874.802042 803.224039 1136.745844 772.983971 27075.482825 743.525196 79411.478738
4936.132098 875.682065 804.350852 1138.873618 773.523212 27201.026562 744.056142 79785.422275
5004.939103 876.781597 805.605505 1141.003109 774.087288 27326.450433 744.587496 80158.393061
5074.705239 877.943546 806.909965 1143.074096 774.934047 27448.538513 745.102579 80519.331515
5145.443878 879.208055 808.230459 1145.170127 775.347100 27571.776476 745.624479 80883.656771
5217.168576 880.488336 809.103366 1147.291466 775.856224 27696.172431 746.153282 81251.392618
5289.893076 881.778356 810.183223 1149.428448 776.579494 27821.194602 746.686333 81620.723971
5363.631317 883.023369 811.324172 1151.493561 777.439616 27950.960238 747.199460 81975.475417
5438.397428 884.283946 812.628724 1153.583685 778.326428 28086.475522 747.719380 82333.611291
5514.205739 885.602241 813.639604 1155.699085 779.012830 28223.215472 748.246179 82695.155806
5591.070777 886.852496 814.471529 1157.840027 779.436231 28361.188387 748.779942 83060.133280
5669.007271 888.132025 815.359106 1159.903650 780.136212 28494.110893 749.292314 83409.488292
5748.030158 889.547994 816.256106 1161.988368 780.846151 28628.017179 749.810386 83761.500427
5828.154581 890.981403 817.164604 1164.098334 781.392085 28763.153559 750.335314 84116.915391
5909.395895 892.369296 818.084737 1166.233815 781.860919 28899.528493 750.867184 84475.757911
5991.769669 893.468531 818.972504 1168.306239 782.311897 29031.648456 751.381615 84821.636670
6075.291689 894.571468 819.883654 1170.386058 782.764075 29163.902921 751.897963 85167.630747
6159.977960 895.688392 821.250654 1172.491102 783.222290 29297.391383 752.421147 85517.018539
6245.844712 896.977126 822.395207 1174.621638 783.938483 29432.122458 752.951253 85869.825166
6332.908400 898.228953 823.228194 1176.703233 784.942704 29563.423092 753.467815 86212.324617
6421.185709 899.480345 824.390010 1178.778663 785.945874 29693.996663 753.982559 86552.441488
6510.693555 900.634105 825.370380 1180.879298 786.961723 29825.806722 754.504120 86895.940208
6601.449093 901.778483 826.280177 1183.005408 787.990394 29958.862040 755.032583 87242.846268
6693.469713 903.120487 827.220773 1185.096551 788.758863 30089.332404 755.551348 87582.077874
6786.773051 904.540808 828.154138 1187.168102 789.471927 30218.208992 756.064601 87916.488762
6881.376986 905.696598 829.165643 1189.264845 790.194273 30348.323274 756.584654 88254.267407
6977.299650 906.784498 830.086386 1191.387048 790.926015 30479.684173 757.111591 88595.439646
7074.559423 907.861103 831.006209 1193.488123 791.651025 30609.319000 757.632628 88931.528166
7173.174944 908.920071 831.963367 1195.556304 792.365202 30736.494646 758.144499 89260.430009
7273.165113 909.992543 833.069611 1197.649667 793.088678 30864.908035 758.663153 89592.683786
7374.549090 911.078675 834.030555 1199.768481 793.821565 30994.568237 759.188675 89928.315661
7477.346305 912.160962 834.954103 1201.879879 794.552422 31123.367757 759.712053 90261.397933
7581.576458 913.467400 835.983835 1203.945194 795.267744 31248.849705 760.222644 90585.008951
7687.259522 914.898094 837.074688 1206.035687 795.992380 31375.568420 760.740003 90911.954812
7794.415750 916.105144 838.179297 1208.151628 796.726445 31503.533113 761.264215 91242.261983
7903.065679 917.274139 838.909250 1210.273741 797.463195 31631.502852 761.790002 91572.485717
8013.230128 918.408975 839.722956 1212.336690 798.179691 31755.308581 762.299411 91891.041243
8124.930211 919.689066 840.629749 1214.424818 798.905518 31880.349206 762.815574 92212.913681
8238.187331 921.139483 841.546665 1216.538394 799.640790 32006.634075 763.338575 92538.129775
8353.023195 922.604821 842.600212 1218.671620 800.383480 32133.784641 763.866837 92865.652344
8469.459808 924.026013 843.620426 1220.732697 801.091494 32255.940870 764.375157 93179.400976
8587.519485 925.464786 844.653603 1222.818958 801.740062 32379.329358 764.760012 93496.448128
8707.224849 926.921335 845.573536 1224.930671 802.397135 32503.959584 765.129072 93816.820807
8828.598841 928.395854 846.733941 1227.068111 803.062818 32629.841064 765.503094 94140.546141
8951.664721 929.826915 847.786219 1229.059020 803.704343 32750.848123 765.862421 94451.008125
9076.446073 931.121731 848.822499 1230.949513 804.351772 32872.618795 766.225074 94763.488216
9202.966809 932.326001 849.871934 1232.863399 805.007693 32995.628050 766.592608 95079.275571
9331.251175 933.545472 850.763534 1234.800934 805.637972 33119.885530 766.965085 95398.397559
9461.323756 934.733521 851.716916 1236.679734 806.198260 33240.160606 767.325710 95706.817040
9593.209478 935.924843 852.733898 1238.561042 806.685554 33360.355151 767.686947 96014.995164
9726.933615 937.331731 853.842224 1240.465660 807.179341 33481.784602 768.053047 96326.462460
9862.521795 938.756077 854.677807 1242.393847 807.679702 33604.458715 768.424071 96641.246524
10000.000000 939.998650 855.712186 1244.277504 808.166296 33724.034075 768.786044 96947.805990
