-0.007026967735676695 0.3418750699004404 3.5124398290576564 2.158512329421371
-0.006802728639826559 0.30590361623159124 3.335179046304343 1.7717243423010176
-0.0036359550380717226 0.6644000203459437 3.553810713719921 2.1554115967651897
0.004601256673325364 0.6526039739418723 3.5057753380920595 2.3973777013317448
0.004716313928300138 0.39300498154385155 3.312778376203744 2.6265166133893945
-0.009459442978738776 0.2710529457879388 3.2970000873128518 1.74080772333735
-0.0028068703356479647 0.06455011020023771 3.0127944473640325 1.6083665815114467
0.008531468270467479 0.3023093223894586 3.078551864859118 1.7383436816692353
-0.008917293057911746 0.6965951079748411 3.5556734773561494 1.8544144266632727
0.005518792730331205 0.20536318157840616 3.5787757251902534 2.333391343377747
0.00935692964899863 0.530325560031186 3.4956780009117696 2.7094434617033367
-0.0089830556027664 0.6923040813863006 3.590583805908795 1.2586864312354538
-0.008934804224084282 0.482072712904287 3.5365608787910072 1.5296243007046684
-0.00537306947423903 0.4852570957298746 3.5946289281296564 2.4834413127423582
-0.007931664141954052 0.576855596574392 3.441949425075896 2.769104689841386
0.0007934103223548854 0.5300059162797596 3.584285738273512 1.7862448791427699
0.004674781206688498 0.6079506894684382 3.5826024764315765 1.3056920201235032
0.003128045065334293 0.5149576784974663 3.458494181437922 2.0090807538802054
0.009775407036216557 0.3377743084674274 3.0698988679881656 1.810976948246095
0.003930696682199383 0.3906127257745805 3.2917502584364873 2.5232543957378994
-0.009713959594884733 0.09737584991962664 3.413671129471405 2.7644063645550108
0.005927316037644077 0.4947515593312594 3.0435537438985705 2.6530122932168587
0.0040022757922921455 0.37479062767317073 3.157524117690973 1.840518941810111
-0.006642507194045329 0.664145310392942 3.4099971350177873 2.6462988454001986
-0.009583386737003985 0.25560269123627405 3.542422171622544 1.3777689565221527
0.0024241668457585727 0.053778625285277215 3.5871650124635948 2.6839062214249716
-0.008694970316394471 0.4426154506484994 3.576512766387834 2.7339702935336647
-0.0044992412447894935 0.4105335225619898 3.35679406736727 2.6288958569479965
-0.007324048420840245 0.30634336372312276 3.352167088255932 1.7835437185112895
-0.006976505456862055 0.005965548554407452 3.0993501512509125 1.9175893065635154
0.009253035553850692 0.27122471995105496 3.026630635592742 1.6609124905447783
-0.004264929104636216 0.6497101754273895 3.536309229151237 2.770151633330634
-0.009639906007124189 0.6490846389288911 3.5469209498631167 2.650251965903114
0.00722996283402998 0.6974823478886274 3.4342335614966797 2.3139128150343455
-0.008315595328051865 0.20507307444960138 3.269184292847074 1.8205004874000628
0.00248671688299094 0.07459678341105547 3.5867081422978018 2.9458736733970223
0.002458856591778563 0.08477549776605564 3.5908829367232995 2.9352999707420566
-0.001196631644577147 0.45118273793564373 3.5025992677385394 2.828663806615602
-0.009657932323557987 0.6680061031770922 3.5778778901932053 2.726574934235005
0.005331888742440923 0.21061198724924546 3.0691494454030863 1.0313071052756446
0.004737042510244524 0.6986816958880003 3.555295165399293 2.820582228280143
-0.004053032501279618 0.6783720762306931 3.5531797094503523 2.1196220614892867
-0.0037915425460834703 0.5856052733569861 3.5864987007631375 2.3925637147094228
0.004248078979989932 0.2607459331001783 3.313625117958008 2.97336644949315
-0.009018361756869759 0.19084080430293843 3.3118781519247737 2.356549229645106
0.00570703206673376 0.6820604415520505 3.401423864989837 2.233298778286884
-0.00035846631232101193 0.021730842563229463 3.0695283950469223 1.5028216259390859
-0.0013493502904576979 0.22782710162642356 3.1824041668933254 1.2423997210457212
-0.0019493852614697023 0.5437627551718696 3.4347634716291613 2.7947272483157635
-0.008397849222883247 0.6656190942126555 3.4384235159377634 2.532237175170403
0.003981505732677049 0.3493210570058355 3.561805429063283 2.8019021248896494
-0.005701538399065104 0.5338134230269671 3.594722679730586 2.585156702478295
0.007071650879769964 0.21412872000580702 3.2853026981251103 2.9949322897438635
0.0018183599934579586 0.08228763226797414 3.57931668192731 2.8621458739009986
0.004090994764549456 0.3880777227966292 3.2386642032031263 2.124818491203201
-0.008386208254148902 0.495866602724918 3.5975426756541022 1.399405122510679
-0.006657442034171595 0.3959802415902908 3.317059834104641 2.950830307468644
0.004351022387252768 0.5036210149134646 3.412681493115132 2.0828705789175666
0.004137967360050478 0.6960794491224893 3.484932160851383 1.1755919558742383
-0.00893732514605557 0.6629782972867249 3.5704092086984622 2.7459432563040465
-0.003383957070865783 0.6865169140340386 3.5664611458186064 2.2018520692014665
-0.005288978294248448 0.4353082512410209 3.413412288355822 2.360837990803391
-0.0027136472392880495 0.06556537791231742 3.012465679636322 1.5992678971182293
0.008856930649027844 0.14906583849102312 3.201997532633697 2.317861546216923
0.00236528693220224 0.4396176478931016 3.5887814402218843 2.884902633969765
-0.006314317663337272 0.5593616618492755 3.5955789638323767 1.3868687895350575
-0.008467294519356567 0.6449055315840364 3.4785541086834244 2.875442396325731
0.004638366407486794 0.3790163307123347 3.2164990050822864 2.0767758485916095
-0.0020814558883915264 0.5113177939067547 3.433018376061836 2.768032462438397
0.004638366407486794 0.3790163307123347 3.2164990050822864 2.0767758485916095
-0.008034314035023093 0.5312384655631934 3.5736691672439314 1.012453274110793
0.009775407036216557 0.3377743084674274 3.0698988679881656 1.810976948246095
-0.009238735290476962 0.6579799696361752 3.464054704940155 2.896238412041887
0.006827720619437807 0.20550819168067685 3.2963678882994185 2.9930547669807606
0.008051710012655722 0.45859812279822043 3.364867911630098 2.09533613643129
0.004303653576373977 0.5993403077403959 3.5720538410253035 1.3788940660940332
0.005984674387721945 0.25022844592504956 3.5978560310884795 2.277279952198939
0.006801340033496667 0.5594949863985057 3.2378375083500033 1.4228828359701786
0.0027418893021567987 0.5958778803047973 3.284667424651845 1.2683791567215756
-0.002510214650554031 0.14260655843163417 3.074450643517503 1.500181561441957
-0.0026824571362123496 0.6302479909319075 3.490601487161185 1.2648751575942208
0.004305380162443412 0.670407133379322 3.463706529785651 1.0457599441995937
0.003930696682199383 0.3906127257745805 3.2917502584364873 2.5232543957378994
-0.0014620941967276933 0.6288492704007008 3.5535374306140266 1.6300697910061812
0.0017227765701033583 0.12214887266561614 3.244683394610094 1.682095750195327
-0.006526121447249254 0.03563498179329988 3.1884087432337824 1.955822713230973
-0.008859883965576942 0.17066336612539756 3.481510698069694 1.8946198180728269
-0.0006702120800454337 0.2656942592707082 3.1178722061452846 1.6968495618015478
-0.0051652209677432726 0.19829241052069732 3.4794244064317814 2.062230287514818
-0.007147755106451631 0.6124409958578422 3.5327263468719776 2.020027607169042
0.0022836203845060417 0.16235547986384335 3.284143525907158 2.1799166816912208
-0.005266252739232658 0.43189761874230526 3.41027377541576 2.371270211976496
-0.009580558185392553 0.16701839892622902 3.2584756838391287 1.187810072789597
-0.009585856599038137 0.43413472461788594 3.5368260168000027 1.9334069562097653
0.004689317704555499 0.2575514045001241 3.555830465579861 2.28021916820962
-0.008871830640680364 0.42110811200075343 3.148785855813856 1.0379993389859634
0.007797552174078041 0.0823528345738807 3.173157642662698 2.7744238104398566
0.008688160970080095 0.16356073863724374 3.178806069683165 2.2959908629189036
-0.005341244379307058 0.4321221765659091 3.4101131883475015 2.386999239384978
-0.0034712469840989827 0.2844407522086986 3.518545177290541 2.9463639062806317
0.002394396916575048 0.18205566424328073 3.4570511938624153 2.3745553518386533
-0.0037310188790535387 0.25633908205470446 3.2482978809074248 2.8599383956722018
-0.0034987093242573788 0.2884966247646844 3.524836235904673 2.9643636859271814
-0.005346185805789918 0.019609679578374534 3.0705658927474677 1.9049054560837315
0.0019112497384224667 0.337544254740372 3.4299412293990006 1.5584111254108013
0.0021436151419661127 0.44553551050082285 3.2693883697940733 2.411807647326209
-0.0076886865818261915 0.4177443801835008 3.2457810104214913 2.9085352362138575
-0.002569688523774212 0.5291712509273031 3.446139413411186 2.617150293213577
-0.0005837530344310188 0.27255849311822933 3.1261834289348416 1.7144335437031513
0.001310631222122308 0.31538788517482397 3.278905039132874 1.3127715346941993
-0.0030064669118958515 0.6783472229534039 3.5740319132959977 2.989747054984499
-0.0006702120800454337 0.2656942592707082 3.1178722061452846 1.6968495618015478
-0.00722248450833842 0.3071111034882824 3.0968609079820557 1.3767266842244108
0.0021148652817883605 0.5585100578205089 3.3824903897958416 1.2517693178046412
0.0019683778940438037 0.33506051548369115 3.4291034364457285 1.5677441516643154
0.001837499206744182 0.06632037241179728 3.5903860333647857 2.6375511944935313
0.007321172662340071 0.0711452853842161 3.168371825118522 2.74645838590824
-0.008871830640680364 0.42110811200075343 3.148785855813856 1.0379993389859634
-0.008572022951540206 0.40081356221301795 3.137060101870223 1.0722049380387393
0.004218067591457335 0.5044087707467666 3.41630334089042 2.107096383758601
-0.005086250778360457 0.43742071129782945 3.405043010551738 2.3655725446216214
0.003670874608913602 0.2421826574423383 3.3177915673608074 2.962067856490142
-0.007212705508328398 0.6752540953673639 3.581608950403674 2.9354439462615174
0.0034521594726722536 0.6008483828872337 3.2659690452556775 1.2853997073737153
0.0038471438252003394 0.13167616397475163 3.240416203886807 2.077683955097445
-0.0024944694407340465 0.6134768848807127 3.450958760865078 2.567028843265136
-0.005346237788644594 0.43224936702412753 3.410263515075687 2.3872254328861975
-1.2046130974177616e-05 0.30881855769796585 3.3998973553508094 2.4425472418138154
0.0011344410320155481 0.11834396641898867 3.5724999156263806 2.8678137484433295
0.00786263388768148 0.6885508716777743 3.497209493976948 2.297231202460284
0.0018385425110859308 0.4423594317642175 3.5718910032013538 2.9765917527353967
-0.00024209044751220127 0.25225192266400265 3.3311711909824324 1.693574387847295
-0.008707689537880647 0.19947229518991622 3.3190359650398253 2.376786318195625
0.007307470514732956 0.5482258797959206 3.2376224395486357 1.381395732887315
-0.0005061539765488462 0.2797704352578867 3.0222588985652057 1.5378182304652703
0.0005546415696772635 0.5905672253092497 3.3074688536930923 1.0302430112561596
-0.00884397675394538 0.6580953968903722 3.5009633849606576 2.6941914357341705
-0.004387031889978885 0.6872393279024198 3.558486512720688 2.0961381899853873
-0.009172095396099866 0.5503531184027645 3.5211897774795333 1.4947811027082105
-0.007305627495679911 0.6990285297369757 3.542752878583634 2.002461189556296
-0.008986122302177218 0.10173991598672716 3.379781066269728 2.862120096976754
-0.008805210978153902 0.21221888845852008 3.3246195078056178 2.3328221379641554
-0.00811105076236174 0.18086561241038496 3.2617386359864478 1.8300582254209414
-0.002092555405437975 0.19579436989606258 3.2086225228776444 1.1185194082811443
-0.006017016752725017 0.5439919464177887 3.5796042726318147 1.4052513854315936
0.006153969853873731 0.5005372197584211 3.0376324642367707 2.650078117436967
-0.0038001982204952205 0.3417978589650431 3.3535558416202043 2.5650938740454428
-0.009587753094688435 0.6377233023936587 3.280811152000819 2.2544373071550887
-0.004048210534209824 0.510241543587865 3.481987003262006 2.762006678586829
0.004141163982130828 0.2569470634770896 3.309811778791919 2.970334176860382
-0.00212058437774453 0.19996234723450215 3.2129127166341003 1.1140156686309406
0.007465783225373562 0.5562456141758516 3.246887470752715 1.4571551140318557
-0.003893184324752547 0.6126222035182967 3.5769701771231746 2.9516360693479182
-0.00824253905278818 0.2891195488318495 3.320241234809727 1.6826549487094484
0.006050381419786929 0.6974716337367253 3.5083859824350228 2.334068064664506
-0.008813888389055509 0.6842142481971046 3.574433825807588 2.9516886784310823
-0.0062993612499673965 0.3771839026495237 3.311832135369647 2.950768722546663
0.007136064489147979 0.6862648544282708 3.463803409788464 2.390652945878555
-0.0041216138045448904 0.4556352753651142 3.5649650203618384 2.0755110954352287
0.0038692315680092923 0.3500126177203901 3.175693141214911 1.9431357596709216
-0.008463123162525881 0.5642138217784956 3.454708522827545 2.7227439416853794
0.002141171227534674 0.13240340844901044 3.1843982173192953 2.118508958753507
-0.0009858121368464118 0.6297935979133339 3.054123912179619 1.260309873879026
0.008000485514872103 0.6659270413779051 3.553356592359703 2.64690170221082
0.004527157929731981 0.6462785430667679 3.5832259205545185 2.9861043403392244
-0.003257138273048993 0.3525759743484136 3.345677658762468 2.5645065209952285
-0.009075043053842321 0.36733370212708827 3.5152731234901387 2.777408013588288
-0.003124472889572606 0.3557261739967348 3.342295988711128 2.5638649230300157
-0.0014397318653013279 0.27787393762547263 3.056594201687316 1.5390748150784805
-0.0038764629390998758 0.2528410169071816 3.515031784776806 2.9922153843721855
-0.002173725462147975 0.19097458177943866 3.1865984715685802 1.0044440282415272
-0.008917293057911746 0.6965951079748411 3.5556734773561494 1.8544144266632727
-0.0007171634928863722 0.2668357511454853 3.120063500232699 1.6956238765683544
-0.00781996788253651 0.5932673186779971 3.476528108047402 2.8003662730215235
-0.0005844854840338781 0.27273640973934216 3.125973308536904 1.7151080982921854
-0.003005067450669417 0.6406372878223545 3.430133158206529 2.4009029288295323
0.006188613652219096 0.1526765856005039 3.1423961920176264 2.7113052227243695
0.004553625916762432 0.5014292473472495 3.4141396281723155 2.050036967100121
-0.009628838969649446 0.6391525529362445 3.2795452781312395 2.253013457039829
-0.0025759155189499835 0.2099697531361263 3.2220214674081316 1.155484706758374
0.00946449332819737 0.24589524246839933 3.298784533015508 1.8236348303359668
-0.004296247056641575 0.6286740120477095 3.5239102584210964 2.7082285105794996
-0.008315595328051865 0.20507307444960138 3.269184292847074 1.8205004874000628
-0.005286726579342158 0.06677354211109976 3.1220039183167345 1.9557125839924239
0.00022883899058547723 0.6892329978493787 3.5485290964371696 1.8244079512346894
-0.008229393033433967 0.4776612279990152 3.5084832286406415 2.2016896635725045
-0.00838968001074072 0.32595053351575065 3.3576835965010567 1.6970649477493867
-0.009752963665720864 0.6442896979493911 3.4726743111730047 2.8834431457189083
-0.006981462946371326 0.012256007841682015 3.10399897244593 1.9253743551909497
-0.0090712591619811 0.36734573223231404 3.5151975201523604 2.777333809528559
-0.0033462978352545034 0.683736649464267 3.5472068031608286 1.307475380042741
0.009587728890104806 0.2772106984528538 3.0272905351194357 1.6511498918380512
0.00015845847658074426 0.672923322249523 3.4250713029890285 1.0541690221142246
-0.0014598346505940484 0.6949936777048201 3.0778618746705524 1.0812673113239208
0.002676259484713889 0.3169252350438867 3.457295239376218 2.871451878771494
-0.008889621439843707 0.5244174400226709 3.5567197484937574 2.312102079285985
0.004664462869991443 0.6067489179012703 3.5815506562891604 1.306096142837135
-0.00904127982049929 0.1352891359837859 3.4715142444887706 1.8464051061763436
-0.003515039534616078 0.6962227273530432 3.465466526896043 2.557481035500315
-0.008508884981064238 0.5889110691103815 3.4766229224908187 2.7920561472522394
0.0018540874349091494 0.2551795586553196 3.3202697372141214 2.742016159745521
-0.0028964199257783202 0.6974526744909229 3.5934921980819965 1.4744597659634286
-0.003488110366743395 0.6524587832977027 3.5434849394071217 2.0875034337160816
0.00424904656605035 0.6094491031922586 3.582442130457378 1.3560099544869146
-0.00695647097821908 0.022963275602426447 3.11049537414718 1.9305876530243828
0.0016992193722793012 0.14408695360086698 3.581882838513516 2.846205596770587
-0.008707689537880647 0.19947229518991622 3.3190359650398253 2.376786318195625
-0.007468152550099048 0.3699386686937343 3.364047141010496 1.294919919595356
-0.0033892500249030613 0.56632716295521 3.5801466581931756 2.440636466598818
0.004281403358368232 0.3843685034235746 3.2306134651337444 2.10839451617344
0.0024163704820388387 0.5197498290301786 3.5863603535131974 1.7984826554257265
0.0026941795900798683 0.5964827057035167 3.2854623456903966 1.2718334001703075
-0.009506639397489473 0.10615294949829104 3.406994019764036 2.734271702137437
0.005486326584789035 0.21009114257912004 3.0669582396587733 1.0219251827818847
0.007947207865412326 0.34365696932901335 3.1122115168205498 1.8845959881439596
-0.007252625555822485 0.31027675461048154 3.014446967857344 1.1840673415334222
-0.008012986921572375 0.6870603649056618 3.579655405499556 2.9441670412841603
-0.0013111824431333331 0.26630956836121544 3.3418667475838895 1.6563799814344198
-0.008300370891218907 0.6396621605283426 3.568481094635729 1.6502176995235929
-0.007757315975464487 0.1871593886964988 3.264207699774567 1.827622672512323
0.005939706241349062 0.6569264209380081 3.505879784370262 2.2551340854115978
0.005390235643888078 0.5791888467349501 3.320117387502936 1.6227911157823895
-0.004406203569493303 0.10536083994676321 3.5927988024739625 1.3161910714372862
0.004418464028614503 0.638842574296447 3.5351800612349082 2.5814544767169583
0.009122300220602206 0.696568894704713 3.417043087042065 1.5402292367356272
0.0098690190204705 0.15189060350407635 3.1570019300490886 2.3670500241281163
-0.0014147482848693438 0.2659005078425121 3.0428006439906876 1.5345691404824777
-0.008663702150479752 0.27133726608008324 3.3456910185706814 2.2705855582730217
0.003819675875981072 0.258298668824076 3.319302354681629 2.9382297246239024
-0.009155654447756612 0.6593581535138875 3.5704891268750454 2.9229889455664906
-0.006986883877063884 0.6710041665645542 3.5634679759425905 2.996182649623656
0.008057699901056124 0.4590373296975916 3.36629709222358 2.0989454394310294
-0.0019818810247234806 0.19244043142500333 3.162248364583674 1.3445810966846552
0.001930244754073638 0.13350948833591725 3.1850092166858848 2.1111549588041725
-0.008701021293934675 0.6523082936011055 3.5691253669933434 1.5739414840776083
0.0031460421634706645 0.5970669813746756 3.2504900396745517 1.1507912163259637
-0.004052193327401069 0.5876804931790143 3.5992773520688552 2.437569672796184
-0.0029441213598662957 0.43620075301156125 3.501929678537832 1.9032641813135007
3.314629094137295e-05 0.09784217175564174 3.288014955955708 1.998620929558056
0.003884778509639808 0.6007025702546107 3.5713247835209874 1.4089488418025227
-0.0005159009826435895 0.2420966710293005 3.323495135164921 1.6689807551086744
-0.003725667198679982 0.07612543483149112 3.4914065745917706 2.97247630410903
-0.00893810324344068 0.4161440633537286 3.141789892502568 1.0226174497239646
0.0018191143910137777 0.10444712224903357 3.235056381316476 1.6889867110450705
0.0019485856965023671 0.34796391310747865 3.473199399148688 2.8184065165539702
-0.0027608823243040854 0.5699024749280165 3.421027853984042 2.3546345385742473
0.0040022757922921455 0.37479062767317073 3.157524117690973 1.840518941810111
0.004198499273527672 0.5063505742847403 3.4145882505758633 2.0796799905491428
-0.00969753838957697 0.6426150148513602 3.280260447667406 2.2565211700782175
0.004165557870785633 0.6352289220121387 3.598183434029629 1.241394870900422
0.002674262908774953 0.05275482524001668 3.4012184288709992 2.331823890162074
-0.0031421364770063825 0.6975402605910781 3.5623150086359265 2.091579988795775
-0.008862068359742148 0.31596361133424605 3.3520366570351534 1.6685864614632036
-0.0035310188162362604 0.6970425068696491 3.4657088713233333 2.5574357758098762
-0.001408267898391045 0.22519205453626157 3.181240133428434 1.22777690020455
0.009546967041798523 0.3048489560858517 3.084696359995146 1.7926948054120069
-0.007498188456648391 0.37278419367546567 3.366459164035114 1.2953783040964435
0.0064274756312936755 0.6948817300029358 3.504258263639411 2.3246297770247644
0.00891202805351702 0.6911497330774778 3.413508411751726 1.5467705664192197
0.002620948224887741 0.07536130898869847 3.59087045513431 2.9666048198172734
0.009415639579289366 0.24832663743221484 3.2575476789521933 1.8220663402277701
-0.009813159195095275 0.6991076915337909 3.516990929807656 2.9326870709254846
-0.0075843972521835975 0.6730544044798927 3.593309865258503 2.9736064863734906
-0.007862305170176748 0.5825494335306443 3.4503599781012966 2.875317418638203
0.008531468270467479 0.3023093223894586 3.078551864859118 1.7383436816692353
-0.008359344045784638 0.5181855149869663 3.576875413172959 1.0026588784304762
-0.0029656792181365806 0.6655254948397826 3.5229405465408106 2.7637420301960844
0.0017053256250655242 0.4324334100335479 3.550292935235144 2.9506507770615085
-0.0009130250379283745 0.2653646392479223 3.0308764412352067 1.6882041254781721
0.004383687853882281 0.5037449842043834 3.412540342711201 2.080207998387602
-0.00681597189215348 0.3150539419975623 3.067107255328177 1.207175135723354
-0.009505876532772503 0.6578959227211392 3.4907189145183404 1.8161681000637668
0.0015582143841751418 0.3942588447519781 3.4190322541039064 2.5421148784341865
-0.0074788080318680065 0.37012180146955004 3.364612613931576 1.2944980779683601
0.006799581766531365 0.5595292569148343 3.237730795941794 1.4226946736715802
-0.005109029526380033 0.23154765061274968 3.19294048098182 1.7961014404688556
-0.009243894424760027 0.6987704262432026 3.512684148325427 2.9899963448570843
-0.00018637501234872698 0.5699722989793093 3.3204224828616913 1.0763662052430203
0.0005626561659656196 0.26457026196229005 3.315530587569568 1.687055544019248
0.00723849986510831 0.5573186987963726 3.2365992630626064 1.4005101022504665
0.0038590535625367107 0.6100199528619694 3.5841647585499654 1.3521124273863299
-0.007588291371791693 0.30716304815891204 3.352907636428212 1.7501740614296735
0.005694730451217649 0.6821511225814121 3.4685915773214298 1.2418544280129469
-0.009772184389262969 0.09756660326172018 3.414281545720532 2.768394030945781
-0.009505876532772503 0.6578959227211392 3.4907189145183404 1.8161681000637668
-0.007017581372295507 0.41049218076742755 3.3187181851992613 2.9856508880088093
0.0021148652817883605 0.5585100578205089 3.3824903897958416 1.2517693178046412
0.004508907024525825 0.6516743038710219 3.5062595807922134 2.386972066849501
-0.0002087623283877297 0.25076461004019973 3.329311354716289 1.688058955565147
-0.00974549755579715 0.6716244891286265 3.5847022263198602 2.9888195420388066
-0.007491949614687956 0.3165066750276966 3.071507608187998 1.311473169984117
0.008050125271290821 0.45859115079729207 3.364890560355966 2.0953934291840848
0.0009116808177383391 0.23267674187662546 3.5832324224353362 2.3570097501933622
-0.007324351939452706 0.3097319783745245 3.353863688029749 1.7784253483629358
-0.008843383216701882 0.6173650209612563 3.50277357205151 2.970992018885898
-0.009311057779804382 0.6914069065635484 3.5914090067399975 2.9804730313179806
-0.008864839147711358 0.6849923866370768 3.5833945754468237 2.9828785891493728
-0.0026844971885319926 0.06027917979056967 3.5994619332452436 1.2073919389799623
-0.00035888466739723065 0.02174067073575585 3.0695286315752224 1.5028602770831136
0.006894174779920485 0.6782441027541226 3.4612191271998114 2.392943633890507
-0.0011635488201173078 0.6628580374809954 3.53737384164005 1.4600466375764785
-0.002471005240139659 0.42162188422701996 3.2136649398249513 1.8543439600348637
0.0040022757922921455 0.37479062767317073 3.157524117690973 1.840518941810111
-0.004790209137051898 0.4832214397409027 3.3940752808829973 2.575393505291239
-0.003947847378157579 0.4748715698477878 3.500531466176893 2.7439310195235813
0.008057699901056124 0.4590373296975916 3.36629709222358 2.0989454394310294
0.004674781206688498 0.6079506894684382 3.5826024764315765 1.3056920201235032
0.002497925112541994 0.041797712590226674 3.379685322458827 2.2306695386258784
0.0019060308692392305 0.18057523063426165 3.2709142101208566 1.5908379339295604
0.005287087656888097 0.6698941784058429 3.530899215076671 2.6286964762384244
-0.009076584594440319 0.21654338013650382 3.2705783385542877 1.3046341011271143
-0.006604080924123093 0.32905556390045954 3.0925584557120898 1.3243847497356525
0.0031229519813168304 0.6592509229560022 3.4691162375736138 1.0815004151880885
0.009122300220602206 0.696568894704713 3.417043087042065 1.5402292367356272
0.004434837727528044 0.6433719573882071 3.5820821253587054 2.9894659117256226
-0.0045109810521049174 0.6716901080284698 3.4608384386708617 2.5004521899131698
0.009394008447006484 0.5315165517072037 3.497130990961157 2.716668184621369
0.0021122444761611354 0.544428498397195 3.5873590676650777 1.7164636061426266
0.0011393735441774747 0.11830244400702683 3.572625172108743 2.868067686793033
-0.004491428440274231 0.6152193086406323 3.5146096908432605 2.7277196678752453
-0.0037234932364315597 0.5868088821819192 3.587787950599746 2.400855618031115
-0.00722248450833842 0.3071111034882824 3.0968609079820557 1.3767266842244108
0.004553625916762432 0.5014292473472495 3.4141396281723155 2.050036967100121
-0.004177675646447025 0.6180997697249325 3.5169200025364886 2.643855722665222
-0.005636485745680283 0.047851344892760286 3.1115219259505666 1.8896403600161626
-0.004088660925245293 0.5334988828825984 3.4525385000317748 1.5998706742506188
-0.0008352609377181861 0.09357869277346442 3.282679792779672 2.0616022709180974
-0.008821627208622888 0.6949847990186726 3.5543294836160317 1.8676792845875216
-0.009075418023882982 0.36733042592459686 3.5153018843034674 2.777458033471147
0.004019128004605173 0.37398728829506156 3.1551028531422194 1.831849027408094
-0.009259727470523442 0.3696132363258014 3.524111739396616 2.8017371739947636
-0.007324351939452706 0.3097319783745245 3.353863688029749 1.7784253483629358
-0.009723965672909084 0.6720521445231553 3.588529434163017 2.9897426321927205
-0.007326463410746502 0.610704271129407 3.527832817887111 2.036290698599193
-0.0095045483559263 0.6545627475149339 3.4948486075032923 1.8236393844692202
-0.002787953515753729 0.1899522223438322 3.176083788882116 1.007721623230821
0.0038369811928797657 0.3917660730683758 3.280585529349686 2.5360778594423308
0.005852598582087542 0.688689938670693 3.4504226208113407 1.0561045090310075
-0.004621369225962383 0.13600770536519724 3.580608031994772 1.6775447946068622
-0.008774758428116805 0.36929854053737987 3.507126963094748 2.7633437456426493
-0.007308785561490033 0.5621764687809403 3.489832125821723 2.9495252453553795
0.0011443222866418124 0.3290919981457023 3.269221706985622 1.6916739434281078
0.00935692964899863 0.530325560031186 3.4956780009117696 2.7094434617033367
-0.003311181622430357 0.354879509942704 3.3438040163165326 2.564682500079423
0.005847206617312218 0.5985981971263682 3.3083317838577373 1.6108114165067768
0.0023958283394377323 0.41584632150212925 3.548974383031796 2.997111344090116
-0.007277652242402262 0.5677680128820007 3.493428763922601 2.9837264952995053
-0.00781996788253651 0.5932673186779971 3.476528108047402 2.8003662730215235
-0.00925283102240021 0.6819474806727188 3.4756685541422185 2.4229982210992014
0.00723849986510831 0.5573186987963726 3.2365992630626064 1.4005101022504665
-0.0011255651436902622 0.2603414194587934 3.337554994828512 1.6215694154995801
-0.008713586302732595 0.3701360589406681 3.5045910798050457 2.7577215214654283
-0.00788444457275465 0.4171630197872119 3.2169909770389826 2.9518736716070437
-0.0024944694407340465 0.6134768848807127 3.450958760865078 2.567028843265136
-0.00628654362324981 0.5156251068937716 3.4534722432979175 2.1999577624161244
-0.002762468566048331 0.1879838535626343 3.1745226377727453 1.0030555958460416
0.0004748850840697594 0.5892110685412905 3.316690759615138 1.0326606817898565
-0.008547993835613832 0.53977492694185 3.51065323067788 1.6536991014052664
0.0026543533601901077 0.07345935236208634 3.5910074544184236 2.9733411405274848
0.007071650879769964 0.21412872000580702 3.2853026981251103 2.9949322897438635
-0.007516916972792411 0.5581088189994554 3.4944200523379174 2.9850019061441193
-0.0023301650445889032 0.22173308681180737 3.1956769087906087 1.2517660273433764
-0.00816633243402616 0.38750264913190435 3.5966509186080877 2.6824097366801674
-0.00231543158909752 0.5171080133897128 3.439769030653555 2.6939503073941897
0.0016692304143462802 0.42240799449485655 3.2717417712495394 2.3980125227451032
6.302812977407053e-05 0.273272619146292 3.3778617189672215 2.4988931093115565
0.0022875826223452585 0.5381017699432527 3.586894011138103 1.7189040025750473
0.002170519341069361 0.5582045358244067 3.3805717205170547 1.2406332118903654
0.0016749336195757032 0.25965598017191127 3.3618539892587336 2.7552373381878197
-0.008809812758287478 0.6973799501794419 3.5984363168393267 1.2207469506345792
-0.007991528544983213 0.42932245021654286 3.5649201804311925 2.6615497303275153
0.002031986203696228 0.33433224622969704 3.4338415175972488 1.563598553264069
-0.005062257165133854 0.43576432827375516 3.40361099186076 2.361188945777202
0.00337814573313004 0.36066638678213936 3.5664276226133245 2.9680391277670175
0.004307542637662392 0.3921604390420288 3.3007975383035375 2.5708203385567874
-0.00247844810505437 0.4880958602761509 3.4373336242295984 2.5516807984129026
-0.0074747701021534085 0.309160912434871 3.3525845644644092 1.7384122042077887
-0.0005557794138177034 0.4458319405252399 3.48636958337896 2.8227441098978288
-0.002468547827130214 0.4217852461845557 3.2126092931282777 1.8491744321404902
0.005075989038276567 0.20953668361312855 3.0778800184396697 1.0562108975159854
-0.008993546504991288 0.10126934202194454 3.3797722481010215 2.8623972038639565
0.008928652396512329 0.30353626540183254 3.31058708154121 1.7770344980281396
-0.008204149079870163 0.4066969901522037 3.5763365968030763 2.6923527005231818
0.003398082416376674 0.38997189536680243 3.561941206079514 2.730389672518214
0.005456013867908154 0.1971662847700879 3.0697484850350856 1.027704808312016
-0.008970927262400744 0.4194936000744712 3.1417005144999095 1.0195643565783914
-0.009254515143576413 0.6815725487986336 3.476344676509384 2.4309421723732307
-0.0017981711033926793 0.2750262294957184 3.054404238800946 1.5726422451500435
-0.00416605438231604 0.6955478267705271 3.446549772105961 2.5081496570952098
-0.007686615507759814 0.560054432797168 3.4451799344377476 2.827989903838397
0.00429860459126625 0.5990553036640799 3.5717508988543134 1.3788732529420693
-0.008602092960631772 0.4167245132910866 3.1292848255962276 1.022623265391323
-0.008846116984258395 0.4202222118472666 3.1480184169476284 1.0353930199735828
0.007390459000191614 0.6598585533331972 3.4818923200974488 2.3058273249505716
-0.00199345925308031 0.5353577100594751 3.4271270107984586 2.7938023729294748
0.004141163982130828 0.2569470634770896 3.309811778791919 2.970334176860382
0.006978464689044885 0.5477226360645251 3.24853873619897 1.4693134146238807
-0.002692773819299718 0.6320402572335003 3.4929860127214827 1.2635395136191014
0.0012460316379966805 0.420438208399706 3.3400966635757947 2.289710706570301
-0.0038552860434103394 0.6547870777731492 3.5783667305904947 2.931089406840703
0.001963067785835059 0.4079052510101538 3.543792371158674 2.977752451892165
-0.008580250451028821 0.6884779125017171 3.580250753863708 2.9221790870435145
0.009105090713953053 0.6963193062748231 3.417058699052504 1.5421700285702835
-0.008681790141031197 0.6926609378090809 3.4806274255910967 2.659938291186118
-0.002055663544343377 0.2740741965267086 3.065052803775276 1.6133354194791256
-0.009414124181028076 0.4992739271199864 3.5426214871702006 1.4628586515194937
-0.008463244710168395 0.5639936039848857 3.4548869056405858 2.7227221673261033
0.0051430949739477445 0.6158574826797936 3.5027041967434087 2.3863513128496088
-0.003751893457402913 0.10165784062652655 3.02135631026624 1.334999036920141
0.004198499273527672 0.5063505742847403 3.4145882505758633 2.0796799905491428
-0.008018259348331055 0.688854663951646 3.580784879768755 2.958720998748233
0.0037325190219065097 0.6197196219021334 3.236325676854557 1.1026775012512846
-0.007048047457862435 0.3413306334202923 3.5129807621610687 2.1605813980119235
-0.0027642668558299707 0.5032931509321705 3.5118655724486594 1.6048752204663275
-0.003796665802936454 0.449116947579211 3.568435092116936 2.2112456040759696
-0.007001072941490919 0.005596690650003941 3.0991424087777464 1.9176841418341795
0.0038590535625367107 0.6100199528619694 3.5841647585499654 1.3521124273863299
-0.008508884981064238 0.5889110691103815 3.4766229224908187 2.7920561472522394
-0.0084774216030895 0.6967989238761741 3.504681305496659 2.9019166683070776
-0.0037460358752792293 0.5835538838426251 3.5852185154443004 2.3950738113932184
-0.006953278867922775 0.6711489921994267 3.564267940576347 2.99918219187992
-0.002693033932235545 0.06111625593100245 3.5995313902868706 1.209786334648535
-0.008224978013892952 0.41187556695391864 3.2176766013770317 2.9569218708375997
-0.008386208254148902 0.495866602724918 3.5975426756541022 1.399405122510679
0.002031986203696228 0.33433224622969704 3.4338415175972488 1.563598553264069
0.005932696142451022 0.4947983192813687 3.0434454202360928 2.6535274022452096
0.0026084022276138354 0.07802989431493179 3.587730521318211 2.9548434450985512
0.005758939050466174 0.6841539064961265 3.4544742257427257 1.1005184274442434
-0.008499654242234625 0.19833556569387706 3.329804381664851 2.3453373997647957
-0.00893005555712429 0.582479839560719 3.5232831884221567 1.824320513639481
-0.0007011729636715938 0.2658014731327608 3.118701600733828 1.6957669221722254
0.006113957767668514 0.6571353232512306 3.4417696080991744 2.3776537991889515
-0.00626209375831848 0.3057547397662236 3.101275921779707 1.3854863604825276
-0.003257138273048993 0.3525759743484136 3.345677658762468 2.5645065209952285
-0.0018042018649320612 0.278433655638372 3.0611867378565325 1.6302618707101044
-0.005346237788644594 0.43224936702412753 3.410263515075687 2.3872254328861975
-0.0037763989222180487 0.5715748410255423 3.576106732290093 2.427071982988408
0.006610094977970068 0.16951088664322989 3.2422353971415223 2.753868704359844
-0.0034100968724430757 0.285376444773997 3.5258516505277395 2.9738140662528743
-0.0076027553364458106 0.6646024956087568 3.5815476639822346 2.984147664947725
-0.005292722106165635 0.5005781197901316 3.5795136766339435 2.4516511912825565
0.004531372353434303 0.6463400961248453 3.583226375885095 2.986612223097634
-0.0006921534040485785 0.2573878970319056 3.1257807759635585 1.6580420506173499
-0.004528851638783336 0.27992627977050744 3.4983720840352293 2.155101211147259
-0.007361909821525993 0.5602539866689631 3.4945511763694865 2.961107322116
0.0026598121528084045 0.04356308874281711 3.5636159832649734 2.889814446358301
-0.008260357236634364 0.4130564803494611 3.57534990616422 2.709398478206672
-0.0074788080318680065 0.37012180146955004 3.364612613931576 1.2944980779683601
-0.0011871793101229863 0.4656889119723401 3.3691986506420886 2.8828761826840257
-0.00760571834560334 0.3650389099756467 3.372337871666182 1.3469210073037234
-0.007653391038433648 0.5008844654952602 3.5909126020921827 1.4154886233531003
-0.007019106795983141 0.4126510632204378 3.3192862855905285 2.991421687369561
-0.008167517002446511 0.5677706007080638 3.487910656105568 2.6393686620926067
0.0035110947624358603 0.2766387127566654 3.4342306656678003 2.9049610291753925
-0.008294295944866643 0.22843743520584114 3.238468419666469 1.6028187102685358
-0.009907572101659446 0.48861346310562276 3.5461267628936763 1.8015341693230613
-0.0011290953666031368 0.26052597345132633 3.3375535995738517 1.621066449282742
-0.002742690771195294 0.6672102714311985 3.5916640589653688 1.1503654560802898
-0.007001072941490919 0.005596690650003941 3.0991424087777464 1.9176841418341795
0.00512093395129012 0.2191821267220143 3.083931376919851 1.0441917954855147
0.0019060308692392305 0.18057523063426165 3.2709142101208566 1.5908379339295604
-0.003228749688015601 0.4914916524362586 3.3391397464417745 2.4288716078968564
-0.007543132155516735 0.6580133560100934 3.448199850466177 1.7419601341103301
-0.00675551277562601 0.2974845379726302 3.1175162963879934 1.5119733052636333
-0.006213601387741799 0.5157088163288595 3.4502364430116237 2.203344826929131
-0.007839281339974228 0.5933348872890769 3.4767109187135654 2.8033767676003514
-0.007498188456648391 0.37278419367546567 3.366459164035114 1.2953783040964435
-0.0013493502904576979 0.22782710162642356 3.1824041668933254 1.2423997210457212
-0.003308616188973767 0.6477372026679311 3.5231796420817747 2.663404044342816
-0.005316872209347075 0.6243891110018119 3.5848037749387998 2.980109622172097
-0.003763160707739188 0.652310008983873 3.578603669564451 2.924816559980343
-0.009238735290476962 0.6579799696361752 3.464054704940155 2.896238412041887
0.00412719802091739 0.5043143991036849 3.417130524639382 2.121257326248453
0.004705699802493212 0.3903999574417322 3.3152152615475985 2.625468867993659
-0.0038957841796654832 0.27773082115101755 3.2565976791803295 2.813135840640851
0.0036567958474979304 0.6390690415894242 3.5815577790892377 2.7652230332088985
-0.009533456506732077 0.10434539477550814 3.4065645488286913 2.7360345766005194
-0.008772530199091074 0.4426388753457217 3.499849353240728 1.904625836448506
0.005422912494216949 0.653598844998371 3.470085736574282 1.2251321145828016
0.00782420972727823 0.4603569810786648 3.372159007111039 2.08473183566257
0.004590606278361846 0.6114249125106314 3.5788054012929127 2.999568955079035
0.0037320522899465013 0.61985609560853 3.2361118641074964 1.101472968556772
0.0033826135132153383 0.6720220265797093 3.471970817663472 1.0423448606783126
0.00512093395129012 0.2191821267220143 3.083931376919851 1.0441917954855147
-0.003679229302464793 0.42346905840762106 3.500013348351803 1.9341604840278297
0.002115131953451057 0.544561070895559 3.587599592827121 1.716579164195456
-0.00893810324344068 0.4161440633537286 3.141789892502568 1.0226174497239646
-0.0043037694157031965 0.1614692705172613 3.220442739723834 1.6808848376220271
0.0027918357440017754 0.043528370143486206 3.37811526963177 2.2777625731891833
-0.00979285912245769 0.6457078590809893 3.4847351359645775 1.798851787588889
0.00434714879562401 0.6390585085508527 3.534192770066817 2.5806885700251128
-0.002055663544343377 0.2740741965267086 3.065052803775276 1.6133354194791256
-0.009585856599038137 0.43413472461788594 3.5368260168000027 1.9334069562097653
-0.0026698842457389257 0.5248569306583358 3.4426641761091052 2.6860015808464786
0.0019604027617600417 0.06275707815419758 3.3870595766815486 2.2622167840526926
-0.0092579817326592 0.2151803645566448 3.2985411527282587 1.2904119322852072
0.0029558960160916935 0.6715309906942198 3.481944067823925 1.5343840875641623
-0.009853638628486549 0.15645439015250137 3.236958251827284 1.120577692586833
-0.007328017431978237 0.532542716208251 3.568212096363617 1.0543402232668448
-0.005579639292780556 0.09939460400349587 3.165216710461826 1.7462153801318894
-0.00909843590529634 0.6606480624198925 3.4889635630809064 2.754049839959371
0.0012644634433796797 0.02778714499818702 3.199475027447144 1.645648054041477
-0.006959230972993554 0.691088129277362 3.542650589613529 1.9751790828345872
-0.008080776475737288 0.6777829200028833 3.5982253516431353 1.143900222049681
0.0080061514017195 0.4700305286737123 3.370466160453879 2.0958233588329227
0.005932696142451022 0.4947983192813687 3.0434454202360928 2.6535274022452096
0.007759556742250977 0.3187968977922875 3.11513895522394 1.8042495607529632
-0.006648251769647163 0.2904019273046335 3.0971106402671755 1.5162114559140096
-0.0025507715962576113 0.20596166857850146 3.2155590733327752 1.1201182265474827
0.002791850758442269 0.04354380793444089 3.378105058316175 2.2777772009889636
0.009120635001317497 0.2747636763267384 3.312560886445291 1.8744453431952337
-0.006067271207611091 0.08038275582020898 3.1417093788795403 1.6825624044254759
-0.0037148701522255285 0.5842757778833833 3.5860775970747802 2.3951500676293365
0.0029304162487036427 0.13135133242994168 3.2939793716769863 2.238345096658336
0.007066900226835971 0.6975373787335051 3.4341697470698573 2.3116699833676386
0.00025205109597901043 0.2870809265915179 3.3863063290815183 2.4459503921784727
-0.008871830640680364 0.42110811200075343 3.148785855813856 1.0379993389859634
-0.007498188456648391 0.37278419367546567 3.366459164035114 1.2953783040964435
-0.006863501993126108 0.5061683513289259 3.583032996161741 1.4804629722933924
-0.00035888466739723065 0.02174067073575585 3.0695286315752224 1.5028602770831136
-0.002750999333418596 0.6889383366570085 3.5173633751091713 1.0774287518175474
0.0020665267096760106 0.5584916045039341 3.388476771178736 1.2428590461503077
-0.0027642668558299707 0.5032931509321705 3.5118655724486594 1.6048752204663275
0.00256172379509102 0.43443451089075075 3.56721246291162 2.788424923411324
-0.0014147482848693438 0.2659005078425121 3.0428006439906876 1.5345691404824777
-0.000178392574058466 0.6142189494747847 3.1364367304544585 1.3358375079297269
-0.009483027679879491 0.4984557866884084 3.5423268956034146 1.4610200770763322
-0.0007011729636715938 0.2658014731327608 3.118701600733828 1.6957669221722254
0.0062022465039739925 0.21323846584689593 3.296084611639824 2.9787902208459895
-0.006207868645335287 0.5070942938020251 3.44598451686639 2.191247980794363
-0.007019106795983141 0.4126510632204378 3.3192862855905285 2.991421687369561
-0.009878031766102335 0.5094318148353357 3.53430962725197 1.4777311503603694
-0.00914560652149924 0.1511224683607251 3.492112462674547 1.893564593732633
-0.009183663493329292 0.5876225728563923 3.49217546677243 2.935376166554188
-0.007386881814105727 0.368813638103417 3.3621241255099874 1.3007716348457654
-0.0027963873630071938 0.6886185251922226 3.5157778954303494 1.0852212746329866
0.007442522656280112 0.5855425530214315 3.245285192896512 1.4530750561945134
-0.005082456891423236 0.22664606158793224 3.189449660453922 1.7842679205791843
-0.009017135368979261 0.1908874647636986 3.3118846582970027 2.356554375109817
-0.003900154534328163 0.6275291207565546 3.5858194725759187 2.970799432793571
0.001974251458466938 0.3394280347698016 3.4303756795813385 1.5672467684609643
0.008057699901056124 0.4590373296975916 3.36629709222358 2.0989454394310294
0.005485305770839583 0.6809479759373129 3.398443861360854 2.237637370481588
0.004307074984505629 0.6704726069905111 3.463755752839314 1.045595855543488
0.008081801071654945 0.46896564853555345 3.3688464656732493 2.0937217075802597
0.00414005890484704 0.2569924258301867 3.3099240285544016 2.9702626680311113
-0.009853638628486549 0.15645439015250137 3.236958251827284 1.120577692586833
0.0002291330197784474 0.2640277206166837 3.376243716989351 2.503644534338461
-0.003311181622430357 0.354879509942704 3.3438040163165326 2.564682500079423
0.005447862427992035 0.11911453605610445 3.1348651175915934 2.121971091456376
-0.0002087623283877297 0.25076461004019973 3.329311354716289 1.688058955565147
-0.0009703104185139633 0.4801988697859383 3.4984582841324503 2.6608041634792268
-0.00853029220024576 0.21197408175279164 3.249028576860169 1.7035370459505246
-0.004302682560221989 0.24411489029340266 3.2376332052544345 2.8481869849893906
-0.005265393719450961 0.16227574560621183 3.2312441118972965 1.6023072472027209
-0.005062257165133854 0.43576432827375516 3.40361099186076 2.361188945777202
-0.008151435602500904 0.40575546892631736 3.575575342044875 2.6719947673867335
0.0052354584773828435 0.6435474360328798 3.585693248584075 2.9894718853538302
-0.008386208254148902 0.495866602724918 3.5975426756541022 1.399405122510679
-0.004510051158374217 0.46361931738805445 3.5782970096828244 2.0628085484239995
-0.008707689537880647 0.19947229518991622 3.3190359650398253 2.376786318195625
-0.00957891156664806 0.6379152350190949 3.280581470914701 2.2535494587890676
0.009543302349897977 0.28102458601900543 3.049501527307126 1.6821703377189041
-0.0020668318878717985 0.6203815405920255 3.4725432837366608 2.582264618952816
0.00414005890484704 0.2569924258301867 3.3099240285544016 2.9702626680311113
0.006801340033496667 0.5594949863985057 3.2378375083500033 1.4228828359701786
0.004840504733886509 0.6427828004131304 3.5803922352915682 2.961847750605339
0.005369309210032144 0.12189715659961853 3.137277881570975 2.1192791620618263
0.004090994764549456 0.3880777227966292 3.2386642032031263 2.124818491203201
0.0027227801592229726 0.6870819076907959 3.5312761888242594 2.663760782668749
-0.009903821317587555 0.6499913669766006 3.487510537616765 1.851622464833004
-0.009483027679879491 0.4984557866884084 3.5423268956034146 1.4610200770763322
0.002624912494837362 0.04628958595332072 3.3762934707629726 2.2686787172617255
0.004833084431219498 0.27483952641625325 3.559710989649595 2.2926644567487173
0.003802403016633196 0.3866250074474967 3.2916720634166836 2.522381365495887
-0.002935496455405924 0.6642434246181208 3.5927250636520522 1.123264692995171
0.009756039425166934 0.33830333386993283 3.0706947594946756 1.8128470725497126
-0.001385900900147227 0.22618324398897352 3.1799677085448765 1.2315420253751654
-0.002935496455405924 0.6642434246181208 3.5927250636520522 1.123264692995171
0.0033772542867334466 0.1096307028217085 3.2840653405556726 2.207536621716293
-0.003602294506984468 0.2877857795426674 3.5230319986483125 2.9605015229143214
0.009510638468285211 0.28039542192790684 3.050320733043408 1.6832572288912513
-0.006318782623490239 0.34816727881764137 3.053361843535985 1.2625261072952958
-0.0007180403169659839 0.2668499891281651 3.120094439642293 1.6957871842643875
0.0025043674985266787 0.09968834393624776 3.5377009925404304 2.8387694735191125
-0.007062650661211993 0.6735967812883401 3.565574057189659 2.879229701643988
-0.0027566884739032224 0.10053977031738096 3.571176875047636 1.3879185977448976
0.000803014846575588 0.32115865080759265 3.272892618178441 1.505984439476137
0.0019640645543980177 0.33536827986065065 3.4291919730453926 1.5690486045713827
-0.008741951246855133 0.1970040670346756 3.3180490464066494 2.3825381394107445
-0.0076886865818261915 0.4177443801835008 3.2457810104214913 2.9085352362138575
0.003860994637637104 0.38921319495990603 3.2921386105754076 2.5244332277761954
-0.007322653196837949 0.3095672827736582 3.3535877370546956 1.7772410472139173
-0.00815666783228277 0.6851901669171631 3.5988832022243615 2.995337589068266
-0.009244147744364488 0.6571352684962384 3.459542840200589 2.353342277283534
0.006195552101980202 0.5016182159678452 3.037696138599111 2.6493304169445264
-0.0038742318644058886 0.2536613389395968 3.514935361770957 2.991247559292753
-0.0026921633321468244 0.07668166533092868 3.5891653242771593 1.3590672892449123
-0.009128404828417468 0.6235097125402522 3.5308121499115717 2.6526277434153243
0.008531468270467479 0.3023093223894586 3.078551864859118 1.7383436816692353
-0.00808875324037365 0.687402564030579 3.523366935834983 2.942257469075565
-0.009201046699423416 0.6843497938987133 3.4361079061976163 2.305634939852441
0.0007934103223548854 0.5300059162797596 3.584285738273512 1.7862448791427699
-0.008771858119144809 0.6803150974619996 3.5926857781880495 2.841662908973987
0.001836131464877426 0.4348040395887573 3.552071230935238 2.9792324795405962
-0.0011635488201173078 0.6628580374809954 3.53737384164005 1.4600466375764785
-0.009358014159779349 0.6858563940303929 3.511781512404484 2.9979316551548805
-0.005097541748077947 0.15407868579403944 3.227516907711882 1.601832279128702
0.005932696142451022 0.4947983192813687 3.0434454202360928 2.6535274022452096
-0.003896623357614226 0.27782589361122756 3.256687019743898 2.812869179565906
-0.009781224281736035 0.6454565583456917 3.479206177767802 1.7865968559860768
-0.008601986147294351 0.4167203702146368 3.1292803245602094 1.0226362750503535
-0.002489049053977786 0.6124704228237818 3.451193087332753 2.567624552973959
-0.007444931474096092 0.36961853633220676 3.3636485771054763 1.3026005522211603
0.0052899195290045985 0.6691244054040493 3.5302592253574194 2.626421817780739
0.0017859047599055235 0.20256652585490867 3.2831991178292284 1.6355388491657923
-0.008928818693147492 0.16295763367440672 3.479263333436523 1.895188575110893
0.004678383601408298 0.6419970310182264 3.517483360039263 2.3981073031960793
-0.0029275304925955557 0.6826691870343858 3.541835871028563 1.8248306659463425
-0.0024646244630605854 0.42195624193462916 3.212520963121823 1.8499165471674541
0.0022572360945667946 0.07549434928687518 3.2179867517372793 1.6295128784173323
0.004200185231228401 0.2597854616148144 3.3106886285674855 2.971692168106924
-0.0032153315218266107 0.35319006640593315 3.349258482412252 2.581385596921569
-0.00036666207284202085 0.02199892804633241 3.0698351121172744 1.504173312557546
-0.009628281461099758 0.15749553542999506 3.2372293579257603 1.1285455130048518
0.006195552101980202 0.5016182159678452 3.037696138599111 2.6493304169445264
-0.008600324760134363 0.5906865429057362 3.5825565185309642 2.378824006213077
0.0036567958474979304 0.6390690415894242 3.5815577790892377 2.7652230332088985
-0.004086357701957797 0.48960105228121786 3.5038670313382374 2.7619531598413793
-0.004288421887210714 0.1251222458655477 3.195257601859927 1.8084144803161617
0.005473055428904362 0.6748249935000341 3.504632453160138 2.3662478398594353
-0.00792951299931318 0.45907490830286213 3.5551480864704437 2.695472284915659
-0.0017600735254562462 0.6840679996116592 3.545783675885648 1.675850618022023
-0.007665422738288442 0.20451108892265363 3.2442933363606627 1.6429273742936428
0.007043864249205911 0.3466105889636672 3.354851766917288 1.9359170896865967
0.0025771675693538687 0.5221100028938386 3.5862711778966716 1.804491797596609
-0.006247337462992121 0.27884163563978215 3.267528519873421 1.7353513079778522
-0.005176201507003261 0.49243938125052295 3.4712366406058925 2.8433911246248273
-0.0013493502904576979 0.22782710162642356 3.1824041668933254 1.2423997210457212
-0.007127732844886539 0.6866455083677964 3.5777532344025698 2.914471630206947
-0.00871941915439503 0.1997083980249526 3.282351732493768 1.3065160948473822
0.005486326584789035 0.21009114257912004 3.0669582396587733 1.0219251827818847
-0.00035846631232101193 0.021730842563229463 3.0695283950469223 1.5028216259390859
-0.008774758428116805 0.36929854053737987 3.507126963094748 2.7633437456426493
0.004064172740210686 0.12229065797922456 3.232502616920816 2.081594700456443
0.0014759745549981827 0.5232379472578399 3.585281519161254 1.7378941194507964
-0.009227093211628238 0.27656160765684457 3.5423692053635727 1.3829514400345981
-0.008385418151927362 0.19575567533819055 3.4452736167044655 1.9073987841298043
-0.00837056858189157 0.6695280588972928 3.575959056882083 2.7585809583700027
0.0006597259928600753 0.05577207183007493 3.249152097294196 1.964036539604192
-0.009036145318462467 0.6931186726174438 3.4968424080379332 2.9397187319089513
-0.00937142489544568 0.677010441482148 3.598569442752199 2.9157579183802955
0.00380271394970373 0.386645720171028 3.2916720964792727 2.5224905326912017
0.0008837503886469904 0.4455899745380333 3.3287983724637438 2.2055204856987713
-0.0070248505315920595 0.4105912464277858 3.314323317906671 2.951566046230786
-0.006912463113866429 0.32743823777413456 3.080740111763325 1.2587381296258597
0.005482220059542792 0.64567027572716 3.489248005911946 2.3801498207426643
-0.007084781038586728 0.6956170978190575 3.5449201835121222 1.972936484233911
-0.00897822557985729 0.6835263602599781 3.440419407269827 2.5252538239365347
-0.009683743752757705 0.6411235090303804 3.2746789983577975 2.2312805311338275
-0.006948236335218921 0.6895876724977186 3.5412697820013155 1.9784716772562363
-0.0037234932364315597 0.5868088821819192 3.587787950599746 2.400855618031115
-0.0023843665396642713 0.41412137385287956 3.2090618177609573 1.8467708076838956
0.0034152973020495376 0.6547435356281435 3.22301221161505 1.1251514068743709
-0.007308317058262137 0.5697743222381493 3.4939243849297985 2.9847719856854074
-0.005452939966411592 0.09505584634368575 3.1548886414950106 1.882814876453708
0.0023497025208558844 0.520628202531455 3.5851478758680866 1.7964417024413717
-0.00036666207284202085 0.02199892804633241 3.0698351121172744 1.504173312557546
-0.009505955398692952 0.6585369120242228 3.4906180176944073 1.8161556777671557
-0.0009130250379283745 0.2653646392479223 3.0308764412352067 1.6882041254781721
0.009968448097605756 0.541847373287657 3.4901617922539563 2.6922734389958105
0.0020014160028272777 0.421271090131568 3.5595997951757643 2.9968662677405296
0.008016829344379677 0.6662085142572314 3.553312824001014 2.6468658053965335
-0.00623808811741996 0.5606015826310502 3.5991688794512133 1.420329850778058
-0.00927430218189096 0.69561874598672 3.5959843351979512 2.978223624780033
-0.003365743429416604 0.44360048322981827 3.503421760370281 1.9477115716727544
-0.008300370891218907 0.6396621605283426 3.568481094635729 1.6502176995235929
-0.008581097477197895 0.6955833846428808 3.552379768808476 1.8500686844229697
0.008973015893176712 0.6999233530106196 3.495253683744554 2.2875685905055354
-0.00600463603437486 0.5067607013435451 3.4197436912761883 2.183098451179344
0.001930244754073638 0.13350948833591725 3.1850092166858848 2.1111549588041725
-0.0038243557033735484 0.6164843055277855 3.5332082503183577 2.139308902665604
0.0058502990373211486 0.11909200590184958 3.1438271506646975 2.7751724515932117
-0.0013493502904576979 0.22782710162642356 3.1824041668933254 1.2423997210457212
0.003424466333246586 0.6068875694308498 3.2649381989757202 1.2684277076638422
-0.009976876528631799 0.41316598434263613 3.509456888688321 1.8769676942139446
-0.008612892433476531 0.16433451181338832 3.4864536404437594 1.8621266972504804
0.003981505732677049 0.3493210570058355 3.561805429063283 2.8019021248896494
-0.0076886865818261915 0.4177443801835008 3.2457810104214913 2.9085352362138575
-0.009999168260045634 0.05644205336805491 3.398010077076846 2.71891907118621
-0.008871830640680364 0.42110811200075343 3.148785855813856 1.0379993389859634
-0.0038742318644058886 0.2536613389395968 3.514935361770957 2.991247559292753
0.0005331252495544944 0.5249791044782546 3.4617771216368025 2.7376294088366078
-0.008550026961685778 0.21138367166937122 3.2486382279415134 1.7021703756393751
-0.004037236235943622 0.4147259574168132 3.4942645378544532 1.9194083504477406
0.003819675875981072 0.258298668824076 3.319302354681629 2.9382297246239024
0.0019640645543980177 0.33536827986065065 3.4291919730453926 1.5690486045713827
-0.0020958462108067837 0.19804402785477332 3.2106142761968304 1.1280112680070111
-0.004135795313784349 0.4561179305641767 3.5649755559544998 2.0749787284613443
-2.9649664011782706e-05 0.0755889045314253 3.5644346046340343 2.5133891322518083
0.005700349292325062 0.6582443963165774 3.4487820127696343 2.421536295608172
-0.0020958462108067837 0.19804402785477332 3.2106142761968304 1.1280112680070111
-0.008912532145881955 0.4208993537601202 3.147236170141885 1.0323854852677878
0.00512093395129012 0.2191821267220143 3.083931376919851 1.0441917954855147
-0.0056745994028500075 0.011789080877358527 3.0871696706866727 1.8469955339591266
0.007234737934799161 0.5492770809767876 3.239550892061462 1.3883977737897237
-0.0042307096368119305 0.6285015429562046 3.517657348600909 2.6851995632550647
-0.009036951224044586 0.37781666712869466 3.5138883446721723 2.7757036250320715
-0.003884507162751542 0.2525209097170622 3.5151106831852927 2.994675726713087
-0.003403643531506678 0.5565366004890298 3.570252599013144 2.4521114966543034
-0.008193620351088107 0.28902499029258044 3.3180127359081193 1.6710753361745578
-0.009934871813810215 0.68383582008868 3.4787790250254416 2.345416887576879
0.009462858743170694 0.30875358617643767 3.3354519529678313 1.8883078127384418
-0.006130859857585239 0.6209443694381136 3.4606852927178218 1.8182334939659912
-0.0037697572730069472 0.3425693803585667 3.35389360276527 2.5659338067167905
-0.004028973965655529 0.5347305449241964 3.5471065118925784 2.928075488818848
0.0031614189217994935 0.6594354172817288 3.4695870939866365 1.1017875840349383
-0.009629775008005449 0.1574129794703668 3.237166958741349 1.1282002611919568
-0.00895117777540815 0.15760038750930655 3.481588823966343 1.8673448790563008
-0.0026862947448793454 0.6875472441077696 3.581066866509922 1.577211414599049
-0.006230984528279267 0.3091375038807579 3.1028913223376 1.3914197541685631
-0.008643330201423678 0.16350681775864986 3.4875216766330492 1.8562776994749899
0.0031475587183907687 0.145324502282445 3.346704843697829 2.345998826479053
0.0024264965699396426 0.520622505482566 3.5853277823603955 1.7967689451747695
-0.0037234932364315597 0.5868088821819192 3.587787950599746 2.400855618031115
0.004141163982130828 0.2569470634770896 3.309811778791919 2.970334176860382
0.0001547594039033786 0.2716093047857962 3.378674251410213 2.49241391588547
-0.008823463982483333 0.31564939619217736 3.3507911137380804 1.6736460133452655
-0.0068662914482176315 0.3036399274842391 3.3302538668824435 1.754971308839613
0.0019196057191338519 0.35114718101517206 3.4731955186688546 2.808062982971482
-0.008774758428116805 0.36929854053737987 3.507126963094748 2.7633437456426493
-0.002515945335193389 0.637426731142414 3.5913631466801754 2.9222611481440253
-0.004581036505734361 0.4641710819219375 3.5786522718392795 2.0528170512265205
-0.009377862110796543 0.6438987646338858 3.486299286006104 1.8877715025845165
0.005535274429167591 0.676672570238737 3.45706150727455 1.2636848654608035
0.004502230321759074 0.6049279287838721 3.574672910059711 1.3137988248084085
0.0016692304143462802 0.42240799449485655 3.2717417712495394 2.3980125227451032
0.005704291755392646 0.6820558160974368 3.401686410016673 2.2337366503969904
-5.769915604124463e-05 0.07685284081683416 3.564434381198528 2.5121483160808147
-0.005266434967081315 0.4338182144205446 3.416380303131989 2.375358084355846
-0.005346237788644594 0.43224936702412753 3.410263515075687 2.3872254328861975
-0.0054591404914298945 0.1682191793103154 3.237964495348698 1.6066732944291329
-0.0032570274776835316 0.553961176282776 3.5685403560950935 2.4425559989889916
-0.000717170779548147 0.2660779314721595 3.1196153217365667 1.6979029406964532
-0.00035846631232101193 0.021730842563229463 3.0695283950469223 1.5028216259390859
0.0005626561659656196 0.26457026196229005 3.315530587569568 1.687055544019248
0.005389512220295635 0.6979265751266652 3.508177917373567 2.338402360101859
0.005409014231492643 0.24706547411470065 3.277591659366467 2.7367215964221097
-0.00231543158909752 0.5171080133897128 3.439769030653555 2.6939503073941897
-0.003698584031367174 0.6880705841900789 3.5745140291482245 2.961802525123576
-0.008692207506932448 0.4426361641169737 3.5763953711614116 2.733586376767851
-0.00877832884748362 0.2136261980633244 3.3249835723601797 2.3310831100259337
-0.007829500754334928 0.1901998812596411 3.2652925305931304 1.8387615012794867
-0.002795140330203067 0.6682689814517772 3.5918041159506786 1.149095641497176
-0.003749158821036282 0.2594997351531415 3.2567322306081627 2.866549551411174
-0.00231543158909752 0.5171080133897128 3.439769030653555 2.6939503073941897
0.007860376458892933 0.6841013011919389 3.4186704977029567 1.4798792234844844
-0.007543132155516735 0.6580133560100934 3.448199850466177 1.7419601341103301
-0.00846073755834809 0.10925634571709175 3.375310268468612 2.8191319503206946
-0.006301715282587675 0.37716453950841566 3.3119863018316593 2.950895046151889
-0.0033952353041861935 0.699817335319082 3.567024541642173 2.010174452798027
0.004716313928300138 0.39300498154385155 3.312778376203744 2.6265166133893945
-0.008496565519209874 0.6851293825727761 3.4520410121733875 2.4292400147835727
-0.007215595043205271 0.5382396536676755 3.56775109609097 1.0485915068862397
-0.00416605438231604 0.6955478267705271 3.446549772105961 2.5081496570952098
0.008139703305812002 0.46962959197654547 3.3685518008154087 2.0922525208019436
-0.009030452466156757 0.6935607563784894 3.589262614561734 2.9975207246224107
-0.005552616238938872 0.046327448749709954 3.165542206341537 1.9801784415709265
-0.008984536613785532 0.4193351476919679 3.1414199326481738 1.0194952151041816
-0.0033825192876873857 0.4853224687703268 3.595850584577396 2.25011427731246
-0.008864839147711358 0.6849923866370768 3.5833945754468237 2.9828785891493728
-0.00808875324037365 0.687402564030579 3.523366935834983 2.942257469075565
0.005486326584789035 0.21009114257912004 3.0669582396587733 1.0219251827818847
-0.008871830640680364 0.42110811200075343 3.148785855813856 1.0379993389859634
0.005674280951470816 0.24977317466571652 3.277691815887073 2.7453360394749526
-0.003536181066119977 0.338740708928701 3.348319760458345 2.5592911308942354
-0.00848238702837711 0.6755568662834985 3.577492595786697 2.7521356971646105
0.0013059185330891662 0.6061139871793219 3.3226914907122547 1.0393698740317854
-0.0013802135544774977 0.4120837512400786 3.3628521977245245 1.5980277421669578
0.0019060308692392305 0.18057523063426165 3.2709142101208566 1.5908379339295604
-0.009619407890182667 0.6729897160300613 3.471321729797298 2.3329209324269176
-0.0031059305237739025 0.6942053236663117 3.565383168658171 2.040925446451171
0.0020067233732074296 0.40980217395035284 3.4157395021197443 2.5681935889830387
0.008423969102267687 0.6688479253777089 3.409648873268877 1.556210694417023
-0.005490296353232907 0.26892262292214086 3.2750330109026833 1.7651961698761447
0.009639028778415925 0.3049018086044513 3.0809078424835254 1.7829948915083182
-0.0029929899465392963 0.6882305732791395 3.4962389695995073 1.46086035298352
-0.009706349796869204 0.6372186960355529 3.5704141953248256 2.049210997682652
-0.007295011933965538 0.5393195930528034 3.56916682195619 1.0411819346304474
-0.0013409047612895813 0.08289264064651819 3.549032023959874 2.4473608191481118
-0.000768710536574374 0.25997030540373656 3.1271744758901976 1.6632002725447181
-0.008082352756901149 0.6828784478951206 3.52326450125781 2.9582660980201068
0.0026598121528084045 0.04356308874281711 3.5636159832649734 2.889814446358301
-0.009772184389262969 0.09756660326172018 3.414281545720532 2.768394030945781
-0.0040566192695151125 0.4120082778338582 3.4919799982903257 1.9170201388204546
0.0042658200654240135 0.6055311306760598 3.569673490408169 1.3290887220150274
-0.009282505645999936 0.67900358280809 3.4857178717250923 2.3884262634885944
-0.003097441106417236 0.6409728736951811 3.519129106471496 2.661250333425636
-0.007297652674706387 0.5681560555369412 3.4933073016546983 2.9840494826862773
-0.008802283432965135 0.6478494591193553 3.496560027481184 1.8511334540235425
0.005500152407768046 0.6942731895292253 3.45461857290154 1.0700468784535389
-0.0010766043697370779 0.6363361983536364 3.0477513064179647 1.2325899302736758
-0.002534992720701364 0.5277003469095503 3.445450657325809 2.6188938326372138
0.0032778654134144377 0.3582940203435069 3.5646318632605594 2.9679084099232265
0.005927316037644077 0.4947515593312594 3.0435537438985705 2.6530122932168587
0.0015248118035333484 0.6018393677386348 3.3141293464428143 1.0204292752322113
0.002040152770865016 0.0837137750725836 3.4194829883397575 2.263150627710379
-0.004084687692207833 0.531888287223641 3.452931176286562 1.6092325988522558
-0.0024686042490262216 0.4217803389156988 3.212598189677625 1.8491591163424335
-0.0073993173720324195 0.30166053644039786 3.3353123142609213 1.7053983106172965
-0.0026698842457389257 0.5248569306583358 3.4426641761091052 2.6860015808464786
-0.0006585805215604413 0.4475678160335642 3.4863839347055405 2.8131214231302986
0.005737698309902826 0.11718972978569497 3.1555826085542487 2.0355270711803564
-0.007871299082883311 0.5931952914483999 3.476585935469962 2.8081953675668725
-0.008321977817565138 0.6870619066137035 3.5233580443694845 2.955865355988406
-0.00199345925308031 0.5353577100594751 3.4271270107984586 2.7938023729294748
-0.006119425011950029 0.556304208163491 3.5764955803620886 2.540323617033886
0.00951812821176071 0.1946213052860307 3.254687376027194 2.595705770598141
0.003930696682199383 0.3906127257745805 3.2917502584364873 2.5232543957378994
-0.007866331684092065 0.6835660529341304 3.4379607965312293 1.7425427618130531
0.005156623670168163 0.21143354197782954 3.5768665978920486 2.322994694224232
-0.005341244379307058 0.4321221765659091 3.4101131883475015 2.386999239384978
-0.0033817392448559727 0.48537018574699153 3.5958666469657734 2.2501726731385654
-0.008847174616491649 0.36640851806544905 3.5086224550795415 2.7695318749212827
-0.007663154243265422 0.5421224340162489 3.5222282355426726 1.570599925589256
-0.008749299074879854 0.26056263075379177 3.282665053152954 1.7036980206726433
-0.004087882134923027 0.6886800156983431 3.4567274225064466 2.5936462089635284
0.002522452736903112 0.5678985342237383 3.4707648925900725 1.665652976311892
0.005447352705650348 0.11914060427579307 3.1348791492783445 2.121909354519011
0.001243882807343175 0.3321931806703626 3.268140731046162 1.6763143664431703
-0.0034712469840989827 0.2844407522086986 3.518545177290541 2.9463639062806317
0.003674411810716132 0.3876293895926488 3.288856378736527 2.499653914643269
-0.009055149649090037 0.3729062567781376 3.520136993252839 2.80041181800071
0.006801340033496667 0.5594949863985057 3.2378375083500033 1.4228828359701786
0.00944253431263246 0.5287530749257741 3.4962455170468245 2.7119073919960446
-0.007986463233750019 0.5326494748714713 3.5753795462591587 1.0193425722927638
-0.005047028814612225 0.15881476202151595 3.2265952463853975 1.5990920157689674
0.00824201423261101 0.0439055551401753 3.1509523610611136 2.7535146367344687
0.0017895071518251732 0.5716112651308631 3.363135730518056 1.1655532661525347
0.0053207970619247496 0.6214440037432014 3.2519956928035247 1.440735698965504
-0.00823744770248402 0.41025978841619315 3.5757656904934705 2.699769052931241
-0.00035888466739723065 0.02174067073575585 3.0695286315752224 1.5028602770831136
0.008592870621192072 0.034719518279189954 3.1418603770684856 2.7836377708270574
-0.00038747668570426625 0.41040983697084327 3.3653887168166396 1.7526822188705573
0.0020833922234641572 0.2673392334494603 3.372779748125872 2.764632825467893
-0.001341362339251167 0.08302979220047979 3.548896233745098 2.447120706476135
0.003670874608913602 0.2421826574423383 3.3177915673608074 2.962067856490142
0.00565402215695979 0.6803102122472577 3.4491647613414 1.1227635951155353
-0.005361070277610726 0.6459583442845681 3.4513914926701106 2.0009811147772383
-0.0036699636499938175 0.2820530268749135 3.5156737233322315 2.9395262688474553
-0.008541972812065361 0.42936127427968535 3.5679189421660773 2.71658059312431
-0.006034660374193295 0.012204319256829688 3.1514184824387526 1.9737800499319325
-0.0022307612711758677 0.6747317073132287 3.5836581462535944 2.9932416569068425
0.009639028778415925 0.3049018086044513 3.0809078424835254 1.7829948915083182
-0.0037148701522255285 0.5842757778833833 3.5860775970747802 2.3951500676293365
-0.00760571834560334 0.3650389099756467 3.372337871666182 1.3469210073037234
0.00501966239486059 0.20730735713192394 3.0677036614474886 1.020687130588013
-0.004400557440789437 0.10379487384399841 3.5898471131994065 1.2446441128432375
-0.009235781543297334 0.6579098318047276 3.4639898434085272 2.89618765059325
-0.009692037431700027 0.641683103006685 3.2747137492738503 2.2304790017566782
0.008952202030206063 0.5888237451503326 3.518879437576296 2.5712577088443958
-0.0014052666232063794 0.2253184685331358 3.181257368077706 1.2320961917543611
-0.002186291658551296 0.6721294367886151 3.573273057687818 2.979218298423563
-0.000801662579149735 0.41235507324664605 3.347561747824406 1.6094435834582794
0.0013065183160698365 0.35603837328184984 3.4450577842223433 1.6649610371042942
-0.0016235232198533525 0.2722981884825676 3.0713010806762058 1.6211214926286983
-0.0051164176884769316 0.4525089988106547 3.410488709963367 2.364365645064513
0.0023513365891035566 0.5210351744299145 3.585499830349296 1.7967918822447277
0.00512093395129012 0.2191821267220143 3.083931376919851 1.0441917954855147
0.004141163982130828 0.2569470634770896 3.309811778791919 2.970334176860382
-0.00219881521106877 0.5247630935562392 3.3686556070999125 2.4189501422027675
-0.005987940227668443 0.01440463591023411 3.153400974979303 1.9770372133810445
0.004178867818050488 0.6549734760114096 3.588485176044068 2.9636620074901385
-0.006944826420711725 0.6705905049159113 3.5637718413620685 2.9991253889884066
-0.008912532145881955 0.4208993537601202 3.147236170141885 1.0323854852677878
-0.00889780736389868 0.6735466374128212 3.5022726112916303 2.6449972902881935
0.005932696142451022 0.4947983192813687 3.0434454202360928 2.6535274022452096
-0.009858368996623994 0.6994343337803649 3.5167841162639517 2.9400786350180157
-0.003373506913374987 0.6989819721187375 3.5664004150126414 2.0122909507100823
-0.0011668458759963537 0.6627146039534124 3.537367161037143 1.4601198541267377
-0.0029862354892981053 0.17918011944680917 3.1712450819832574 1.9313524237038442
0.0021148652817883605 0.5585100578205089 3.3824903897958416 1.2517693178046412
-0.009025898856012168 0.14541082645959913 3.472337472633541 1.8665178276036438
0.0023496905839067925 0.16214897156389857 3.2839086657402863 2.1787522442917573
0.001974251458466938 0.3394280347698016 3.4303756795813385 1.5672467684609643
-0.005346185805789918 0.019609679578374534 3.0705658927474677 1.9049054560837315
-0.005086250778360457 0.43742071129782945 3.405043010551738 2.3655725446216214
0.002277053001222072 0.5388672310341369 3.58756947236519 1.7159600043368344
0.0038369811928797657 0.3917660730683758 3.280585529349686 2.5360778594423308
-0.0025839972112212317 0.5244740723993482 3.442458452326979 2.68359276109037
-0.00030085322101656726 0.25111813806820416 3.327424742490575 1.676946260959606
-0.009206718572558668 0.6570584764719132 3.461969242076677 2.890214919627414
-0.004424556822196736 0.462358015251656 3.578829608777284 2.080374130045956
-0.009483741364451603 0.6537797631057738 3.4943823192299237 1.8231062616355067
-0.005746235990599053 0.04425970034048246 3.109417482011078 1.9070671885633799
-0.0037234932364315597 0.5868088821819192 3.587787950599746 2.400855618031115
-0.002279837194876894 0.6396995121718968 3.571453917535902 1.25319072845818
-0.004337064495109377 0.11031044598988171 3.591984602992503 1.3200993464884425
-0.009999168260045634 0.05644205336805491 3.398010077076846 2.71891907118621
0.004943032372830755 0.27988476050579547 3.581065526419694 2.410773349174762
-0.0076886865818261915 0.4177443801835008 3.2457810104214913 2.9085352362138575
-0.0006792685807003275 0.5888798149404411 3.326161286926994 1.0064089421225209
-0.006690922497507788 0.30216933680989744 3.102262352746135 1.4942912418603647
-0.003948972864074571 0.628128306103597 3.5859077428249932 2.9708059347584945
0.009775407036216557 0.3377743084674274 3.0698988679881656 1.810976948246095
-0.008859883965576942 0.17066336612539756 3.481510698069694 1.8946198180728269
-0.006067271207611091 0.08038275582020898 3.1417093788795403 1.6825624044254759
-0.007947634599741155 0.6724369834035588 3.589415146179791 2.9559087351145417
-0.0017431011385183465 0.6453611309170865 3.4965757282883976 2.6511743428288694
-0.008917293057911746 0.6965951079748411 3.5556734773561494 1.8544144266632727
0.008956073209622419 0.6929007930066626 3.4149390512053754 1.5464597333107752
-0.000787944122510425 0.413738138158822 3.3491966149281467 1.6032572432790344
0.004811190323255053 0.5001049927542242 3.410221618716012 2.0382052621035927
0.009684078217420539 0.16851614873085674 3.2222525194281455 2.655109359507616
-0.002563458042739215 0.6153258308415192 3.45466241738288 2.5624065912003156
0.006806918224778049 0.6952508623363359 3.434682415623846 2.3185364098203105
-0.0025926627712612067 0.42395267641140205 3.2099889067938374 1.8383904555553756
-0.003749158821036282 0.2594997351531415 3.2567322306081627 2.866549551411174
-0.0032285457417858023 0.48450047250499717 3.454687442219002 2.8922305043590373
-0.00035888466739723065 0.02174067073575585 3.0695286315752224 1.5028602770831136
-0.008397849222883247 0.6656190942126555 3.4384235159377634 2.532237175170403
-0.002465881458961434 0.4221384077921386 3.212334986860464 1.8495707581306267
-0.009259727470523442 0.3696132363258014 3.524111739396616 2.8017371739947636
-0.0027341419533900803 0.0605462989870984 3.007512700926825 1.6053093801863532
-0.0006702120800454337 0.2656942592707082 3.1178722061452846 1.6968495618015478
-0.00887219159264463 0.6188105277275256 3.502983694644256 2.974335817627008
-0.0037796782018753687 0.1078720657488792 3.024592878700189 1.3473285179901708
0.003545828359128608 0.6011769604349164 3.2619387979139423 1.2955056073828155
-0.007308317058262137 0.5697743222381493 3.4939243849297985 2.9847719856854074
0.00941434671081627 0.28277001567481647 3.0559701213574773 1.7004927475540224
-0.0024646244630605854 0.42195624193462916 3.212520963121823 1.8499165471674541
-0.0033952353041861935 0.699817335319082 3.567024541642173 2.010174452798027
0.008057699901056124 0.4590373296975916 3.36629709222358 2.0989454394310294
-0.0007171634928863722 0.2668357511454853 3.120063500232699 1.6956238765683544
0.005369309210032144 0.12189715659961853 3.137277881570975 2.1192791620618263
0.009070181824922596 0.17531150943988444 3.2726408627139234 1.9239263473193087
-0.007404067097579054 0.30126546775121277 3.3345804814285875 1.7087242882288383
-0.0017981711033926793 0.2750262294957184 3.054404238800946 1.5726422451500435
-0.002750999333418596 0.6889383366570085 3.5173633751091713 1.0774287518175474
0.0022381921928805604 0.24633780587209003 3.2899717428874844 1.833009673845046
-0.003575092583261188 0.04781433730941143 3.023132312228774 1.61476596671476
-0.005266558536332777 0.5001873015840979 3.578811667776409 2.454404649507008
-0.005693814217434485 0.24771621666140206 3.2077180811587054 1.7978848521130555
-0.0023844678401412607 0.4141287575589141 3.209061604863959 1.846775541829238
0.0038128090351995537 0.37449937953425766 3.165972372901636 1.8691199818675912
-0.00944299961062083 0.15317148146465442 3.258145916261978 1.099560994634207
-0.00945570134351493 0.21260429740707076 3.302694343626853 1.275242647740316
-0.008986235894382827 0.5753364197761055 3.454869555517699 2.8583228711054782
0.0003276018642427662 0.25554209342555884 3.375071106115107 2.5328156380860207
-0.007790218405757667 0.1857620260915261 3.263145083153785 1.8264143336332679
-0.0027914394617073977 0.6885579403250984 3.5173008369579164 1.0723036430975041
0.007307470514732956 0.5482258797959206 3.2376224395486357 1.381395732887315
-0.005306946188982642 0.4504363226606888 3.4149947140968195 2.3534539087002164
0.004355793714286511 0.5065635572117724 3.4124193409242194 2.0859147035842027
-0.009106714786536619 0.6632886270948485 3.5705432651059095 2.7436280323702777
0.006032106672278029 0.5956372016237976 3.5963885369755917 2.964292249215058
-0.008772644556815087 0.2147155080095485 3.330854095117301 2.3302210427670773
-0.0009004577727263433 0.6815081043394882 3.0285821277570135 1.1822457812628058
0.002654276072393196 0.03664249687799198 3.3952316809535956 2.23318885106911
0.006978464689044885 0.5477226360645251 3.24853873619897 1.4693134146238807
-0.008615649982292573 0.20042126951953104 3.324905573620748 2.365854109956402
-0.006870704818326634 0.5164678739154154 3.5702071388992187 1.1557622761942008
-0.0038780061416448606 0.26317503500108197 3.258402687951734 2.8469661164037428
-0.00254002925714017 0.34977892601119986 3.335400334667769 2.560228390929019
0.0019640645543980177 0.33536827986065065 3.4291919730453926 1.5690486045713827
-0.008847174616491649 0.36640851806544905 3.5086224550795415 2.7695318749212827
-0.0006543846394815103 0.4477333743477996 3.486421948399749 2.8131726355699076
0.003871520386627495 0.6487233593399453 3.5851122008177434 2.9802524691208254
0.0005740231139398826 0.2442685150919256 3.337719463196874 1.792600537404733
-0.008661777947740494 0.6355048177602179 3.481374160285902 1.8270443811514459
-0.009040123212108283 0.10709674397417514 3.381986120605118 2.8581324217125097
-0.003664337111411873 0.6340556053324042 3.560049319190307 2.913507203651674
-0.0026082587746221993 0.6460235781861513 3.596650004836568 2.9676693138862253
0.0009603968284197543 0.44984479262509036 3.33090761355526 2.209696715366069
-0.0032570274776835316 0.553961176282776 3.5685403560950935 2.4425559989889916
0.003932950411882245 0.3963706432879684 3.2738984638062996 2.5484809362039327
-6.549684043245449e-05 0.0593014717691881 3.255556136735088 1.981458365695298
-0.00038747668570426625 0.41040983697084327 3.3653887168166396 1.7526822188705573
-0.008141946310204994 0.29144449933576116 3.3207605403643434 1.6814627399441984
-0.003320470029862514 0.5669367395088545 3.578772383079298 2.425972180640902
0.005113576958844904 0.1427203714081398 3.173350564498166 2.079041293615009
-0.009580248490883705 0.6582260420082727 3.4909582000238606 1.8048351667494877
-5.931658656603035e-05 0.6106024280123103 3.1598603575892747 1.3556049829035295
-0.00019826207644564955 0.13400202709954462 3.5351435490111554 2.3229378108948637
-0.0038532863808408164 0.25435567068056153 3.5139838424481358 2.990409859984691
-0.002489049053977786 0.6124704228237818 3.451193087332753 2.567624552973959
0.00869970590357945 0.28361453877928156 3.0248756284921448 1.6470667727593367
-0.0016235232198533525 0.2722981884825676 3.0713010806762058 1.6211214926286983
-0.008233722697676183 0.3870957586652266 3.5970800636353593 2.6888834522834637
-0.009089279442261827 0.6561412402646878 3.568257426840426 2.719453395437727
-0.005644139319962229 0.6258949509699778 3.5849568380984236 2.913011410697735
-0.00992141386878258 0.4890970131692631 3.5463205281190073 1.8011719822358172
0.0012332148446119375 0.33273302555289147 3.2676166847460593 1.675266624135224
0.005704291755392646 0.6820558160974368 3.401686410016673 2.2337366503969904
-0.007854612402181268 0.5929670498543335 3.4763973290654193 2.8060866937088598
0.004272042055889913 0.2624256817293374 3.3149942425367294 2.9707253406494782
-0.0007910677318961534 0.5819634426712484 3.3250498564554896 1.0227231432409478
-0.0024646244630605854 0.42195624193462916 3.212520963121823 1.8499165471674541
-0.006017016752725017 0.5439919464177887 3.5796042726318147 1.4052513854315936
-0.003957332686204643 0.4808679659072396 3.5882445360425512 2.522647719430931
