10.000000 0.000000 0.000000 0.000000 0.000000 0.000000 0.000000 0.000000
10.139395 0.000000 0.000000 0.000000 0.000000 0.000000 0.000000 0.000000
10.280732 0.000000 0.000000 0.000000 0.000000 0.000000 0.000000 0.000000
10.424040 0.000000 0.000000 0.000000 0.000000 0.000000 0.000000 0.000000
10.569346 0.000000 0.000000 0.000000 0.000000 0.000000 0.000000 0.000000
10.716676 0.000000 0.000000 0.000000 0.000000 0.000000 0.000000 0.000000
10.866061 0.000000 0.000000 0.000000 0.000000 0.000000 0.000000 0.000000
11.017528 0.000000 0.000000 0.000000 0.000000 0.000000 0.000000 0.000000
11.171107 0.000000 0.000000 0.000000 0.000000 0.000000 0.000000 0.000000
11.326826 0.000000 0.000000 0.000000 0.000000 0.000000 0.000000 0.000000
11.484715 0.000000 0.000000 0.000000 0.000000 0.000000 0.000000 0.000000
11.644806 0.000000 0.000000 0.000000 0.000000 0.000000 0.000000 0.000000
11.807128 0.000000 0.000000 0.000000 0.000000 0.000000 0.000000 0.000000
11.971713 0.000000 0.000000 0.000000 0.000000 0.000000 0.000000 0.000000
12.138593 0.000000 0.000000 0.000000 0.000000 0.000000 0.000000 0.000000
12.307798 0.000000 0.000000 0.000000 0.000000 0.000000 0.000000 0.000000
12.479362 0.000000 0.000000 0.000000 0.000000 0.000000 0.000000 0.000000
12.653318 0.000000 0.000000 0.000000 0.000000 0.000000 0.000000 0.000000
12.829698 0.000000 0.000000 0.000000 0.000000 0.000000 0.000000 0.000000
13.008537 0.000000 0.000000 0.000000 0.000000 0.000000 0.000000 0.000000
13.189869 0.000000 0.000000 0.000000 0.000000 0.000000 0.000000 0.000000
13.373729 0.000000 0.000000 0.000000 0.000000 0.000000 0.000000 0.000000
13.560151 0.000000 0.000000 0.000000 0.000000 0.000000 0.000000 0.000000
13.749172 0.000000 0.000000 0.000000 0.000000 0.000000 0.000000 0.000000
13.940828 0.000000 0.000000 0.000000 0.000000 0.000000 0.000000 0.000000
14.135156 0.000000 0.000000 0.000000 0.000000 0.000000 0.000000 0.000000
14.332192 0.000000 0.000000 0.000000 0.000000 0.000000 0.000000 0.000000
14.531975 0.000000 0.000000 0.000000 0.000000 0.000000 0.000000 0.000000
14.734543 0.000000 0.000000 0.000000 0.000000 0.000000 0.000000 0.000000
14.939935 0.000000 0.000000 0.000000 0.000000 0.000000 0.000000 0.000000
15.148189 0.000000 0.000000 0.000000 0.000000 0.000000 0.000000 0.000000
15.359347 0.000000 0.000000 0.000000 0.000000 0.000000 0.000000 0.000000
15.573448 0.000000 0.000000 0.000000 0.000000 0.000000 0.000000 0.000000
15.790533 0.000000 0.000000 0.000000 0.000000 0.000000 0.000000 0.000000
16.010645 0.000000 0.000000 0.000000 0.000000 0.000000 0.000000 0.000000
16.233824 0.000000 0.000000 0.000000 0.000000 0.000000 0.000000 0.000000
16.460115 0.000000 0.000000 0.000000 0.000000 0.000000 0.000000 0.000000
16.689560 0.000000 0.000000 0.000000 0.000000 0.000000 0.000000 0.000000
16.922204 0.000000 0.000000 0.000000 0.000000 0.000000 0.000000 0.000000
17.158090 0.000000 0.000000 0.000000 0.000000 0.000000 0.000000 0.000000
17.397264 0.000000 0.000000 0.000000 0.000000 0.000000 0.000000 0.000000
17.639773 0.000000 0.000000 0.000000 0.000000 0.000000 0.000000 0.000000
17.885662 0.000000 0.000000 0.000000 0.000000 0.000000 0.000000 0.000000
18.134978 0.000000 0.000000 0.000000 0.000000 0.000000 0.000000 0.000000
18.387770 0.000000 0.000000 0.000000 0.000000 0.000000 0.000000 0.000000
18.644085 0.000000 0.000000 0.000000 0.000000 0.000000 0.000000 0.000000
18.903974 0.000000 0.000000 0.000000 0.000000 0.000000 0.000000 0.000000
19.167485 0.000000 0.000000 0.000000 0.000000 0.000000 0.000000 0.000000
19.434669 0.000000 0.000000 0.000000 0.000000 0.000000 0.000000 0.000000
19.705578 0.000000 0.000000 0.000000 0.000000 0.000000 0.000000 0.000000
19.980263 1199.006240 901.948187 1372.640439 715.500681 1627.690222 673.533957 2039.479619
20.258777 1198.921216 901.876350 1371.768848 715.380310 1626.676272 673.533731 2037.064046
20.541173 1198.729280 901.803506 1370.781341 715.258239 1625.647542 673.533501 2034.611873
20.827506 1198.199235 901.729641 1369.779341 715.162125 1624.603807 673.533269 2032.122498
21.117830 1197.602023 901.653016 1368.754889 715.352442 1623.537678 673.521685 2029.599455
21.412202 1197.272657 901.568544 1367.684965 715.493426 1622.427831 673.465367 2027.054361
21.710676 1196.938607 901.482887 1366.647741 715.636347 1621.301738 673.408259 2024.470524
22.013311 1196.599805 901.396027 1365.595770 715.781231 1620.159149 673.350350 2021.847297
22.320165 1196.254438 901.308122 1364.526383 715.924338 1618.997478 673.289693 2019.186200
22.631296 1195.882419 901.221150 1363.547587 716.022494 1617.789695 673.204068 2016.511558
22.946764 1195.689869 901.132958 1362.650060 716.122004 1616.564155 673.117239 2013.796006
23.266629 1195.569045 901.043527 1361.739417 716.222887 1615.320582 673.029187 2011.038857
23.590953 1195.196665 900.952841 1360.815458 716.325162 1614.058696 672.939897 2008.239410
23.919798 1194.843501 900.871558 1359.881353 716.393902 1612.751954 672.847358 2005.432854
24.253227 1194.609053 900.789755 1358.933768 716.461566 1611.424390 672.753401 2002.585248
24.591304 1194.333881 900.706804 1357.972299 716.530166 1610.077202 672.658121 1999.693807
24.934094 1194.024215 900.622688 1356.996732 716.599716 1608.710084 672.561499 1996.757786
25.281661 1193.880349 900.552832 1356.013974 716.617763 1607.302755 672.476571 1993.814444
25.634074 1193.735570 900.485497 1355.018407 716.561054 1605.870019 672.393409 1990.834262
25.991399 1193.398484 900.417218 1353.885909 716.503549 1604.416005 672.309076 1987.807976
26.353705 1193.242911 900.347982 1352.683430 716.445239 1603.144359 672.223557 1984.734794
26.721062 1193.062841 900.294735 1351.861865 716.404765 1602.129551 672.156519 1981.651907
27.093539 1192.599394 900.248525 1350.910007 716.372285 1601.095235 672.097573 1978.538606
27.471208 1192.324600 900.201668 1349.852569 716.339351 1600.045820 672.037799 1975.376896
27.854142 1192.189877 900.154156 1348.680398 716.305956 1598.981073 671.977187 1972.165940
28.242413 1192.058861 900.121726 1347.264502 716.290690 1597.894688 671.936079 1968.940678
28.636097 1191.930477 900.101418 1346.370848 716.290062 1596.449668 671.910653 1965.693694
29.035269 1191.800291 900.080826 1345.464132 716.289426 1594.266282 671.884871 1962.395964
29.440005 1191.668275 900.059947 1344.544152 716.288780 1592.049402 671.858729 1959.046598
29.850382 1191.516626 900.051605 1343.620191 716.303815 1589.816277 671.849517 1955.676143
30.266481 1191.392102 900.060380 1342.695455 716.340135 1587.572780 671.863412 1952.295101
30.688379 1191.265828 900.069278 1341.757177 716.376959 1585.294769 671.877501 1948.860940
31.116158 1191.137780 900.078300 1340.400433 716.414295 1582.981656 671.891786 1945.372719
31.549901 1191.011069 900.096498 1338.636369 716.463437 1581.095096 671.918610 1941.854363
31.989689 1190.889976 900.136303 1337.995691 716.539891 1579.205043 671.974921 1938.339266
32.435608 1190.767183 900.176661 1337.238491 716.617402 1577.286332 672.032012 1934.768649
32.887743 1190.615309 900.217580 1335.402173 716.695985 1575.338489 672.089893 1931.141520
33.346180 1190.184755 900.264098 1333.827407 716.782012 1573.360062 672.155383 1927.472763
33.811008 1189.565112 900.336023 1332.606713 716.900509 1571.346734 672.255269 1923.824132
34.282315 1189.232418 900.408944 1331.367860 717.020639 1569.302704 672.356533 1920.117563
34.760192 1188.970280 900.482875 1330.110560 717.142423 1567.227460 672.459192 1916.352006
35.244730 1188.381715 900.558997 1328.836309 717.267358 1565.120471 672.564796 1912.530642
35.736022 1187.274401 900.663943 1327.825333 717.429107 1562.981039 672.708241 1908.749651
36.234163 1186.326026 900.770340 1326.799477 717.593074 1560.853884 672.853655 1904.908292
36.739248 1185.648692 900.878206 1325.161846 717.759288 1559.525717 673.001064 1901.005462
37.251373 1184.954117 900.987563 1323.785164 717.927780 1558.177881 673.150494 1897.040030
37.770637 1184.265033 901.124492 1323.076672 718.130694 1556.814735 673.333989 1893.118285
38.297139 1184.118071 901.265863 1322.358197 718.339525 1555.431825 673.523126 1889.144111
38.830980 1184.065487 901.409181 1321.535820 718.551205 1554.028382 673.714846 1885.105986
39.372263 1183.475938 901.554474 1320.450045 718.765772 1552.604080 673.909183 1881.002720
39.921091 1182.232574 901.724163 1319.376368 719.009988 1551.167174 674.132759 1876.935552
40.477570 1181.584765 901.902470 1318.294736 719.265020 1549.711290 674.366835 1872.831489
41.041805 1181.302522 902.083226 1317.080442 719.487104 1548.233714 674.604091 1868.661014
41.613906 1180.966159 902.266464 1315.169344 719.680444 1546.131184 674.844569 1864.422881
42.193981 1179.730427 902.470930 1314.399889 719.899526 1543.050128 675.111485 1860.210552
42.782142 1178.722154 902.688218 1313.622669 720.133965 1539.959788 675.394421 1855.980609
43.378502 1178.119990 902.908481 1312.748449 720.371594 1536.820026 675.681181 1851.681837
43.983175 1178.128062 903.131760 1311.608449 720.612455 1533.629934 675.971813 1847.312929
44.596276 1177.678714 903.373165 1310.543800 720.875690 1530.455806 676.285923 1842.956478
45.217924 1177.617212 903.631679 1309.737931 721.159996 1527.292439 676.622177 1838.605876
45.848238 1176.658339 903.893720 1308.920322 721.448151 1524.078273 676.962947 1834.184092
46.487337 1175.748500 904.159337 1308.090794 721.740205 1520.812368 677.308293 1829.689761
47.135345 1175.670934 904.440136 1307.246218 722.050724 1517.550246 677.673377 1825.191099
47.792386 1174.743549 904.742641 1306.127559 722.387885 1514.323071 678.066709 1820.726374
48.458586 1173.960985 905.049260 1304.971979 722.729586 1511.043873 678.465291 1816.188207
49.134073 1173.371381 905.360046 1303.808805 723.075885 1507.711684 678.869190 1811.575174
49.818975 1172.576058 905.683194 1302.044410 723.436600 1504.367545 679.288740 1806.937188
50.513425 1171.799302 906.033456 1300.673344 723.829406 1501.086886 679.742537 1802.366271
51.217554 1170.828057 906.388462 1299.365058 724.227470 1497.753160 680.202351 1797.719771
51.931499 1170.090032 906.748275 1297.638378 724.630860 1494.365370 680.668256 1792.996208
52.655396 1169.825787 907.117398 1296.428660 725.044643 1490.946172 681.145616 1788.222858
53.389384 1169.041066 907.519990 1295.033343 725.496018 1487.623532 681.663173 1783.555178
54.133603 1168.043918 907.928012 1293.603877 725.953398 1484.246983 682.187543 1778.809928
54.888196 1167.040405 908.341535 1292.152869 726.416860 1480.815505 682.718812 1773.985572
55.653308 1166.228874 908.777914 1290.680318 726.886718 1477.329273 683.257314 1769.082012
56.429085 1165.456468 909.260621 1289.239997 727.399973 1474.408028 683.842144 1764.328585
57.215676 1164.636768 909.749796 1286.637018 727.920013 1472.585845 684.434616 1759.495787
58.013231 1163.675133 910.245521 1284.044939 728.446923 1470.735958 685.034823 1754.582031
58.821904 1162.699282 910.747880 1282.823573 728.980790 1468.857905 685.642861 1749.585690
59.641849 1161.758203 911.290675 1281.648802 729.555134 1466.586989 686.294783 1744.728245
60.473224 1161.332924 911.845460 1280.465706 730.141737 1463.270248 686.960230 1739.820815
61.316188 1160.549643 912.407634 1279.265002 730.736036 1459.899581 687.634296 1734.830805
62.170903 1159.754904 912.977291 1278.219228 731.338126 1456.473963 688.317083 1729.756539
63.037532 1158.996258 913.585702 1276.870705 731.977536 1453.143210 689.042113 1724.802550
63.916241 1158.242746 914.212760 1275.513392 732.734456 1449.980953 689.787805 1719.835166
64.807198 1157.478229 914.848120 1274.006248 733.559927 1448.007988 690.543069 1714.783848
65.710575 1156.702540 915.491887 1272.802059 734.395957 1446.004771 691.308019 1709.646879
66.626545 1155.959369 916.172170 1271.637460 735.275768 1444.045017 692.113085 1704.606791
67.555283 1155.232605 916.878796 1270.334588 736.187297 1442.101378 692.947222 1699.595960
68.496967 1154.461399 917.594717 1269.126292 737.110381 1440.127966 693.791963 1694.500152
69.451778 1153.630844 918.320047 1267.703230 738.045154 1438.124282 694.647430 1689.317617
70.419898 1153.026501 919.079131 1266.232786 739.019510 1436.154381 695.539589 1684.203483
71.401513 1152.521265 919.873600 1265.115318 740.035277 1434.222216 696.470145 1679.167596
72.396811 1151.825859 920.678443 1263.981265 741.063781 1432.260457 697.412404 1674.046043
73.405984 1151.007073 921.493788 1261.652736 742.105167 1430.268605 698.366500 1668.837051
74.429223 1150.423801 922.339234 1259.794602 743.181471 1428.298171 699.352843 1663.662639
75.466726 1149.941629 923.230500 1257.027103 744.310318 1424.776420 700.387761 1658.621990
76.518692 1149.421728 924.133312 1255.828644 745.453155 1421.263517 701.435546 1653.495389
77.585321 1148.894340 925.047809 1254.282197 746.610136 1418.745119 702.496340 1648.281045
78.666818 1148.378801 925.987746 1252.984348 747.796927 1415.239274 703.584219 1643.061933
79.763391 1147.921160 926.985473 1252.132249 749.050326 1413.062322 704.732237 1638.038720
80.875249 1147.207984 927.996012 1251.267681 750.319058 1411.123191 705.894352 1632.929710
82.002606 1146.895284 929.019516 1250.390450 751.338444 1409.215155 707.070716 1627.733110
83.145678 1146.562666 930.062666 1249.513255 752.353216 1407.295153 708.268175 1622.486772
84.304684 1146.128204 931.177330 1248.117097 753.429705 1405.499951 709.539842 1617.505049
85.479845 1145.640948 932.306171 1246.821737 754.519631 1403.677381 710.826913 1612.438169
86.671388 1144.193371 933.449353 1245.551807 755.623146 1401.826986 712.129550 1607.284351
87.879540 1143.125026 934.607043 1244.580346 756.740399 1399.518532 713.447916 1602.041764
89.104533 1142.873323 935.847706 1243.722916 757.928867 1397.148611 714.852473 1597.115827
90.346602 1142.382374 937.105953 1242.871241 759.133651 1395.284383 716.275818 1592.117438
91.605985 1141.805403 938.380015 1242.007099 760.353279 1393.391623 717.716122 1587.033301
92.882923 1141.353939 939.670074 1240.485233 761.587914 1391.390241 719.173558 1581.861610
94.177660 1141.069214 941.040382 1239.433390 762.891039 1389.617315 720.706562 1576.973258
95.490446 1140.842555 942.439763 1238.847358 764.220048 1387.852826 722.262872 1572.071410
96.821531 1140.607394 943.856533 1236.479804 765.565228 1385.125357 723.837459 1567.085579
98.171170 1140.587299 945.203051 1235.638484 766.926750 1383.440947 725.430505 1562.013999
99.539623 1140.515303 946.480778 1234.634147 768.352902 1381.881040 727.100815 1557.186445
100.927151 1140.479954 947.795618 1233.917863 769.973103 1380.358297 728.814132 1552.410661
102.334021 1140.444111 949.363235 1233.191169 771.747595 1378.732369 730.547228 1547.553257
103.760502 1140.802813 951.291463 1232.425334 773.542668 1377.047246 732.300296 1542.612527
105.206867 1141.145015 953.177669 1232.393337 775.410528 1374.723613 734.124899 1537.870626
106.673394 1140.870391 954.895644 1231.773783 777.337002 1371.698632 736.007020 1533.251603
108.160363 1140.661624 956.634417 1231.005146 779.285466 1368.624657 737.910475 1528.553944
109.668060 1140.644836 958.394206 1230.461301 781.256130 1365.500767 739.835463 1523.776014
111.196773 1140.128530 960.217234 1230.252671 783.292100 1362.517487 741.824839 1519.146121
112.746796 1139.910745 961.904857 1229.503562 785.402646 1359.717280 743.887803 1514.715357
114.318425 1139.635516 963.391677 1229.468903 787.536837 1356.872139 745.973698 1510.209558
115.911962 1139.635543 964.896883 1227.456331 789.485630 1353.981234 748.082731 1505.627184
117.527712 1139.708504 966.454419 1225.335400 791.336266 1351.184395 750.247168 1501.136943
119.165984 1140.060971 968.149413 1225.561580 793.261705 1348.636357 752.502021 1496.926221
120.827094 1140.418241 970.494927 1224.519415 795.209224 1346.420585 754.781428 1492.644676
122.511358 1140.780377 972.867362 1225.936270 797.179033 1345.373176 757.085602 1488.290873
124.219100 1141.164436 974.852158 1225.898248 799.187453 1344.361699 759.434867 1483.968914
125.950646 1141.710528 976.775663 1226.856788 801.284883 1343.546951 761.892009 1480.009669
127.706330 1141.623895 978.722120 1226.802127 803.405959 1342.720342 764.375338 1475.984392
129.486487 1142.416664 980.993693 1226.255084 805.550900 1341.740339 766.885073 1471.891765
131.291459 1142.988503 983.182190 1226.351809 807.725546 1337.973523 769.428519 1467.767309
133.121590 1144.086156 985.251042 1226.543842 810.002834 1334.639337 772.097481 1464.089840
134.977233 1145.191789 987.344306 1227.374810 812.305349 1331.250149 774.794260 1460.351653
136.858742 1145.566327 989.462229 1227.633904 814.633314 1330.356721 777.519081 1456.551563
138.766479 1146.321186 991.605055 1228.495886 816.986958 1329.846169 780.272169 1452.688353
140.700809 1147.242202 993.986563 1229.537283 819.444897 1328.782831 783.153581 1449.286436
142.662102 1148.633469 996.812813 1230.603473 822.416062 1326.646638 786.070996 1445.864005
144.650734 1150.085754 999.670300 1231.317149 825.418327 1326.295676 789.018065 1442.385576
146.667087 1151.676137 1002.559304 1231.689971 828.451334 1325.939728 791.995017 1438.850073
148.711546 1153.257812 1005.551545 1232.512516 831.598800 1325.796598 795.086915 1435.711031
150.784505 1154.745857 1008.593396 1233.237049 834.797829 1323.709352 798.229809 1432.629721
152.886359 1156.423991 1011.668312 1234.118618 838.028984 1323.065102 801.403928 1429.498678
155.017512 1157.644821 1015.096083 1234.607221 841.292508 1322.988050 804.609509 1426.316972
157.178372 1158.926540 1018.151783 1235.598121 844.655047 1323.086668 807.914845 1423.462743
159.369353 1160.137916 1021.228958 1236.711008 848.082263 1323.270613 811.284706 1420.743314
161.590875 1161.915560 1024.519992 1237.673090 851.543170 1323.457096 814.687309 1417.980652
163.843365 1162.707648 1027.846142 1238.308355 855.038018 1323.646152 818.122894 1415.173975
166.127252 1164.166431 1031.244460 1239.337733 858.615451 1323.973553 821.641938 1412.623297
168.442976 1165.852468 1034.633583 1240.734116 862.267274 1324.417158 825.235897 1410.280445
170.790980 1167.460234 1037.992387 1242.188084 865.954278 1324.866795 828.864044 1407.900954
173.171713 1169.328383 1041.241825 1243.580678 869.676717 1325.322544 832.526621 1405.484182
175.585633 1170.865856 1044.171140 1244.495734 873.465707 1325.879972 836.256691 1405.148311
178.033202 1173.163832 1047.156616 1245.122701 877.341147 1326.577164 840.067111 1405.190520
180.514888 1175.227638 1050.726090 1247.109878 881.483108 1327.283701 843.913080 1405.233317
183.031168 1176.801807 1053.804303 1248.140422 885.663028 1327.999703 847.794846 1405.276709
185.582523 1178.755959 1056.895165 1250.138315 889.899213 1328.783573 851.729814 1405.388497
188.169442 1180.832128 1060.033292 1251.733483 894.217890 1329.720376 855.742930 1405.667645
190.792422 1183.056552 1063.255140 1253.717439 898.575575 1330.669563 859.792862 1405.950628
193.451965 1185.593539 1066.461758 1256.178562 902.972532 1331.631291 863.879863 1406.237497
196.148581 1187.684307 1069.701785 1258.250237 907.414515 1332.632534 868.009671 1406.560768
198.882786 1189.623993 1072.969341 1260.326458 911.924703 1333.786208 872.205444 1407.057104
201.655104 1191.773758 1076.272316 1262.656174 916.475098 1334.954946 876.439196 1407.560181
204.466067 1193.869509 1079.611016 1264.214977 921.065971 1336.138932 880.711183 1408.070086
207.316213 1196.151457 1083.584292 1266.075468 925.697549 1337.342407 885.021728 1408.592175
210.206088 1198.496002 1088.027791 1267.730987 930.368865 1338.680927 889.372824 1409.276369
213.136247 1201.168880 1092.514779 1269.997111 934.963401 1340.036740 893.674153 1409.969760
216.107251 1203.357081 1097.045575 1272.141489 939.198491 1341.410052 898.125344 1410.672469
219.119669 1205.713215 1101.620503 1274.533985 943.473207 1341.949819 902.398915 1411.384616
222.174078 1208.538455 1105.622664 1276.696788 947.720807 1342.300853 906.146629 1412.206960
225.271064 1211.456313 1109.354021 1278.886126 952.001113 1342.679206 909.925811 1413.051060
228.411221 1213.490314 1113.111250 1280.830888 956.321524 1343.062723 913.741715 1413.906413
231.595149 1216.155960 1116.871889 1282.939624 960.682321 1343.451475 917.594608 1414.773160
234.823460 1218.835903 1120.586316 1285.343901 965.185134 1344.293147 921.413705 1415.694240
238.096772 1221.599024 1124.314935 1287.369642 970.082226 1344.906841 925.249198 1416.640084
241.415712 1224.362297 1128.271469 1289.420372 975.022469 1345.528804 929.121990 1417.598469
244.780916 1226.919017 1132.456503 1291.496363 980.006149 1346.159143 933.032354 1418.569553
248.193029 1229.802726 1136.616038 1293.625664 984.938166 1348.580151 936.892761 1419.549328
251.652705 1232.223143 1140.532562 1296.369563 989.861292 1351.567938 940.742391 1420.539765
255.160607 1235.315022 1144.756481 1298.684704 994.828169 1354.590645 944.629665 1421.543304
258.717408 1238.265483 1149.023426 1300.848607 999.839089 1357.648615 948.554860 1422.560109
262.323788 1240.682435 1153.262248 1303.557754 1004.787545 1360.574241 952.423612 1423.553424
265.980440 1243.275928 1157.311432 1306.022865 1009.679813 1363.375900 956.241261 1424.525023
269.688063 1245.940747 1161.387464 1308.314924 1014.616192 1366.210746 960.096626 1425.509490
273.447368 1248.565982 1165.887467 1311.013117 1019.596979 1368.346747 963.989991 1426.506986
277.259076 1250.852586 1169.764245 1313.628309 1024.518867 1369.943271 967.832061 1427.464617
281.123917 1253.039246 1174.228854 1316.091394 1029.320633 1371.450801 971.569662 1428.350252
285.042632 1255.313621 1177.741190 1318.584116 1034.166568 1372.977654 975.344740 1429.247672
289.015972 1258.076860 1181.829236 1320.533228 1039.056979 1373.817663 979.157580 1430.157026
293.044698 1260.511801 1184.890045 1321.891861 1043.907755 1374.763103 982.936705 1431.026952
297.129582 1262.736633 1187.026323 1323.731129 1048.559117 1375.508583 986.546024 1431.758893
301.271407 1265.171156 1189.188462 1325.558109 1053.254344 1376.594989 990.192223 1432.500655
305.470967 1267.278037 1192.655080 1326.872846 1057.993745 1376.651768 993.875591 1433.252365
309.729067 1269.170623 1196.977486 1329.147680 1062.728428 1376.698206 997.555155 1433.981242
314.046522 1271.176689 1200.572766 1330.552569 1067.171954 1377.767059 1000.990468 1434.494493
318.424160 1273.443965 1203.320608 1331.975529 1071.658608 1379.200752 1004.461671 1435.014711
322.862820 1275.798963 1205.631972 1333.416774 1076.188706 1380.652909 1007.969057 1435.541988
327.363353 1278.242396 1208.006808 1335.166743 1080.762564 1382.123750 1011.512916 1436.076418
331.926620 1280.091397 1210.069422 1336.944657 1084.946466 1383.198238 1014.733438 1436.312324
336.553498 1281.676905 1212.854597 1338.108901 1089.171777 1384.286370 1017.988032 1436.551123
341.244871 1283.282005 1215.763594 1339.288340 1093.439316 1385.388797 1021.277404 1436.793210
346.001639 1284.908458 1218.075896 1341.099826 1097.749404 1386.505696 1024.601846 1437.038631
350.824714 1286.230574 1220.297080 1342.122666 1101.689576 1387.245034 1027.622877 1436.990532
355.715021 1287.650154 1222.298818 1342.987418 1105.608202 1387.935061 1030.625955 1436.896913
360.673495 1289.127107 1224.535622 1344.097477 1109.567322 1388.026937 1033.661985 1436.801982
365.701088 1290.887897 1227.165765 1345.233635 1113.567259 1387.410914 1036.731259 1436.705722
370.798763 1292.202865 1228.979490 1345.559926 1117.235640 1387.731456 1039.531321 1436.339748
375.967497 1293.411355 1230.415149 1345.899487 1120.811651 1388.162983 1042.256060 1435.873743
381.208280 1294.639394 1232.414626 1346.313757 1124.425898 1388.600390 1045.011527 1435.401087
386.522116 1295.628269 1234.533652 1346.661547 1128.078703 1389.043752 1047.798005 1434.921683
391.910025 1296.463083 1236.025353 1347.190914 1131.452787 1389.196471 1050.360538 1434.210297
397.373038 1296.959003 1237.531258 1347.458172 1134.660636 1389.161111 1052.789177 1433.344225
402.912203 1297.487955 1238.749851 1347.626641 1137.903967 1389.125256 1055.245964 1432.465545
408.528580 1298.396094 1240.390351 1347.797438 1141.183098 1389.088901 1057.731170 1431.574067
414.223247 1298.851759 1241.938301 1347.390390 1144.206319 1388.823468 1060.044667 1430.496434
419.997295 1299.109033 1243.048208 1347.425443 1146.819071 1388.306591 1062.168615 1429.215206
425.851829 1299.598198 1244.172575 1347.360866 1149.673248 1387.782314 1064.317843 1427.914944
431.787973 1300.388028 1245.311578 1346.842584 1152.559994 1387.220091 1066.492607 1426.595348
437.806863 1300.384044 1245.820489 1346.620144 1155.297798 1386.338201 1068.550618 1425.137470
443.909653 1300.178167 1245.896441 1346.072129 1157.731547 1385.158140 1070.370039 1423.438023
450.097513 1300.150018 1246.818510 1345.577927 1160.194008 1383.960602 1072.211669 1421.712812
456.371628 1300.121477 1246.956806 1345.076649 1162.685470 1382.745312 1074.075747 1419.961412
462.733201 1300.007034 1247.797487 1344.467011 1164.671977 1381.423271 1075.876722 1418.116032
469.183451 1299.595284 1248.128901 1343.330812 1166.720371 1379.770235 1077.399529 1416.006072
475.723614 1299.169553 1247.994128 1342.349128 1168.793652 1378.092133 1078.941368 1413.863485
482.354943 1298.952629 1247.857462 1341.111931 1170.675388 1376.388550 1080.502453 1411.687711
489.078709 1298.390837 1248.006027 1340.314105 1171.871383 1374.626460 1082.049425 1409.454005
495.896201 1297.550097 1248.215787 1338.985891 1172.678314 1372.620538 1083.289964 1406.950305
502.808725 1296.605181 1248.735731 1337.109481 1174.109083 1370.381500 1084.546348 1404.407146
509.817606 1295.579094 1248.785973 1335.841238 1175.836348 1368.357164 1085.818760 1401.823827
516.924187 1294.567344 1248.949589 1334.563156 1177.585103 1367.021401 1087.107388 1399.199628
524.129830 1293.186534 1248.142386 1332.843025 1178.930968 1365.369272 1088.096435 1396.333394
531.435916 1292.077817 1247.237190 1330.999523 1180.278372 1363.663551 1089.086698 1393.467627
538.843844 1290.991918 1246.650125 1329.258727 1181.642989 1361.217709 1090.089847 1390.591237
546.355035 1290.061854 1245.833578 1327.441044 1183.025021 1358.119788 1091.106038 1387.668665
553.970928 1288.553688 1245.298592 1325.533066 1184.087018 1354.782949 1091.891073 1384.562267
561.692982 1287.037662 1244.538868 1323.300802 1185.095891 1352.077161 1092.638013 1381.378228
569.522678 1285.445172 1243.497507 1320.941384 1186.117952 1349.373784 1093.394844 1378.142294
577.461515 1283.768024 1242.834327 1318.684710 1187.153361 1346.627184 1094.161691 1374.853476
585.511016 1282.222253 1241.779307 1315.998204 1187.943603 1343.694822 1094.757917 1371.436820
593.672722 1280.916378 1240.599099 1313.260931 1188.635961 1340.655490 1095.286392 1367.932753
601.948197 1279.092072 1239.351547 1310.563610 1189.337558 1337.566741 1095.821973 1364.370653
610.339029 1277.575822 1237.990155 1307.933854 1190.048513 1334.427637 1096.364754 1360.749378
618.846824 1275.780456 1236.961838 1305.497175 1190.579568 1331.160014 1096.788231 1357.041706
627.473213 1273.530858 1235.046405 1302.499983 1190.977925 1327.781453 1097.123950 1353.252679
636.219849 1271.367186 1233.348772 1299.922393 1191.005447 1324.389956 1097.464244 1349.399972
645.088409 1269.762674 1231.732999 1297.006978 1190.265100 1320.855547 1097.809174 1345.482297
654.080591 1267.874192 1230.461193 1294.117471 1190.127995 1317.275722 1098.076427 1341.504321
663.198120 1265.988049 1228.595524 1290.989230 1189.963245 1313.598318 1098.244966 1337.466282
672.442742 1263.799180 1226.955264 1287.779822 1189.796175 1309.859112 1098.415828 1333.359470
681.816229 1261.902675 1225.316815 1284.577662 1189.626752 1306.056853 1098.589044 1329.182455
691.320378 1259.680686 1223.473050 1281.586916 1189.380005 1302.189209 1098.716711 1324.955982
700.957009 1256.649845 1222.232560 1278.567092 1188.968085 1299.118766 1098.742753 1320.704848
710.727970 1253.321784 1220.423889 1275.087837 1188.550277 1296.250373 1098.769159 1316.380439
720.635132 1250.295265 1218.554081 1271.670906 1188.481555 1293.085458 1098.795931 1311.981197
730.680395 1247.543488 1216.505048 1268.381909 1188.475705 1289.583429 1098.800448 1307.528812
740.865683 1244.417990 1214.463876 1265.399876 1187.021727 1285.716504 1098.707242 1303.099828
751.192949 1241.302535 1212.779172 1262.184630 1185.503271 1281.683726 1098.612729 1298.593682
761.664172 1238.233842 1210.953405 1259.258482 1183.301964 1277.581736 1098.516890 1294.008703
772.281357 1235.168631 1208.960800 1256.000384 1181.068102 1273.416446 1098.414225 1289.353510
783.046540 1231.929312 1206.435735 1253.200393 1178.993355 1269.492709 1098.223203 1285.117583
793.961785 1228.490962 1203.893563 1250.307131 1178.082938 1265.789136 1098.029484 1281.375256
805.029181 1225.037606 1201.898584 1246.882726 1175.878903 1261.741357 1097.833030 1277.569570
816.250851 1221.981624 1199.202694 1243.171130 1173.797333 1258.318545 1097.633802 1273.699226
827.628946 1218.914735 1196.517154 1239.732301 1172.303452 1254.843052 1097.368995 1269.833806
839.165644 1215.525520 1193.701735 1236.259808 1169.960938 1251.309601 1097.095706 1265.907809
850.863158 1211.940278 1191.026023 1232.834803 1168.218731 1247.716679 1096.818538 1261.914615
862.723729 1208.556489 1188.227036 1229.298857 1165.535513 1243.644385 1096.537434 1257.852814
874.749630 1205.191416 1186.097834 1225.762981 1162.908122 1240.195133 1096.215744 1253.813031
886.943166 1201.833381 1183.631687 1222.182354 1160.770491 1236.640135 1095.880325 1249.726685
899.306672 1198.822526 1181.179376 1218.541072 1158.079552 1232.837622 1095.540125 1245.569690
911.842520 1195.486331 1178.264170 1214.837890 1155.478389 1228.994558 1095.195076 1241.340535
924.553110 1191.861229 1175.437052 1211.144665 1152.884975 1225.084484 1094.826885 1237.139391
937.440879 1188.294238 1172.381957 1207.575873 1150.426207 1221.573827 1094.444472 1233.615629
950.508296 1184.570264 1169.144431 1204.090334 1148.024694 1217.705450 1094.056593 1228.857894
963.757866 1180.915968 1165.693812 1200.621282 1145.643790 1214.153712 1093.663166 1226.180168
977.192128 1177.543418 1162.679152 1197.298525 1143.175512 1211.093314 1093.257725 1223.751787
990.813657 1174.100243 1159.364367 1193.738608 1140.792465 1208.056649 1092.841057 1221.214969
1004.625062 1170.309197 1156.330454 1190.347111 1138.665089 1204.226985 1092.418418 1218.637398
1018.628990 1166.627761 1152.793076 1186.748476 1136.679950 1201.324941 1091.989722 1216.018318
1032.828126 1162.812805 1149.371047 1183.347166 1134.500144 1198.483285 1091.555015 1213.305714
1047.225190 1159.523482 1145.899191 1179.686360 1131.245887 1194.694466 1091.114268 1210.475686
1061.822941 1155.997911 1142.808635 1176.000429 1128.503551 1191.336774 1090.667196 1207.599437
1076.624177 1152.539293 1138.874932 1172.656682 1124.606527 1188.166014 1090.213705 1204.676083
1091.631734 1148.970616 1135.204534 1168.930616 1121.741666 1185.243399 1089.756430 1201.679867
1106.848489 1145.561861 1131.658616 1165.667013 1118.891721 1183.002966 1089.299518 1198.571006
1122.277356 1142.159059 1127.908071 1162.188952 1116.136955 1180.238531 1088.836041 1195.568039
1137.921294 1138.741185 1124.106342 1158.748356 1113.133446 1177.817254 1088.365901 1193.809908
1153.783300 1134.732337 1120.323345 1155.177908 1109.783716 1174.569215 1087.891402 1192.017767
1169.866413 1131.472359 1116.313858 1151.439553 1106.263792 1172.320976 1087.423288 1190.160133
1186.173716 1128.209861 1112.425413 1147.589038 1102.072654 1170.432311 1083.320516 1186.915550
1202.708335 1124.892096 1108.923453 1143.724171 1097.667854 1168.514202 1078.160793 1184.089044
1219.473437 1121.491527 1105.246339 1139.794261 1093.276036 1165.948751 1074.569279 1182.065558
1236.472235 1118.330087 1101.850864 1136.534035 1089.490749 1163.307261 1069.525599 1180.123605
1253.707987 1114.544660 1098.094858 1133.084801 1085.891307 1160.622811 1064.387210 1178.212996
1271.183997 1110.943272 1094.662676 1129.299031 1081.654342 1157.894588 1059.151744 1176.272586
1288.903612 1107.206122 1090.494236 1125.596972 1077.152045 1155.054943 1053.816741 1174.301855
1306.870230 1104.113957 1086.747168 1122.294252 1073.638242 1152.140347 1048.875086 1172.268472
1325.087292 1100.846765 1083.219806 1119.384392 1070.645201 1149.107567 1043.898680 1170.199425
1343.558290 1097.482347 1079.228209 1115.698587 1066.365202 1146.010858 1038.828566 1168.097794
1362.286764 1093.731973 1075.289525 1111.925744 1062.007931 1142.033729 1033.662386 1165.963000
1381.276303 1090.517771 1071.372884 1108.574153 1058.042429 1139.516740 1028.969960 1163.774624
1400.530545 1086.955934 1067.464928 1105.385906 1054.346808 1136.857269 1024.358936 1161.545457
1420.053182 1083.574646 1063.792840 1101.693976 1049.770735 1134.456778 1019.662348 1159.280840
1439.847953 1080.085804 1059.882408 1098.183108 1045.518629 1131.404868 1014.878101 1156.980130
1459.918652 1076.649141 1056.218513 1095.050756 1041.554400 1128.868668 1010.344490 1154.632404
1480.269127 1073.533298 1052.428983 1091.984032 1037.628482 1126.695734 1005.922441 1152.241185
1500.903276 1070.120854 1048.758974 1088.887568 1033.571201 1123.511719 1001.418814 1149.811555
1521.825053 1066.751323 1044.985671 1085.723311 1029.236149 1120.236170 996.831634 1147.342805
1543.038469 1063.918909 1041.097009 1082.636775 1025.232162 1116.988645 992.429671 1144.831262
1564.547589 1060.688861 1037.348922 1079.689653 1021.632191 1113.811600 988.211115 1142.276197
1586.356534 1057.347663 1033.803325 1076.752636 1017.604485 1111.342137 983.915287 1139.679668
1608.469483 1053.781974 1030.060144 1073.410826 1013.418739 1108.832637 979.540342 1137.040891
1630.890676 1050.124389 1026.400462 1070.320909 1009.341391 1106.294440 975.284159 1134.361174
1653.624407 1046.829158 1023.145628 1067.023922 1005.840161 1103.734895 971.172322 1131.641116
1676.675035 1043.540850 1019.466062 1064.283416 1002.277639 1101.133597 966.985316 1128.876450
1700.046975 1040.291337 1015.953869 1061.288557 998.652481 1098.489749 962.721353 1126.066315
1723.744708 1037.104224 1012.247748 1058.188477 994.706200 1095.822428 958.512266 1123.214444
1747.772774 1033.963314 1008.858751 1055.552074 991.184733 1093.171571 954.631378 1120.329391
1772.135779 1030.790676 1005.374348 1052.972597 987.452587 1090.477182 950.680216 1117.396517
1796.838391 1027.475153 1001.767408 1050.158226 983.732380 1087.959052 946.657140 1114.414879
1821.885343 1024.289048 997.867471 1046.771492 980.306747 1085.092422 942.623577 1111.387533
1847.281437 1020.984523 994.663302 1043.999404 977.207819 1082.313254 938.981523 1108.339152
1873.031539 1018.041068 991.582231 1041.208456 973.849194 1079.488040 935.274220 1105.239695
1899.140582 1014.860675 988.201785 1038.745239 970.475391 1076.615875 931.500175 1102.088133
1925.613572 1011.500577 984.669911 1036.009264 966.870529 1073.695829 927.657846 1098.883411
1952.455581 1008.709084 981.563318 1033.111989 963.753924 1070.890256 924.255597 1095.675122
1979.671753 1005.738593 978.216929 1030.319860 960.587669 1068.039496 920.797602 1092.412938
2007.267304 1002.878248 974.789696 1027.295578 957.366586 1065.141207 917.278096 1089.095305
2035.247521 999.969677 971.377702 1024.792278 954.148331 1062.626559 913.695687 1085.721075
2063.617768 997.124568 968.786576 1022.591270 951.385962 1059.776554 910.477090 1082.350513
2092.383480 994.388885 965.993773 1020.235193 948.503515 1056.903311 907.271195 1078.932149
2121.550171 991.655156 962.919262 1017.807722 945.482543 1054.371538 904.009004 1075.455041
2151.123430 988.979606 959.760093 1015.415250 942.377865 1051.513116 900.689277 1071.917948
2181.108924 986.314706 956.844359 1013.063331 939.253054 1048.765169 897.660570 1068.388986
2211.512400 983.683212 953.945455 1010.651731 936.200311 1045.633143 894.708053 1064.824458
2242.339683 980.902000 951.299244 1008.327236 932.962661 1042.309936 891.704398 1061.198018
2273.596682 978.169864 948.284238 1005.897445 928.922072 1039.328231 888.648509 1057.508331
2305.289387 975.573296 945.741251 1003.429206 925.146269 1036.412980 885.814206 1054.123084
2337.423871 972.672571 942.547119 1001.125976 921.876320 1033.594741 883.113558 1052.884470
2370.006292 969.826345 939.649846 998.296206 918.779573 1031.445333 880.366806 1051.627100
2403.042894 966.942756 936.762114 995.724881 915.981700 1029.261379 877.572989 1050.350667
2436.540009 964.082666 933.759364 993.152572 913.325068 1026.121978 874.936302 1049.013438
2470.504055 961.525008 930.819572 990.597009 910.177021 1024.171918 872.484453 1047.609524
2504.941542 958.763412 928.324905 988.079268 907.484531 1021.465417 869.991370 1046.184118
2539.859069 956.138835 926.089093 985.260323 904.953677 1018.800925 867.456221 1044.736856
2575.263327 953.531888 923.475695 982.660066 902.418270 1016.076478 865.019155 1043.237655
2611.161101 951.037467 921.118860 980.164107 900.243895 1014.137222 862.811448 1041.658444
2647.559271 948.526559 918.824175 977.961499 897.921244 1011.008392 860.567184 1040.054771
2684.464811 945.814420 916.461518 975.585227 895.390255 1008.381092 858.285644 1038.426216
2721.884795 943.061482 913.891414 973.239361 893.319936 1004.493526 856.048974 1036.755378
2759.826392 940.824443 911.369941 970.699752 891.510422 1002.667496 854.079407 1034.996247
2798.296876 938.521772 908.791820 968.598088 889.671927 999.092506 852.077737 1033.209536
2837.303617 936.129366 905.993327 966.463888 887.697428 996.597252 850.043352 1031.394759
2876.854090 933.868028 903.629743 964.383728 885.560451 993.753634 848.006687 1029.545873
2916.955876 931.955710 901.530522 962.308947 883.293011 991.331389 846.268149 1027.608641
2957.616659 929.860820 899.310614 960.153415 880.931378 989.434686 844.501722 1025.640669
2998.844231 927.919050 897.405214 958.078775 879.042157 987.179358 842.706892 1023.641401
3040.646493 925.617156 895.433377 955.490328 876.629795 984.309253 840.883131 1021.610271
3083.031457 923.549381 893.967100 953.361362 874.445230 981.829412 839.352808 1019.505903
3126.007243 921.605409 892.297270 951.039761 872.280732 979.616157 837.812894 1017.365914
3169.582089 919.831082 890.675035 948.830158 870.484541 977.764052 836.248618 1015.191488
3213.764344 917.792336 888.949989 947.722380 868.659520 975.882541 834.659545 1012.981987
3258.562476 916.032743 887.546742 945.782540 867.065906 973.685250 833.304896 1010.727859
3303.985070 914.134647 885.937846 943.004308 865.501783 972.280816 831.983569 1008.435298
3350.040830 912.552688 884.599683 940.896061 863.912966 970.035564 830.641678 1006.105447
3396.738582 910.638912 882.693048 938.750653 861.996443 967.753696 829.278865 1003.737597
3444.087276 908.797685 880.832306 936.866387 860.608799 965.176200 828.096622 1001.353656
3492.095985 906.906238 879.446680 934.937202 859.287850 964.174768 826.983995 998.940532
3540.773909 905.195802 878.021056 933.161654 857.946412 963.350808 825.854328 996.487804
3590.130377 903.520744 876.016229 931.321885 855.972428 962.358171 824.707334 993.994706
3640.174847 902.099104 874.087417 929.743766 854.011145 960.859454 823.693866 991.510624
3690.916911 900.509686 872.634038 927.829788 852.178656 959.008317 822.780270 989.023859
3742.366291 899.054078 871.046266 925.900766 850.454420 956.667205 821.852901 986.496029
3794.532847 897.554751 869.499824 924.351432 848.392543 954.287595 820.911536 983.926333
3847.426577 895.673827 868.230817 922.646154 846.656891 951.987640 820.062819 981.376925
3901.057617 893.937203 866.356519 921.295835 845.170725 949.706242 819.338456 978.866116
3955.436245 891.580542 864.487730 919.522185 843.592541 947.996814 818.603342 977.379094
4010.572881 890.193659 863.138087 918.000099 841.989337 946.838097 817.857306 976.594212
4066.478092 888.844450 861.838991 916.521531 840.432303 946.145569 817.168642 975.833515
4123.162591 887.584162 860.304542 915.073297 839.010905 945.543553 816.064640 975.141561
4180.637241 886.316847 858.670962 913.850216 837.567230 944.954935 814.803673 974.439460
4238.913057 884.497390 857.098095 912.430079 836.100886 943.912689 813.523134 973.727056
4298.001206 883.088271 855.230424 911.284981 834.695673 943.142464 812.522132 973.023828
4357.913012 881.719264 854.128831 910.066912 833.562324 942.514805 811.519144 972.399545
4418.659956 880.268962 853.133886 908.976268 832.411602 941.679545 810.500907 971.766151
4480.253680 879.044171 851.642568 907.923977 831.060606 940.468058 809.467169 971.123506
4542.705986 878.119697 850.053417 906.653243 830.072057 939.621661 808.432720 970.476691
4606.028844 876.966090 849.047558 905.655591 829.161221 939.047420 807.658027 969.916004
4670.234388 875.409544 847.662532 904.593315 827.623560 938.698415 806.871775 969.347169
4735.334923 874.287966 845.919791 903.614952 825.816361 938.638206 806.073780 968.770064
4801.342924 872.786824 844.321935 902.567192 824.634758 938.639374 805.263854 968.184564
4868.271040 872.335554 843.236769 902.317457 823.266030 938.729263 804.685823 967.676262
4936.132098 871.913276 841.650058 901.644027 822.923346 938.851600 804.119846 967.167816
5004.939103 870.926809 840.223215 900.994023 821.344013 939.027423 803.312858 966.652009
5074.705239 869.855018 839.311777 900.525333 820.066279 939.205664 802.730903 966.128731
5145.443878 869.456493 838.734688 899.974577 819.316134 939.454990 802.328538 965.664902
5217.168576 868.964028 838.192252 899.835622 818.040707 938.550283 801.268223 965.211939
5289.893076 868.361983 837.641897 899.208590 816.503684 937.637375 799.915945 964.752445
5363.631317 867.650502 836.581093 898.639619 815.064247 936.620166 798.542479 964.286323
5438.397428 867.338854 835.984867 898.247453 813.920050 935.681410 797.360809 963.865201
5514.205739 867.018894 834.665476 898.150369 812.715773 934.776350 796.269557 963.464346
5591.070777 866.497042 833.399675 897.601797 811.575167 934.715460 795.161564 963.057733
5669.007271 866.151375 833.112935 897.485064 810.429480 934.768411 794.036547 962.645277
5748.030158 865.657315 832.269719 897.803854 809.255979 934.868119 793.052537 962.264284
5828.154581 865.210792 831.675073 897.638932 808.007805 935.009463 792.192223 961.910554
5909.395895 864.736627 831.103356 897.539364 807.061508 934.138409 791.318962 961.551760
5991.769669 864.142851 830.014609 897.317378 806.734101 933.252479 790.432543 961.187828
6075.291689 863.723140 829.411190 896.977011 806.020474 932.402329 789.641884 960.843839
6159.977960 863.298075 828.869159 897.270271 804.996930 931.611828 788.383252 960.532034
6245.844712 862.981723 827.924462 897.071545 804.523551 931.392618 786.254435 960.215779
6332.908400 862.524350 826.847145 895.957306 803.810592 931.200993 784.090042 959.895009
6421.185709 862.808341 826.195854 895.193226 802.699396 931.621389 781.975908 959.585453
6510.693555 862.371702 826.066124 895.111118 801.764347 932.098927 780.055028 959.313105
6601.449093 861.898479 825.812687 895.333146 801.176493 932.588521 778.102531 959.036882
6693.469713 861.343484 825.232365 895.358667 799.658939 933.084678 776.117803 958.756727
6786.773051 860.671758 824.664049 895.082418 798.140052 933.593528 774.144085 958.479948
6881.376986 860.453279 824.581250 895.414950 797.010538 934.144416 772.394143 958.242182
6977.299650 860.506180 824.156012 895.909779 796.009193 934.674970 770.615751 958.420114
7074.559423 860.323617 823.941487 896.411226 795.392640 935.240496 768.808369 958.824985
7173.174944 860.632756 823.108958 896.920292 795.171446 935.814104 766.976483 959.235930
7273.165113 860.769949 822.836912 897.207138 795.156550 936.425441 765.392288 959.685621
7374.549090 860.823298 822.391273 897.678998 795.141446 937.044893 763.782655 960.141367
7477.346305 860.587581 822.234243 897.938689 795.126131 937.672561 762.147114 960.603244
7581.576458 860.597593 822.090972 898.454263 795.110602 938.308550 760.485183 961.071333
7687.259522 860.991580 821.903501 899.022715 795.265250 938.975086 759.034063 961.571204
7794.415750 861.151289 821.608000 899.293741 795.242102 939.653218 757.589902 962.080989
7903.065679 861.228048 821.163848 899.875953 795.022951 940.340304 756.122795 962.597606
8013.230128 861.481562 820.772770 900.247720 794.800684 941.036454 754.632324 963.121140
8124.930211 861.957322 820.415480 900.568868 794.721581 941.328168 753.303836 963.665639
8238.187331 862.348777 820.281272 900.775161 794.509031 942.020819 752.013784 963.946171
8353.023195 862.692515 820.420882 900.990671 794.287163 942.533230 750.703486 964.401369
8469.459808 862.971534 819.653776 901.626628 794.062139 942.888890 749.372583 964.970749
8587.519485 863.164074 819.682813 901.911651 793.954323 943.266971 748.165066 965.557679
8707.224849 864.012621 819.878295 902.222621 793.916149 943.660564 747.024160 966.158308
8828.598841 864.014574 820.362663 902.767471 793.877441 944.380534 745.865568 966.766927
8951.664721 864.388876 820.525429 903.284331 793.838192 945.241080 744.688986 967.383640
9076.446073 864.595030 820.439017 904.203098 793.877356 946.112077 743.596379 968.011226
9202.966809 864.917804 820.916882 904.843404 793.996283 946.993649 742.589663 968.649831
9331.251175 865.879548 821.579945 905.433914 793.379323 947.886673 741.567518 969.296909
9461.323756 866.152169 821.994199 905.841585 792.850803 948.687378 740.529685 969.952565
9593.209478 866.446325 821.941117 906.778498 793.189017 949.193315 739.546782 970.618797
9726.933615 866.757902 822.196558 907.177293 793.606506 949.715932 738.669687 971.297060
9862.521795 867.073708 822.652057 908.216630 793.210472 950.245540 737.779301 971.984294
10000.000000 867.481805 823.232799 908.746392 792.486087 950.782229 736.875405 972.680612
