10.000000 0.000000 0.000000 0.000000 0.000000 0.000000 0.000000 0.000000
10.139395 0.000000 0.000000 0.000000 0.000000 0.000000 0.000000 0.000000
10.280732 0.000000 0.000000 0.000000 0.000000 0.000000 0.000000 0.000000
10.424040 0.000000 0.000000 0.000000 0.000000 0.000000 0.000000 0.000000
10.569346 0.000000 0.000000 0.000000 0.000000 0.000000 0.000000 0.000000
10.716676 0.000000 0.000000 0.000000 0.000000 0.000000 0.000000 0.000000
10.866061 0.000000 0.000000 0.000000 0.000000 0.000000 0.000000 0.000000
11.017528 0.000000 0.000000 0.000000 0.000000 0.000000 0.000000 0.000000
11.171107 0.000000 0.000000 0.000000 0.000000 0.000000 0.000000 0.000000
11.326826 0.000000 0.000000 0.000000 0.000000 0.000000 0.000000 0.000000
11.484715 0.000000 0.000000 0.000000 0.000000 0.000000 0.000000 0.000000
11.644806 0.000000 0.000000 0.000000 0.000000 0.000000 0.000000 0.000000
11.807128 0.000000 0.000000 0.000000 0.000000 0.000000 0.000000 0.000000
11.971713 0.000000 0.000000 0.000000 0.000000 0.000000 0.000000 0.000000
12.138593 0.000000 0.000000 0.000000 0.000000 0.000000 0.000000 0.000000
12.307798 0.000000 0.000000 0.000000 0.000000 0.000000 0.000000 0.000000
12.479362 0.000000 0.000000 0.000000 0.000000 0.000000 0.000000 0.000000
12.653318 0.000000 0.000000 0.000000 0.000000 0.000000 0.000000 0.000000
12.829698 0.000000 0.000000 0.000000 0.000000 0.000000 0.000000 0.000000
13.008537 0.000000 0.000000 0.000000 0.000000 0.000000 0.000000 0.000000
13.189869 0.000000 0.000000 0.000000 0.000000 0.000000 0.000000 0.000000
13.373729 0.000000 0.000000 0.000000 0.000000 0.000000 0.000000 0.000000
13.560151 0.000000 0.000000 0.000000 0.000000 0.000000 0.000000 0.000000
13.749172 0.000000 0.000000 0.000000 0.000000 0.000000 0.000000 0.000000
13.940828 0.000000 0.000000 0.000000 0.000000 0.000000 0.000000 0.000000
14.135156 0.000000 0.000000 0.000000 0.000000 0.000000 0.000000 0.000000
14.332192 0.000000 0.000000 0.000000 0.000000 0.000000 0.000000 0.000000
14.531975 0.000000 0.000000 0.000000 0.000000 0.000000 0.000000 0.000000
14.734543 0.000000 0.000000 0.000000 0.000000 0.000000 0.000000 0.000000
14.939935 0.000000 0.000000 0.000000 0.000000 0.000000 0.000000 0.000000
15.148189 0.000000 0.000000 0.000000 0.000000 0.000000 0.000000 0.000000
15.359347 0.000000 0.000000 0.000000 0.000000 0.000000 0.000000 0.000000
15.573448 0.000000 0.000000 0.000000 0.000000 0.000000 0.000000 0.000000
15.790533 0.000000 0.000000 0.000000 0.000000 0.000000 0.000000 0.000000
16.010645 0.000000 0.000000 0.000000 0.000000 0.000000 0.000000 0.000000
16.233824 0.000000 0.000000 0.000000 0.000000 0.000000 0.000000 0.000000
16.460115 0.000000 0.000000 0.000000 0.000000 0.000000 0.000000 0.000000
16.689560 0.000000 0.000000 0.000000 0.000000 0.000000 0.000000 0.000000
16.922204 0.000000 0.000000 0.000000 0.000000 0.000000 0.000000 0.000000
17.158090 0.000000 0.000000 0.000000 0.000000 0.000000 0.000000 0.000000
17.397264 0.000000 0.000000 0.000000 0.000000 0.000000 0.000000 0.000000
17.639773 0.000000 0.000000 0.000000 0.000000 0.000000 0.000000 0.000000
17.885662 0.000000 0.000000 0.000000 0.000000 0.000000 0.000000 0.000000
18.134978 0.000000 0.000000 0.000000 0.000000 0.000000 0.000000 0.000000
18.387770 0.000000 0.000000 0.000000 0.000000 0.000000 0.000000 0.000000
18.644085 0.000000 0.000000 0.000000 0.000000 0.000000 0.000000 0.000000
18.903974 0.000000 0.000000 0.000000 0.000000 0.000000 0.000000 0.000000
19.167485 0.000000 0.000000 0.000000 0.000000 0.000000 0.000000 0.000000
19.434669 0.000000 0.000000 0.000000 0.000000 0.000000 0.000000 0.000000
19.705578 0.000000 0.000000 0.000000 0.000000 0.000000 0.000000 0.000000
19.980263 24.459691 24.129159 24.750977 23.633721 25.248171 23.045443 25.844169
20.258777 24.453129 24.122957 24.744415 23.627847 25.241515 23.039758 25.836945
20.541173 24.446475 24.116669 24.737761 23.621891 25.234766 23.033994 25.829621
20.827506 24.439729 24.110294 24.731015 23.615852 25.227922 23.028149 25.822194
21.117830 24.432965 24.103755 24.724095 23.609658 25.220904 23.022154 25.814578
21.412202 24.425824 24.096831 24.716769 23.603099 25.213473 23.015806 25.806514
21.710676 24.418391 24.089810 24.709341 23.596449 25.205938 23.009370 25.798339
22.013311 24.411111 24.082692 24.701810 23.589706 25.198299 23.002845 25.790049
22.320165 24.403692 24.075445 24.694141 23.582841 25.190520 22.996200 25.781609
22.631296 24.395726 24.067717 24.685966 23.575520 25.182227 22.989115 25.772611
22.946764 24.387650 24.059881 24.677653 23.568097 25.173818 22.981930 25.763488
23.266629 24.379461 24.051936 24.669247 23.560571 25.165292 22.974646 25.754237
23.590953 24.371158 24.043881 24.660725 23.552940 25.156647 22.967260 25.744858
23.919798 24.362296 24.035283 24.651630 23.544794 25.147421 22.959377 25.734850
24.253227 24.353285 24.026540 24.642381 23.536511 25.138040 22.951360 25.724673
24.591304 24.344149 24.017675 24.633004 23.528113 25.128528 22.943232 25.714354
24.934094 24.334885 24.008687 24.623496 23.519597 25.118883 22.934990 25.703892
25.281661 24.325068 23.999162 24.613420 23.510572 25.108663 22.926255 25.692806
25.634074 24.315019 23.989410 24.603106 23.501333 25.098200 22.917313 25.681458
25.991399 24.304683 23.979523 24.592648 23.491965 25.087591 22.908246 25.669952
26.353705 24.294480 23.969497 24.582067 23.482466 25.076835 22.899052 25.658286
26.721062 24.283744 23.958695 24.570910 23.472470 25.065518 22.889378 25.646012
27.093539 24.272679 23.947386 24.559412 23.462168 25.053854 22.879407 25.633364
27.471208 24.261459 23.935919 24.547754 23.451722 25.042027 22.869297 25.620539
27.854142 24.250083 23.924292 24.535933 23.441130 25.030036 22.859045 25.607536
28.242413 24.238198 23.912245 24.523583 23.430064 25.017509 22.848334 25.593953
28.636097 24.225867 23.900644 24.510771 23.418581 25.004512 22.837221 25.579862
29.035269 24.213007 23.888882 24.497781 23.406938 24.991334 22.825952 25.565575
29.440005 24.199858 23.876957 24.484609 23.395133 24.977973 22.814526 25.551089
29.850382 24.186218 23.864415 24.470946 23.382886 24.964112 22.802672 25.536062
30.266481 24.172308 23.850919 24.456677 23.370094 24.949637 22.790292 25.520373
30.688379 24.158209 23.837234 24.442210 23.357124 24.934961 22.777738 25.504465
31.116158 24.143913 23.823359 24.427541 23.343973 24.920080 22.765010 25.488335
31.549901 24.129186 23.809065 24.412430 23.330425 24.904751 22.751896 25.471721
31.989689 24.113708 23.794040 24.396549 23.316182 24.888640 22.738111 25.454262
32.435608 24.098013 23.778806 24.380447 23.301741 24.872304 22.724134 25.436560
32.887743 24.082100 23.763359 24.364120 23.287099 24.855740 22.709962 25.418611
33.346180 24.065820 23.747556 24.347417 23.272118 24.838796 22.695462 25.400250
33.811008 24.048735 23.731036 24.329752 23.256270 24.820875 22.680123 25.380836
34.282315 24.031556 23.714397 24.311841 23.240201 24.802704 22.664570 25.361151
34.760192 24.014137 23.697526 24.293680 23.223908 24.784279 22.648799 25.341191
35.244730 23.996437 23.680296 24.275227 23.207353 24.765559 22.632775 25.320911
35.736022 23.977602 23.661539 24.255592 23.189730 24.745638 22.615718 25.299338
36.234163 23.958503 23.642520 24.235683 23.171862 24.725440 22.598423 25.277464
36.739248 23.939139 23.623237 24.215497 23.153744 24.704961 22.580887 25.255285
37.251373 23.919504 23.603684 24.195030 23.135374 24.684196 22.563106 25.232797
37.770637 23.898170 23.582937 24.173316 23.115877 24.662166 22.544234 25.208947
38.297139 23.876124 23.561845 24.151176 23.096022 24.639733 22.525016 25.184662
38.830980 23.853770 23.540619 24.128706 23.075891 24.616987 22.505531 25.160038
39.372263 23.831105 23.519098 24.105922 23.055480 24.593924 22.485774 25.135070
39.921091 23.808099 23.496419 24.081920 23.033967 24.569626 22.464950 25.108774
40.477570 23.784807 23.473183 24.057329 23.011924 24.544733 22.443615 25.081837
41.041805 23.761190 23.449623 24.032396 22.989575 24.519493 22.421981 25.054523
41.613906 23.736760 23.425735 24.007116 22.966914 24.493901 22.400047 25.026829
42.193981 23.710721 23.400735 23.980694 22.943194 24.467123 22.377087 24.997860
42.782142 23.683886 23.374970 23.953702 22.918746 24.439528 22.353422 24.968012
43.378502 23.656677 23.348845 23.926287 22.893957 24.411548 22.329427 24.937747
43.983175 23.629189 23.322356 23.898327 22.868822 24.383178 22.305098 24.907061
44.596276 23.601602 23.294820 23.869173 22.842691 24.353692 22.279803 24.875176
45.217924 23.573010 23.266279 23.838926 22.815603 24.323135 22.253582 24.842140
45.848238 23.543344 23.237341 23.808258 22.788137 24.292152 22.226995 24.808644
46.487337 23.512982 23.207999 23.777299 22.760288 24.260737 22.200038 24.774682
47.135345 23.481630 23.177698 23.745333 22.731525 24.228299 22.172195 24.739621
47.792386 23.448962 23.146122 23.712030 22.701546 24.194505 22.143176 24.703106
48.458586 23.415830 23.114105 23.678264 22.671150 24.160239 22.113752 24.666081
49.134073 23.381463 23.081643 23.644027 22.640330 24.125495 22.083917 24.628541
49.818975 23.345978 23.048330 23.608897 22.608700 24.089846 22.053299 24.590028
50.513425 23.309871 23.013442 23.572119 22.575566 24.052522 22.021224 24.549724
51.217554 23.273620 22.978067 23.534828 22.541971 24.014677 21.988702 24.509129
51.931499 23.237127 22.942200 23.497018 22.507907 23.976305 21.955727 24.468109
52.655396 23.199577 22.905615 23.458454 22.473159 23.937168 21.922090 24.426274
53.389384 23.159783 22.867125 23.417899 22.436591 23.896009 21.886689 24.382300
54.133603 23.120018 22.828098 23.376439 22.399513 23.854276 21.850795 24.337713
54.888196 23.079558 22.788527 23.334312 22.361918 23.811961 21.814400 24.292504
55.653308 23.039260 22.748534 23.291588 22.323788 23.769045 21.777489 24.246653
56.429085 22.995575 22.706803 23.246483 22.283494 23.723733 21.738480 24.198273
57.215676 22.950122 22.664492 23.201076 22.242638 23.677790 21.698927 24.149219
58.013231 22.906196 22.621563 23.155075 22.201213 23.631206 21.658823 24.099481
58.821904 22.861190 22.576986 23.108432 22.159210 23.583973 21.618160 24.049050
59.641849 22.811782 22.530204 23.059498 22.115101 23.534416 21.575456 23.996170
60.473224 22.763212 22.482418 23.010465 22.070162 23.483933 21.531949 23.942307
61.316188 22.712953 22.434212 22.959924 22.024597 23.432746 21.487836 23.887693
62.170903 22.662011 22.385329 22.909342 21.979250 23.380846 21.443108 23.832318
63.037532 22.609687 22.334413 22.856596 21.932399 23.326745 21.396443 23.774629
63.916241 22.556142 22.282729 22.801998 21.884446 23.271354 21.348681 23.715613
64.807198 22.501851 22.230933 22.746170 21.835825 23.213519 21.300253 23.655774
65.710575 22.446803 22.178624 22.689111 21.786527 23.154878 21.251150 23.595101
66.626545 22.389753 22.124403 22.629976 21.735413 23.094136 21.200239 23.532278
67.555283 22.331141 22.068691 22.570883 21.681587 23.031751 21.147919 23.467769
68.496967 22.271712 22.011707 22.509569 21.626768 22.968496 21.094871 23.402361
69.451778 22.211455 21.951824 22.448103 21.571185 22.904359 21.041083 23.336042
70.419898 22.150760 21.890122 22.385415 21.513890 22.838303 20.985637 23.267758
71.401513 22.086196 21.826603 22.320003 21.454811 22.770246 20.928463 23.197431
72.396811 22.020733 21.763746 22.254440 21.394909 22.701241 20.870492 23.126124
73.405984 21.954678 21.700013 22.188105 21.334172 22.631274 20.811714 23.053822
74.429223 21.887071 21.634680 22.119897 21.271895 22.559582 20.751443 22.979758
75.466726 21.818254 21.567164 22.050118 21.207510 22.485549 20.689130 22.903309
76.518692 21.749535 21.498707 21.979104 21.142227 22.410484 20.625949 22.825794
77.585321 21.676865 21.429296 21.906507 21.076034 22.334372 20.561886 22.747199
78.666818 21.602193 21.358470 21.832238 21.008481 22.256733 20.496506 22.667042
79.763391 21.526430 21.284919 21.755423 20.938518 22.176448 20.428790 22.584202
80.875249 21.449759 21.210064 21.677538 20.867579 22.095043 20.360129 22.500207
82.002606 21.372019 21.134166 21.597533 20.795651 22.012504 20.290512 22.415041
83.145678 21.294273 21.057025 21.517140 20.722049 21.928621 20.219745 22.328497
84.304684 21.213792 20.977162 21.433321 20.643773 21.841852 20.146392 22.239044
85.479845 21.130827 20.895890 21.349888 20.564406 21.753873 20.072017 22.148343
86.671388 21.048824 20.811848 21.265604 20.484565 21.664668 19.996605 22.056379
87.879540 20.966288 20.728502 21.179141 20.405612 21.574220 19.920142 21.963132
89.104533 20.879265 20.644104 21.088177 20.323525 21.480840 19.841008 21.866952
90.346602 20.789853 20.557524 20.997577 20.237992 21.386111 19.760725 21.769383
91.605985 20.699415 20.469030 20.905749 20.151266 21.290061 19.679323 21.670454
92.882923 20.608652 20.379302 20.812642 20.063332 21.192672 19.596786 21.570147
94.177660 20.515595 20.287234 20.717043 19.972973 21.092710 19.511873 21.467277
95.490446 20.422210 20.193419 20.619887 19.881130 20.991127 19.425545 21.362756
96.821531 20.326648 20.098415 20.521662 19.788006 20.888127 19.338014 21.256777
98.171170 20.229285 20.002088 20.422570 19.693584 20.783692 19.249263 21.149321
99.539623 20.129105 19.903626 20.320410 19.597055 20.677036 19.158430 21.039667
100.927151 20.027714 19.803473 20.216521 19.498861 20.568584 19.065991 20.928202
102.334021 19.924094 19.701923 20.111196 19.399298 20.458620 18.972263 20.815182
103.760502 19.820075 19.598957 20.004390 19.298347 20.347124 18.877229 20.700588
105.206867 19.713353 19.493208 19.896829 19.195579 20.233725 18.780389 20.584119
106.673394 19.604862 19.385814 19.788035 19.091086 20.118496 18.681855 20.465829
108.160363 19.495936 19.278490 19.677725 18.986427 20.001660 18.581947 20.345890
109.668060 19.385186 19.164292 19.565806 18.879558 19.883197 18.480647 20.224280
111.196773 19.273362 19.055059 19.449059 18.775549 19.763079 18.377768 20.101044
112.746796 19.160348 18.941206 19.331659 18.664855 19.641284 18.273255 19.976174
114.318425 19.044799 18.825095 19.212109 18.553308 19.517791 18.167284 19.849563
115.911962 18.928123 18.709426 19.094524 18.439839 19.392577 18.059836 19.721188
117.527712 18.809239 18.594930 18.975246 18.324526 19.265847 17.950954 19.591317
119.165984 18.688557 18.478581 18.852957 18.207903 19.137831 17.840687 19.460249
120.827094 18.566092 18.358738 18.727723 18.089901 19.008030 17.728883 19.327355
122.511358 18.441971 18.237751 18.603875 17.971435 18.876420 17.615520 19.192607
124.219100 18.316351 18.113735 18.475451 17.851179 18.743279 17.500747 19.056331
125.950646 18.190057 17.991997 18.349923 17.732699 18.609529 17.385073 18.919594
127.706330 18.062002 17.867340 18.223300 17.612567 18.473915 17.267787 18.780951
129.486487 17.931894 17.739659 18.091086 17.490761 18.336411 17.148867 18.640375
131.291459 17.800663 17.611254 17.957168 17.367370 18.197158 17.028399 18.498026
133.121590 17.669134 17.481182 17.825730 17.243837 18.058312 16.907796 18.356299
134.977233 17.536346 17.349091 17.693468 17.118581 17.917530 16.785512 18.212597
136.858742 17.401612 17.218569 17.558610 16.991580 17.774832 16.661524 18.066891
138.766479 17.266622 17.084025 17.420285 16.862808 17.633405 16.535807 17.919154
140.700809 17.132455 16.947255 17.284495 16.734147 17.493268 16.410727 17.773024
142.662102 16.995606 16.812534 17.146896 16.601213 17.351395 16.284062 17.625102
144.650734 16.856883 16.674528 17.007330 16.466427 17.207544 16.155632 17.475117
146.667087 16.714953 16.533896 16.861359 16.324852 17.061688 16.025412 17.323042
148.711546 16.574551 16.396084 16.717183 16.189721 16.917537 15.896235 17.172986
150.784505 16.433027 16.256775 16.576001 16.045634 16.772267 15.765939 17.021825
152.886359 16.289942 16.117631 16.435221 15.899867 16.624972 15.633827 16.868556
155.017512 16.144616 15.976226 16.288804 15.752786 16.472918 15.499873 16.713151
157.178372 16.002418 15.837270 16.143407 15.614361 16.323154 15.367180 16.559927
159.369353 15.858334 15.695977 15.997908 15.472882 16.176731 15.234124 16.406631
161.590875 15.710446 15.552370 15.850185 15.330225 16.027553 15.099214 16.251199
163.843365 15.562888 15.407891 15.705490 15.187484 15.877028 14.962423 16.093600
166.127252 15.418301 15.266737 15.556130 15.045287 15.728216 14.826878 15.938048
168.442976 15.274727 15.120369 15.411510 14.900880 15.580237 14.692040 15.783823
170.790980 15.128169 14.975465 15.264474 14.757560 15.429310 14.555323 15.627447
173.171713 14.979442 14.827748 15.116195 14.613143 15.276279 14.416700 15.468892
175.585633 14.833849 14.681274 14.968991 14.466641 15.124641 14.279044 15.311927
178.033202 14.689704 14.536836 14.825397 14.325917 14.975777 14.143487 15.158039
180.514888 14.542488 14.390685 14.677217 14.176790 14.824838 14.006039 15.002007
183.031168 14.391494 14.243350 14.527827 14.024757 14.667532 13.866676 14.843800
185.582523 14.243147 14.096838 14.378386 13.882851 14.511348 13.727715 14.686391
188.169442 14.098696 13.954679 14.232731 13.746730 14.362522 13.592553 14.534137
190.792422 13.953917 13.811426 14.086400 13.607271 14.212902 13.455507 14.379761
193.451965 13.806031 13.666332 13.938541 13.463500 14.061196 13.316550 14.223232
196.148581 13.657595 13.520107 13.789908 13.319331 13.909126 13.177142 14.066386
198.882786 13.515751 13.380137 13.646640 13.181501 13.764029 13.043509 13.917043
201.655104 13.371930 13.238150 13.502005 13.041750 13.616446 12.903502 13.765617
204.466067 13.227462 13.093671 13.354837 12.900051 13.467388 12.754730 13.612130
207.316213 13.079026 12.943303 13.207413 12.756738 13.316881 12.604280 13.460544
210.206088 12.940228 12.804942 13.068225 12.622065 13.175293 12.463354 13.318332
213.136247 12.800685 12.666240 12.925138 12.485515 13.031975 12.320465 13.174138
216.107251 12.660265 12.525646 12.781461 12.344781 12.888543 12.175583 13.025428
219.119669 12.516807 12.382014 12.633972 12.203933 12.745065 12.028682 12.873564
222.174078 12.381804 12.247948 12.497629 12.073286 12.608520 11.891413 12.731864
225.271064 12.245082 12.113995 12.362051 11.937364 12.473436 11.753482 12.589506
228.411221 12.107601 11.977689 12.223820 11.798284 12.335121 11.613628 12.445164
231.595149 11.968239 11.839242 12.084055 11.657266 12.193243 11.471825 12.298809
234.823460 11.836108 11.707718 11.952835 11.524475 12.062303 11.338602 12.161460
238.096772 11.704732 11.578885 11.822327 11.392822 11.932459 11.206618 12.025435
241.415712 11.571971 11.447369 11.689654 11.259334 11.800155 11.072794 11.887514
244.780916 11.436469 11.313369 11.552118 11.124125 11.666090 10.937105 11.747670
248.193029 11.307367 11.186229 11.424656 10.995595 11.539359 10.808634 11.615362
251.652705 11.182586 11.062485 11.300781 10.871994 11.414684 10.683417 11.491145
255.160607 11.057754 10.937434 11.174059 10.745668 11.287749 10.556454 11.365889
258.717408 10.929624 10.809882 11.044927 10.617701 11.160575 10.427721 11.238887
262.323788 10.806704 10.687631 10.921249 10.498899 11.037256 10.304609 11.117143
265.980440 10.689406 10.570364 10.802820 10.385548 10.916964 10.186785 11.000343
269.688063 10.569319 10.451462 10.682779 10.269951 10.796888 10.067319 10.881915
273.447368 10.448956 10.330902 10.562311 10.146065 10.676706 9.946188 10.761835
277.259076 10.331934 10.213395 10.445341 10.029807 10.559108 9.828930 10.645379
281.123917 10.222071 10.103602 10.335383 9.919589 10.448766 9.718920 10.535758
285.042632 10.110712 9.992280 10.224128 9.805847 10.337368 9.607377 10.423219
289.015972 9.998752 9.879366 10.110730 9.695191 10.224041 9.494280 10.307860
293.044698 9.887692 9.768278 9.999522 9.583809 10.110253 9.383251 10.194533
297.129582 9.786361 9.665720 9.897090 9.479754 10.010868 9.281264 10.090202
301.271407 9.683603 9.561959 9.793815 9.374249 9.905728 9.177855 9.984417
305.470967 9.578843 9.456638 9.688744 9.267273 9.801814 9.073006 9.877157
309.729067 9.474930 9.351558 9.583247 9.161792 9.696742 8.968453 9.770161
314.046522 9.380022 9.256728 9.488065 9.065724 9.601815 8.874493 9.673722
318.424160 9.284245 9.160355 9.391556 8.968257 9.505565 8.779223 9.575939
322.862820 9.187445 9.062173 9.293014 8.869431 9.407973 8.682626 9.476793
327.363353 9.087795 8.963529 9.194489 8.770128 9.309020 8.584682 9.376265
331.926620 8.998753 8.876547 9.106798 8.683018 9.221439 8.498549 9.287524
336.553498 8.910509 8.787974 9.017976 8.594709 9.132653 8.411232 9.197562
341.244871 8.820938 8.697520 8.928672 8.504995 9.042628 8.322696 9.106346
346.001639 8.729681 8.604408 8.838122 8.413183 8.951349 8.232927 9.013859
350.824714 8.647198 8.521995 8.756754 8.331082 8.870013 8.152695 8.930889
355.715021 8.566683 8.440372 8.675829 8.249498 8.790404 8.072973 8.848395
360.673495 8.484315 8.358334 8.593775 8.166776 8.709686 7.992140 8.764751
365.701088 8.401222 8.275200 8.510578 8.082901 8.627152 7.910180 8.679941
370.798763 8.326332 8.199394 8.434361 8.006537 8.550598 7.835592 8.602483
375.967497 8.252711 8.125425 8.359717 7.932174 8.475904 7.762970 8.527425
381.208280 8.178643 8.049962 8.284436 7.856776 8.400169 7.689337 8.451559
386.522116 8.103340 7.974086 8.207774 7.780326 8.323056 7.614677 8.374636
391.910025 8.032115 7.903265 8.135779 7.709364 8.250937 7.545400 8.302896
397.373038 7.964482 7.835523 8.067151 7.641613 8.181936 7.479274 8.234165
402.912203 7.895394 7.766837 7.997762 7.572919 8.112699 7.412227 8.164477
408.528580 7.825344 7.696830 7.927407 7.503266 8.041708 7.344245 8.093816
414.223247 7.758857 7.630618 7.860588 7.437305 7.974288 7.279882 8.026627
419.997295 7.696172 7.568211 7.797731 7.375475 7.910868 7.219569 7.963327
425.851829 7.632525 7.504935 7.733779 7.312782 7.846800 7.158415 7.899146
431.787973 7.569129 7.440776 7.669138 7.249216 7.782421 7.096408 7.834069
437.806863 7.507722 7.378695 7.606763 7.187801 7.719993 7.036510 7.770991
443.909653 7.449914 7.321478 7.548767 7.131148 7.661964 6.981277 7.712407
450.097513 7.391468 7.263442 7.490199 7.073705 7.603127 6.925275 7.653007
456.371628 7.332270 7.204755 7.431339 7.015461 7.543469 6.868491 7.592779
462.733201 7.273386 7.146776 7.373199 6.958096 7.484421 6.812570 7.533642
469.183451 7.219603 7.093850 7.319664 6.905854 7.430042 6.761664 7.479426
475.723614 7.165387 7.040187 7.265383 6.852883 7.374906 6.710048 7.424454
482.354943 7.110316 6.985776 7.210345 6.799175 7.319001 6.657712 7.368716
489.078709 7.054951 6.931112 7.155132 6.745334 7.262909 6.605251 7.312779
495.896201 7.004931 6.881673 7.104528 6.696737 7.211785 6.557919 7.261670
502.808725 6.954214 6.831545 7.052847 6.647462 7.159949 6.509927 7.209848
509.817606 6.902790 6.780815 7.000447 6.597501 7.107390 6.461266 7.157304
516.924187 6.850648 6.729278 6.947195 6.546843 7.054098 6.411926 7.104027
524.129830 6.803101 6.683071 6.898687 6.500946 7.005309 6.367241 7.055143
531.435916 6.755088 6.636036 6.850087 6.454610 6.956033 6.322131 7.005768
538.843844 6.706405 6.588046 6.800641 6.407629 6.906070 6.276391 6.955704
546.355035 6.657044 6.539386 6.750766 6.359992 6.855564 6.230014 6.904942
553.970928 6.610892 6.494001 6.704012 6.315698 6.808392 6.186902 6.857250
561.692982 6.564871 6.448508 6.657365 6.271581 6.761309 6.143966 6.809642
569.522678 6.518207 6.402291 6.610067 6.226849 6.713570 6.100431 6.761371
577.461515 6.470894 6.355959 6.562103 6.181493 6.665165 6.056289 6.712427
585.511016 6.425615 6.311360 6.516148 6.138337 6.618440 6.014295 6.665481
593.672722 6.380901 6.267399 6.470746 6.095765 6.571890 5.972873 6.619004
601.948197 6.335175 6.222851 6.424676 6.052601 6.524690 5.930874 6.571879
610.339029 6.288812 6.177834 6.377964 6.008834 6.476833 5.888290 6.524097
618.846824 6.243675 6.133832 6.332633 5.966371 6.430142 5.846977 6.478093
627.473213 6.199294 6.090328 6.288204 5.924729 6.384301 5.806467 6.432878
636.219849 6.154951 6.046553 6.243155 5.882507 6.338027 5.765391 6.387033
645.088409 6.109949 6.001986 6.197478 5.839697 6.291109 5.723744 6.340549
654.080591 6.064866 5.957755 6.152328 5.797507 6.244710 5.682701 6.294601
663.198120 6.020770 5.914429 6.107912 5.756242 6.199124 5.642560 6.249484
672.442742 5.976647 5.870499 6.062696 5.714402 6.152818 5.601859 6.203738
681.816229 5.931910 5.826202 6.017068 5.671979 6.105685 5.560591 6.157354
691.320378 5.887233 5.782032 5.971520 5.629672 6.058603 5.519434 6.111013
700.957009 5.842990 5.738775 5.926808 5.588299 6.012396 5.479186 6.065512
710.727970 5.798362 5.694915 5.881472 5.546350 5.965545 5.438377 6.019377
720.635132 5.753511 5.650444 5.835432 5.503815 5.918040 5.396999 5.972598
730.680395 5.708015 5.605701 5.788273 5.461032 5.870224 5.355378 5.925505
740.865683 5.662709 5.561834 5.742883 5.419137 5.823257 5.314616 5.879212
751.192949 5.616877 5.517643 5.696673 5.376657 5.776349 5.273286 5.832274
761.664172 5.570873 5.472635 5.649391 5.333586 5.728767 5.231381 5.784681
772.281357 5.523728 5.426700 5.601170 5.290004 5.680523 5.188978 5.736515
783.046540 5.477391 5.381818 5.554204 5.247245 5.632274 5.147367 5.688513
793.961785 5.430408 5.336923 5.506798 5.203890 5.583153 5.105176 5.639058
805.029181 5.382771 5.290605 5.458731 5.159564 5.533434 5.062397 5.588913
816.250851 5.334469 5.243641 5.409994 5.113789 5.483327 5.019021 5.538070
827.628946 5.287316 5.197495 5.361783 5.068621 5.433836 4.976211 5.487801
839.165644 5.239775 5.150844 5.313062 5.023008 5.383753 4.932892 5.436928
850.863158 5.191673 5.103543 5.263663 4.977828 5.332973 4.888969 5.385346
862.723729 5.142921 5.055582 5.213053 4.932017 5.281485 4.844434 5.333044
874.749630 5.094117 5.007950 5.163494 4.886515 5.230344 4.800186 5.281066
886.943166 5.044509 4.959700 5.113383 4.840616 5.178756 4.755548 5.228625
899.306672 4.994352 4.911080 5.061628 4.794076 5.126450 4.710288 5.175454
911.842520 4.943670 4.861652 5.009152 4.746888 5.073414 4.664396 5.121541
924.553110 4.893003 4.812150 4.956842 4.699814 5.020540 4.618600 5.067778
937.440879 4.842064 4.762376 4.904434 4.652074 4.967372 4.572528 5.013707
950.508296 4.790310 4.712148 4.852440 4.604069 4.913463 4.525482 4.959459
963.757866 4.738089 4.661293 4.798987 4.555395 4.858802 4.477644 4.905544
977.192128 4.685547 4.610883 4.745734 4.506837 4.804162 4.429772 4.851604
990.813657 4.633468 4.559881 4.692104 4.458219 4.749424 4.381769 4.797526
1004.625062 4.580808 4.508073 4.637650 4.408700 4.693923 4.333098 4.742695
1018.628990 4.527414 4.456041 4.583135 4.358490 4.637648 4.283747 4.687099
1032.828126 4.473875 4.403860 4.528033 4.308390 4.581675 4.234245 4.631354
1047.225190 4.420778 4.351777 4.473361 4.257848 4.525993 4.184817 4.575726
1061.822941 4.366149 4.298286 4.417632 4.206867 4.469534 4.134701 4.519322
1076.624177 4.311074 4.243731 4.360960 4.155180 4.412183 4.083885 4.462133
1091.631734 4.255293 4.189139 4.303650 4.103555 4.354095 4.032787 4.404648
1106.848489 4.200359 4.134857 4.246873 4.052297 4.296550 3.982057 4.347636
1122.277356 4.144472 4.080090 4.189875 4.000324 4.238037 3.930619 4.289829
1137.921294 4.087718 4.025229 4.132170 3.947627 4.178813 3.878464 4.231216
1153.783300 4.030515 3.969464 4.073405 3.894469 4.119397 3.825855 4.172110
1169.866413 3.974204 3.914890 4.016081 3.842075 4.060802 3.774015 4.113960
1186.173716 3.917094 3.860200 3.958428 3.788950 4.001390 3.721452 4.054999
1202.708335 3.859207 3.803103 3.899880 3.735085 3.941151 3.668243 3.995216
1219.473437 3.800705 3.745283 3.840578 3.680523 3.880137 3.614747 3.934662
1236.472235 3.744229 3.689208 3.782180 3.627250 3.820825 3.562500 3.875690
1253.707987 3.686287 3.632584 3.722781 3.573234 3.760685 3.509524 3.815896
1271.183997 3.627377 3.574935 3.662342 3.518465 3.699707 3.455811 3.755268
1288.903612 3.568099 3.517316 3.601144 3.462898 3.637879 3.401348 3.693795
1306.870230 3.510147 3.460516 3.542855 3.408734 3.577925 3.348288 3.634080
1325.087292 3.452546 3.404003 3.483089 3.354075 3.517561 3.294741 3.573837
1343.558290 3.393082 3.347427 3.422500 3.298654 3.456885 3.240447 3.512755
1362.286764 3.333461 3.289666 3.362797 3.240640 3.395170 3.185397 3.450821
1381.276303 3.275354 3.233354 3.304170 3.184778 3.335443 3.131735 3.390612
1400.530545 3.216898 3.176820 3.246714 3.130030 3.275131 3.077984 3.330356
1420.053182 3.157408 3.118804 3.186935 3.074197 3.213888 3.023379 3.269260
1439.847953 3.097214 3.059857 3.126324 3.016022 3.152067 2.967690 3.207313
1459.918652 3.038658 3.002044 3.067470 2.959634 3.092120 2.913326 3.146953
1480.269127 2.980660 2.945084 3.008833 2.904853 3.033055 2.859406 3.087155
1500.903276 2.922295 2.887793 2.949508 2.849308 2.972947 2.804736 3.026524
1521.825053 2.862976 2.828901 2.889337 2.792989 2.912205 2.749303 2.965047
1543.038469 2.804781 2.772007 2.830183 2.737805 2.853103 2.694986 2.904904
1564.547589 2.747776 2.716105 2.772270 2.683722 2.795276 2.641753 2.846054
1586.356534 2.689645 2.659710 2.713833 2.628885 2.736642 2.586825 2.786384
1608.469483 2.631038 2.602669 2.655052 2.573284 2.676880 2.530903 2.725882
1630.890676 2.573464 2.546660 2.597390 2.518495 2.618027 2.475854 2.666335
1653.624407 2.517889 2.491678 2.541785 2.465575 2.561637 2.422761 2.608924
1676.675035 2.461616 2.436441 2.484428 2.412055 2.504462 2.369850 2.550712
1700.046975 2.404559 2.380547 2.426417 2.357252 2.446489 2.316346 2.491690
1723.744708 2.348505 2.324604 2.368766 2.302561 2.389429 2.263217 2.433127
1747.772774 2.294758 2.271767 2.314221 2.250401 2.334461 2.211862 2.377627
1772.135779 2.240200 2.217764 2.259436 2.197617 2.279730 2.159697 2.321352
1796.838391 2.185292 2.163598 2.203868 2.144325 2.223392 2.106805 2.264294
1821.885343 2.129994 2.109120 2.147787 2.090433 2.166979 2.053783 2.207099
1847.281437 2.078618 2.058565 2.095882 2.040145 2.115110 2.004485 2.153945
1873.031539 2.026496 2.007079 2.043855 1.989315 2.062729 1.954501 2.100050
1899.140582 1.973413 1.954652 1.990970 1.937571 2.009555 1.903819 2.045404
1925.613572 1.919780 1.901369 1.937647 1.884271 1.955109 1.852431 1.989996
1952.455581 1.871064 1.852879 1.888619 1.836499 1.905512 1.805595 1.939522
1979.671753 1.821662 1.803895 1.838736 1.787958 1.856207 1.758152 1.888394
2007.267304 1.771524 1.754304 1.788581 1.738752 1.805945 1.710047 1.836986
2035.247521 1.720680 1.703798 1.737383 1.689254 1.754692 1.661272 1.785009
2063.617768 1.674225 1.657749 1.690356 1.643495 1.707650 1.616535 1.737361
2092.383480 1.627841 1.612116 1.643508 1.598185 1.660745 1.571934 1.690696
2121.550171 1.580827 1.565282 1.595954 1.551891 1.613186 1.526621 1.643381
2151.123430 1.533174 1.518202 1.548007 1.505202 1.565163 1.480676 1.595330
2181.108924 1.489067 1.474534 1.503685 1.461877 1.520718 1.438174 1.550304
2211.512400 1.445915 1.431838 1.460371 1.418965 1.477396 1.396579 1.506650
2242.339683 1.402216 1.388520 1.416351 1.376513 1.433470 1.354404 1.462387
2273.596682 1.358062 1.344938 1.371710 1.332933 1.388931 1.311642 1.417507
2305.289387 1.316736 1.303891 1.330177 1.291868 1.347194 1.271636 1.375396
2337.423871 1.276942 1.264487 1.290152 1.252472 1.307139 1.233291 1.334945
2370.006292 1.236725 1.224218 1.249393 1.212847 1.266526 1.194411 1.293929
2403.042894 1.195683 1.183760 1.208025 1.172670 1.225346 1.154990 1.252342
2436.540009 1.156994 1.145032 1.169239 1.135017 1.186246 1.117606 1.212817
2470.504055 1.120775 1.109162 1.132610 1.099217 1.149562 1.082589 1.175689
2504.941542 1.083947 1.072786 1.095593 1.063491 1.112367 1.047085 1.138044
2539.859069 1.046608 1.035625 1.058033 1.026840 1.074654 1.010700 1.099874
2575.263327 1.010604 0.999844 1.021785 0.991537 1.038291 0.975244 1.063045
2611.161101 0.977747 0.967202 0.988732 0.959298 1.005007 0.942960 1.029287
2647.559271 0.944338 0.934134 0.955182 0.926607 0.971260 0.910227 0.995057
2684.464811 0.910601 0.900702 0.921135 0.893139 0.937043 0.877023 0.960351
2721.884795 0.877347 0.867777 0.887673 0.860336 0.903477 0.844479 0.926287
2759.826392 0.847734 0.838687 0.857978 0.831597 0.873771 0.815648 0.895872
2798.296876 0.817826 0.809221 0.827770 0.802637 0.843592 0.786414 0.865034
2837.303617 0.787499 0.779202 0.797200 0.772958 0.812999 0.756772 0.833765
2876.854090 0.757226 0.749257 0.766738 0.743376 0.782481 0.727144 0.802489
2916.955876 0.731089 0.723303 0.740480 0.717709 0.755984 0.701636 0.775330
2957.616659 0.704580 0.697116 0.713763 0.691622 0.729118 0.675772 0.747793
2998.844231 0.677591 0.670507 0.686674 0.665018 0.701878 0.649548 0.719872
3040.646493 0.650419 0.643478 0.659288 0.638042 0.674258 0.622959 0.691562
3083.031457 0.627216 0.620496 0.635914 0.615092 0.650610 0.600382 0.667320
3126.007243 0.603928 0.597333 0.612376 0.592111 0.626538 0.577688 0.642942
3169.582089 0.580265 0.573981 0.588537 0.568831 0.602271 0.554677 0.618225
3213.764344 0.556282 0.550277 0.564311 0.545015 0.577666 0.531346 0.593163
3258.562476 0.535462 0.529576 0.543320 0.524378 0.556249 0.511147 0.571318
3303.985070 0.515110 0.509316 0.522793 0.504220 0.535272 0.491390 0.549915
3350.040830 0.494442 0.488774 0.501930 0.483815 0.514003 0.471357 0.528213
3396.738582 0.473531 0.467946 0.480776 0.463175 0.492554 0.451046 0.506209
3444.087276 0.454923 0.449492 0.461949 0.444961 0.473370 0.433081 0.486644
3492.095985 0.437244 0.431938 0.444043 0.427631 0.455102 0.416009 0.468000
3540.773909 0.419336 0.414152 0.425923 0.410059 0.436550 0.398699 0.449096
3590.130377 0.401165 0.396101 0.407551 0.392243 0.417822 0.381147 0.429928
3640.174847 0.384661 0.379740 0.390951 0.376091 0.400872 0.365263 0.412513
3690.916911 0.369401 0.364640 0.375537 0.361182 0.385186 0.350614 0.396393
3742.366291 0.353918 0.349334 0.359907 0.346047 0.369281 0.335761 0.380049
3794.532847 0.338245 0.333833 0.344097 0.330642 0.353155 0.320701 0.363476
3847.426577 0.323688 0.319457 0.329394 0.316314 0.338162 0.306737 0.348067
3901.057617 0.310693 0.306562 0.316240 0.303493 0.324700 0.294250 0.334228
3955.436245 0.297481 0.293473 0.302828 0.290493 0.311051 0.281590 0.320196
4010.572881 0.284113 0.280223 0.289224 0.277312 0.297212 0.268752 0.305969
4066.478092 0.271372 0.267593 0.276282 0.264809 0.284027 0.256543 0.292413
4123.162591 0.260297 0.256631 0.265032 0.253979 0.272551 0.245966 0.280612
4180.637241 0.249099 0.245511 0.253626 0.242981 0.260915 0.235240 0.268645
4238.913057 0.237733 0.234238 0.242066 0.231798 0.249117 0.224366 0.256512
4298.001206 0.226603 0.223235 0.230783 0.220878 0.237587 0.213748 0.244655
4357.913012 0.217268 0.213987 0.221275 0.211705 0.227864 0.204839 0.234653
4418.659956 0.207764 0.204610 0.211622 0.202405 0.218005 0.195806 0.224511
4480.253680 0.198126 0.195102 0.201841 0.192975 0.208009 0.186647 0.214228
4542.705986 0.188489 0.185566 0.192026 0.183517 0.197982 0.177461 0.203913
4606.028844 0.180645 0.177804 0.184026 0.175824 0.189792 0.169998 0.195485
4670.234388 0.172686 0.169934 0.175912 0.168024 0.181488 0.162430 0.186939
4735.334923 0.164619 0.161955 0.167706 0.160115 0.173067 0.154757 0.178275
4801.342924 0.156433 0.153864 0.159374 0.152096 0.164530 0.146976 0.169489
4868.271040 0.149737 0.147250 0.152554 0.145545 0.157530 0.140627 0.162285
4936.132098 0.143071 0.140684 0.145776 0.139036 0.150572 0.134318 0.155123
5004.939103 0.136326 0.134027 0.138904 0.132436 0.143517 0.127922 0.147861
5074.705239 0.129492 0.127279 0.131970 0.125744 0.136364 0.121436 0.140498
5145.443878 0.123727 0.121594 0.126106 0.120114 0.130328 0.115983 0.134285
5217.168576 0.118189 0.116131 0.120474 0.114707 0.124527 0.110748 0.128312
5289.893076 0.112570 0.110597 0.114761 0.109226 0.118633 0.105440 0.122257
5363.631317 0.106874 0.104990 0.108965 0.103667 0.112641 0.100057 0.116116
5438.397428 0.101924 0.100121 0.103930 0.098848 0.107439 0.095393 0.110780
5514.205739 0.097331 0.095599 0.099253 0.094376 0.102608 0.091067 0.105823
5591.070777 0.092671 0.091015 0.094516 0.089842 0.097719 0.086681 0.100796
5669.007271 0.087946 0.086369 0.089718 0.085248 0.092773 0.082233 0.095699
5748.030158 0.083720 0.082216 0.085415 0.081139 0.088346 0.078259 0.091135
5828.154581 0.079929 0.078492 0.081557 0.077455 0.084370 0.074698 0.087037
5909.395895 0.076086 0.074715 0.077647 0.073719 0.080339 0.071087 0.082882
5991.769669 0.072190 0.070888 0.073682 0.069932 0.076252 0.067426 0.078669
6075.291689 0.068602 0.067359 0.070025 0.066441 0.072481 0.064052 0.074781
6159.977960 0.065488 0.064301 0.066853 0.063417 0.069208 0.061131 0.071407
6245.844712 0.062330 0.061200 0.063637 0.060350 0.065890 0.058169 0.067985
6332.908400 0.059128 0.058055 0.060377 0.057240 0.062525 0.055165 0.064516
6421.185709 0.056085 0.055065 0.057275 0.054285 0.059326 0.052312 0.061217
6510.693555 0.053534 0.052560 0.054673 0.051810 0.056641 0.049923 0.058448
6601.449093 0.050948 0.050019 0.052035 0.049302 0.053919 0.047501 0.055641
6693.469713 0.048329 0.047443 0.049364 0.046758 0.051158 0.045045 0.052794
6786.773051 0.045763 0.044920 0.046752 0.044265 0.048454 0.042639 0.050004
6881.376986 0.043679 0.042874 0.044628 0.042247 0.046258 0.040692 0.047740
6977.299650 0.041567 0.040801 0.042474 0.040200 0.044032 0.038717 0.045444
7074.559423 0.039425 0.038697 0.040289 0.038125 0.041775 0.036715 0.043115
7173.174944 0.037262 0.036575 0.038087 0.036029 0.039496 0.034693 0.040765
7273.165113 0.035566 0.034911 0.036357 0.034387 0.037705 0.033109 0.038918
7374.549090 0.033846 0.033223 0.034603 0.032722 0.035890 0.031503 0.037045
7477.346305 0.032103 0.031513 0.032824 0.031033 0.034050 0.029875 0.035147
7581.576458 0.030336 0.029778 0.031021 0.029322 0.032184 0.028224 0.033222
7687.259522 0.028913 0.028381 0.029568 0.027945 0.030679 0.026896 0.031670
7794.415750 0.027517 0.027011 0.028143 0.026593 0.029201 0.025594 0.030147
7903.065679 0.026101 0.025622 0.026698 0.025223 0.027704 0.024273 0.028603
8013.230128 0.024666 0.024213 0.025232 0.023833 0.026185 0.022934 0.027037
8124.930211 0.023469 0.023038 0.024010 0.022675 0.024918 0.021818 0.025730
8238.187331 0.022338 0.021927 0.022854 0.021580 0.023720 0.020763 0.024494
8353.023195 0.021191 0.020801 0.021682 0.020470 0.022505 0.019694 0.023241
8469.459808 0.020028 0.019659 0.020494 0.019345 0.021274 0.018610 0.021971
8587.519485 0.019024 0.018672 0.019468 0.018373 0.020210 0.017674 0.020873
8707.224849 0.018109 0.017774 0.018533 0.017489 0.019240 0.016822 0.019873
8828.598841 0.017181 0.016863 0.017584 0.016592 0.018257 0.015959 0.018858
8951.664721 0.016241 0.015939 0.016623 0.015682 0.017260 0.015083 0.017830
9076.446073 0.015401 0.015114 0.015763 0.014870 0.016369 0.014300 0.016911
9202.966809 0.014663 0.014389 0.015008 0.014156 0.015586 0.013613 0.016102
9331.251175 0.013914 0.013654 0.014242 0.013432 0.014792 0.012917 0.015283
9461.323756 0.013155 0.012909 0.013466 0.012699 0.013987 0.012211 0.014452
9593.209478 0.012454 0.012220 0.012749 0.012021 0.013243 0.011558 0.013683
9726.933615 0.011859 0.011636 0.012141 0.011446 0.012611 0.011005 0.013031
9862.521795 0.011255 0.011044 0.011524 0.010863 0.011971 0.010444 0.012370
10000.000000 0.010644 0.010443 0.010899 0.010272 0.011322 0.009875 0.011700
