77.438030 1009.144304 147.740153
207.771428 1114.927870 141.296136
302.199729 925.317627 146.949492
372.810820 1152.309281 129.132200
435.619784 983.244335 150.772198
519.144509 989.822680 149.648248
595.333353 1031.953426 145.658456
664.276493 811.973893 129.723820
740.082203 1145.911956 129.726625
807.591613 1151.491096 135.251180
871.061411 1028.596039 143.824127
942.315946 960.935721 147.772391
1025.261598 1089.863844 146.693475
1104.694179 1027.584810 149.987646
1171.921937 915.832415 154.450696
1242.192624 898.048626 141.057483
1333.159053 781.668712 129.532543
1412.723886 1143.157898 131.587919
1476.052511 1112.413381 141.385267
1563.086250 1130.540536 137.021164
1659.579860 752.921396 119.210506
1745.252742 910.181124 151.978415
1822.342842 720.352967 114.950023
1898.970763 893.679345 151.158566
1976.919821 950.616531 147.419317
2058.787178 792.328312 138.299020
2147.843625 805.997711 131.152704
2241.839365 913.176078 149.747247
2339.357800 822.987672 132.245834
2424.424295 1145.911134 139.767469
2493.034232 986.326473 157.879254
2560.562210 957.636970 148.823483
2633.570385 1109.532557 142.874204
2710.558243 767.142521 120.402092
2794.345691 1062.462142 143.214734
2885.961629 758.705752 122.117448
2970.853915 987.000780 148.904327
3068.976755 954.848943 146.859840
3202.190934 1117.979491 132.590818
3335.750505 955.152844 146.595515
3470.790603 914.515878 142.037668
3599.971302 742.167940 121.279313
3737.433317 873.631141 140.216003
3890.915033 1052.875997 142.870930
4021.789245 848.428306 136.815313
4168.363944 1033.881277 142.920749
4331.424534 1022.482151 149.130099
4511.611089 1096.883726 143.653993
4697.255576 1111.266409 136.928874
4870.196491 667.018979 90.539209
5069.886429 649.881900 82.386915
5332.920335 755.444681 128.712641
5613.153965 922.499130 147.396132
5894.385929 1130.471199 137.135307
6151.580015 617.999855 121.327386
6371.229905 992.786406 149.438153
6603.931031 915.442879 144.418201
7022.292311 830.761266 136.046477
