10.000000 -0.005147 -0.017066 0.009368 -0.019424 0.018232 -0.020200 0.019547
10.139395 -0.005145 -0.017066 0.009368 -0.019424 0.018235 -0.020200 0.019547
10.280732 -0.005144 -0.017066 0.009368 -0.019424 0.018238 -0.020200 0.019547
10.424040 -0.005143 -0.017066 0.009389 -0.019424 0.018242 -0.020200 0.019547
10.569346 -0.005141 -0.017066 0.009389 -0.019424 0.018245 -0.020200 0.019547
10.716676 -0.005140 -0.017066 0.009389 -0.019424 0.018249 -0.020200 0.019547
10.866061 -0.005140 -0.017066 0.009389 -0.019424 0.018252 -0.020200 0.019547
11.017528 -0.005140 -0.017066 0.009389 -0.019424 0.018256 -0.020200 0.019548
11.171107 -0.005140 -0.017066 0.009389 -0.019424 0.018260 -0.020200 0.019548
11.326826 -0.005140 -0.017066 0.009389 -0.019424 0.018264 -0.020200 0.019548
11.484715 -0.005140 -0.017066 0.009389 -0.019424 0.018268 -0.020200 0.019548
11.644806 -0.005140 -0.017066 0.009389 -0.019424 0.018272 -0.020200 0.019548
11.807128 -0.005139 -0.017066 0.009389 -0.019424 0.018276 -0.020200 0.019548
11.971713 -0.005139 -0.017066 0.009389 -0.019424 0.018280 -0.020200 0.019548
12.138593 -0.005139 -0.017061 0.009389 -0.019423 0.018285 -0.020200 0.019548
12.307798 -0.005139 -0.017049 0.009389 -0.019423 0.018289 -0.020200 0.019548
12.479362 -0.005139 -0.017037 0.009395 -0.019423 0.018293 -0.020200 0.019548
12.653318 -0.005139 -0.017024 0.009430 -0.019423 0.018298 -0.020200 0.019548
12.829698 -0.005139 -0.017011 0.009430 -0.019423 0.018303 -0.020200 0.019549
13.008537 -0.005139 -0.016998 0.009430 -0.019423 0.018308 -0.020200 0.019549
13.189869 -0.005139 -0.016985 0.009430 -0.019423 0.018312 -0.020200 0.019549
13.373729 -0.005139 -0.016971 0.009430 -0.019423 0.018318 -0.020200 0.019549
13.560151 -0.005139 -0.016958 0.009430 -0.019423 0.018323 -0.020200 0.019549
13.749172 -0.005139 -0.016944 0.009433 -0.019423 0.018328 -0.020200 0.019549
13.940828 -0.005139 -0.016937 0.009441 -0.019423 0.018333 -0.020200 0.019549
14.135156 -0.005139 -0.016937 0.009450 -0.019423 0.018339 -0.020200 0.019549
14.332192 -0.005139 -0.016937 0.009459 -0.019422 0.018344 -0.020200 0.019550
14.531975 -0.005139 -0.016937 0.009468 -0.019422 0.018350 -0.020200 0.019550
14.734543 -0.005139 -0.016936 0.009477 -0.019422 0.018356 -0.020200 0.019550
14.939935 -0.005139 -0.016936 0.009487 -0.019422 0.018362 -0.020200 0.019550
15.148189 -0.005139 -0.016936 0.009496 -0.019422 0.018368 -0.020200 0.019550
15.359347 -0.005139 -0.016936 0.009506 -0.019422 0.018374 -0.020200 0.019550
15.573448 -0.005139 -0.016936 0.009516 -0.019422 0.018380 -0.020200 0.019555
15.790533 -0.005139 -0.016936 0.009526 -0.019422 0.018387 -0.020200 0.019560
16.010645 -0.005139 -0.016936 0.009537 -0.019421 0.018393 -0.020200 0.019565
16.233824 -0.005139 -0.016936 0.009587 -0.019421 0.018400 -0.020200 0.019570
16.460115 -0.005139 -0.016936 0.009599 -0.019421 0.018407 -0.020200 0.019575
16.689560 -0.005139 -0.016936 0.009599 -0.019421 0.018414 -0.020200 0.019581
16.922204 -0.005139 -0.016936 0.009600 -0.019421 0.018421 -0.020200 0.019586
17.158090 -0.005139 -0.016936 0.009600 -0.019421 0.018429 -0.020200 0.019592
17.397264 -0.005138 -0.016936 0.009602 -0.019421 0.018436 -0.020200 0.019598
17.639773 -0.005138 -0.016936 0.009614 -0.019420 0.018444 -0.020200 0.019604
17.885662 -0.005138 -0.016936 0.009622 -0.019420 0.018452 -0.020200 0.019610
18.134978 -0.005138 -0.016935 0.009622 -0.019420 0.018460 -0.020200 0.019616
18.387770 -0.005138 -0.016935 0.009622 -0.019420 0.018468 -0.020200 0.019623
18.644085 -0.005138 -0.016935 0.009622 -0.019420 0.018476 -0.020200 0.019629
18.903974 -0.005138 -0.016935 0.009622 -0.019419 0.018485 -0.020200 0.019636
19.167485 -0.005138 -0.016935 0.009622 -0.019419 0.018494 -0.020200 0.019643
19.434669 -0.005138 -0.016935 0.009635 -0.019419 0.018503 -0.020200 0.019650
19.705578 -0.005138 -0.016935 0.009635 -0.019418 0.018512 -0.020200 0.019657
19.980263 -0.005138 -0.016935 0.009635 -0.019417 0.018521 -0.020200 0.019665
20.258777 -0.005138 -0.016935 0.009678 -0.019416 0.018530 -0.020200 0.019673
20.541173 -0.005138 -0.016935 0.009758 -0.019415 0.018540 -0.020200 0.019680
20.827506 -0.005138 -0.016934 0.009773 -0.019414 0.018541 -0.020200 0.019689
21.117830 -0.005137 -0.016934 0.009787 -0.019413 0.018541 -0.020200 0.019697
21.412202 -0.005137 -0.016919 0.009802 -0.019412 0.018541 -0.020200 0.019705
21.710676 -0.005137 -0.016887 0.009818 -0.019411 0.018541 -0.020200 0.019714
22.013311 -0.005137 -0.016882 0.009839 -0.019410 0.018541 -0.020200 0.019723
22.320165 -0.005137 -0.016878 0.009849 -0.019409 0.018541 -0.020200 0.019732
22.631296 -0.005134 -0.016877 0.009866 -0.019408 0.018541 -0.020200 0.019742
22.946764 -0.005129 -0.016876 0.009882 -0.019407 0.018541 -0.020200 0.019751
23.266629 -0.005123 -0.016875 0.009899 -0.019406 0.018542 -0.020200 0.019761
23.590953 -0.005117 -0.016874 0.009916 -0.019404 0.018542 -0.020200 0.019771
23.919798 -0.005111 -0.016873 0.009934 -0.019403 0.018542 -0.020200 0.019782
24.253227 -0.005105 -0.016872 0.009951 -0.019402 0.018542 -0.020200 0.019792
24.591304 -0.005099 -0.016871 0.009969 -0.019401 0.018542 -0.020200 0.019803
24.934094 -0.005093 -0.016870 0.010026 -0.019399 0.018542 -0.020200 0.019814
25.281661 -0.005087 -0.016869 0.010133 -0.019398 0.018542 -0.020200 0.019826
25.634074 -0.005087 -0.016868 0.010227 -0.019396 0.018542 -0.020200 0.019838
25.991399 -0.005085 -0.016867 0.010228 -0.019395 0.018542 -0.020200 0.019850
26.353705 -0.005079 -0.016865 0.010238 -0.019393 0.018542 -0.020200 0.019862
26.721062 -0.005079 -0.016827 0.010264 -0.019391 0.018542 -0.020200 0.019875
27.093539 -0.005079 -0.016786 0.010264 -0.019390 0.018542 -0.020200 0.019888
27.471208 -0.005079 -0.016745 0.010286 -0.019388 0.018542 -0.020200 0.019901
27.854142 -0.005079 -0.016703 0.010344 -0.019386 0.018542 -0.020200 0.019915
28.242413 -0.005079 -0.016660 0.010403 -0.019374 0.018542 -0.020200 0.019929
28.636097 -0.005076 -0.016657 0.010417 -0.019362 0.018542 -0.020200 0.019943
29.035269 -0.005071 -0.016657 0.010443 -0.019350 0.018542 -0.020200 0.019958
29.440005 -0.005066 -0.016657 0.010507 -0.019337 0.018563 -0.020200 0.019973
29.850382 -0.005060 -0.016627 0.010527 -0.019325 0.018670 -0.020200 0.019989
30.266481 -0.005055 -0.016610 0.010527 -0.019312 0.018778 -0.020200 0.020005
30.688379 -0.004994 -0.016610 0.010528 -0.019298 0.018865 -0.020200 0.020021
31.116158 -0.004994 -0.016610 0.010528 -0.019287 0.018865 -0.020199 0.020038
31.549901 -0.004994 -0.016610 0.010649 -0.019286 0.018865 -0.020199 0.020055
31.989689 -0.004992 -0.016610 0.010738 -0.019284 0.018866 -0.020199 0.020072
32.435608 -0.004983 -0.016581 0.010755 -0.019282 0.018866 -0.020199 0.020090
32.887743 -0.004977 -0.016581 0.010757 -0.019280 0.018873 -0.020199 0.020109
33.346180 -0.004932 -0.016581 0.010760 -0.019277 0.018920 -0.020199 0.020128
33.811008 -0.004907 -0.016580 0.010762 -0.019275 0.018955 -0.020199 0.020147
34.282315 -0.004887 -0.016580 0.010764 -0.019273 0.018980 -0.020199 0.020167
34.760192 -0.004863 -0.016580 0.010767 -0.019271 0.018986 -0.020199 0.020187
35.244730 -0.004727 -0.016563 0.010767 -0.019268 0.019087 -0.020199 0.020208
35.736022 -0.004659 -0.016563 0.010767 -0.019266 0.019116 -0.020199 0.020230
36.234163 -0.004536 -0.016561 0.010775 -0.019264 0.019139 -0.020199 0.020321
36.739248 -0.004430 -0.016542 0.010777 -0.019261 0.019163 -0.020199 0.020452
37.251373 -0.004416 -0.016542 0.010780 -0.019258 0.019187 -0.020199 0.020584
37.770637 -0.004403 -0.016542 0.010783 -0.019256 0.019278 -0.020199 0.020717
38.297139 -0.004388 -0.016541 0.010786 -0.019253 0.019407 -0.020199 0.020853
38.830980 -0.004381 -0.016541 0.010789 -0.019250 0.019537 -0.020199 0.020990
39.372263 -0.004381 -0.016541 0.010796 -0.019248 0.019594 -0.020199 0.021130
39.921091 -0.004371 -0.016541 0.010862 -0.019248 0.019596 -0.020199 0.021271
40.477570 -0.004327 -0.016541 0.010912 -0.019248 0.019598 -0.020199 0.021414
41.041805 -0.004298 -0.016519 0.010931 -0.019248 0.019599 -0.020199 0.021559
41.613906 -0.004273 -0.016474 0.010968 -0.019248 0.019746 -0.020198 0.021705
42.193981 -0.004256 -0.016464 0.010986 -0.019248 0.019907 -0.020198 0.021854
42.782142 -0.004238 -0.016464 0.010986 -0.019248 0.020022 -0.020198 0.022005
43.378502 -0.004219 -0.016464 0.010987 -0.019247 0.020050 -0.020198 0.022158
43.983175 -0.004200 -0.016464 0.010987 -0.019247 0.020156 -0.020198 0.022312
44.596276 -0.004181 -0.016464 0.010994 -0.019247 0.020292 -0.020198 0.022469
45.217924 -0.004161 -0.016464 0.011162 -0.019247 0.020378 -0.020198 0.022628
45.848238 -0.004141 -0.016463 0.011284 -0.019247 0.020440 -0.020198 0.022789
46.487337 -0.004120 -0.016463 0.011299 -0.019247 0.020503 -0.020198 0.022952
47.135345 -0.004098 -0.016458 0.011323 -0.019247 0.020632 -0.020198 0.023118
47.792386 -0.004076 -0.016457 0.011377 -0.019247 0.020685 -0.020198 0.023285
48.458586 -0.004054 -0.016450 0.011410 -0.019240 0.020740 -0.020198 0.023455
49.134073 -0.004031 -0.016446 0.011455 -0.019234 0.020795 -0.020197 0.023627
49.818975 -0.004007 -0.016446 0.011469 -0.019227 0.020852 -0.020197 0.023801
50.513425 -0.003984 -0.016446 0.011472 -0.019216 0.020910 -0.020197 0.023977
51.217554 -0.003984 -0.016446 0.011477 -0.019202 0.020970 -0.020197 0.024156
51.931499 -0.003959 -0.016446 0.011481 -0.019191 0.021030 -0.020197 0.024337
52.655396 -0.003933 -0.016446 0.011485 -0.019191 0.021093 -0.020197 0.024521
53.389384 -0.003907 -0.016436 0.011489 -0.019190 0.021154 -0.020197 0.024707
54.133603 -0.003894 -0.016430 0.011494 -0.019182 0.021200 -0.020197 0.024895
54.888196 -0.003852 -0.016429 0.011499 -0.019174 0.021246 -0.020196 0.025086
55.653308 -0.003802 -0.016429 0.011504 -0.019165 0.021294 -0.020196 0.025279
56.429085 -0.003763 -0.016429 0.011509 -0.019157 0.021343 -0.020196 0.025475
57.215676 -0.003732 -0.016420 0.011514 -0.019147 0.021424 -0.020196 0.025673
58.013231 -0.003701 -0.016395 0.011519 -0.019135 0.021597 -0.020196 0.025874
58.821904 -0.003669 -0.016369 0.011525 -0.019119 0.021749 -0.020196 0.026078
59.641849 -0.003635 -0.016343 0.011530 -0.019112 0.021817 -0.020195 0.026284
60.473224 -0.003601 -0.016317 0.011542 -0.019105 0.021887 -0.020195 0.026493
61.316188 -0.003567 -0.016303 0.011548 -0.019098 0.021980 -0.020195 0.026705
62.170903 -0.003531 -0.016303 0.011669 -0.019091 0.022120 -0.020195 0.026919
63.037532 -0.003494 -0.016302 0.011670 -0.019084 0.022196 -0.020195 0.027136
63.916241 -0.003456 -0.016302 0.011726 -0.019076 0.022273 -0.020194 0.027356
64.807198 -0.003418 -0.016302 0.011837 -0.019069 0.022351 -0.020194 0.027578
65.710575 -0.003378 -0.016301 0.011969 -0.019061 0.022575 -0.020194 0.027804
66.626545 -0.003338 -0.016301 0.011996 -0.019053 0.022857 -0.020194 0.028032
67.555283 -0.003296 -0.016301 0.011996 -0.019045 0.023142 -0.020193 0.028264
68.496967 -0.003253 -0.016300 0.011996 -0.019036 0.023380 -0.020193 0.028599
69.451778 -0.003209 -0.016288 0.012069 -0.019028 0.023567 -0.020193 0.029081
70.419898 -0.003159 -0.016287 0.012136 -0.019019 0.023757 -0.020193 0.029571
71.401513 -0.003113 -0.016253 0.012139 -0.019009 0.023953 -0.020192 0.030068
72.396811 -0.003066 -0.016215 0.012143 -0.019000 0.024271 -0.020192 0.030573
73.405984 -0.003018 -0.016176 0.012147 -0.018982 0.024593 -0.020192 0.031086
74.429223 -0.002968 -0.016148 0.012290 -0.018964 0.024920 -0.020191 0.031606
75.466726 -0.002915 -0.016147 0.012309 -0.018945 0.025251 -0.020191 0.032135
76.518692 -0.002863 -0.016121 0.012329 -0.018926 0.025583 -0.020191 0.032671
77.585321 -0.002728 -0.016090 0.012350 -0.018912 0.025926 -0.020190 0.033215
78.666818 -0.002609 -0.016090 0.012381 -0.018901 0.026270 -0.020190 0.033768
79.763391 -0.002514 -0.016089 0.012403 -0.018880 0.026619 -0.020189 0.034328
80.875249 -0.002381 -0.016088 0.012425 -0.018880 0.026883 -0.020189 0.034898
82.002606 -0.002376 -0.016087 0.012530 -0.018879 0.027144 -0.020189 0.035475
83.145678 -0.002334 -0.016063 0.012833 -0.018879 0.027421 -0.020188 0.036062
84.304684 -0.002271 -0.016014 0.013199 -0.018878 0.027689 -0.020188 0.036657
85.479845 -0.002206 -0.016005 0.013202 -0.018859 0.027961 -0.020187 0.037261
86.671388 -0.002140 -0.015958 0.013204 -0.018836 0.028236 -0.020187 0.037874
87.879540 -0.002072 -0.015957 0.013207 -0.018812 0.028507 -0.020186 0.038497
89.104533 -0.002002 -0.015936 0.013246 -0.018787 0.028786 -0.020186 0.039128
90.346602 -0.001891 -0.015871 0.013479 -0.018786 0.029073 -0.020185 0.039769
91.605985 -0.001857 -0.015825 0.013596 -0.018786 0.029365 -0.020184 0.040419
92.882923 -0.001782 -0.015823 0.013842 -0.018767 0.029758 -0.020184 0.041079
94.177660 -0.001704 -0.015822 0.013853 -0.018735 0.030157 -0.020183 0.041749
95.490446 -0.001625 -0.015820 0.013864 -0.018709 0.030560 -0.020183 0.042428
96.821531 -0.001544 -0.015818 0.013898 -0.018709 0.030969 -0.020182 0.043118
98.171170 -0.001461 -0.015816 0.013973 -0.018708 0.031384 -0.020181 0.043817
99.539623 -0.001375 -0.015814 0.014091 -0.018696 0.031804 -0.020180 0.044527
100.927151 -0.001288 -0.015812 0.014093 -0.018679 0.032229 -0.020180 0.045247
102.334021 -0.001274 -0.015810 0.014095 -0.018661 0.032660 -0.020179 0.045978
103.760502 -0.001273 -0.015807 0.014097 -0.018659 0.033097 -0.020178 0.046719
105.206867 -0.001209 -0.015790 0.014371 -0.018658 0.033540 -0.020177 0.047471
106.673394 -0.001113 -0.015788 0.014466 -0.018657 0.033988 -0.020176 0.048234
108.160363 -0.001014 -0.015765 0.014627 -0.018655 0.034442 -0.020175 0.049008
109.668060 -0.000913 -0.015752 0.014630 -0.018654 0.034902 -0.020175 0.049794
111.196773 -0.000809 -0.015728 0.014744 -0.018652 0.035332 -0.020174 0.050590
112.746796 -0.000703 -0.015725 0.014867 -0.018640 0.035685 -0.020172 0.051398
114.318425 -0.000593 -0.015722 0.015060 -0.018623 0.036043 -0.020171 0.052217
115.911962 -0.000481 -0.015719 0.015092 -0.018596 0.036444 -0.020170 0.053049
117.527712 -0.000367 -0.015716 0.015305 -0.018575 0.036801 -0.020169 0.053892
119.165984 -0.000249 -0.015712 0.015598 -0.018572 0.037163 -0.020168 0.054747
120.827094 -0.000128 -0.015705 0.015603 -0.018569 0.037529 -0.020167 0.055614
122.511358 -0.000006 -0.015665 0.015608 -0.018566 0.037908 -0.020165 0.056493
124.219100 0.000121 -0.015661 0.015613 -0.018562 0.038297 -0.020164 0.057385
125.950646 0.000252 -0.015657 0.015768 -0.018559 0.038691 -0.020163 0.058289
127.706330 0.000385 -0.015621 0.015898 -0.018555 0.039091 -0.020161 0.059207
129.486487 0.000474 -0.015566 0.015985 -0.018551 0.039496 -0.020160 0.060137
131.291459 0.000560 -0.015549 0.016031 -0.018547 0.039907 -0.020158 0.061079
133.121590 0.000681 -0.015535 0.016057 -0.018543 0.040324 -0.020157 0.062036
134.977233 0.000775 -0.015520 0.016181 -0.018538 0.040746 -0.020155 0.063005
136.858742 0.000870 -0.015504 0.016252 -0.018534 0.041174 -0.020153 0.063988
138.766479 0.000933 -0.015488 0.016398 -0.018529 0.041608 -0.020151 0.064984
140.700809 0.000972 -0.015471 0.016544 -0.018524 0.042048 -0.020150 0.065994
142.662102 0.000984 -0.015453 0.016700 -0.018519 0.042495 -0.020148 0.067018
144.650734 0.000995 -0.015435 0.016855 -0.018514 0.043020 -0.020146 0.068056
146.667087 0.001007 -0.015416 0.017086 -0.018508 0.043617 -0.020143 0.069108
148.711546 0.001020 -0.015396 0.017392 -0.018502 0.044221 -0.020141 0.070174
150.784505 0.001033 -0.015375 0.017622 -0.018490 0.044833 -0.020139 0.071255
152.886359 0.001053 -0.015309 0.017872 -0.018484 0.045453 -0.020137 0.072351
155.017512 0.001208 -0.015285 0.018023 -0.018477 0.046080 -0.020134 0.073461
157.178372 0.001293 -0.015277 0.018211 -0.018471 0.046649 -0.020132 0.074586
159.369353 0.001333 -0.015268 0.018399 -0.018464 0.047103 -0.020129 0.075726
161.590875 0.001374 -0.015257 0.018585 -0.018456 0.047563 -0.020126 0.076882
163.843365 0.001416 -0.015231 0.018732 -0.018448 0.048028 -0.020123 0.078052
166.127252 0.001458 -0.015200 0.018777 -0.018432 0.048497 -0.020121 0.079239
168.442976 0.001502 -0.015104 0.018852 -0.018400 0.048972 -0.020117 0.080440
170.790980 0.001549 -0.015001 0.018955 -0.018385 0.049452 -0.020114 0.081658
173.171713 0.001595 -0.014895 0.019005 -0.018379 0.049937 -0.020111 0.082892
175.585633 0.001641 -0.014786 0.019169 -0.018373 0.050428 -0.020108 0.084141
178.033202 0.001688 -0.014727 0.019534 -0.018368 0.050923 -0.020104 0.085407
180.514888 0.001825 -0.014695 0.019642 -0.018363 0.051424 -0.020100 0.086690
183.031168 0.002111 -0.014652 0.019810 -0.018358 0.052278 -0.020096 0.087988
185.582523 0.002314 -0.014566 0.020108 -0.018353 0.053156 -0.020093 0.089304
188.169442 0.002476 -0.014532 0.020414 -0.018348 0.053856 -0.020088 0.090636
190.792422 0.002682 -0.014525 0.020728 -0.018340 0.054411 -0.020084 0.091985
193.451965 0.003009 -0.014517 0.021049 -0.018328 0.054973 -0.020080 0.093352
196.148581 0.003343 -0.014441 0.021378 -0.018315 0.055540 -0.020075 0.094735
198.882786 0.003448 -0.014365 0.021715 -0.018302 0.056113 -0.020070 0.096136
201.655104 0.003532 -0.014245 0.022060 -0.018290 0.056693 -0.020065 0.097554
204.466067 0.003572 -0.014173 0.022414 -0.018279 0.057279 -0.020060 0.098990
207.316213 0.003666 -0.014018 0.022863 -0.018264 0.057877 -0.020055 0.100444
210.206088 0.003685 -0.013901 0.023411 -0.018248 0.058822 -0.020049 0.101916
213.136247 0.003725 -0.013843 0.023904 -0.018232 0.059777 -0.020043 0.103406
216.107251 0.003797 -0.013819 0.024055 -0.018215 0.060742 -0.020037 0.104914
219.119669 0.003814 -0.013811 0.024468 -0.018197 0.061411 -0.020031 0.106440
222.174078 0.003996 -0.013708 0.024925 -0.018178 0.062030 -0.020025 0.107985
225.271064 0.004082 -0.013602 0.025389 -0.018159 0.062656 -0.020018 0.109548
228.411221 0.004184 -0.013494 0.025860 -0.018133 0.063424 -0.020011 0.111130
231.595149 0.004274 -0.013326 0.026338 -0.018112 0.064513 -0.020004 0.112731
234.823460 0.004312 -0.013269 0.026822 -0.018090 0.065619 -0.019996 0.114350
238.096772 0.004483 -0.013232 0.027303 -0.018068 0.066284 -0.019988 0.115989
241.415712 0.004705 -0.013194 0.027791 -0.018044 0.066942 -0.019980 0.117647
244.780916 0.004768 -0.013154 0.028310 -0.018019 0.067879 -0.019972 0.119324
248.193029 0.004898 -0.013113 0.028709 -0.018000 0.068940 -0.019963 0.121021
251.652705 0.004911 -0.013069 0.029351 -0.017974 0.069737 -0.019954 0.122737
255.160607 0.004956 -0.013024 0.029879 -0.017946 0.070702 -0.019944 0.124472
258.717408 0.004965 -0.012977 0.030414 -0.017917 0.071796 -0.019935 0.126227
262.323788 0.005010 -0.012928 0.030957 -0.017887 0.072902 -0.019924 0.128002
265.980440 0.005029 -0.012878 0.031507 -0.017856 0.074018 -0.019914 0.129797
269.688063 0.005112 -0.012847 0.032004 -0.017824 0.075146 -0.019903 0.131612
273.447368 0.005228 -0.012815 0.032407 -0.017790 0.076284 -0.019892 0.133447
277.259076 0.005277 -0.012714 0.032815 -0.017755 0.077435 -0.019880 0.135302
281.123917 0.005339 -0.012630 0.033377 -0.017718 0.078597 -0.019867 0.137178
285.042632 0.005366 -0.012510 0.034001 -0.017696 0.079770 -0.019855 0.139073
289.015972 0.005413 -0.012369 0.034639 -0.017678 0.080954 -0.019841 0.140989
293.044698 0.005549 -0.012274 0.035292 -0.017659 0.082151 -0.019828 0.142926
297.129582 0.005644 -0.012167 0.035961 -0.017639 0.083359 -0.019814 0.144883
301.271407 0.005720 -0.012023 0.036644 -0.017618 0.084578 -0.019799 0.146860
305.470967 0.005956 -0.011824 0.037344 -0.017597 0.085809 -0.019783 0.148858
309.729067 0.006045 -0.011664 0.038059 -0.017575 0.087052 -0.019767 0.150877
314.046522 0.006070 -0.011507 0.038753 -0.017551 0.088307 -0.019751 0.152916
318.424160 0.006096 -0.011345 0.039413 -0.017527 0.089574 -0.019734 0.154977
322.862820 0.006124 -0.011175 0.040082 -0.017502 0.090852 -0.019716 0.157058
327.363353 0.006182 -0.010999 0.040761 -0.017476 0.092143 -0.019697 0.159160
331.926620 0.006277 -0.010816 0.041449 -0.017449 0.093445 -0.019678 0.161283
336.553498 0.006376 -0.010748 0.042342 -0.017421 0.094759 -0.019658 0.163426
341.244871 0.006483 -0.010692 0.043234 -0.017378 0.096085 -0.019638 0.165591
346.001639 0.006512 -0.010634 0.043811 -0.017342 0.097423 -0.019616 0.167661
350.824714 0.006542 -0.010492 0.044398 -0.017310 0.098773 -0.019594 0.169694
355.715021 0.006864 -0.010261 0.045033 -0.017277 0.100135 -0.019571 0.171745
360.673495 0.007067 -0.010100 0.045780 -0.017243 0.101510 -0.019547 0.173813
365.701088 0.007386 -0.009988 0.046678 -0.017207 0.102896 -0.019522 0.175899
370.798763 0.007845 -0.009938 0.047892 -0.017169 0.104294 -0.019496 0.178003
375.967497 0.008106 -0.009708 0.049147 -0.017131 0.105705 -0.019469 0.180125
381.208280 0.008506 -0.009616 0.050428 -0.017090 0.107128 -0.019441 0.182264
386.522116 0.008780 -0.009503 0.051145 -0.017048 0.108605 -0.019412 0.184421
391.910025 0.008915 -0.009212 0.051925 -0.017004 0.110067 -0.019382 0.186596
397.373038 0.009391 -0.009044 0.052945 -0.016959 0.111468 -0.019351 0.188788
402.912203 0.009788 -0.008967 0.053681 -0.016900 0.112939 -0.019318 0.190998
408.528580 0.010248 -0.008888 0.055071 -0.016843 0.114422 -0.019285 0.193226
414.223247 0.010583 -0.008808 0.056579 -0.016799 0.115918 -0.019250 0.195471
419.997295 0.010923 -0.008725 0.058135 -0.016753 0.117425 -0.019214 0.197733
425.851829 0.011305 -0.008534 0.059723 -0.016706 0.118945 -0.019176 0.200013
431.787973 0.011648 -0.008269 0.060927 -0.016646 0.120477 -0.019137 0.202310
437.806863 0.012144 -0.007973 0.062156 -0.016579 0.122020 -0.019097 0.204625
443.909653 0.012511 -0.007670 0.063410 -0.016491 0.123576 -0.019055 0.206956
450.097513 0.012690 -0.007359 0.064689 -0.016399 0.125144 -0.019012 0.209305
456.371628 0.012877 -0.007129 0.065690 -0.016304 0.126724 -0.018966 0.211671
462.733201 0.013069 -0.006993 0.066657 -0.016205 0.128316 -0.018919 0.214054
469.183451 0.013320 -0.006734 0.067634 -0.016101 0.129920 -0.018871 0.216454
475.723614 0.013637 -0.006530 0.068621 -0.015994 0.131536 -0.018820 0.218871
482.354943 0.013850 -0.006440 0.069619 -0.015881 0.133163 -0.018768 0.221305
489.078709 0.014414 -0.006330 0.070627 -0.015764 0.134803 -0.018714 0.223755
495.896201 0.015089 -0.006072 0.071646 -0.015679 0.136454 -0.018658 0.226221
502.808725 0.015491 -0.005831 0.072676 -0.015591 0.138117 -0.018599 0.228704
509.817606 0.015901 -0.005632 0.073716 -0.015500 0.139792 -0.018538 0.231204
516.924187 0.016099 -0.005401 0.074767 -0.015405 0.141479 -0.018476 0.233719
524.129830 0.016352 -0.005116 0.075919 -0.015306 0.143177 -0.018410 0.236251
531.435916 0.016771 -0.004918 0.076982 -0.015203 0.144886 -0.018343 0.238799
538.843844 0.017354 -0.004813 0.078055 -0.015095 0.146608 -0.018273 0.241362
546.355035 0.017938 -0.004585 0.079138 -0.014939 0.148340 -0.018200 0.243941
553.970928 0.018550 -0.004372 0.080232 -0.014772 0.150084 -0.018124 0.246535
561.692982 0.019163 -0.004154 0.081336 -0.014599 0.151840 -0.018046 0.249145
569.522678 0.019786 -0.003824 0.082451 -0.014418 0.153606 -0.017965 0.251770
577.461515 0.020420 -0.003526 0.083576 -0.014229 0.155384 -0.017881 0.254410
585.511016 0.021104 -0.003019 0.084711 -0.014032 0.157173 -0.017793 0.257065
593.672722 0.021616 -0.002585 0.085861 -0.013828 0.158973 -0.017703 0.259734
601.948197 0.022248 -0.002238 0.087134 -0.013672 0.160783 -0.017609 0.262418
610.339029 0.022972 -0.001993 0.088776 -0.013511 0.162605 -0.017512 0.265116
618.846824 0.023358 -0.001738 0.090344 -0.013344 0.164437 -0.017411 0.267829
627.473213 0.024234 -0.001474 0.092041 -0.013170 0.166280 -0.017306 0.270555
636.219849 0.025016 -0.001199 0.093762 -0.013020 0.168133 -0.017198 0.273295
645.088409 0.025572 -0.000995 0.095504 -0.012802 0.169997 -0.017086 0.276049
654.080591 0.026403 -0.000829 0.097269 -0.012606 0.171872 -0.016969 0.278816
663.198120 0.027345 -0.000656 0.099056 -0.012359 0.173756 -0.016849 0.281595
672.442742 0.028284 -0.000476 0.100865 -0.012078 0.175650 -0.016723 0.284388
681.816229 0.029095 -0.000181 0.102696 -0.011863 0.177555 -0.016594 0.287194
691.320378 0.029618 0.000153 0.104549 -0.011614 0.179469 -0.016460 0.290012
700.957009 0.030401 0.000506 0.106424 -0.011313 0.181393 -0.016321 0.292842
710.727970 0.031016 0.000964 0.108320 -0.011026 0.183327 -0.016176 0.295684
720.635132 0.031897 0.001360 0.110238 -0.010777 0.185270 -0.016027 0.298537
730.680395 0.032869 0.001698 0.112178 -0.010537 0.187223 -0.015873 0.301402
740.865683 0.034028 0.002185 0.114138 -0.010310 0.189185 -0.015712 0.304279
751.192949 0.034559 0.002506 0.116120 -0.010074 0.191156 -0.015547 0.307166
761.664172 0.035323 0.002752 0.118122 -0.009801 0.193996 -0.015375 0.310064
772.281357 0.036453 0.003463 0.120145 -0.009494 0.195978 -0.015197 0.312972
783.046540 0.037816 0.004201 0.122188 -0.009175 0.197968 -0.015013 0.315891
793.961785 0.039209 0.004708 0.124251 -0.008842 0.202263 -0.014822 0.318819
805.029181 0.040787 0.004806 0.126334 -0.008514 0.204252 -0.014625 0.321757
816.250851 0.042165 0.005221 0.128436 -0.008144 0.206248 -0.014421 0.324704
827.628946 0.043265 0.005667 0.130558 -0.007735 0.208252 -0.014210 0.327660
839.165644 0.044303 0.006202 0.132698 -0.007340 0.210263 -0.013991 0.330625
850.863158 0.045372 0.006482 0.134946 -0.006953 0.212281 -0.013765 0.333598
862.723729 0.046472 0.006793 0.137120 -0.006547 0.214306 -0.013531 0.336580
874.749630 0.047440 0.007173 0.139312 -0.006136 0.216555 -0.013290 0.339569
886.943166 0.048591 0.007637 0.141521 -0.005701 0.219216 -0.013039 0.342566
899.306672 0.049700 0.008567 0.144332 -0.005315 0.221897 -0.012781 0.345570
911.842520 0.050819 0.009271 0.147219 -0.004962 0.224598 -0.012513 0.348581
924.553110 0.051840 0.010255 0.150121 -0.004716 0.227226 -0.012237 0.351598
937.440879 0.053129 0.011194 0.153060 -0.004180 0.229499 -0.011951 0.354622
950.508296 0.054683 0.012067 0.156036 -0.003622 0.231786 -0.011656 0.357651
963.757866 0.055544 0.012996 0.159045 -0.003042 0.234085 -0.011351 0.360687
977.192128 0.057457 0.013516 0.161520 -0.002458 0.236244 -0.011037 0.363727
990.813657 0.059101 0.014256 0.164337 -0.001825 0.238334 -0.010711 0.366773
1004.625062 0.060355 0.014756 0.165857 -0.001243 0.240463 -0.010375 0.369823
1018.628990 0.061636 0.015342 0.167144 -0.000647 0.243408 -0.010029 0.372877
1032.828126 0.063231 0.015882 0.168614 -0.000043 0.246202 -0.009671 0.375935
1047.225190 0.065197 0.016312 0.169799 0.000585 0.249100 -0.009302 0.378997
1061.822941 0.067030 0.016850 0.171874 0.000957 0.252015 -0.008921 0.382063
1076.624177 0.068530 0.017429 0.173995 0.001186 0.254873 -0.008528 0.385131
1091.631734 0.069857 0.018538 0.176392 0.001700 0.257259 -0.008123 0.388202
1106.848489 0.071652 0.019823 0.178809 0.002427 0.259656 -0.007705 0.391275
1122.277356 0.073015 0.020192 0.181235 0.002900 0.262670 -0.007275 0.394350
1137.921294 0.075373 0.020417 0.183667 0.003753 0.265830 -0.006831 0.397427
1153.783300 0.077865 0.021609 0.186110 0.004641 0.269139 -0.006374 0.400505
1169.866413 0.080126 0.022382 0.188563 0.005243 0.272077 -0.005903 0.403584
1186.173716 0.083033 0.023418 0.191100 0.005741 0.275245 -0.005419 0.406663
1202.708335 0.085220 0.024710 0.193762 0.006589 0.278430 -0.004920 0.409743
1219.473437 0.087463 0.025532 0.196224 0.007462 0.281629 -0.004407 0.412822
1236.472235 0.090137 0.026387 0.199391 0.008344 0.284843 -0.003879 0.415901
1253.707987 0.092841 0.027571 0.203864 0.008831 0.288072 -0.003336 0.418979
1271.183997 0.095736 0.029015 0.208605 0.009516 0.291315 -0.002778 0.422056
1288.903612 0.098022 0.030559 0.212236 0.010045 0.294570 -0.002204 0.425132
1306.870230 0.099917 0.031901 0.215892 0.010303 0.297839 -0.001615 0.428206
1325.087292 0.102172 0.033188 0.218581 0.010588 0.301119 -0.001010 0.431277
1343.558290 0.104258 0.034465 0.221020 0.011071 0.304411 -0.000675 0.434346
1362.286764 0.106207 0.035224 0.223475 0.011305 0.307714 -0.000508 0.437412
1381.276303 0.108542 0.036877 0.225946 0.011548 0.311028 -0.000342 0.440475
1400.530545 0.111273 0.038513 0.228434 0.011942 0.314352 -0.000176 0.445014
1420.053182 0.113671 0.039725 0.230937 0.012362 0.317685 -0.000011 0.450381
1439.847953 0.116428 0.040957 0.233456 0.012829 0.321026 0.000154 0.455682
1459.918652 0.119109 0.042208 0.235992 0.013628 0.324376 0.000318 0.460914
1480.269127 0.121530 0.043547 0.238887 0.014704 0.327734 0.000482 0.466077
1500.903276 0.124032 0.044975 0.241980 0.015808 0.331098 0.000645 0.471167
1521.825053 0.127228 0.046300 0.247536 0.016939 0.334469 0.000807 0.476184
1543.038469 0.130466 0.047914 0.251450 0.017621 0.337845 0.000969 0.481124
1564.547589 0.133824 0.049766 0.253930 0.018196 0.341226 0.001130 0.485988
1586.356534 0.136904 0.052080 0.257940 0.018790 0.344612 0.001289 0.490772
1608.469483 0.140578 0.054014 0.261962 0.019405 0.348002 0.001448 0.495477
1630.890676 0.144206 0.056361 0.264890 0.020040 0.351395 0.001606 0.500101
1653.624407 0.148066 0.058422 0.267804 0.020696 0.354790 0.001763 0.504643
1676.675035 0.151903 0.059937 0.272358 0.021374 0.358188 0.001919 0.509102
1700.046975 0.155885 0.062536 0.274633 0.022075 0.361544 0.002074 0.513478
1723.744708 0.159339 0.065084 0.277484 0.022436 0.364873 0.002227 0.517770
1747.772774 0.163176 0.067493 0.281122 0.022720 0.368276 0.002380 0.521977
1772.135779 0.166478 0.070104 0.283310 0.023001 0.371742 0.002531 0.526100
1796.838391 0.169795 0.072906 0.285630 0.023279 0.375181 0.002681 0.530138
1821.885343 0.172695 0.075876 0.288656 0.023554 0.378597 0.002829 0.534090
1847.281437 0.175324 0.078698 0.291056 0.023827 0.382057 0.002976 0.537959
1873.031539 0.178092 0.081516 0.293332 0.024469 0.385515 0.003122 0.541742
1899.140582 0.181617 0.083890 0.295572 0.025237 0.388968 0.003267 0.545442
1925.613572 0.185480 0.086988 0.297693 0.026022 0.392417 0.003410 0.549057
1952.455581 0.189439 0.088982 0.300207 0.026759 0.395861 0.003551 0.552589
1979.671753 0.192763 0.091752 0.303600 0.027577 0.399299 0.003691 0.556038
2007.267304 0.195816 0.095162 0.305556 0.028411 0.402801 0.003830 0.559404
2035.247521 0.199577 0.098325 0.307986 0.029263 0.408778 0.003967 0.562689
2063.617768 0.202898 0.102124 0.312820 0.029569 0.414964 0.004102 0.565894
2092.383480 0.206862 0.105909 0.315203 0.029757 0.421132 0.004236 0.569018
2121.550171 0.211355 0.109655 0.317165 0.029943 0.426977 0.004368 0.572064
2151.123430 0.215679 0.113481 0.319750 0.030128 0.432438 0.004499 0.575032
2181.108924 0.219771 0.116112 0.322334 0.030325 0.435284 0.004628 0.577922
2211.512400 0.223969 0.118838 0.327071 0.030507 0.438125 0.004755 0.580737
2242.339683 0.227150 0.122994 0.331613 0.030687 0.440960 0.004881 0.583477
2273.596682 0.229860 0.127601 0.335828 0.030865 0.443788 0.005005 0.586144
2305.289387 0.232370 0.131769 0.339920 0.031399 0.446705 0.005127 0.588738
2337.423871 0.236390 0.136030 0.343174 0.031576 0.449518 0.005247 0.591261
2370.006292 0.239529 0.139738 0.346713 0.031752 0.452323 0.005366 0.593714
2403.042894 0.243310 0.143921 0.350800 0.031925 0.455121 0.005484 0.596099
2436.540009 0.245801 0.148184 0.355734 0.032387 0.457911 0.005599 0.598417
2470.504055 0.250550 0.152717 0.359695 0.033287 0.460693 0.005713 0.600668
2504.941542 0.255745 0.156506 0.364981 0.034209 0.463467 0.005825 0.602855
2539.859069 0.260497 0.161222 0.368904 0.035151 0.466232 0.005935 0.604978
2575.263327 0.264454 0.164821 0.371869 0.036116 0.468988 0.006044 0.607040
2611.161101 0.269000 0.169409 0.375769 0.037101 0.471735 0.006151 0.609041
2647.559271 0.273702 0.173133 0.378924 0.038108 0.474473 0.006256 0.610982
2684.464811 0.279578 0.177176 0.383475 0.038844 0.477201 0.006360 0.612866
2721.884795 0.284081 0.178986 0.386926 0.039803 0.479919 0.006462 0.614693
2759.826392 0.289188 0.182765 0.389248 0.040869 0.482627 0.006562 0.616465
2798.296876 0.295771 0.185381 0.391748 0.041718 0.485324 0.006660 0.618183
2837.303617 0.299784 0.187987 0.393681 0.042195 0.488011 0.006757 0.619848
2876.854090 0.302871 0.189310 0.397961 0.043208 0.490858 0.006852 0.621463
2916.955876 0.306408 0.191675 0.402599 0.043722 0.494164 0.006946 0.623027
2957.616659 0.310599 0.196872 0.405798 0.044211 0.497378 0.007038 0.624542
2998.844231 0.314343 0.200091 0.410084 0.044700 0.500502 0.007128 0.626010
3040.646493 0.317736 0.201843 0.414282 0.045192 0.503537 0.007217 0.627432
3083.031457 0.322012 0.204042 0.420543 0.045727 0.506484 0.007304 0.628809
3126.007243 0.326468 0.208560 0.426270 0.046202 0.509345 0.007389 0.630142
3169.582089 0.330239 0.213317 0.431700 0.046674 0.513751 0.007473 0.631433
3213.764344 0.333940 0.216020 0.435215 0.047169 0.519505 0.007555 0.632682
3258.562476 0.337843 0.217281 0.439182 0.047666 0.525210 0.007636 0.633891
3303.985070 0.341441 0.218864 0.444032 0.048164 0.530865 0.007715 0.635061
3350.040830 0.347127 0.221420 0.448237 0.048663 0.534700 0.007793 0.636193
3396.738582 0.349932 0.225222 0.451438 0.049163 0.539708 0.007869 0.637288
3444.087276 0.353463 0.227254 0.454997 0.049664 0.545222 0.007943 0.638347
3492.095985 0.357364 0.228952 0.457767 0.050165 0.550679 0.008017 0.639372
3540.773909 0.361263 0.230021 0.461645 0.050667 0.555864 0.008088 0.640363
3590.130377 0.365783 0.233474 0.465045 0.051170 0.561206 0.008159 0.641321
3640.174847 0.370689 0.234548 0.468896 0.051673 0.566692 0.008228 0.642247
3690.916911 0.374856 0.236307 0.475244 0.052177 0.571703 0.008295 0.643143
3742.366291 0.379731 0.239243 0.480605 0.052681 0.576855 0.008361 0.644009
3794.532847 0.383599 0.241492 0.485894 0.053185 0.581942 0.008426 0.644846
3847.426577 0.386799 0.242642 0.490533 0.053690 0.586962 0.008489 0.646511
3901.057617 0.390274 0.244033 0.494040 0.054195 0.591915 0.008552 0.649947
3955.436245 0.394449 0.245414 0.497285 0.054959 0.596798 0.008612 0.653312
4010.572881 0.398334 0.246785 0.501941 0.055860 0.601612 0.008672 0.656607
4066.478092 0.400913 0.248145 0.507265 0.056760 0.606356 0.008730 0.659832
4123.162591 0.404433 0.250420 0.512482 0.057658 0.611029 0.008787 0.662990
4180.637241 0.407949 0.251458 0.517763 0.058553 0.615630 0.008843 0.666079
4238.913057 0.412072 0.252488 0.521206 0.058843 0.620158 0.008898 0.669101
4298.001206 0.417243 0.253643 0.525292 0.059077 0.624614 0.008951 0.672057
4357.913012 0.420969 0.254789 0.531809 0.059307 0.627340 0.009004 0.674948
4418.659956 0.425359 0.256086 0.536818 0.059533 0.629366 0.009055 0.677775
4480.253680 0.430177 0.258608 0.541027 0.059753 0.631367 0.009105 0.680584
4542.705986 0.435381 0.260652 0.546002 0.059969 0.633344 0.009154 0.683330
4606.028844 0.437957 0.261761 0.553084 0.060239 0.637828 0.009201 0.686011
4670.234388 0.440229 0.262778 0.555816 0.060740 0.642338 0.009248 0.688630
4735.334923 0.442612 0.263313 0.559715 0.061240 0.646769 0.009294 0.691186
4801.342924 0.445090 0.263834 0.564035 0.061739 0.649096 0.009339 0.693417
4868.271040 0.448251 0.264852 0.567776 0.062237 0.649703 0.009382 0.695815
4936.132098 0.451659 0.266059 0.572573 0.062733 0.654410 0.009425 0.698155
5004.939103 0.454806 0.267256 0.577128 0.063229 0.655798 0.009467 0.700438
5074.705239 0.457947 0.268440 0.580399 0.063724 0.658825 0.009508 0.702666
5145.443878 0.461080 0.269614 0.584938 0.064217 0.663386 0.009548 0.704840
5217.168576 0.464269 0.270776 0.588924 0.064710 0.667686 0.009586 0.706960
5289.893076 0.467200 0.271827 0.593878 0.065200 0.671869 0.009624 0.709027
5363.631317 0.469718 0.272735 0.597696 0.065690 0.675935 0.009662 0.711043
5438.397428 0.471526 0.274194 0.601059 0.066019 0.679888 0.009698 0.713008
5514.205739 0.473471 0.275415 0.604775 0.066059 0.683347 0.009733 0.714924
5591.070777 0.475817 0.276415 0.609559 0.066243 0.687115 0.009768 0.716790
5669.007271 0.477765 0.277508 0.614249 0.066719 0.690773 0.009802 0.718610
5748.030158 0.479611 0.278340 0.618343 0.067194 0.694324 0.009835 0.720382
5828.154581 0.481444 0.279046 0.623208 0.067667 0.697768 0.009867 0.722109
5909.395895 0.484220 0.279373 0.628140 0.068138 0.701109 0.009899 0.723791
5991.769669 0.485746 0.280440 0.632059 0.068607 0.704513 0.009929 0.725429
6075.291689 0.488233 0.281121 0.636015 0.069075 0.707620 0.009959 0.727024
6159.977960 0.489532 0.281537 0.638869 0.069540 0.710630 0.009989 0.728577
6245.844712 0.493589 0.281841 0.642326 0.070003 0.713545 0.010017 0.730089
6332.908400 0.496462 0.282357 0.646172 0.070465 0.716369 0.010045 0.731561
6421.185709 0.498432 0.283059 0.649527 0.070924 0.719855 0.010073 0.732994
6510.693555 0.501629 0.283747 0.653743 0.071381 0.723487 0.010099 0.734389
6601.449093 0.505042 0.284420 0.657064 0.071836 0.726259 0.010125 0.736396
6693.469713 0.508401 0.285146 0.661468 0.072289 0.729679 0.010150 0.737896
6786.773051 0.511111 0.286092 0.664499 0.072739 0.732039 0.010175 0.740117
6881.376986 0.513789 0.287028 0.668005 0.073187 0.734212 0.010199 0.742384
6977.299650 0.516526 0.287952 0.671225 0.073633 0.736396 0.010223 0.744527
7074.559423 0.518184 0.288866 0.675049 0.074063 0.738460 0.010246 0.747412
7173.174944 0.521357 0.289769 0.677988 0.074236 0.740413 0.010268 0.750201
7273.165113 0.524184 0.290167 0.681035 0.074404 0.742377 0.010290 0.752896
7374.549090 0.526703 0.290514 0.683232 0.074568 0.743763 0.010311 0.755500
7477.346305 0.529189 0.291579 0.685448 0.074728 0.744823 0.010332 0.758014
7581.576458 0.531644 0.292220 0.687550 0.074987 0.746979 0.010352 0.760442
7687.259522 0.533741 0.292758 0.689985 0.075286 0.749045 0.010372 0.762614
7794.415750 0.536457 0.293283 0.692111 0.075575 0.750328 0.010391 0.764708
7903.065679 0.538334 0.293798 0.693858 0.075855 0.751667 0.010410 0.766729
8013.230128 0.541142 0.294301 0.695345 0.076126 0.753903 0.010429 0.768679
8124.930211 0.542902 0.294793 0.697180 0.076388 0.756061 0.010447 0.770561
8238.187331 0.544151 0.295275 0.698759 0.076643 0.757937 0.010464 0.772376
8353.023195 0.545822 0.295746 0.700433 0.076888 0.759448 0.010481 0.774127
8469.459808 0.546941 0.296922 0.703079 0.077126 0.760919 0.010498 0.775815
8587.519485 0.547390 0.298135 0.705683 0.077356 0.762350 0.010514 0.777443
8707.224849 0.547824 0.299319 0.708019 0.077578 0.763744 0.010530 0.779011
8828.598841 0.548496 0.300475 0.709557 0.077793 0.765099 0.010545 0.780524
8951.664721 0.550078 0.301604 0.711034 0.078001 0.766418 0.010560 0.781981
9076.446073 0.550471 0.302649 0.712850 0.078202 0.767702 0.010575 0.783385
9202.966809 0.550852 0.303054 0.714954 0.078395 0.768950 0.010589 0.784738
9331.251175 0.551220 0.303450 0.716985 0.078583 0.770165 0.010603 0.786041
9461.323756 0.553372 0.303837 0.718944 0.078763 0.771346 0.010616 0.787297
9593.209478 0.553716 0.304216 0.720833 0.078938 0.772495 0.010630 0.788506
9726.933615 0.554194 0.304585 0.722608 0.079106 0.773619 0.010642 0.789796
9862.521795 0.555384 0.304946 0.724414 0.079269 0.774698 0.010655 0.791075
10000.000000 0.557109 0.305299 0.726069 0.079426 0.775754 0.010667 0.792307
