10.000000 0.000000 0.000000 0.000000 0.000000 0.000000 0.000000 0.000000
10.139395 0.000000 0.000000 0.000000 0.000000 0.000000 0.000000 0.000000
10.280732 0.000000 0.000000 0.000000 0.000000 0.000000 0.000000 0.000000
10.424040 0.000000 0.000000 0.000000 0.000000 0.000000 0.000000 0.000000
10.569346 0.000000 0.000000 0.000000 0.000000 0.000000 0.000000 0.000000
10.716676 0.000000 0.000000 0.000000 0.000000 0.000000 0.000000 0.000000
10.866061 0.000000 0.000000 0.000000 0.000000 0.000000 0.000000 0.000000
11.017528 0.000000 0.000000 0.000000 0.000000 0.000000 0.000000 0.000000
11.171107 0.000000 0.000000 0.000000 0.000000 0.000000 0.000000 0.000000
11.326826 0.000000 0.000000 0.000000 0.000000 0.000000 0.000000 0.000000
11.484715 0.000000 0.000000 0.000000 0.000000 0.000000 0.000000 0.000000
11.644806 0.000000 0.000000 0.000000 0.000000 0.000000 0.000000 0.000000
11.807128 0.000000 0.000000 0.000000 0.000000 0.000000 0.000000 0.000000
11.971713 0.000000 0.000000 0.000000 0.000000 0.000000 0.000000 0.000000
12.138593 0.000000 0.000000 0.000000 0.000000 0.000000 0.000000 0.000000
12.307798 0.000000 0.000000 0.000000 0.000000 0.000000 0.000000 0.000000
12.479362 0.000000 0.000000 0.000000 0.000000 0.000000 0.000000 0.000000
12.653318 0.000000 0.000000 0.000000 0.000000 0.000000 0.000000 0.000000
12.829698 0.000000 0.000000 0.000000 0.000000 0.000000 0.000000 0.000000
13.008537 0.000000 0.000000 0.000000 0.000000 0.000000 0.000000 0.000000
13.189869 0.000000 0.000000 0.000000 0.000000 0.000000 0.000000 0.000000
13.373729 0.000000 0.000000 0.000000 0.000000 0.000000 0.000000 0.000000
13.560151 0.000000 0.000000 0.000000 0.000000 0.000000 0.000000 0.000000
13.749172 0.000000 0.000000 0.000000 0.000000 0.000000 0.000000 0.000000
13.940828 0.000000 0.000000 0.000000 0.000000 0.000000 0.000000 0.000000
14.135156 0.000000 0.000000 0.000000 0.000000 0.000000 0.000000 0.000000
14.332192 0.000000 0.000000 0.000000 0.000000 0.000000 0.000000 0.000000
14.531975 0.000000 0.000000 0.000000 0.000000 0.000000 0.000000 0.000000
14.734543 0.000000 0.000000 0.000000 0.000000 0.000000 0.000000 0.000000
14.939935 0.000000 0.000000 0.000000 0.000000 0.000000 0.000000 0.000000
15.148189 0.000000 0.000000 0.000000 0.000000 0.000000 0.000000 0.000000
15.359347 0.000000 0.000000 0.000000 0.000000 0.000000 0.000000 0.000000
15.573448 0.000000 0.000000 0.000000 0.000000 0.000000 0.000000 0.000000
15.790533 0.000000 0.000000 0.000000 0.000000 0.000000 0.000000 0.000000
16.010645 0.000000 0.000000 0.000000 0.000000 0.000000 0.000000 0.000000
16.233824 0.000000 0.000000 0.000000 0.000000 0.000000 0.000000 0.000000
16.460115 0.000000 0.000000 0.000000 0.000000 0.000000 0.000000 0.000000
16.689560 0.000000 0.000000 0.000000 0.000000 0.000000 0.000000 0.000000
16.922204 0.000000 0.000000 0.000000 0.000000 0.000000 0.000000 0.000000
17.158090 0.000000 0.000000 0.000000 0.000000 0.000000 0.000000 0.000000
17.397264 0.000000 0.000000 0.000000 0.000000 0.000000 0.000000 0.000000
17.639773 0.000000 0.000000 0.000000 0.000000 0.000000 0.000000 0.000000
17.885662 0.000000 0.000000 0.000000 0.000000 0.000000 0.000000 0.000000
18.134978 0.000000 0.000000 0.000000 0.000000 0.000000 0.000000 0.000000
18.387770 0.000000 0.000000 0.000000 0.000000 0.000000 0.000000 0.000000
18.644085 0.000000 0.000000 0.000000 0.000000 0.000000 0.000000 0.000000
18.903974 0.000000 0.000000 0.000000 0.000000 0.000000 0.000000 0.000000
19.167485 0.000000 0.000000 0.000000 0.000000 0.000000 0.000000 0.000000
19.434669 0.000000 0.000000 0.000000 0.000000 0.000000 0.000000 0.000000
19.705578 0.000000 0.000000 0.000000 0.000000 0.000000 0.000000 0.000000
19.980263 1040.790540 776.730020 2180.737794 598.577186 7740.943544 412.257725 13652.096146
20.258777 1044.081448 779.170045 2191.412231 600.651505 7711.482620 416.127042 13619.137132
20.541173 1047.509368 782.232729 2185.327460 602.747450 7663.244456 420.013901 13585.637048
20.827506 1049.699276 785.068195 2187.440684 604.865196 7614.021854 423.918557 13563.618092
21.117830 1050.082745 787.816460 2197.921846 607.002214 7595.925961 427.873688 13565.484399
21.412202 1052.883227 790.504193 2218.536242 609.150783 7604.625923 431.973148 13568.977927
21.710676 1056.749419 792.282139 2239.244238 611.321592 7613.437008 436.090407 13572.519234
22.013311 1059.717845 794.634136 2251.862929 613.514818 7622.360515 440.225744 13576.108962
22.320165 1058.980973 796.888265 2258.094871 615.730507 7631.453895 444.391343 13579.889282
22.631296 1064.957265 798.720790 2264.470774 617.967306 7641.361465 448.722436 13585.483680
22.946764 1068.035515 801.345418 2270.917276 620.227049 7644.365289 453.071631 13591.153710
23.266629 1072.431917 802.170337 2277.435007 622.509917 7627.951104 457.439234 13596.900362
23.590953 1074.743209 803.691332 2284.024603 624.816090 7611.271973 461.825548 13602.724642
23.919798 1076.012874 803.888200 2290.763830 627.130987 7595.923769 466.381145 13610.317507
24.253227 1076.659050 806.637397 2302.917019 629.468607 7580.422972 470.963888 13618.109901
24.591304 1075.855442 809.411336 2315.322753 631.829982 7564.673673 475.565425 13626.006366
24.934094 1076.284518 812.295270 2301.935621 634.215296 7548.671287 479.667418 13634.008235
25.281661 1076.596966 813.236726 2289.717071 636.609535 7517.925570 482.259771 13643.489475
25.634074 1076.996459 815.134973 2298.314041 639.024556 7468.989596 484.886399 13653.407096
25.991399 1077.752790 817.905473 2306.998140 641.463958 7419.041928 487.535192 13663.455614
26.353705 1078.741913 820.443928 2315.770040 643.927929 7368.052318 490.206295 13673.636663
26.721062 1079.917835 822.180061 2312.031954 646.400913 7320.098772 492.931095 13685.036902
27.093539 1082.106740 821.932167 2310.824164 648.891548 7273.051557 495.692841 13697.083780
27.471208 1081.688713 822.443046 2327.248502 651.407179 7225.035744 498.477462 13709.287776
27.854142 1081.924890 824.933663 2330.005308 653.947996 7176.022594 501.285106 13721.650807
28.242413 1082.839703 827.385858 2334.905325 656.498629 7129.182334 504.128562 13735.004069
28.636097 1083.790545 829.796844 2323.506191 659.062359 7155.974682 507.005411 13749.191822
29.035269 1084.753790 832.180489 2309.695253 661.651683 7185.949754 509.905789 13763.562412
29.440005 1085.567445 834.300359 2295.606963 664.266795 7156.827589 512.829850 13778.118017
29.850382 1086.176504 837.126620 2312.483746 666.898012 7118.141075 515.777393 13793.458756
30.266481 1087.918882 839.497075 2317.110624 669.542128 7133.684846 518.748454 13809.798296
30.688379 1088.846860 841.366310 2311.474441 672.212484 7122.910556 521.743656 13826.345886
31.116158 1092.540143 844.059601 2315.446153 674.909275 7146.613098 524.763154 13843.103944
31.549901 1093.649892 846.105416 2326.668481 677.619801 7181.567981 527.799924 13860.462807
31.989689 1094.886823 848.511289 2323.370745 680.326776 7198.361112 530.844441 13878.955433
32.435608 1095.956297 850.790381 2337.305666 683.060532 7215.348424 533.913672 13897.680711
32.887743 1097.131799 853.055032 2356.996495 685.821269 7192.913681 537.007775 13916.641286
33.346180 1100.782170 855.324591 2373.092469 688.600174 7209.784246 540.119117 13936.044899
33.811008 1102.905762 857.195753 2398.841986 690.482664 7227.261122 543.217489 13956.699228
34.282315 1104.183978 857.127954 2417.492605 691.283108 7237.120223 546.341110 13977.610305
34.760192 1105.478504 858.424375 2420.800761 692.093764 7225.260064 549.490144 13987.733376
35.244730 1110.902037 859.302773 2434.757922 692.919504 7235.396217 552.662093 13966.176240
35.736022 1116.229176 861.645572 2443.634290 693.868725 7270.026218 555.646087 13946.754691
36.234163 1114.815099 863.931725 2452.601590 694.829854 7304.971330 558.806726 13927.034763
36.739248 1113.379476 865.477563 2461.660537 695.803025 7337.851579 561.993275 13907.011400
37.251373 1112.694926 866.068477 2473.189862 696.788373 7357.258274 565.205900 13886.679444
37.770637 1117.620379 868.835610 2492.531505 697.895812 7383.776929 568.370084 13868.315871
38.297139 1122.594929 872.164977 2526.912111 699.027636 7430.943853 571.553211 13849.895405
38.830980 1127.611444 873.296304 2555.947931 700.173369 7465.004600 574.762710 13831.193119
39.372263 1129.657400 875.340787 2560.774349 701.333162 7486.386262 577.998753 13812.204278
39.921091 1129.558430 879.136673 2565.826727 702.600362 7508.331607 581.186937 13794.827927
40.477570 1129.499936 881.709694 2570.986437 703.909002 7530.609289 584.380989 13777.721956
41.041805 1133.683506 882.896836 2582.032609 705.484324 7553.130423 587.601837 13760.355825
41.613906 1133.553367 883.928237 2598.850920 712.939681 7575.897134 590.849657 13742.725214
42.193981 1133.549624 884.800244 2586.969565 716.432448 7599.172901 594.052981 13726.369509
42.782142 1133.656248 885.935882 2592.584308 717.716212 7625.983840 597.245245 13710.593770
43.378502 1133.708295 886.857116 2617.765088 721.350997 7667.224034 600.464681 13694.579572
43.983175 1135.969052 888.840056 2642.304174 725.273376 7708.813838 603.711465 13678.323001
44.596276 1142.483754 890.938740 2637.979402 731.696678 7751.437382 606.905211 13663.022126
45.217924 1142.362391 892.625358 2669.258939 737.344417 7795.038593 610.052940 13648.593432
45.848238 1143.598172 893.412897 2676.063358 743.027054 7838.999978 613.228049 13633.948019
46.487337 1145.710459 895.934886 2692.932246 748.744870 7883.323864 616.430721 13619.082377
47.135345 1150.053761 897.860526 2716.399335 753.991790 7928.606707 619.617787 13604.871184
47.792386 1151.447800 899.237238 2710.021412 758.496067 7975.172225 622.765891 13591.807088
48.458586 1151.739517 901.892402 2705.687618 763.035984 8022.110872 625.941712 13578.548051
49.134073 1152.035224 904.541371 2710.708213 767.583866 8069.425052 629.145435 13565.090959
49.818975 1155.615079 907.392980 2739.155580 772.162477 8117.575023 632.348057 13552.004926
50.513425 1156.802799 909.413244 2786.685999 775.807045 8167.377707 635.497710 13540.323904
51.217554 1161.283213 910.413651 2791.410618 778.774321 8217.566450 638.675408 13528.469758
51.931499 1165.913935 911.471261 2784.523947 781.771460 8216.166351 641.881339 13516.439756
52.655396 1166.980324 912.300450 2824.422184 784.781105 8212.308296 645.100932 13504.515054
53.389384 1171.712185 913.600373 2859.535422 787.708556 8209.624625 648.254836 13494.236564
54.133603 1173.695208 915.926686 2893.136311 790.665749 8206.902650 651.437114 13483.806798
54.888196 1177.779167 917.825719 2913.811917 793.652912 8232.035178 654.647957 13473.223404
55.653308 1182.299236 918.978748 2933.966124 796.669354 8229.242443 657.886878 13463.200858
56.429085 1182.813908 921.281174 2956.010004 799.486240 8264.758957 661.048649 13565.085433
57.215676 1183.335526 922.723186 3006.769132 801.396372 8373.115607 664.239128 13667.614797
58.013231 1183.864180 924.183001 3049.599637 803.328493 8481.569413 667.458510 13770.793977
58.821904 1184.785526 926.957901 3104.257995 805.282813 8587.031013 670.706991 13874.628027
59.641849 1185.305852 929.968445 3163.215040 807.238481 8659.920022 673.893368 14055.787549
60.473224 1185.958731 932.816737 3219.078622 809.213620 8733.612125 677.096018 14247.764689
61.316188 1187.188361 935.695880 3274.920067 811.211381 8807.701962 680.327917 14439.812172
62.170903 1189.495931 938.606140 3321.513877 813.231979 8849.746960 683.589267 14631.963307
63.037532 1193.869514 941.464904 3380.740860 815.282158 8886.173401 686.803983 14831.884692
63.916241 1195.502452 944.326626 3443.530884 817.357876 8923.094240 690.022437 15034.435248
64.807198 1198.467103 946.992658 3509.762909 819.457160 8960.374410 693.270499 15237.060374
65.710575 1207.126533 948.011344 3573.967068 821.580230 8998.016545 696.548373 15439.795200
66.626545 1213.009482 950.433899 3639.117337 823.726424 9045.633562 699.768197 15635.324545
67.555283 1222.611714 953.448067 3706.662475 825.896293 9163.664948 702.963407 15684.317431
68.496967 1225.866351 957.128440 3773.915047 828.090603 9281.809289 706.188397 15733.837491
69.451778 1232.612995 959.699078 3830.431647 830.309580 9400.084538 709.443373 15783.889207
70.419898 1235.807788 962.267064 3906.526044 832.536587 9494.871707 712.682402 15834.647840
71.401513 1244.467412 964.830875 3974.803653 834.770895 9533.456905 715.903340 15886.127327
72.396811 1246.312436 967.378633 4027.159780 837.030258 9572.421161 719.154448 15938.154641
73.405984 1251.640847 969.065342 4088.094399 839.314906 9611.767288 722.435936 15990.734358
74.429223 1258.277768 971.340623 4135.529435 841.621290 9651.706925 725.714350 16043.981526
75.466726 1264.619709 975.292247 4181.409798 843.946644 9692.407495 728.963411 16097.988169
76.518692 1273.898388 977.647237 4263.179657 846.297888 9733.501646 732.243043 16152.563269
77.585321 1275.049810 978.513525 4313.104066 848.675256 9774.992239 735.553461 16207.711490
78.666818 1276.720077 980.317122 4375.769582 850.118737 9817.019515 738.873244 16263.499572
79.763391 1281.401397 982.545479 4404.666354 850.028682 9859.908899 742.151822 16320.078214
80.875249 1283.154869 988.132280 4420.240800 849.937362 9903.206489 745.461380 16488.803964
82.002606 1289.386340 991.433619 4448.795354 849.844759 9946.915199 748.802137 16707.493899
83.145678 1293.981953 994.196045 4512.280804 850.241926 9991.100364 752.164678 16927.482787
84.304684 1300.608226 996.016950 4537.028675 855.009473 10036.256938 755.473271 17157.647276
85.479845 1307.403329 996.920934 4561.984446 859.816486 10081.836468 758.813256 17387.909714
86.671388 1307.694647 998.738889 4608.354308 864.663222 10127.841918 762.184854 17618.309523
87.879540 1317.246919 1001.442755 4644.384393 869.549937 10174.276266 765.588291 17848.884680
89.104533 1327.043853 1006.452232 4699.266383 873.479669 10221.764756 768.891462 18090.966382
90.346602 1334.344383 1009.431487 4743.004760 876.066811 10269.708853 772.222455 18333.480206
91.605985 1344.604663 1011.452835 4798.757208 878.682240 10385.415828 775.585273 18576.142268
92.882923 1354.928639 1013.498243 4867.509352 881.326201 10513.910977 778.980146 18818.992437
94.177660 1363.411523 1015.517816 4970.356672 883.782482 10607.064638 782.325854 19072.291360
95.490446 1365.727048 1017.552056 5045.175385 886.245095 10645.802592 785.688432 19327.624398
96.821531 1373.243288 1019.610508 5118.975044 888.735068 10798.986641 789.083253 19583.117861
98.171170 1371.082039 1021.847035 5196.384403 891.252647 10899.666467 792.510548 19838.813567
99.539623 1372.760210 1023.967197 5272.667823 893.780421 10979.556660 795.900493 20103.776810
100.927151 1372.489254 1025.830692 5360.643619 896.329038 11076.526791 799.294822 20372.512896
102.334021 1381.573945 1027.927618 5416.567061 899.673455 11136.848731 802.721813 20641.423085
103.760502 1388.800068 1030.049417 5459.720861 902.951204 11197.679750 806.181700 20910.551199
105.206867 1392.597040 1032.161246 5532.301506 905.648266 11259.564358 809.613815 21187.637763
106.673394 1401.374422 1034.273027 5599.648324 907.981309 11303.796731 813.035540 21470.375952
108.160363 1408.094436 1036.501212 5672.155264 910.340769 11348.269886 816.490322 21753.303601
109.668060 1413.402571 1038.904252 5756.989231 912.726890 11393.185728 819.978400 22036.466587
111.196773 1418.283292 1040.732189 5834.076192 915.118585 11455.654477 823.436555 22326.147293
112.746796 1426.486461 1042.884908 5929.254728 917.511594 11521.480636 826.851948 22623.500890
114.318425 1426.383044 1045.063107 6038.208899 919.931606 11598.671781 830.300607 22921.061188
115.911962 1421.732390 1047.267043 6156.321617 922.378868 11659.441360 833.782774 23218.876169
117.527712 1423.883257 1049.477221 6272.382085 924.852731 11722.545709 837.264651 23521.633541
119.165984 1427.344654 1051.672388 6392.901223 927.352471 11791.636202 840.709694 23834.228916
120.827094 1431.699856 1053.893487 6516.200192 929.880194 11891.886930 844.188406 24147.050349
122.511358 1437.311067 1056.140777 6608.960996 932.436156 11941.446484 847.701033 24460.147962
124.219100 1441.560452 1058.402544 6697.167471 935.009379 12027.230354 851.226609 24776.476084
125.950646 1447.912628 1060.641716 6821.095599 937.565141 12134.278726 854.699496 25104.951270
127.706330 1456.205506 1063.016033 6960.001781 940.540172 12207.431121 858.206445 25433.674229
129.486487 1451.234829 1065.835337 7053.380833 943.749464 12281.158346 861.747707 25762.697265
131.291459 1447.995228 1068.834327 7147.176197 946.041584 12355.551263 865.313821 26093.101600
133.121590 1448.075056 1070.994309 7246.002996 949.282961 12431.736393 868.779575 26438.104644
134.977233 1451.685590 1073.179961 7344.849840 952.558259 12508.509745 872.279580 26783.379808
136.858742 1459.043322 1075.981605 7443.734497 955.867755 12658.171433 875.814094 27128.981606
138.766479 1461.692313 1078.942336 7556.532986 959.211725 12912.725140 879.383371 27474.962692
140.700809 1465.835162 1080.821911 7660.539389 961.300868 13195.590160 882.878288 27836.165847
142.662102 1463.831805 1082.624870 7764.916554 964.186204 13424.666017 886.400598 28198.652301
144.650734 1469.376784 1084.449902 7869.335288 967.433646 13704.147848 889.957774 28561.494892
146.667087 1474.569454 1087.004533 7974.017373 968.497323 13981.822767 893.550076 28924.748442
148.711546 1483.991676 1088.705909 8131.018886 971.252908 14114.026613 897.078069 29301.645643
150.784505 1493.757314 1090.974155 8291.235561 973.416708 14371.357163 900.617475 29682.008727
152.886359 1498.606364 1092.670894 8402.115891 976.719104 14673.017050 904.192073 30062.760707
155.017512 1502.012938 1094.427866 8513.067438 980.056172 14927.601220 907.802128 30443.958589
157.178372 1512.407478 1096.740269 8628.291678 983.373852 15149.035941 911.347510 30837.081724
159.369353 1522.643825 1099.360570 8745.532535 986.700658 15365.448239 914.880771 31235.990600
161.590875 1532.953073 1101.403685 8862.824322 988.746162 15591.459449 918.449405 31635.324721
163.843365 1543.335717 1104.506543 8980.187079 990.160757 15859.714477 922.053683 32035.143279
166.127252 1553.907389 1106.063814 9101.218078 993.093268 16081.951589 925.627631 32445.030780
168.442976 1562.879723 1107.477862 9222.543939 996.041985 16309.887886 929.183031 32863.155703
170.790980 1574.706225 1108.909781 9286.042418 997.514858 16537.794219 932.774155 33281.746163
173.171713 1586.353537 1110.359775 9372.803276 999.850019 16765.714596 936.401275 33700.863536
175.585633 1597.415213 1112.829212 9499.694684 1001.034311 16999.377698 939.999519 34128.059624
178.033202 1602.920124 1115.748843 9630.683586 1002.219394 17240.832504 943.543983 34566.068903
180.514888 1612.838431 1117.700183 9761.703950 1003.419568 17482.248502 947.124312 35004.588339
183.031168 1624.746691 1119.494765 9892.779136 1004.694963 17723.672598 950.740783 35443.681472
185.582523 1639.405468 1123.034674 10026.098657 1006.155242 17969.324831 954.355782 35888.735338
188.169442 1654.849291 1125.387719 10159.747490 1008.909210 18225.090575 957.914895 36347.291991
190.792422 1666.751642 1129.732066 10291.783562 1010.198785 18553.138148 961.510169 36806.408151
193.451965 1678.733745 1132.932551 10438.243474 1012.454221 18868.236596 965.141885 37266.149495
196.148581 1687.415142 1135.459014 10582.130438 1015.003822 19130.372506 968.784836 37729.614419
198.882786 1688.708794 1137.779468 10728.822496 1018.241155 19405.579068 972.332670 38209.372517
201.655104 1692.354942 1140.507246 10875.539365 1022.063307 19680.693039 975.916789 38689.744625
204.466067 1705.578981 1143.039664 11022.307611 1025.289471 19955.769880 979.537480 39170.798516
207.316213 1723.600926 1145.623463 11172.516816 1028.544934 20231.411623 983.190514 39653.230927
210.206088 1741.490631 1148.169239 11324.733048 1031.678427 20523.060390 986.748168 40154.831615
213.136247 1754.267353 1150.744751 11442.746250 1035.181575 20814.602652 990.342365 40657.106420
216.107251 1756.481592 1153.350293 11626.412806 1039.405550 21055.474040 993.973393 41160.125153
219.119669 1769.019642 1155.329550 11798.353933 1043.670951 21274.320325 997.641544 41663.955520
222.174078 1782.439023 1158.040972 11973.199806 1047.752247 21511.194318 1001.195867 42186.150832
225.271064 1795.970962 1161.213816 12134.639455 1049.392122 21817.935047 1004.770741 42710.958348
228.411221 1809.588215 1163.341164 12296.165566 1053.345500 22124.609943 1008.382508 43236.577936
231.595149 1823.291452 1164.163346 12452.439958 1055.232445 22431.279270 1012.031459 43763.079245
234.823460 1837.321940 1166.615310 12625.023011 1057.023170 22752.282054 1015.604320 44305.757963
238.096772 1850.912268 1168.461849 12796.794643 1059.090646 23077.327240 1019.181015 44853.706923
241.415712 1863.277478 1169.197117 12967.388616 1060.306524 23397.910727 1022.794797 45402.542558
244.780916 1875.731828 1170.851093 13140.211043 1062.904360 23585.848094 1026.445963 45952.336389
248.193029 1876.843817 1171.416799 13314.840721 1066.457260 23721.663044 1030.031070 46516.011942
251.652705 1883.873411 1172.800597 13494.897841 1069.686604 23973.186767 1033.596214 47087.684971
255.160607 1893.845452 1175.868362 13675.044488 1073.703654 24299.274353 1036.745729 47660.326216
258.717408 1902.837076 1178.970739 13855.311021 1077.761412 24625.499104 1039.181663 48234.008977
262.323788 1908.608630 1182.138357 14040.685879 1081.739824 24931.493451 1042.910994 48819.186842
265.980440 1921.835678 1185.370040 14186.165933 1084.983330 25200.639281 1046.152718 49415.135380
269.688063 1936.956184 1188.351107 14288.445486 1088.425849 25470.633241 1048.130553 50012.141100
273.447368 1952.167889 1190.579352 14391.408610 1092.373191 25741.499569 1050.005369 50610.278973
277.259076 1967.609430 1192.980000 14558.795711 1096.278037 26017.232503 1051.956887 51217.455043
281.123917 1983.361920 1195.641221 14754.506196 1100.091045 26300.130454 1054.017966 51838.194064
285.042632 1997.698153 1198.333504 15013.147013 1102.683270 26583.898271 1056.103669 52460.087142
289.015972 2013.395437 1201.022053 15383.615561 1105.129241 26868.561910 1058.214248 53083.210796
293.044698 2029.282178 1203.507184 15671.452886 1106.613821 27157.020733 1060.396752 53712.869684
297.129582 2045.537091 1205.976959 15850.610448 1109.324409 27454.664421 1062.740749 54358.872235
301.271407 2061.887755 1207.616623 16035.762722 1112.313492 27753.198110 1065.058734 55006.134110
305.470967 2078.335007 1211.004626 16247.832843 1114.937981 28081.911484 1067.288401 55654.733242
309.729067 2094.929556 1213.556060 16412.553909 1117.438229 28473.311345 1069.661645 56307.346511
314.046522 2105.194762 1214.618068 16542.746049 1119.907061 28885.172415 1072.652936 56979.038132
318.424160 2107.417996 1216.328922 16673.715105 1122.404762 29296.863549 1075.368862 57652.103207
322.862820 2103.637941 1215.962189 16826.589817 1124.931619 29708.469069 1078.115660 58326.620937
327.363353 2116.751502 1215.299177 17044.779169 1127.487916 30111.017578 1080.893621 59002.668544
331.926620 2125.534467 1217.683659 17274.323500 1128.865159 30453.298478 1083.985491 59700.398337
336.553498 2120.804704 1220.572386 17504.007152 1129.516406 30874.679031 1087.111809 60399.648325
341.244871 2115.998216 1221.541822 17733.855445 1130.176347 31307.336841 1090.272553 61100.475523
346.001639 2111.598057 1224.490292 17963.905262 1132.550750 31740.004656 1093.468028 61802.958290
350.824714 2128.804367 1228.066724 18204.350793 1135.528096 32195.197875 1096.997875 62524.478868
355.715021 2146.164519 1231.676452 18446.461810 1138.515394 32653.597297 1100.610424 63250.237132
360.673495 2158.004789 1235.325727 18688.745584 1141.536351 33111.907829 1104.261262 63977.706733
365.701088 2173.005595 1239.014897 18931.241022 1144.591277 33570.219142 1107.950709 64706.967009
370.798763 2189.138418 1242.713285 19158.416264 1147.330031 34048.825787 1111.982775 65452.606249
375.967497 2205.426478 1246.441094 19402.526367 1149.466473 34534.367807 1116.077024 66205.132214
381.208280 2221.819673 1247.224490 19662.337990 1152.478173 35019.805345 1120.203171 66959.513603
386.522116 2238.318799 1249.504391 19922.312106 1155.523841 35505.233807 1124.371374 67715.830554
391.910025 2255.043360 1252.391226 20191.089782 1158.487810 36008.385597 1128.320371 68485.888770
397.373038 2249.138446 1255.259622 20465.446886 1161.332831 36522.620343 1131.001751 69265.372499
402.912203 2250.505456 1256.907944 20739.923152 1162.104840 37036.734110 1133.714033 70046.866037
408.528580 2242.749328 1260.248588 21014.565479 1162.887088 37550.828368 1136.457513 70830.450141
414.223247 2246.264329 1262.519477 21295.610184 1167.218934 38079.703422 1140.598320 71625.198195
419.997295 2264.960271 1264.531792 21578.683431 1171.017099 38624.257215 1145.083963 72431.755208
425.851829 2263.863116 1268.138432 21861.960601 1172.380779 39168.672704 1147.857086 73240.487002
431.787973 2281.497398 1270.550541 22145.487110 1174.730420 39713.057761 1149.903292 74051.474761
437.806863 2299.323279 1272.658560 22439.077736 1178.469063 40268.881287 1151.857661 74871.152173
443.909653 2317.411581 1274.970670 22732.234632 1181.976439 40845.457295 1154.140542 75704.818611
450.097513 2335.609000 1277.342524 23030.458143 1185.141681 41392.527340 1156.659463 76540.835612
456.371628 2353.916452 1279.710049 23328.946657 1188.259636 41875.455956 1159.677373 77379.284599
462.733201 2372.388557 1282.120657 23630.993647 1190.098078 42364.908667 1162.724370 78224.097643
469.183451 2391.159178 1283.962613 23944.592882 1192.153274 42874.225996 1164.603440 79084.825872
475.723614 2410.042190 1286.924598 24258.424679 1195.581440 43459.386458 1166.133711 79948.091409
482.354943 2429.038548 1288.798388 24572.539115 1198.391748 44060.410400 1167.033624 80813.975722
489.078709 2448.171844 1290.162584 24888.406020 1201.184821 44664.802127 1166.556487 81684.095513
495.896201 2467.638515 1291.453112 25218.266133 1203.547691 45300.491766 1168.009538 82571.750266
502.808725 2487.220985 1294.786307 25548.376335 1206.957723 45936.061620 1169.222318 83462.140109
509.817606 2506.920251 1298.610714 25878.789106 1209.472910 46571.635897 1170.279780 84355.346360
516.924187 2526.737310 1298.994628 26209.555123 1212.038398 47207.333760 1171.351009 85251.448968
524.129830 2546.903297 1299.602186 26555.792358 1214.746573 47878.094404 1174.854003 86165.262086
531.435916 2567.197081 1303.141328 26902.855401 1216.424940 48550.010941 1178.484064 87082.561139
538.843844 2587.611253 1305.465656 27250.243590 1217.839019 49221.929679 1181.995624 88002.885056
546.355035 2608.146853 1308.633632 27598.009962 1219.010291 49893.976692 1185.703744 88926.313546
553.970928 2628.999964 1312.082783 27959.726246 1220.969963 50597.938105 1189.137057 89864.717514
561.692982 2650.014613 1316.302175 28324.416263 1223.198020 51308.045834 1192.545859 90808.617236
569.522678 2671.153400 1317.823386 28689.457062 1227.602216 52018.155602 1195.178524 91755.760992
577.461515 2692.417404 1317.695995 28990.144350 1229.148985 52728.400661 1195.158532 92706.228073
585.511016 2713.966685 1320.128458 29360.024954 1230.967288 53466.969841 1197.366243 93669.149756
593.672722 2735.709144 1321.645096 29703.834440 1232.913628 54217.157234 1200.531429 94639.246405
601.948197 2757.579654 1324.718219 30008.378403 1234.883967 54967.349292 1202.633425 95612.816752
610.339029 2779.579334 1327.421911 30314.043895 1237.449689 55717.686686 1202.249363 96589.939504
618.846824 2801.832297 1328.861720 30623.479670 1240.874616 56492.296879 1204.441431 97577.262713
627.473213 2824.306571 1330.932003 30935.987965 1244.527963 57284.485981 1207.005539 98573.056484
636.219849 2844.561436 1332.216379 31249.661770 1247.788390 58076.686053 1209.599840 99572.563786
645.088409 2864.705947 1333.935941 31575.196360 1249.974045 58869.045402 1212.224635 100575.862586
654.080591 2878.998033 1335.243127 32003.742777 1254.723696 59681.151533 1214.921877 101587.427426
663.198120 2892.520775 1338.374365 32445.089029 1259.490356 60517.284626 1217.702266 102608.322565
672.442742 2906.167771 1340.463026 32886.540558 1261.634005 61353.439761 1220.514945 103633.180794
681.816229 2924.109821 1342.529436 33328.176098 1264.092759 62189.773056 1223.360229 104662.079203
691.320378 2938.863391 1345.487796 33777.766393 1266.444040 63040.846399 1226.264746 105697.681522
700.957009 2963.648477 1348.421800 34243.968001 1268.897497 63922.869208 1229.259357 106742.987462
710.727970 2988.569192 1351.390198 34710.275601 1271.692540 64804.931213 1232.288280 107792.515223
720.635132 3009.543398 1354.393331 35176.772563 1273.830852 65687.196466 1235.351843 108846.340892
730.680395 3023.953958 1357.363306 35648.342490 1276.081454 66578.718497 1238.463700 109905.731829
740.865683 3038.246898 1358.489917 36140.677706 1278.347647 67508.559396 1241.668411 110974.665395
751.192949 3052.670748 1360.554723 36633.120638 1280.858285 68438.464302 1244.909371 112048.088007
761.664172 3067.226405 1363.461207 37125.759492 1283.247456 69368.605262 1248.186916 113126.074653
772.281357 3081.895598 1365.155749 37620.272529 1285.454630 70273.754320 1251.535893 114208.960301
783.046540 3096.395773 1368.310700 38140.055207 1287.501256 71017.900398 1255.467941 115300.648988
793.961785 3115.321593 1372.411494 38659.948756 1289.691247 72016.757318 1259.442266 116397.101660
805.029181 3136.768175 1374.284641 39180.046411 1291.670421 73015.587643 1263.459227 117498.392120
816.250851 3158.365024 1376.820548 39700.437859 1294.189498 74014.579986 1267.519185 118604.593705
827.628946 3182.540371 1378.675531 40247.064993 1296.387773 75065.849931 1271.371900 119717.919660
839.165644 3207.047888 1380.548596 40795.753515 1298.611796 76120.805099 1272.131135 120836.451741
850.863158 3231.707276 1382.445180 41344.656470 1300.412945 77175.743520 1272.145922 121960.102123
862.723729 3256.519756 1386.034831 41890.330818 1301.926502 78230.863946 1272.160914 123088.943011
874.749630 3283.897285 1389.053940 42463.676243 1303.652077 79332.937310 1272.202173 124223.161377
886.943166 3312.022510 1394.402567 43042.998305 1305.527353 80446.434013 1272.250516 125362.741677
899.306672 3340.298007 1400.713566 43622.541303 1307.255421 81559.932384 1272.299531 126507.726578
911.842520 3368.725340 1407.083637 44202.405424 1309.349861 82672.712989 1273.776863 127658.187116
924.553110 3399.640295 1409.896138 44803.260921 1311.164776 83794.361116 1276.351536 128812.777734
937.440879 3431.838584 1412.985988 45414.353633 1312.937682 84932.530548 1277.517735 129972.300857
950.508296 3462.108221 1416.955207 46025.318690 1314.732860 85650.508429 1277.877102 131137.519603
963.757866 3481.446026 1420.246843 46636.290321 1316.067547 86372.401125 1278.241375 132308.503830
977.192128 3497.001390 1424.388508 47264.861570 1317.441696 87166.228987 1278.693628 133482.912212
990.813657 3512.474666 1427.438945 47908.132320 1319.419546 88394.101705 1279.222448 134661.205835
1004.625062 3542.175556 1430.176793 48551.668839 1321.538535 89621.915992 1279.758417 135845.489687
1018.628990 3573.625056 1433.404553 49195.581603 1323.343114 90849.904742 1280.301627 137035.832460
1032.828126 3595.845996 1437.720640 49853.536710 1324.991177 92105.942977 1280.943700 138229.471432
1047.225190 3612.209399 1441.152184 50531.033940 1326.544510 93401.211008 1281.725122 139425.304450
1061.822941 3635.528490 1448.031214 51208.824297 1328.117642 94696.447122 1282.516951 140627.424674
1076.624177 3662.932286 1453.485469 51887.023637 1329.471941 95991.895802 1283.319318 141835.899674
1091.631734 3690.415331 1457.262506 52575.380464 1331.151883 97307.478430 1284.218025 143048.151159
1106.848489 3717.834781 1460.897786 53288.383235 1332.707599 98672.760349 1285.345841 144260.242562
1122.277356 3741.298900 1464.939093 53959.401173 1334.321128 100038.051102 1286.488369 145478.919268
1137.921294 3763.991009 1468.842360 54598.169222 1336.037666 101403.606686 1287.645789 146704.247786
1153.783300 3786.743363 1472.794906 55241.101788 1338.053973 102780.739461 1288.880237 147934.464724
1169.866413 3809.033349 1476.821534 55900.669518 1340.257796 104218.501004 1290.470955 149161.493106
1186.173716 3831.501650 1480.893113 56561.578988 1341.689846 105656.330139 1292.081848 150395.404717
1202.708335 3854.149416 1485.670030 57223.908166 1343.266635 107094.494133 1293.713147 151636.265091
1219.473437 3876.956809 1489.209903 57888.164007 1344.515676 108535.122257 1295.378435 152883.773529
1236.472235 3899.143235 1494.880111 58570.367522 1345.746067 109934.730235 1297.577222 154124.387061
1253.707987 3921.510771 1500.607484 59254.061794 1346.992462 111309.732699 1299.802862 155372.180280
1271.183997 3944.060585 1506.392460 59939.324587 1348.255055 112663.367910 1302.055643 156627.217846
1288.903612 3966.793854 1510.805417 60626.231806 1349.534041 113997.630401 1304.335853 157889.564640
1306.870230 3988.917406 1505.362060 61314.397739 1353.685645 115364.498212 1307.245932 159144.145936
1325.087292 4011.132670 1507.278426 61953.644686 1355.575489 116737.508035 1310.259996 160404.446046
1343.558290 4033.532680 1507.766305 62595.137359 1357.483179 118113.362156 1313.309013 161672.283446
1362.286764 4065.944379 1510.467577 63244.711519 1359.101130 119492.221430 1316.393320 162947.722319
1381.276303 4098.749206 1513.212560 64071.307002 1360.243789 120896.869947 1320.166437 164215.915318
1400.530545 4131.707299 1515.962067 64897.857399 1361.352433 122311.470827 1324.180369 165487.336668
1420.053182 4164.858530 1515.008047 65625.951674 1362.475610 123729.278660 1328.237868 166766.584354
1439.847953 4198.204601 1512.124264 66356.038825 1363.613499 125150.451533 1332.339311 168053.721990
1459.918652 4227.364763 1515.211176 67095.219232 1364.630864 126591.101848 1337.163751 169334.799010
1480.269127 4260.630678 1521.774207 67840.456619 1365.877196 128044.310202 1342.424445 170615.955514
1500.903276 4294.097188 1527.170101 68587.815275 1367.817287 129475.732137 1347.511241 171905.222288
1521.825053 4327.765980 1531.724250 69337.367510 1369.781616 130797.278671 1347.811325 173202.662522
1543.038469 4362.659993 1535.141028 70093.402567 1371.771672 132228.945250 1348.096816 174495.893292
1564.547589 4400.227829 1534.301527 70855.802740 1373.787708 133924.434021 1348.368015 175785.408781
1586.356534 4434.282564 1538.928084 71620.544610 1375.828830 135416.671151 1348.642938 177083.312208
1608.469483 4468.547028 1544.717559 72250.890492 1377.785751 136913.104491 1348.921636 178389.666490
1630.890676 4502.807668 1549.244410 72772.575042 1379.490653 138419.081782 1349.190263 179694.320827
1653.624407 4530.818561 1554.241950 73289.319444 1381.494850 139937.988420 1349.439671 180990.839098
1676.675035 4564.905121 1560.325508 74052.075029 1383.662039 141461.417302 1349.692508 182296.015630
1700.046975 4599.208901 1566.469745 74904.950165 1385.855978 142989.511158 1349.948821 183609.913224
1723.744708 4633.542555 1572.481536 75764.025437 1388.653544 144524.143600 1350.199598 184925.263741
1747.772774 4667.529750 1577.970647 76637.538001 1391.036451 146068.891221 1350.426440 186227.458162
1772.135779 4701.739872 1583.516847 77513.176927 1393.363126 147618.668215 1350.656405 187538.572828
1796.838391 4736.174576 1588.477011 78391.035946 1395.065342 149173.610185 1350.889536 188858.670588
1821.885343 4770.724629 1593.971317 79272.882289 1397.456919 150733.788450 1351.121580 190183.995459
1847.281437 4804.694144 1598.956714 80169.283620 1399.256423 152298.945106 1351.325284 191490.577982
1873.031539 4838.893703 1603.995785 81068.060858 1400.841942 153869.664902 1351.531795 192806.333511
1899.140582 4873.324948 1609.088985 81969.305251 1402.447732 155418.134945 1351.741153 194131.325102
1925.613572 4907.989530 1614.236775 82873.106196 1404.074030 156872.006626 1351.953396 195465.616257
1952.455581 4941.813021 1618.763331 83668.324606 1405.658084 158324.317536 1352.133890 197440.838323
1979.671753 4975.863824 1623.334146 84639.995215 1407.261843 159783.324072 1352.316569 199426.810472
2007.267304 5010.152999 1628.717805 85621.121736 1408.886093 161249.190312 1352.501769 201420.474303
2035.247521 5044.682190 1633.395574 86604.576894 1410.531075 162744.655895 1352.689525 203421.980094
2063.617768 5078.374837 1637.573601 87606.429535 1412.140560 164469.729839 1352.850670 205426.217306
2092.383480 5105.013212 1641.710380 88432.558265 1413.761519 166200.629945 1353.009336 207437.782728
2121.550171 5128.642189 1645.894207 89374.543261 1415.403179 167937.444026 1353.170195 209457.664960
2151.123430 5152.489905 1651.678806 90319.628803 1417.065780 169680.318196 1353.333277 211486.007226
2181.108924 5175.496356 1657.332423 91270.767371 1419.519352 171375.170988 1353.474746 213513.023208
2211.512400 5198.331420 1661.075697 92226.192675 1421.700193 172972.062332 1353.609408 215545.221483
2242.339683 5228.058241 1664.862556 93184.934872 1423.445719 174576.300120 1353.745934 217586.369473
2273.596682 5261.521602 1668.693428 94147.073546 1425.213393 176187.986900 1353.884349 219636.603350
2305.289387 5294.302254 1672.231408 95112.644113 1426.957204 177786.482274 1354.005920 221683.281952
2337.423871 5326.720207 1675.588341 96081.739198 1428.692577 179379.116091 1354.116764 223730.999874
2370.006292 5365.507081 1678.985215 97124.172610 1430.449990 180979.641224 1354.229144 225788.301407
2403.042894 5408.366901 1682.422437 98089.902950 1432.229698 182588.152827 1354.343081 227855.315858
2436.540009 5451.142683 1685.653332 99009.046500 1433.866083 184184.362721 1354.444634 229918.485992
2470.504055 5476.542079 1688.647584 99988.792598 1435.378220 185766.258458 1354.532006 231976.538259
2504.941542 5499.172898 1691.678164 100972.490019 1436.909810 187356.568573 1354.620591 234044.801929
2539.859069 5520.707369 1694.745455 101960.210176 1438.461085 189157.961986 1354.710404 236123.399801
2575.263327 5552.605004 1697.682662 102948.982822 1440.003661 191133.613228 1354.791918 238199.861876
2611.161101 5583.578941 1700.336446 103936.175417 1441.511391 193100.798922 1354.856310 240263.075492
2647.559271 5614.810185 1703.023001 104927.646445 1443.038530 195075.152872 1354.921596 242337.115036
2684.464811 5646.300400 1705.742684 105923.463092 1444.585308 197056.832275 1354.987789 244422.097304
2721.884795 5677.640955 1708.398854 106920.792987 1446.134177 199037.621319 1355.049337 246508.650290
2759.826392 5707.748183 1710.733105 107912.096353 1447.637898 200995.739115 1355.091363 248571.949716
2798.296876 5738.113804 1713.096646 108908.005748 1449.181217 202715.419526 1355.133974 250646.669342
2837.303617 5768.739511 1715.489809 109908.584215 1450.830691 204288.137651 1355.177178 252732.920599
2876.854090 5799.455894 1717.876960 110912.327832 1452.558426 205866.958946 1355.218922 254826.389744
2916.955876 5828.622390 1719.911462 111904.337186 1454.266837 207417.968728 1355.239306 256884.879708
2957.616659 5858.047186 1721.971870 112901.275556 1455.997014 208978.845901 1355.259973 258928.154431
2998.844231 5887.732005 1724.058484 113903.202051 1457.749213 210549.666796 1355.280929 260275.586151
3040.646493 5917.678581 1726.171610 114910.175680 1459.457269 212130.508184 1355.302176 261634.715324
3083.031457 5945.936119 1729.114928 115900.462839 1460.678408 213978.808824 1355.302663 262953.248064
3126.007243 5974.363401 1731.434358 116895.013899 1461.905720 215714.791521 1355.302207 264281.092709
3169.582089 6003.049502 1735.416019 117894.862582 1463.149090 217475.495863 1355.301744 265620.669507
3213.764344 6031.996185 1739.083754 118900.064426 1464.484523 219379.898079 1355.301276 266972.056622
3258.562476 6059.489434 1740.646292 119888.047322 1465.992642 221227.083445 1355.284282 268289.424014
3303.985070 6086.881414 1742.167449 120876.857822 1467.506098 223070.479121 1355.263591 269609.015604
3350.040830 6114.529936 1743.708454 121871.260771 1469.039058 224924.146108 1355.242612 270940.439704
3396.738582 6142.436799 1748.032499 122871.308632 1470.591755 226788.183407 1355.221341 272283.776003
3444.087276 6169.148919 1752.045580 123854.906917 1471.746818 228597.919229 1355.187267 273599.942245
3492.095985 6195.486299 1755.948473 124834.756063 1472.629082 230389.454862 1355.147284 274911.086047
3540.773909 6222.076984 1758.675704 125804.565177 1473.523105 232097.353733 1355.106743 276234.152489
3590.130377 6248.922803 1762.621507 126715.656601 1474.429036 233883.765246 1355.065635 277569.222805
3640.174847 6274.846157 1766.322857 127613.252626 1475.245968 235621.377875 1355.014923 278884.190133
3690.916911 6300.127021 1769.847055 128502.164823 1475.996872 237324.935511 1354.956624 280547.773728
3742.366291 6325.657129 1773.413228 129397.233344 1476.757853 239039.844416 1354.897510 282340.734980
3794.532847 6351.438338 1777.167585 130298.501071 1477.529042 240766.187148 1354.837570 284147.138178
3847.426577 6376.573970 1781.229964 131189.824496 1478.238306 242454.753659 1354.770697 285921.452525
3901.057617 6400.812112 1785.198784 132066.826338 1478.864540 244092.190584 1354.695080 287770.464786
3955.436245 6425.294767 1789.213938 132950.146600 1479.499234 245741.312892 1354.618404 290102.333336
4010.572881 6450.023815 1793.275882 133839.827772 1480.142496 247402.199766 1354.540655 292447.723458
4066.478092 6474.380832 1797.306965 134723.822263 1480.747632 249038.751330 1354.458126 294771.697476
4123.162591 6497.603681 1801.210945 135587.424593 1481.256439 250606.910176 1354.366195 297031.801423
4180.637241 6521.065806 1805.160725 136457.484870 1481.772159 252186.972479 1354.272976 299305.985617
4238.913057 6544.769106 1809.156758 137334.045499 1482.535428 253779.015859 1354.178451 301594.362409
4298.001206 6568.363951 1813.153863 138209.763468 1484.061344 255361.621579 1354.080793 303874.754716
4357.913012 6590.610267 1816.990861 138878.452551 1485.518683 256859.276743 1353.973549 306069.086710
4418.659956 6613.090278 1820.873088 139547.409179 1487.000612 258368.944927 1353.864802 308278.059491
4480.253680 6635.805893 1824.800999 140222.432318 1488.590107 259890.703558 1353.754529 310501.779372
4542.705986 6658.661548 1828.761971 141036.711617 1490.196510 261418.455297 1353.642287 312733.548661
4606.028844 6679.979039 1832.530730 141838.201464 1491.759258 262846.139375 1353.520716 314856.696021
4670.234388 6701.524449 1836.344127 142646.265770 1493.342120 264285.850287 1353.397440 316994.920246
4735.334923 6723.299697 1840.202612 143460.946981 1494.945336 265737.666207 1353.272434 319148.323926
4801.342924 6745.306709 1844.106639 144282.287804 1496.569145 267201.665760 1353.145674 321317.010377
4868.271040 6765.887808 1847.063527 145050.416909 1498.150138 268570.386764 1353.011232 323376.032275
4936.132098 6786.552895 1848.611233 145820.108635 1499.746119 269942.100722 1352.874405 325440.002640
5004.939103 6807.441992 1850.206548 146596.403414 1501.362615 271325.855215 1352.735657 327519.463897
5074.705239 6828.557029 1854.060578 147379.344489 1502.999869 272721.730113 1352.594961 329614.517572
5145.443878 6848.537261 1857.766909 148117.936410 1503.611921 274040.086919 1352.448565 331615.596512
5217.168576 6868.380880 1861.466867 148849.782903 1504.307230 275346.994272 1352.299136 333603.768246
5289.893076 6888.442744 1865.210907 149588.175278 1505.712278 276665.816055 1352.147609 335607.628696
5363.631317 6908.724779 1868.999479 150333.157537 1507.135575 277996.633628 1351.993951 337627.279097
5438.397428 6928.143710 1872.673155 151043.022663 1508.510865 279267.494207 1351.836093 339570.704594
5514.205739 6947.227346 1876.309519 151738.249109 1509.870259 280513.707515 1351.674978 341483.327549
5591.070777 6966.523623 1879.989390 152439.929374 1511.247355 281771.664912 1351.511597 343411.735531
5669.007271 6986.034461 1883.713217 153148.108288 1512.642366 283041.449264 1351.345919 345356.030562
5748.030158 7004.932598 1887.354525 153830.354687 1514.330618 284268.018270 1351.177088 347242.909023
5828.154581 7023.318685 1890.781070 154490.743376 1515.952893 285458.276129 1351.005162 349081.792731
5909.395895 7041.912051 1893.873627 155157.467729 1517.677147 286660.079627 1350.830817 350936.471581
5991.769669 7060.714608 1897.004145 155830.573369 1519.423439 287873.513022 1350.654019 352807.049078
6075.291689 7079.132860 1900.080784 156486.554961 1519.718614 289059.233039 1350.474696 354639.204141
6159.977960 7096.883396 1903.059432 157114.301348 1520.713726 290198.634122 1350.292794 356407.441847
6245.844712 7114.836150 1906.074849 157748.247659 1522.040226 291349.368332 1350.108332 358191.415541
6332.908400 7132.993021 1907.860950 158388.440202 1523.384037 292511.521131 1349.921273 359991.230598
6421.185709 7150.972222 1906.048271 159019.705933 1524.720207 293822.372656 1349.731931 361771.099961
6510.693555 7168.147662 1904.044986 159677.791055 1526.007575 295065.110732 1349.540846 363472.778128
6601.449093 7185.520602 1902.011621 160471.398980 1527.311781 296173.886417 1349.347071 365190.080970
6693.469713 7203.092929 1899.947690 161033.276574 1528.633030 297293.895751 1349.150565 366923.115879
6786.773051 7220.673407 1897.827415 161595.480535 1529.958581 298427.600584 1348.951666 368653.645959
6881.376986 7237.331825 1897.711074 162131.503919 1531.225983 299756.620439 1348.752147 370293.561411
6977.299650 7254.183396 1895.429012 162673.195838 1532.509982 301098.176771 1348.549816 371948.954231
7074.559423 7271.229993 1893.112330 163220.603144 1533.810782 302452.358129 1348.344635 373619.933805
7173.174944 7288.451204 1890.758104 163773.132793 1535.127060 303817.983820 1348.136628 375304.474061
7273.165113 7304.647695 1888.238506 164298.934849 1536.376538 305126.901586 1347.929379 376887.875148
7374.549090 7321.033371 1885.680349 164849.861354 1537.642396 306369.269542 1347.719208 378486.584729
7477.346305 7337.610095 1883.082984 165406.593946 1538.924836 307443.523130 1347.506074 380100.714068
7581.576458 7354.379742 1880.445751 166039.410792 1540.224063 308528.932284 1347.289935 381730.374913
7687.259522 7370.296593 1877.700257 166695.727989 1541.466738 309558.384604 1347.075078 383275.275602
7794.415750 7386.268475 1875.302062 167253.047737 1541.263495 310676.864616 1346.857738 384822.768010
7903.065679 7402.427810 1872.449549 167753.946567 1541.002465 311809.978143 1346.637331 386385.503701
8013.230128 7418.776461 1869.552831 168260.305199 1540.737752 312954.697845 1346.413816 387963.596130
8124.930211 7434.468055 1870.254835 168747.407279 1540.437597 314048.033057 1346.191635 389476.052609
8238.187331 7450.074628 1872.619316 169231.991188 1540.123084 315132.682698 1345.967750 390977.845591
8353.023195 7465.865440 1874.664885 169721.917310 1539.804120 316228.653341 1345.740707 392494.705815
8469.459808 7481.842339 1876.736691 170217.232995 1539.480644 317336.036623 1345.510460 394026.748267
8587.519485 7497.339057 1878.760316 170698.713135 1539.131297 318465.351513 1345.281292 395510.615870
8707.224849 7512.625098 1880.765810 171174.163793 1538.764414 319617.751732 1345.051449 396972.131116
8828.598841 7528.092528 1877.735342 171654.897411 1538.392328 320781.988882 1344.818361 398448.545658
8951.664721 7543.743185 1874.354896 172401.474328 1538.014963 321958.156445 1344.581984 399939.975847
9076.446073 7559.073693 1872.547262 173199.076973 1537.618975 323107.890501 1344.346155 401399.008356
9202.966809 7574.080279 1874.722630 173985.278287 1537.204045 324231.034338 1344.110896 402825.461285
9331.251175 7589.265753 1876.925748 174778.828028 1536.783216 325365.875747 1343.872315 404266.659265
9461.323756 7604.631943 1879.156938 175570.231551 1537.043125 326512.509094 1343.630366 405722.719870
9593.209478 7619.823194 1881.371758 176107.123211 1537.528643 327644.155836 1343.388188 407160.539513
9726.933615 7634.587794 1883.538646 176628.484374 1537.990692 328741.995604 1343.148018 408556.862333
9862.521795 7649.697593 1885.733197 177155.546462 1538.459040 329851.408005 1342.904456 409967.793482
10000.000000 7665.222288 1887.955735 177688.359296 1538.933771 330972.488192 1342.657455 411393.451640
