10.000000 35120891.430782 1494208.996581 262726325.451318 30520.397177 685073099.837951 1628.640116 1319971766.206449
10.139395 35112548.963979 1502644.228773 258570847.910417 30901.262443 674222923.816736 1650.216571 1287724671.343631
10.280732 35208285.424007 1511021.931337 254481105.098364 31286.601644 663296347.285368 1672.077667 1256183680.944428
10.424040 35167912.588642 1516056.083570 251638148.939207 31676.459900 652300845.199672 1694.227124 1225335166.666015
10.569346 35121394.476656 1520844.543845 249473839.661513 32070.882584 644295464.780212 1716.668713 1195165714.165840
10.716676 35074391.613108 1525546.722831 246788949.054028 32469.915313 639964942.969007 1739.406249 1165662121.145485
10.866061 35028583.920138 1530161.173521 242636276.476317 32873.603951 635526157.917960 1762.443598 1136811395.415038
11.017528 35003090.644021 1534686.462200 239024556.826406 33281.994596 629579892.226496 1785.784677 1108600752.974864
11.171107 34974614.776891 1538450.355331 235505362.146771 33695.133579 622005772.233600 1809.433450 1081017616.111673
11.326826 34943121.353535 1541988.223666 231930724.741726 34113.067457 613325924.394728 1833.393932 1054049611.505864
11.484715 34908575.645006 1547647.848274 229630310.366970 34348.742021 596454628.097509 1857.670193 1027684568.347134
11.644806 34870943.181980 1551867.834126 227317013.789895 34554.548935 578987155.763281 1882.266349 1001910516.455457
11.807128 34830189.778863 1555926.330328 222334116.671584 34761.540549 561986133.856578 1907.186575 976715684.404566
11.971713 34786281.558659 1559734.165248 217175339.286428 34969.722663 545440651.399284 1932.435093 952088497.645211
12.138593 34739184.978610 1561607.421538 214198981.744501 35179.101082 532900043.949246 1958.016182 928017576.625509
12.307798 34636416.464301 1563397.747439 210348902.019511 35389.681618 523706804.759556 1983.934176 904491734.905873
12.479362 34523977.970082 1565104.191024 206840030.272173 35601.470084 514481044.983248 2010.193463 881499977.266074
12.653318 34470777.750133 1566725.811498 202686937.852335 35814.472300 505229123.587817 2036.798486 859031497.802164
12.829698 34417028.878333 1568261.679766 199209687.884259 36028.694087 495957450.860789 2063.753746 837075678.011098
13.008537 34362726.336685 1569710.879008 195429645.289706 36244.141270 486672475.923294 2091.063800 815622084.861075
13.189869 34307865.097262 1571072.505263 191458282.284760 36460.819674 477380673.908596 2118.733263 794660468.845765
13.373729 34252440.123271 1572345.668004 187995606.382472 36678.735127 468088532.850491 2146.766808 774180762.020743
13.560151 34196446.370158 1573529.490726 185307892.970215 36897.893455 458802540.329402 2175.169169 754173076.020675
13.749172 34099248.699303 1574623.111529 181766853.584828 37118.300487 449529169.926745 2203.945138 734627700.055926
13.940828 33916888.438711 1575625.683705 177399777.818754 37339.962046 440274867.540546 2233.099568 717245151.393436
14.135156 33978198.942780 1576536.376325 173379884.928705 37562.883958 431046037.617481 2262.637373 700524251.899213
14.332192 33913702.885171 1577354.374827 170383455.321484 37787.072042 421849029.358343 2292.563530 682248257.167951
14.531975 33822309.156851 1578078.881601 166436242.615741 38012.532117 412690122.955415 2322.883078 664399240.608368
14.734543 33727308.938689 1578709.116581 163049392.132011 38239.269993 403575515.921394 2353.601119 646968205.442615
14.939935 33632109.846103 1579244.317822 159213516.650952 38467.291479 394511309.570181 2384.722819 629946328.738244
15.148189 33489439.484469 1579683.742091 155145877.165266 38696.602374 385503495.710244 2416.253412 613324958.980695
15.359347 33203087.449307 1580026.665444 151560924.341967 38927.208472 376557943.611067 2448.198193 597095613.620245
15.573448 32920427.670958 1580272.383805 148690897.309321 39159.115558 366211926.577652 2480.562526 581249976.594228
15.790533 32630591.203555 1580420.213539 145470115.882541 39392.329407 355650807.156305 2513.351844 565779895.825494
16.010645 32295111.133272 1580469.492027 141805777.786288 39883.434044 345274425.532737 2546.571643 550677380.698360
16.233824 32070289.076218 1580419.578226 139033320.186499 40387.262419 336197820.063221 2580.227494 538642291.624291
16.460115 32125542.353258 1580269.853235 135511356.079473 40896.927070 325993898.546733 2614.325031 526737662.351390
16.689560 31888494.688000 1580019.720845 132497676.758883 41412.481374 316002408.458171 2648.869965 514872449.120322
16.922204 31513698.868925 1579668.608093 128657980.274697 41933.978797 306224981.489511 2683.868072 503056152.345475
17.158090 31139939.004632 1579215.965796 125362385.716889 42461.472884 296662884.638780 2719.325204 491298119.192646
17.397264 31173687.184389 1578661.269093 122151208.336051 42995.017243 287317026.511671 2755.247286 479607521.631061
17.639773 30934244.561453 1578004.017961 119477977.863348 43534.665532 278187964.711691 2791.640312 467993335.028742
17.885662 30694240.044350 1577243.737742 115973511.056987 44080.471442 269286669.521897 2828.510357 456464317.395158
18.134978 30453689.018115 1576379.979641 115422834.096605 44632.488686 260696739.076604 2865.863566 445028989.372376
18.387770 30124052.918420 1575412.321227 113736554.509311 45190.770978 252284986.216036 2903.706163 433695615.072475
18.644085 29882376.259359 1574340.366918 111203160.499997 45755.372024 244018430.197537 2942.044447 422472183.854660
18.903974 29681763.095160 1573163.748458 108295020.318718 46079.048551 235966468.252435 2980.884796 411366393.130477
19.167485 29480508.909743 1573627.430643 105087814.106176 46598.328982 228127769.425050 3020.233668 400385632.279743
19.434669 29243297.267100 1575270.139873 102115634.387695 47179.861743 220500728.239327 3060.097597 389536967.753292
19.705578 28999808.282845 1576886.221061 99967663.655647 47767.922750 214508120.085253 3100.483202 378827129.431574
19.980263 28547550.308137 1578475.235590 96968209.570135 48362.565716 208957793.504786 3141.397178 368262498.300404
20.258777 28089331.410188 1580036.740943 94253412.294963 48963.844243 203476751.888153 3182.846307 357849095.496982
20.541173 27645418.872820 1581570.290722 91365116.086265 49571.811807 198067106.033498 3224.837451 347592572.770677
20.827506 27472491.953612 1581725.989169 89597831.308202 50186.521730 192730877.766309 3267.377558 340316665.746461
21.117830 27119818.117020 1583181.492996 88349412.297381 50808.027164 187469996.098831 3310.473659 333245184.143258
21.412202 26733679.956990 1584607.720757 86608860.860409 51436.381071 182286293.609085 3354.132872 326196344.262825
21.710676 26297272.651718 1586004.213013 85139971.604099 52071.636193 178668896.318925 3398.362402 318421057.130309
22.013311 25865794.667052 1587370.506608 83688025.664268 52713.845038 175918907.630124 3443.169541 308566886.743723
22.320165 25467293.889063 1588706.134715 82252932.622449 53363.059853 170587762.606392 3488.561669 300542043.308544
22.631296 25035020.318376 1590010.626863 80372236.181584 53888.348217 165041663.216602 3534.546256 293558541.062122
22.946764 24607994.854004 1591283.508985 78476630.580246 54206.352660 159639532.363210 3581.130863 286624744.785147
23.266629 24188996.531016 1592524.303455 76618744.280820 54526.035366 154380452.185472 3628.323141 279744581.294937
23.590953 23782022.599014 1593732.529134 74283341.363514 54847.400900 149263316.912424 3676.130836 272921898.742220
23.919798 23379914.603194 1594907.701419 71936536.295789 55170.453729 144478136.886227 3724.561783 266160458.738700
24.253227 23071271.102951 1596049.332292 70166854.638363 55495.198228 140446996.611931 3773.623916 259463928.647746
24.591304 22653787.473887 1597156.930371 68896303.936251 55821.638669 135538020.083159 3823.325260 252835874.072727
24.934094 22241978.686833 1598230.000970 67333368.891086 56149.779226 131043814.710237 3873.673938 246279751.577284
25.281661 21835812.677864 1599268.046153 65439067.747338 56479.623962 127178636.521715 3924.678171 239798901.671267
25.634074 21529230.450017 1600060.382033 63487469.522286 56811.176833 123529913.735457 3976.346276 233396542.095343
25.991399 21206781.256454 1597319.860668 61637176.712067 57144.441681 120767886.879271 4028.686671 227075761.436227
26.353705 20857823.638434 1594457.362031 59834317.756650 57479.422232 116999899.566203 4081.707872 220839513.103261
26.721062 20547165.845685 1591473.566094 58078115.279626 57816.122091 114556562.607907 4135.418497 214690609.695526
27.093539 20191637.686863 1588369.190527 56367774.905318 58154.544738 112131183.524482 4189.827266 208631717.786930
27.471208 19811129.780166 1585144.990249 54702487.281370 58494.693525 109724440.880755 4244.943003 202665353.154755
27.854142 19442920.562444 1581801.756947 53081430.066297 58836.571673 107337008.172822 4300.774633 196793876.474922
28.242413 19073691.033359 1578340.318577 51503769.875604 59180.182264 104969553.031167 4357.331189 191019489.504875
28.636097 18816915.849841 1574761.538837 49968664.180501 59525.528242 102622736.399239 4414.621808 185344231.772365
29.035269 18695360.683228 1571066.316615 48475263.153734 59872.612404 100297211.688903 4472.655734 179769977.785714
29.440005 18573278.206094 1567255.585413 47022711.457539 60221.437398 97993623.914379 4531.442320 174298434.778210
29.850382 18450677.550100 1563330.312755 45946787.029804 60572.005720 95712608.806512 4590.991026 168931140.996337
30.266481 18246475.421264 1559291.499561 44971400.141506 60924.319704 93388103.217580 4651.311424 163669464.538375
30.688379 18025152.954155 1555140.179510 43999360.916980 61278.381525 90758008.520271 4712.413194 158514602.746814
31.116158 17835780.967043 1550877.418377 43031185.769766 61634.193186 88557935.272405 4774.306131 153467582.154784
31.549901 17692831.191319 1546504.313353 42067390.046541 61991.756519 86418536.874714 4837.000140 148529258.983490
31.989689 17423938.540349 1542021.992342 40877316.275033 62351.073177 84286017.408844 4900.505241 143700320.184487
32.435608 17147075.712296 1537431.613244 39695451.995594 62712.144630 82148118.596635 4964.831569 138981285.017445
32.887743 17013821.497216 1532734.363215 38545302.164120 63074.972161 79959903.504059 5029.989374 134372507.151009
33.346180 16908075.359455 1512536.847296 37442138.059046 63439.556855 77802853.026685 5095.989023 129874177.271405
33.811008 16626586.628310 1490905.961513 36337155.600791 63805.899600 75677472.026831 5162.841000 125486326.180588
34.282315 16337200.448793 1469619.543080 35284031.291362 64174.001080 73584241.007400 5230.555908 121208828.363073
34.760192 16052343.663785 1448671.137892 34246996.592978 64543.861763 71332175.580536 5299.144469 117041405.998087
35.244730 15824665.140769 1428054.343800 33164380.908334 64844.361762 68986542.492561 5368.617526 112983633.391377
35.736022 15540240.002982 1407762.821246 32099628.376787 65041.522389 66896032.112583 5438.986043 109034941.798947
36.234163 15404612.789709 1400105.356359 31062363.135135 65238.741551 65418489.686097 5510.261108 105194624.613134
36.739248 15190097.364266 1394083.649602 30084707.582924 65436.008890 63004971.022484 5582.453928 101461842.879860
37.251373 14960092.328209 1375337.971916 29314083.029579 65633.313853 61255478.323592 5655.575839 97835631.114546
37.770637 14697899.724176 1355908.557511 28592186.543275 65830.645697 59535079.922676 5729.638298 94314903.383127
38.297139 14475741.692299 1336779.571093 27824786.788473 66027.993479 57843202.416272 5804.652891 90898459.613768
38.830980 14273063.846984 1317945.085338 27112071.379598 66225.346058 56180091.935214 5880.631328 87584992.104426
39.372263 14022006.317982 1299399.291335 26211344.111115 66422.692091 54506664.922539 5957.585449 84373092.191072
39.921091 13795288.638878 1282187.661063 25531402.002782 66620.020031 52705275.763080 6035.527220 81261257.041465
40.477570 13531341.438021 1264182.223442 24701415.172477 66817.318124 51110943.503480 6114.468739 78247896.539612
41.041805 13291597.117553 1246449.404138 24024156.326154 67014.574405 49466893.710859 6194.422232 75516827.808914
41.613906 13026773.835313 1244457.416090 23282707.148456 67211.776699 48004014.166411 6275.400057 73121157.255057
42.193981 12739802.004734 1244270.797348 22678660.724206 67408.912616 46568497.726381 6357.414703 70794668.931108
42.782142 12426950.777817 1229788.178097 21941149.633713 67605.969549 45160449.242282 6440.478791 68535641.737070
43.378502 12184402.118932 1212585.948810 21212556.774546 67802.934669 43747712.495984 6524.605077 66342388.378516
43.983175 11965228.507164 1200714.778627 20634955.962378 67999.794929 42362260.921914 6609.806448 64213254.793728
44.596276 11759627.743592 1196091.642892 20091413.359266 68196.537052 41006333.521425 6696.095927 62098374.991042
45.217924 11536609.316073 1191398.305967 19601614.852047 68393.147538 39679938.849178 6783.486674 59725136.166467
45.848238 11290099.602559 1186635.978191 19104514.441917 68589.612652 38383061.920662 6871.991981 57434865.825363
46.487337 10976664.048345 1181805.879478 18620020.585870 68785.918432 37115664.158236 6961.625280 55225552.838246
47.135345 10767043.798039 1176909.238625 18084514.043234 68982.050675 35877683.394911 7052.400137 53095162.415592
47.792386 10457308.147462 1171947.292610 17643375.782509 69177.994942 34669033.936947 7144.330258 51041641.985528
48.458586 10259290.433478 1166921.285902 17153808.285172 69373.736555 33489606.686043 7237.429486 49062926.856874
49.134073 10013605.107427 1161832.469773 16597278.365244 69569.260590 32339269.321618 7331.711802 47156945.651823
49.818975 9796627.839172 1156682.101614 16218742.129560 69764.551878 31217866.543351 7427.191326 45321625.494658
50.513425 9556685.283803 1151471.444251 15699344.514880 69959.595002 30125220.373848 7523.882318 43554896.944954
51.217554 9335177.100843 1146201.765279 15198708.504316 70154.374292 29061130.520950 7621.799179 41854698.665799
51.931499 9147412.850168 1140874.336386 14773078.565391 70348.873826 28025374.798909 7720.956446 40218981.819590
52.655396 8915807.024783 1135490.432694 14298322.230006 70543.077425 27017709.607298 7821.368800 38645714.185911
53.389384 8692317.924978 1130051.332105 13955133.055907 70820.770498 26037870.466227 7923.051062 37132883.997916
54.133603 8490403.591759 1124558.314653 13576126.803489 71212.041633 25085572.606094 8026.018191 35678503.495449
54.888196 8303511.883811 1120820.870949 13050242.315090 71604.867950 24160511.609822 8130.285291 34339170.061711
55.653308 8093728.709450 1117080.675607 12701318.963380 71999.241120 23262364.105208 8235.867603 33156101.395996
56.429085 7851437.864056 1113266.368685 12327027.879418 72395.152365 22374193.451221 8342.780512 32011568.073089
57.215676 7667061.389548 1109378.939868 11878777.602003 72792.592449 21510689.450464 8451.039540 30904415.058929
58.013231 7487014.655011 1105419.393881 11553936.092922 73020.492557 20674974.608680 8560.660355 29833517.428059
58.821904 7311195.984522 1101388.749856 11220635.052320 73209.719321 19931820.782727 8671.658760 28797779.786792
59.641849 7154093.533569 1096377.958470 10837939.857860 73398.447817 19162780.917752 8784.050703 27796135.697657
60.473224 7017375.644246 1088899.103791 10590132.638084 73586.658728 18445062.538983 8897.852269 26827547.105558
61.316188 6852447.846353 1081390.353953 10262422.218496 73774.332452 17714131.098402 9013.079683 25891003.766091
62.170903 6691396.309316 1073853.280594 9980787.854012 73961.449097 17008184.423928 9129.749311 24985522.676454
63.037532 6521775.875899 1066289.450101 9643668.557289 74147.988482 16328427.446134 9247.877656 24110147.509400
63.916241 6380559.747437 1058700.422901 9401783.116504 74333.930131 15703273.289649 9367.481358 23263948.050643
64.807198 6247517.070597 1053220.756720 9126804.446614 74519.253271 15166978.596517 9488.577198 22446019.640153
65.710575 6122681.981906 1048629.123818 8884941.138709 74703.936833 14582228.500709 9611.182089 21655482.617724
66.626545 5970861.330544 1043978.317081 8582913.897675 74887.959447 14061691.707546 9735.313082 20891481.773218
67.555283 5846481.165738 1044403.423327 8300691.865327 75071.299440 13547239.010551 9860.987362 20153185.801846
68.496967 5698899.958968 1045116.681005 8019295.034981 75253.934835 13076535.640300 9988.222248 19439786.764845
69.451778 5555811.128894 1045767.793645 7738346.927807 75435.843348 12583022.842144 10117.035191 18750499.555871
70.419898 5432825.982188 1040956.889278 7466990.179755 75617.002385 12143731.263076 10247.443772 18084561.373432
71.401513 5291381.869818 1032566.226134 7271976.868123 75797.389043 11693057.989775 10379.465703 17441231.199635
72.396811 5182528.907529 1024165.499944 7092444.370934 75976.980106 11287733.182449 10513.118822 16819789.285532
73.405984 5087362.535465 1015756.284180 6917344.219740 76155.752042 10896051.658025 10648.421095 16219536.643285
74.429223 4985728.743339 1007340.140748 6746566.987606 76333.681004 10522135.115751 10785.390612 15639794.545394
75.466726 4878627.162019 998918.619340 6580005.949156 76510.742825 10206293.575074 10924.045584 15079904.031177
76.518692 4753963.424288 990493.256797 6419344.277453 76686.913020 9961866.088113 11064.404344 14539225.420679
77.585321 4621203.717926 982065.576490 6259118.661085 76862.166779 9693020.071150 11206.485342 14017137.836170
78.666818 4508446.727134 976320.893623 6104591.876443 77036.478973 9431429.540278 11350.307145 13513038.731371
79.763391 4395123.431300 971203.403710 5922126.759566 77209.824144 9176898.687952 11495.888432 13026343.428517
80.875249 4281856.626451 966041.378849 5743091.048782 77382.176511 8929236.990987 11643.247992 12556484.663359
82.002606 4184586.717532 960835.955836 5563512.159571 77638.586508 8688259.067944 11792.404724 12102912.138185
83.145678 4060605.321618 955588.270577 5425918.057289 78047.506393 8434344.787200 11943.377627 11665092.082915
84.304684 3971058.703327 952088.551122 5240024.486633 78457.525027 8124599.520743 12096.185806 11242506.824324
85.479845 3867398.143585 951456.958744 5085043.408665 78868.617830 7824215.836916 12250.848461 10834654.363415
86.671388 3758557.668060 945901.326861 4949454.007419 79280.759347 7568320.888902 12407.384885 10441047.960962
87.879540 3649721.013236 940309.708318 4829917.960181 79693.923232 7330425.612152 12565.814464 10061215.731223
89.104533 3558370.572018 934683.253231 4704583.363457 80108.082222 7058853.872808 12726.156669 9694700.243810
90.346602 3475008.126718 929023.106891 4583673.136272 80523.208118 6797037.806212 12888.431051 9341058.133703
91.605985 3392175.635025 923330.409291 4438280.936015 80939.271756 6554704.380151 13052.657241 8999859.719358
92.882923 3310417.968017 917606.294649 4309734.507022 81356.242988 6372448.412530 13218.854941 8670688.628885
94.177660 3230790.944365 911851.890960 4200059.529055 81774.090653 6209974.373631 13387.043921 8353141.434230
95.490446 3157293.139335 906068.319542 4097013.589723 82192.782558 6036246.057587 13557.244011 8046827.293309
96.821531 3079299.793194 900256.694611 3996495.820656 82612.285447 5896508.800833 13729.475101 7751367.600024
98.171170 3007527.713455 893911.622470 3871521.331139 83032.564978 5726573.715862 13903.757129 7466395.642084
99.539623 2936733.005695 884975.053736 3755755.684086 83453.585695 5573951.747291 14080.110079 7191556.266561
100.927151 2868030.058674 878312.668251 3656156.466234 83875.311000 5425397.388157 14258.553974 6926505.553081
102.334021 2802691.048529 872565.179695 3561683.842022 84297.703131 5291030.516188 14439.108866 6670910.494573
103.760502 2739073.577185 866793.071119 3474561.002371 84720.723125 5153289.825736 14621.794833 6424448.685473
105.206867 2675291.982063 858349.958012 3376211.758801 85144.330796 5003070.256304 14806.631970 6186808.017295
106.673394 2615583.560467 849607.323630 3291256.470751 85568.484702 4869730.764087 14993.640380 5957686.381447
108.160363 2555569.413549 840898.097654 3215517.117682 85993.142118 4717177.514543 15182.840170 5736791.379221
109.668060 2497806.371346 832223.340456 3137007.668183 86418.259002 4600372.538847 15374.251438 5534962.464170
111.196773 2436738.096405 823584.086971 3058513.129693 86843.789967 4474611.067386 15567.894264 5381353.702064
112.746796 2382406.503718 814981.346633 2985692.582219 87269.688247 4362817.010391 15763.788706 5232007.959256
114.318425 2326721.561639 806416.103336 2913447.578751 87695.905667 4254482.060456 15961.954786 5086806.926522
115.911962 2272338.166029 797889.315404 2850347.857107 88122.392606 4141093.591271 16162.412480 4945635.578006
117.527712 2215877.875214 789401.915582 2780360.530401 88549.097971 4011801.495962 16365.181710 4808382.080104
119.165984 2161861.939696 780954.811042 2706915.224220 88975.969153 3904951.449968 16570.282329 4674937.702868
120.827094 2111419.919251 772548.883409 2638571.464101 89402.952000 3800947.240773 16777.734115 4545196.733872
122.511358 2062060.497165 764184.988796 2568095.869923 89829.990779 3699713.072555 16987.556756 4419056.394469
124.219100 2013704.389382 755863.957861 2497566.391832 90257.028142 3612991.672562 17199.769835 4296416.758370
125.950646 1964690.792360 747586.595877 2434231.255791 90684.005084 3521479.310136 17414.392824 4177180.672486
127.706330 1920501.766864 739353.682817 2371784.487095 91110.860912 3411902.815484 17631.445063 4061253.679964
129.486487 1875793.890233 731165.973451 2310777.680044 91537.533207 3321030.429816 17850.945750 3948543.945361
131.291459 1832650.680619 723024.197460 2254025.418282 91407.793328 3237474.556021 18072.913930 3838962.181891
133.121590 1790104.029204 714929.059561 2198644.190832 91231.521155 3157520.604458 18297.368469 3732421.580695
134.977233 1749980.051660 706881.239651 2145013.287422 91054.513124 3062678.875790 18524.328052 3628837.742073
136.858742 1710631.601397 698881.392950 2082243.642852 90876.758777 2966111.619802 18753.811154 3528128.608624
138.766479 1670875.507410 690930.150176 2028152.924993 90698.247543 2885261.611763 18985.836032 3430214.400239
140.700809 1631742.165743 683028.117713 1967952.888939 90518.968732 2800480.858065 19220.420704 3335017.550904
142.662102 1593680.247366 675656.597658 1919585.275168 90338.911543 2735099.073186 19457.582928 3242462.647251
144.650734 1557147.573584 669195.869820 1872009.423816 90158.065052 2662957.679802 19697.340189 3152476.368818
146.667087 1521207.016250 662750.492509 1823149.558721 89976.418224 2592140.026099 19939.709673 3064987.429965
148.711546 1486240.998724 656320.925918 1779497.689106 89793.959898 2523205.669346 20184.708251 2979926.523404
150.784505 1452817.027648 649907.616627 1735449.992150 89610.678799 2456104.525881 20432.352456 2897226.265292
152.886359 1422390.631721 643510.997781 1697427.742754 89426.563529 2390787.843949 20682.658458 2816821.141855
155.017512 1391766.900500 637131.489295 1656187.091852 89241.602567 2327208.168277 20935.642049 2738647.457486
157.178372 1362528.413886 630769.498049 1617132.599730 89055.784273 2265352.215984 21191.318610 2662643.284285
159.369353 1333403.329504 624425.418098 1576447.801570 88869.096880 2211931.918973 21449.703091 2588748.413005
161.590875 1301602.542696 618099.630896 1536220.178411 88681.528501 2156215.175684 21710.809987 2516904.305353
163.843365 1271816.111967 611792.505513 1504298.845620 88493.067119 2091273.497797 21974.653308 2447054.047617
166.127252 1236953.622077 605504.398870 1468969.501464 88303.700595 2033790.435189 22241.246553 2379142.305579
168.442976 1211687.375883 599235.655980 1429378.791506 88113.416663 1979704.608803 22510.602684 2313115.280681
170.790980 1183117.781128 592986.610191 1400256.110726 87922.202928 1927057.119703 22782.734091 2248920.667407
173.171713 1157044.060087 586757.583443 1367514.185040 87730.046868 1875809.717311 23057.652569 2186507.611848
175.585633 1127983.580789 580548.886525 1335748.626982 87536.935831 1825925.168270 23335.369279 2125826.671414
178.033202 1099439.462455 573774.001737 1303286.543977 87342.857037 1777367.229391 23615.894721 2066829.775670
180.514888 1079099.220407 568193.671206 1272007.673014 87147.797573 1730100.621322 23899.238700 2009470.188251
183.031168 1055728.619139 562047.721080 1241050.204737 86951.744398 1684091.002919 24185.410288 1953702.469843
185.582523 1028406.912651 555923.237903 1215189.694245 86754.684335 1639304.946290 24474.417791 1899482.442181
188.169442 1001128.371811 550345.348787 1185656.685032 86556.604080 1595709.912512 24766.268710 1846767.153058
190.792422 974695.267233 544253.132374 1156966.482902 86357.490192 1553274.227990 25060.969704 1795514.842294
193.451965 950340.136281 538183.221392 1128355.449325 86157.329096 1511967.061445 25358.526550 1745684.908658
196.148581 925959.693942 531137.949673 1102465.326135 85956.107086 1470050.651272 25658.944104 1697237.877702
198.882786 903971.580994 523020.537435 1077559.083516 85753.810318 1416960.046603 25962.226256 1650135.370489
201.655104 882849.153766 515016.637656 1051663.882834 85550.424814 1365231.818133 26268.375886 1604340.073193
204.466067 862318.273190 507124.710366 1026041.011379 85345.936462 1327889.381746 26577.394825 1559815.707538
207.316213 842128.962512 499343.236911 1003646.731081 85140.331010 1303229.510906 26889.283800 1516527.002060
210.206088 822266.556563 491690.307979 980772.060667 85065.551314 1278678.807686 27204.042396 1474439.664161
213.136247 803048.215669 486209.814154 955368.055642 85085.131996 1248238.971905 27521.668999 1433520.352950
216.107251 784279.053481 480751.931774 932106.714612 85101.107465 1215066.112367 27842.160749 1393736.652827
219.119669 765868.510872 475317.303661 906749.962569 85113.433616 1182774.845726 28165.513489 1355057.047802
222.174078 748017.707273 470112.300089 882372.926983 85122.066352 1153120.426726 28491.721708 1317450.896533
225.271064 730582.968813 465533.968302 860862.081747 85126.961595 1128030.814305 28820.778491 1280888.408050
228.411221 713840.114584 461761.092128 842300.011886 85128.075305 1097986.918935 29152.675456 1245340.618155
231.595149 697529.140818 457949.727652 824024.719345 85125.363492 1068743.210614 29487.402701 1210779.366476
234.823460 681255.276000 454100.527314 804415.343434 85118.782230 1040278.377215 29824.948743 1177177.274164
238.096772 665361.092346 449108.334331 785257.531897 85108.287675 1012571.674238 30165.300454 1144507.722196
241.415712 651364.299851 441634.769178 767031.989770 85093.836077 987242.752394 30508.443000 1112744.830295
244.780916 636129.180051 434274.978690 745441.224031 85075.383799 959352.429365 30854.359777 1081863.436423
248.193029 621250.402892 427550.490440 729686.130304 85052.887332 933801.102534 31203.032342 1051839.076852
251.652705 609606.329926 422380.345131 711870.253634 85026.303310 908930.307991 31554.440347 1022647.966781
255.160607 596374.156196 417239.497817 691698.247743 84995.588528 884721.920484 31908.561468 994266.981497
258.717408 582306.146274 413394.572878 674659.176572 84960.699959 860036.196380 32265.371333 966673.638052
262.323788 568845.217442 407047.503362 658616.693941 84921.594772 838332.365534 32624.843449 939846.077456
265.980440 555738.229379 403317.586757 644140.708248 84878.230347 815897.112079 32986.949129 913763.047361
269.688063 543586.158111 399439.115438 629127.486736 84830.564296 791777.171983 33351.657413 888403.885222
273.447368 531912.554246 391990.127194 613790.526928 84778.554478 772367.880290 33718.934987 863748.501930
277.259076 519461.478577 384839.895798 598776.512201 84722.159021 752426.363682 34088.746108 839777.365900
281.123917 505980.316151 376349.442052 585028.415794 84661.336338 732386.291498 34461.052521 816471.487594
285.042632 494054.591282 370099.555335 571507.361567 84596.045144 712879.965222 34835.813371 793812.404481
289.015972 482289.575634 366991.494750 559162.802108 84526.244483 694641.028411 35212.985123 771782.166410
293.044698 471132.274238 360435.639305 547041.701653 84451.893738 677566.154224 35592.521471 750363.321393
297.129582 460123.325155 353982.622148 534377.314258 84372.952658 660085.350888 35974.373254 729538.901774
301.271407 449823.906497 347630.768227 522396.458927 84289.381374 644144.363364 36358.488360 709292.410793
305.470967 439702.395153 342129.612560 510318.165808 84201.140419 628522.207884 36744.811642 689607.809516
309.729067 429332.012563 335224.062806 497871.245540 84108.190752 611339.907639 37133.284815 670469.504127
314.046522 419731.252426 330805.980144 486529.043047 84010.493775 593005.928405 37523.846373 651862.333577
318.424160 409920.353946 323502.219729 474834.019499 83908.011358 576374.206362 37916.431483 633771.557574
322.862820 400604.152972 317333.246097 463135.211154 83800.705853 561012.950160 38310.971895 616182.844905
327.363353 391458.079575 311555.502677 451724.634299 83688.540125 546061.094985 38707.395838 599082.262082
331.926620 382194.218748 305868.322672 440870.302805 83571.477565 531507.729672 39105.627927 584286.439888
336.553498 373391.688731 300270.336505 430274.791346 83449.482118 517342.233856 39505.589057 570115.804907
341.244871 364698.552368 295674.327138 419952.493439 83322.518298 503554.270219 39907.196304 558502.489303
346.001639 356323.906418 290360.406179 409741.403711 83190.551220 488521.011247 40310.362824 547106.029092
350.824714 348041.078797 285917.895906 399778.595289 83053.546612 475240.122990 40714.997748 535787.285665
355.715021 339853.882531 282091.295430 390058.031246 82911.470845 461835.005821 41121.006081 524548.449539
360.673495 331903.188697 277944.583206 380573.821441 82764.290952 450517.697186 41528.288598 513054.709772
365.701088 324117.055017 273762.969220 371241.023444 82611.974652 438518.639726 41936.741739 501297.321660
370.798763 316445.318338 267702.348441 362346.747772 82454.490372 426187.825432 42346.257507 489665.254072
375.967497 309072.795328 262126.007017 354005.367886 82291.807271 414632.769496 42756.723365 478159.995198
381.208280 301837.546636 256558.014432 345250.277684 82123.895263 403606.187997 43168.022130 466783.039720
386.522116 294781.791062 251011.964846 336711.714155 81950.725041 394876.624852 43580.031876 455535.886220
391.910025 287891.757306 245476.364457 328384.322265 81772.268099 383738.292163 43992.625828 444420.034426
397.373038 281165.396074 240119.540803 320262.879419 81588.496758 374108.972557 44405.672263 433436.982316
402.912203 274580.630824 235043.130779 312337.244174 81399.384185 364138.394916 44819.034415 422588.223066
408.528580 268139.659694 230565.853644 304617.593098 81204.904423 354433.548454 45232.570371 411875.241848
414.223247 262107.122870 226160.425619 297533.436567 81005.032410 344987.351029 45646.132985 401299.512503
419.997295 256915.703701 221825.857344 289736.600736 80799.744007 335792.909246 46059.569778 390862.494069
425.851829 251051.182406 217366.427748 282570.974719 80589.016017 327249.414466 46472.722852 380565.627190
431.787973 245150.788969 212478.668589 275582.565513 80372.826213 320441.600131 46885.428804 371857.704881
437.806863 239505.788645 208183.655861 269027.580820 80151.153363 313002.900350 47297.518642 363732.627259
443.909653 233882.760744 203609.032790 262119.974561 79923.977250 304724.698400 47708.817707 355670.750572
450.097513 228332.858896 199469.197230 255637.349637 79691.278700 296541.065251 48119.145598 347673.901070
456.371628 223029.651614 195490.454847 249315.049870 79453.039604 289094.522879 48528.316100 338533.893593
462.733201 218246.912232 191103.399968 243149.110174 79209.242944 282722.996127 48936.137128 329252.052939
469.183451 213492.362515 187722.126993 238659.533788 78959.872818 275388.667992 49342.410657 320096.116004
475.723614 208881.138448 183712.221692 234071.673387 78704.914461 269035.847137 49746.932680 311068.185819
482.354943 203985.393374 179998.821350 228208.192569 78444.354274 263082.885595 50149.493160 303453.398891
489.078709 199209.420889 175995.462443 222913.999175 78178.179845 256420.659939 50549.875990 297380.023985
495.896201 194523.067759 172099.022245 218033.544916 77906.379975 249667.299788 50947.858968 289407.058946
502.808725 190089.832070 168183.921622 212851.196709 77628.944704 243566.016633 51343.213774 283172.738035
509.817606 185516.414518 164361.593968 207515.873565 77345.865331 238240.577083 51735.705960 276015.541771
516.924187 181320.691404 160897.975106 202314.285507 77057.134445 232358.830020 52125.094949 268504.532061
524.129830 177092.940231 157420.754308 197539.785713 76762.745944 227583.399769 52511.134047 261197.913982
531.435916 172928.891905 153867.291983 192888.797909 76791.067079 221868.374120 52893.570461 254090.125575
538.843844 168907.011821 150394.042045 188050.702155 76968.924908 215922.392816 53272.145334 247175.756231
546.355035 165116.899623 147092.637255 183695.831559 77144.790694 209986.873640 53646.593794 240449.542580
553.970928 161373.852479 144024.047308 179552.731287 77318.589271 204607.126550 54016.645012 233906.364477
561.692982 157908.210039 141309.479490 175398.730900 77490.243676 199886.711203 54382.022276 227541.241109
569.522678 154209.714900 138087.661648 171125.121255 77659.675116 196475.646550 54742.443084 221349.327203
577.461515 150571.705252 134962.447621 166845.057313 77826.802953 192864.241991 55097.619251 215325.909336
585.511016 146985.996099 132625.558493 162725.942205 77717.549368 189595.117409 55447.257027 209466.402348
593.672722 143520.556688 129659.858377 158765.037049 77538.437745 184640.052992 55791.057242 203766.345852
601.948197 140256.016100 126946.425105 154845.484796 77684.124251 180138.467150 56128.715467 198174.297705
610.339029 136945.340954 124137.617048 151373.863709 77019.721057 176431.920859 56459.922186 192827.346369
618.846824 133803.122208 121286.471979 147383.128365 77025.289325 172772.096819 56784.363001 187580.076373
627.473213 130692.417277 118540.597410 144082.013408 76009.633495 169158.774148 57101.718851 182475.596509
636.219849 127655.713072 115817.126741 140781.091926 75461.544671 165897.451744 57411.666248 177510.021135
645.088409 124681.149049 113242.998136 137352.285382 74627.065351 163258.037149 57713.877546 173363.761962
654.080591 121855.635751 110693.276786 134222.789029 73596.619787 160421.276055 58008.021226 169808.262050
663.198120 119070.148939 108191.608390 131222.652750 72522.777427 156571.439910 58293.762207 166267.486498
672.442742 116330.344848 105771.273892 128121.531822 71463.778143 152505.523911 58570.762177 162742.781319
681.816229 113587.625751 103421.478371 125278.568553 70419.418850 148545.125172 58838.679961 159235.498775
691.320378 110909.571708 101060.854708 122319.029199 69860.834686 144788.297660 59097.171898 155746.995659
700.957009 108294.658112 98775.209004 119493.558385 69007.957921 141027.917461 59345.892257 152137.682197
710.727970 105816.337458 96536.770573 116678.223847 67976.652589 137677.025781 59584.493677 147979.696199
720.635132 103324.343149 94330.774437 114034.704954 66959.894242 133946.722482 59812.627628 143935.349684
730.680395 100857.703041 92175.188305 111236.690011 65957.458466 130542.226075 59550.935191 140001.536838
740.865683 98477.626789 90068.860240 108829.496187 64969.126576 127185.153424 59168.559992 137205.917250
751.192949 96154.230883 88074.703604 106356.384447 64189.466786 124565.111536 58783.525256 134859.959348
761.664172 93904.317367 86130.664585 103872.116965 64322.223101 122506.000193 58395.826933 132345.296899
772.281357 91683.386435 84198.006563 101350.755030 64474.864239 119837.030826 58005.461991 130184.677043
783.046540 89513.960397 82294.044211 98840.799511 64614.448246 116581.544636 57633.133547 127856.514353
793.961785 87395.867643 80532.196590 96393.003141 64740.640127 113414.496805 57216.725451 125535.457706
805.029181 85327.893517 78736.836545 93979.009313 64829.775809 110355.755466 56818.353266 123222.106500
816.250851 83308.852105 76957.931027 91651.265026 64877.450809 107356.623735 56417.313380 120917.067092
827.628946 81332.310647 75284.002647 89311.571942 64968.142530 104438.999227 55758.347353 117989.088713
839.165644 79584.958348 73671.209852 87108.047311 64350.287775 101762.231394 54940.107315 115520.753000
850.863158 77715.805274 72044.374935 84987.587499 64077.793938 99511.688809 54133.240275 113633.888616
862.723729 75867.161742 70512.733441 82927.978489 63120.383803 97815.124301 53337.583492 110781.325003
874.749630 74123.263653 69001.166866 80995.785302 61975.781486 95276.523172 52552.977386 108922.032324
886.943166 72394.286687 67421.422717 78978.048852 61216.247467 93346.780528 51779.265400 107288.656153
899.306672 70731.099872 65897.574802 77014.064914 59849.655264 91168.975045 51016.293862 105066.752009
911.842520 69061.627016 64610.609165 75103.349718 58932.689309 89457.847991 50263.911865 102850.747836
924.553110 67442.813513 63172.467684 73331.216265 57621.580524 88013.656088 49521.971154 100648.760257
937.440879 65894.275582 61728.852453 71680.543460 56336.826873 86418.974912 48790.326016 98461.441075
950.508296 64381.916064 60373.177904 69898.681074 55080.718600 84190.075660 48068.833189 96289.443291
963.757866 62885.926811 58983.635255 68437.513880 53852.617016 82273.512264 47357.351773 94133.420324
977.192128 61400.399324 57706.570198 66703.120843 52651.897673 81474.088236 46655.743143 91850.456241
990.813657 59942.692415 56385.292435 65219.630136 51477.950045 80838.172279 45963.870880 89271.285734
1004.625062 58519.720841 55094.840908 63960.518003 50330.177220 80381.211578 45281.600700 86764.538607
1018.628990 57130.279244 53881.820213 62735.581960 49644.529494 78969.128131 44608.800390 84328.181204
1032.828126 55784.829265 52635.760678 61273.795222 48855.394122 77299.651319 43945.339747 81960.236974
1047.225190 54462.169504 51418.517251 59969.347042 47765.768238 75726.206563 43291.090529 81368.438038
1061.822941 53157.234882 50248.146427 58681.335661 46700.444369 74099.475890 42645.926399 81324.766257
1076.624177 51887.701226 49104.616558 57690.944780 45658.880507 72827.263796 42009.722885 81273.226895
1091.631734 50648.540038 47945.721532 56695.618568 44640.546729 70906.879242 41382.357330 81213.668825
1106.848489 49438.001039 46855.364108 55734.498508 43644.924933 69341.141405 40763.708858 80583.456378
1122.277356 48265.045357 45792.236122 54351.752410 42671.508573 68750.285713 40148.837715 79620.201647
1137.921294 47115.410398 44727.186687 52968.221759 41719.802397 67256.871011 39262.658488 77348.267093
1153.783300 45986.396837 43708.101963 51733.348269 40789.322204 65904.737737 38396.039320 75249.075167
1169.866413 44894.155447 42712.338650 50645.935615 39879.594586 64495.269473 37548.548474 73101.875719
1186.173716 43828.096296 41739.260939 49694.274707 38990.156699 63095.602688 36772.873063 71015.945668
1202.708335 42763.825515 40777.311436 48485.286696 38125.526353 61706.420733 36163.131502 68989.536719
1219.473437 41731.576038 39847.337845 47280.199533 37532.710551 60559.086976 35365.289598 67020.950463
1236.472235 40732.045064 38934.366858 46045.396149 36858.961161 59800.048415 34585.049922 65108.536955
1253.707987 39756.056695 38033.013761 44834.416044 36245.551039 58206.368854 33822.024129 64094.348260
1271.183997 38809.988296 37161.677206 43783.650172 35524.107046 56572.472644 33075.832441 62949.833666
1288.903612 37886.814439 36310.878196 42669.746562 34724.728765 55075.273099 32346.103459 61895.442918
1306.870230 36981.703564 35479.486628 41584.181869 33969.617132 53693.721134 31632.473977 61215.066531
1325.087292 36076.514132 34667.216432 40526.235121 33205.853086 52170.100890 30934.588805 60519.548095
1343.558290 35200.003134 33877.137610 39495.203687 32459.261312 50689.715100 30252.100585 59809.456119
1362.286764 34346.556359 33095.489628 38490.402812 31729.455713 49332.510642 29584.669626 59085.383658
1381.276303 33514.818512 32349.914339 37547.699151 31018.761065 48025.054355 28931.963730 58013.204048
1400.530545 32715.333082 31599.739053 36559.262037 30321.395530 46937.168219 28293.658028 56278.417846
1420.053182 31928.283983 30876.809073 35632.637141 29639.708207 45861.872559 27669.434819 55355.131029
1439.847953 31172.544899 30167.048605 34711.158912 28973.346616 44812.352296 27058.983410 54548.488966
1459.918652 30435.011671 29476.358245 33836.477946 28319.303817 43985.077407 26461.999964 53941.320083
1480.269127 29706.709104 28785.484444 32963.492573 27682.181632 43229.961837 25878.187347 52882.717930
1500.903276 29005.405337 28116.002595 32078.457659 27052.715558 42477.631993 25307.254980 51285.322267
1521.825053 28312.903726 27452.774399 31206.333918 26425.740576 41308.727148 24748.918695 49736.178151
1543.038469 27641.562782 26814.387280 30368.818015 25831.097535 40265.311578 24202.900593 48233.828076
1564.547589 26988.073661 26187.100659 29558.369608 25237.845957 39132.368071 23668.928907 47378.379059
1586.356534 26345.982936 25584.765913 28735.343866 24624.503844 38151.133999 23146.737865 46783.444646
1608.469483 25714.392227 24993.464074 27979.194284 24070.869037 37508.825482 22636.067559 46178.478855
1630.890676 25109.361484 24406.702385 27255.808984 23529.681649 36760.832948 22127.202242 45564.065771
1653.624407 24509.627590 23821.664684 26620.264770 22955.566986 36073.978224 21573.531933 44493.807798
1676.675035 23925.309634 23266.526367 26139.771734 22443.083514 35256.043618 21033.715649 43121.698580
1700.046975 23350.137328 22717.914753 25566.443385 21910.210962 34564.208491 20518.585372 41791.902749
1723.744708 22793.844456 22191.981895 24928.276093 21352.225094 33918.938291 20006.465954 40503.115435
1747.772774 22247.780876 21653.323751 24454.761688 20783.155561 33321.589917 19507.128426 39254.072011
1772.135779 21715.171399 21140.245017 23919.383229 20260.767192 32696.637105 19020.253768 38043.546846
1796.838391 21196.180071 20645.150030 23526.564833 19720.026696 32033.414099 18545.530919 36870.352105
1821.885343 20694.257197 20163.438083 22929.735736 19195.600029 31374.568961 18082.656587 35733.336585
1847.281437 20200.802274 19692.797352 22334.182985 18689.683711 30682.167170 17631.335047 34631.384585
1873.031539 19722.482508 19239.925732 21754.098493 18245.390283 30048.951280 17191.277953 33563.414807
1899.140582 19244.521738 18795.677116 21189.080503 17838.583813 29293.604080 16762.204160 32528.379301
1925.613572 18792.100309 18349.977221 20638.737695 17440.847661 28480.149883 16327.672596 31525.262434
1952.455581 18347.329859 17923.609170 20102.688909 17051.979593 27689.284499 15874.539700 30553.079892
1979.671753 17908.939021 17491.678755 19580.562888 16604.714510 26920.380658 15433.982350 29610.877715
2007.267304 17477.145877 17073.229448 19071.998018 16199.260511 26260.343288 15005.651546 28697.731363
2035.247521 17067.922797 16671.446939 18576.642075 15799.713799 25789.369566 14589.207971 27812.744807
2063.617768 16663.901007 16269.535145 18094.151984 15384.238786 25191.348193 14184.321724 26955.049649
2092.383480 16268.490925 15883.107953 17624.193581 15005.123555 24431.030026 13790.672062 26188.343237
2121.550171 15884.815211 15502.246967 17166.441382 14670.111556 23693.659567 13407.947143 25582.749091
2151.123430 15507.515709 15139.204830 16720.578355 14342.579205 22978.544216 13035.843777 24982.564677
2181.108924 15138.557201 14791.945603 16286.295704 14013.727253 22314.128075 12674.067191 24387.938424
2211.512400 14775.329912 14431.119333 15863.292652 13654.523440 21640.614733 12322.330791 23799.018820
2242.339683 14424.172195 14085.110703 15457.181938 13298.537229 20987.430225 11980.355937 23215.954167
2273.596682 14087.750372 13747.124932 15062.383967 12959.274373 20406.414393 11647.871723 22638.892321
2305.289387 13757.591067 13422.830484 14664.801110 12636.200660 19791.375520 11324.614760 22067.980430
2337.423871 13433.587122 13099.294567 14283.975826 12308.533227 19194.873604 11010.328969 21503.364651
2370.006292 13119.264911 12788.852144 13915.915485 12029.183257 18638.488268 10704.765379 20945.189866
2403.042894 12815.284931 12487.359227 13559.130934 11753.883559 18075.486942 10407.681926 20393.599389
2436.540009 12516.051244 12192.318839 13242.355582 11449.323392 17529.491850 10118.843267 19848.734662
2470.504055 12223.577057 11900.986317 12898.269040 11152.654821 16999.989295 9838.020588 19310.734945
2504.941542 11935.011274 11614.572720 12561.046126 10863.673362 16486.481098 9564.991426 18779.737002
2539.859069 11655.011160 11334.236627 12250.478882 10582.179833 16158.500663 9299.539491 18255.874783
2575.263327 11378.842320 11049.277030 11951.411197 10307.980208 15730.208023 9041.454498 17739.279098
2611.161101 11114.728420 10780.356509 11649.213004 10040.885494 15452.263595 8790.531996 17230.077294
2647.559271 10853.298321 10526.990745 11353.963982 9780.711591 15171.098740 8546.573207 16728.392927
2684.464811 10600.871909 10275.610939 11079.528850 9535.413618 14865.158802 8309.384872 16234.345436
2721.884795 10352.463371 10030.201358 10823.346150 9300.686425 14406.743970 8078.779094 15775.329219
2759.826392 10108.126545 9788.342505 10559.714063 9071.737362 14004.605910 7854.573192 15339.373181
2798.296876 9870.396806 9545.142876 10311.124394 8848.424192 13682.299108 7636.589552 14901.808532
2837.303617 9642.749131 9312.337448 10069.444172 8630.608180 13417.684885 7424.655491 14443.440941
2876.854090 9413.307590 9077.780763 9816.199749 8418.154005 13094.524039 7218.603120 13992.856917
2916.955876 9193.258969 8859.480417 9586.006843 8210.929679 12747.476717 7018.269207 13730.615693
2957.616659 8975.960983 8649.243920 9365.242710 8008.806463 12324.072729 6823.495051 13501.720179
2998.844231 8763.585981 8438.428125 9149.846587 7811.658784 11909.195300 6634.126354 13276.150829
3040.646493 8558.751173 8235.478848 8936.674539 7619.364164 11502.893745 6450.013103 13053.863327
3083.031457 8357.384415 8036.994089 8720.098026 7431.803138 11128.463346 6271.009444 12834.813962
3126.007243 8161.380993 7845.483081 8503.056973 7248.859183 10814.747182 6096.973576 12618.959622
3169.582089 7966.847492 7655.174206 8292.664316 7070.418642 10517.788694 5927.767630 12406.257785
3213.764344 7776.631959 7469.337699 8098.752223 6891.336211 10228.984288 5763.257562 12196.666508
3258.562476 7592.449464 7291.201187 7910.950678 6708.558850 9948.110065 5603.313052 11990.144422
3303.985070 7405.109517 7116.740513 7729.180337 6526.793163 9674.948273 5447.807394 11786.650722
3350.040830 7232.667085 6941.986431 7544.718143 6349.952343 9367.032884 5296.617398 11586.145160
3396.738582 7058.904528 6772.437977 7365.200882 6177.902954 9080.159724 5149.623296 11388.588034
3444.087276 6888.308026 6604.803497 7183.010912 6010.515174 8750.829690 5006.708639 11193.940184
3492.095985 6728.097058 6442.018330 7012.863903 5847.662697 8484.557173 4867.760214 11002.162982
3540.773909 6566.242866 6284.439231 6847.925440 5689.222643 8240.607693 4732.667948 10813.218322
3590.130377 6412.983968 6133.534418 6690.479613 5541.815427 8011.818096 4601.324824 10627.068620
3640.174847 6260.894689 5982.063094 6534.417282 5404.464620 7789.380541 4473.626792 10443.676795
3690.916911 6114.526959 5834.454478 6386.901607 5270.517976 7573.118670 4349.472694 10263.006272
3742.366291 5965.895823 5686.815768 6234.384791 5139.891125 7362.861025 4228.764176 10085.020971
3794.532847 5821.019176 5545.056220 6083.364190 5012.501787 7158.440906 4111.405615 9909.685295
3847.426577 5678.992907 5406.834216 5942.713903 4877.200418 6959.696242 3997.304041 9736.964131
3901.057617 5536.114223 5274.529205 5802.327550 4747.995323 6766.469461 3886.369066 9566.822837
3955.436245 5405.623573 5136.107710 5662.718466 4630.179629 6578.607367 3778.512807 9399.227238
4010.572881 5271.516730 5009.217893 5525.388574 4515.287388 6395.961015 3673.649824 9234.143617
4066.478092 5144.623748 4885.490754 5392.169998 4392.949630 6218.385599 3571.697046 9071.538709
4123.162591 5019.828496 4755.761495 5266.558915 4273.562702 6045.740330 3472.573707 8911.379698
4180.637241 4895.074965 4636.717499 5146.461012 4157.420345 5877.888328 3376.201283 8753.634202
4238.913057 4778.373366 4518.881588 5030.606511 4044.434383 5714.696516 3282.503430 8598.270274
4298.001206 4665.121722 4399.663242 4913.038189 3911.102251 5556.035510 3191.405922 8445.256393
4357.913012 4550.575689 4278.271704 4801.228972 3801.143238 5401.779517 3102.836592 8191.624322
4418.659956 4442.104484 4171.181292 4687.919370 3701.104199 5251.806237 3016.725279 7894.233038
4480.253680 4337.621515 4064.563210 4577.243092 3600.372063 5105.996768 2933.003765 7607.638339
4542.705986 4232.760705 3963.440490 4473.205205 3502.381531 4964.235507 2851.605728 7331.448264
4606.028844 4126.111144 3866.168486 4372.020844 3407.057986 4826.410060 2772.466687 7065.285080
4670.234388 4027.865175 3770.181582 4270.766547 3314.328841 4692.411154 2695.523947 6808.784767
4735.334923 3929.173372 3664.753068 4173.848393 3195.478248 4562.132551 2620.716557 6561.596521
4801.342924 3834.943784 3573.327179 4078.997169 3108.898058 4435.470962 2547.985255 6323.382275
4868.271040 3742.080215 3480.931294 3986.020871 3024.663723 4312.325965 2477.272425 6093.816232
4936.132098 3654.038786 3384.875515 3895.300956 2942.711683 4192.599926 2408.522049 5872.584427
5004.939103 3558.562986 3290.382232 3805.178515 2862.980101 4076.197922 2341.679664 5659.384291
5074.705239 3472.764111 3206.307946 3718.633087 2790.096705 3963.027666 2276.692319 5453.924238
5145.443878 3389.132665 3121.765652 3633.675057 2720.450403 3852.999433 2213.508532 5255.923272
5217.168576 3306.035603 3044.076452 3546.088821 2652.542610 3746.025989 2152.078250 5065.110594
5289.893076 3226.576274 2965.343978 3464.306857 2585.223481 3647.070868 2092.352809 4881.225239
5363.631317 3149.661355 2889.709349 3385.925164 2517.824284 3560.447806 2034.284895 4704.015716
5438.397428 3074.985458 2818.242450 3309.310944 2453.238675 3463.694602 1977.828507 4533.239662
5514.205739 3002.080065 2744.217609 3233.215885 2391.967702 3373.921758 1922.938923 4368.663516
5591.070777 2930.903199 2671.683848 3158.678657 2330.083589 3289.457481 1869.572659 4210.062193
5669.007271 2861.413879 2599.679533 3086.985432 2265.346931 3214.677663 1817.687440 4076.242707
5748.030158 2793.572094 2535.818753 3016.919444 2205.985439 3140.589336 1767.242162 3964.932368
5828.154581 2726.807380 2470.449002 2947.679661 2147.699119 3068.701100 1718.196865 3856.661591
5909.395895 2662.020991 2409.437765 2881.028689 2089.254187 2992.757389 1670.512694 3751.347375
5991.769669 2598.788054 2350.375657 2816.119737 2032.399705 2922.963630 1624.151876 3648.908983
6075.291689 2536.870758 2290.698860 2749.195307 1977.092394 2856.528696 1579.077685 3549.267886
6159.977960 2476.615506 2233.583775 2685.254198 1923.290151 2791.354114 1535.254412 3452.347698
6245.844712 2415.887422 2172.676104 2623.862490 1869.845751 2727.666555 1492.647343 3358.074118
6332.908400 2357.662107 2107.868262 2564.422717 1819.029065 2665.432093 1451.222724 3266.374876
6421.185709 2301.227692 2052.354124 2505.484291 1769.593422 2604.617572 1410.947740 3177.179674
6510.693555 2246.167235 1993.755023 2448.101132 1717.824901 2543.024375 1371.790485 3090.420133
6601.449093 2192.424185 1934.750089 2392.170420 1668.022495 2484.307401 1333.719940 3006.029743
6693.469713 2139.967022 1883.373985 2336.553110 1624.362293 2428.996452 1296.705945 2923.943809
6786.773051 2088.068606 1832.480516 2283.166731 1581.844888 2374.916954 1260.719180 2844.099404
6881.376986 2036.905342 1780.315379 2231.174680 1540.440370 2311.167299 1225.731136 2766.435317
6977.299650 1988.443388 1732.576749 2180.002430 1499.949493 2251.677598 1191.714095 2690.892010
7074.559423 1941.134437 1684.824037 2130.583421 1459.185455 2199.989992 1158.641111 2617.411572
7173.174944 1894.283077 1636.890167 2082.195044 1419.529260 2149.183375 1126.485983 2545.937671
7273.165113 1848.164913 1590.440377 2031.303982 1380.950799 2098.137248 1095.223238 2476.415514
7374.549090 1802.748495 1550.672746 1985.708274 1342.148704 2049.343170 1064.828112 2408.791805
7477.346305 1758.053235 1510.583261 1940.760796 1303.452689 2003.659873 1035.276524 2343.014704
7581.576458 1714.658639 1472.553173 1897.014087 1265.872335 1958.608861 1006.545065 2279.033783
7687.259522 1672.903922 1434.704763 1853.531985 1231.403721 1913.849110 978.610975 2216.799996
7794.415750 1632.696302 1399.105375 1811.558356 1195.883058 1869.916410 951.452124 2156.265632
7903.065679 1593.196249 1364.582314 1770.603062 1161.387012 1826.188848 925.046998 2097.384286
8013.230128 1552.883073 1328.435863 1730.573677 1129.854096 1784.868890 899.374678 2040.110818
8124.930211 1516.075112 1294.779474 1691.350180 1099.837265 1744.483851 874.414829 1984.401322
8238.187331 1479.249863 1262.036409 1652.957318 1070.915545 1705.012577 850.147676 1930.213091
8353.023195 1441.419816 1230.402234 1614.949909 1042.754361 1666.434394 826.553996 1877.504583
8469.459808 1406.937934 1199.561000 1577.503814 1015.333713 1628.729093 803.615099 1826.235390
8587.519485 1373.280934 1169.137307 1541.534697 988.634129 1591.876925 781.312812 1776.366211
8707.224849 1340.429083 1139.812648 1506.875232 962.636647 1555.858587 759.629468 1727.858813
8828.598841 1308.234957 1111.223519 1472.970973 937.322804 1520.973460 738.547890 1680.676012
8951.664721 1276.358633 1083.351471 1439.813395 912.674623 1486.421689 718.051378 1634.781636
9076.446073 1245.959993 1056.178518 1407.375775 888.576743 1452.640763 698.123694 1590.140502
9202.966809 1216.112213 1029.687126 1375.361318 864.396552 1420.186479 678.749052 1546.718387
9331.251175 1186.802343 1003.860199 1344.075114 840.874359 1388.467231 659.912103 1504.482004
9461.323756 1158.188469 978.681071 1313.500597 817.992258 1357.456419 641.597927 1463.398974
9593.209478 1130.478379 951.751246 1283.619358 795.732831 1327.138220 623.792013 1423.437803
9726.933615 1103.292968 925.748911 1254.388902 774.118717 1297.272819 606.480257 1384.567854
9862.521795 1076.763066 897.573258 1225.824080 753.058920 1267.796297 589.648945 1346.759331
10000.000000 1050.871104 874.665880 1197.873051 732.751827 1239.268585 573.284743 1309.983249
