10.000000 -0.002567 -0.008461 0.004706 -0.009619 0.009200 -0.009999 0.009870
10.139395 -0.002566 -0.008461 0.004706 -0.009619 0.009201 -0.009999 0.009870
10.280732 -0.002565 -0.008461 0.004706 -0.009619 0.009203 -0.009999 0.009870
10.424040 -0.002565 -0.008461 0.004717 -0.009619 0.009205 -0.009999 0.009870
10.569346 -0.002564 -0.008461 0.004717 -0.009619 0.009207 -0.009999 0.009870
10.716676 -0.002563 -0.008461 0.004717 -0.009619 0.009208 -0.009999 0.009870
10.866061 -0.002563 -0.008461 0.004717 -0.009619 0.009210 -0.009999 0.009870
11.017528 -0.002563 -0.008461 0.004717 -0.009619 0.009212 -0.009999 0.009870
11.171107 -0.002563 -0.008461 0.004717 -0.009619 0.009214 -0.009999 0.009870
11.326826 -0.002563 -0.008461 0.004717 -0.009618 0.009216 -0.009999 0.009870
11.484715 -0.002563 -0.008461 0.004717 -0.009618 0.009218 -0.009999 0.009870
11.644806 -0.002563 -0.008461 0.004717 -0.009618 0.009220 -0.009999 0.009870
11.807128 -0.002563 -0.008461 0.004717 -0.009618 0.009222 -0.009999 0.009870
11.971713 -0.002563 -0.008461 0.004717 -0.009618 0.009224 -0.009999 0.009871
12.138593 -0.002563 -0.008458 0.004717 -0.009618 0.009227 -0.009999 0.009871
12.307798 -0.002563 -0.008452 0.004717 -0.009618 0.009229 -0.009999 0.009871
12.479362 -0.002563 -0.008446 0.004720 -0.009618 0.009231 -0.009999 0.009871
12.653318 -0.002563 -0.008440 0.004737 -0.009618 0.009234 -0.009999 0.009871
12.829698 -0.002563 -0.008434 0.004737 -0.009618 0.009236 -0.009999 0.009871
13.008537 -0.002563 -0.008427 0.004737 -0.009618 0.009238 -0.009999 0.009871
13.189869 -0.002563 -0.008421 0.004737 -0.009618 0.009241 -0.009999 0.009871
13.373729 -0.002563 -0.008414 0.004737 -0.009618 0.009243 -0.009999 0.009871
13.560151 -0.002563 -0.008408 0.004737 -0.009618 0.009246 -0.009999 0.009871
13.749172 -0.002563 -0.008401 0.004739 -0.009618 0.009249 -0.009999 0.009871
13.940828 -0.002563 -0.008397 0.004743 -0.009618 0.009251 -0.009999 0.009871
14.135156 -0.002563 -0.008397 0.004747 -0.009618 0.009254 -0.009999 0.009871
14.332192 -0.002563 -0.008397 0.004752 -0.009618 0.009257 -0.009999 0.009871
14.531975 -0.002563 -0.008397 0.004757 -0.009618 0.009260 -0.009999 0.009871
14.734543 -0.002563 -0.008397 0.004761 -0.009618 0.009263 -0.009999 0.009871
14.939935 -0.002563 -0.008397 0.004766 -0.009618 0.009266 -0.009999 0.009872
15.148189 -0.002563 -0.008397 0.004771 -0.009618 0.009269 -0.009999 0.009872
15.359347 -0.002563 -0.008397 0.004776 -0.009618 0.009272 -0.009999 0.009872
15.573448 -0.002563 -0.008397 0.004781 -0.009617 0.009275 -0.009999 0.009874
15.790533 -0.002563 -0.008397 0.004786 -0.009617 0.009279 -0.009999 0.009876
16.010645 -0.002563 -0.008397 0.004791 -0.009617 0.009282 -0.009999 0.009879
16.233824 -0.002563 -0.008397 0.004817 -0.009617 0.009286 -0.009999 0.009882
16.460115 -0.002563 -0.008397 0.004822 -0.009617 0.009289 -0.009999 0.009884
16.689560 -0.002563 -0.008397 0.004823 -0.009617 0.009293 -0.009999 0.009887
16.922204 -0.002563 -0.008397 0.004823 -0.009617 0.009296 -0.009999 0.009890
17.158090 -0.002563 -0.008397 0.004823 -0.009617 0.009300 -0.009999 0.009893
17.397264 -0.002563 -0.008397 0.004824 -0.009617 0.009304 -0.009999 0.009896
17.639773 -0.002563 -0.008397 0.004830 -0.009617 0.009308 -0.009999 0.009899
17.885662 -0.002563 -0.008397 0.004834 -0.009617 0.009312 -0.009999 0.009902
18.134978 -0.002563 -0.008397 0.004834 -0.009617 0.009316 -0.009999 0.009905
18.387770 -0.002563 -0.008397 0.004834 -0.009617 0.009320 -0.009999 0.009908
18.644085 -0.002562 -0.008397 0.004834 -0.009616 0.009324 -0.009999 0.009912
18.903974 -0.002562 -0.008397 0.004834 -0.009616 0.009329 -0.009999 0.009915
19.167485 -0.002562 -0.008396 0.004834 -0.009616 0.009333 -0.009999 0.009919
19.434669 -0.002562 -0.008396 0.004841 -0.009616 0.009338 -0.009999 0.009922
19.705578 -0.002562 -0.008396 0.004841 -0.009616 0.009342 -0.009999 0.009926
19.980263 -0.002562 -0.008396 0.004841 -0.009615 0.009347 -0.009999 0.009930
20.258777 -0.002562 -0.008396 0.004863 -0.009615 0.009352 -0.009999 0.009934
20.541173 -0.002562 -0.008396 0.004903 -0.009614 0.009357 -0.009999 0.009938
20.827506 -0.002562 -0.008396 0.004910 -0.009614 0.009357 -0.009999 0.009942
21.117830 -0.002562 -0.008396 0.004918 -0.009613 0.009357 -0.009999 0.009946
21.412202 -0.002562 -0.008389 0.004925 -0.009613 0.009357 -0.009999 0.009951
21.710676 -0.002562 -0.008373 0.004933 -0.009612 0.009357 -0.009999 0.009955
22.013311 -0.002562 -0.008370 0.004944 -0.009612 0.009357 -0.009999 0.009960
22.320165 -0.002562 -0.008368 0.004949 -0.009611 0.009357 -0.009999 0.009964
22.631296 -0.002561 -0.008368 0.004957 -0.009611 0.009357 -0.009999 0.009969
22.946764 -0.002558 -0.008368 0.004966 -0.009610 0.009357 -0.009999 0.009974
23.266629 -0.002555 -0.008367 0.004974 -0.009610 0.009358 -0.009999 0.009979
23.590953 -0.002552 -0.008367 0.004983 -0.009609 0.009358 -0.009999 0.009984
23.919798 -0.002549 -0.008366 0.004992 -0.009608 0.009358 -0.009999 0.009990
24.253227 -0.002546 -0.008366 0.005001 -0.009608 0.009358 -0.009999 0.009995
24.591304 -0.002543 -0.008365 0.005010 -0.009607 0.009358 -0.009999 0.010001
24.934094 -0.002540 -0.008364 0.005038 -0.009606 0.009358 -0.009999 0.010006
25.281661 -0.002537 -0.008364 0.005092 -0.009606 0.009358 -0.009999 0.010012
25.634074 -0.002537 -0.008363 0.005140 -0.009605 0.009358 -0.009999 0.010018
25.991399 -0.002536 -0.008363 0.005140 -0.009604 0.009358 -0.009999 0.010024
26.353705 -0.002533 -0.008362 0.005146 -0.009603 0.009358 -0.009999 0.010031
26.721062 -0.002533 -0.008343 0.005158 -0.009603 0.009358 -0.009999 0.010037
27.093539 -0.002533 -0.008323 0.005158 -0.009602 0.009358 -0.009999 0.010044
27.471208 -0.002533 -0.008303 0.005170 -0.009601 0.009358 -0.009999 0.010051
27.854142 -0.002533 -0.008282 0.005199 -0.009600 0.009358 -0.009999 0.010058
28.242413 -0.002533 -0.008261 0.005229 -0.009594 0.009358 -0.009999 0.010065
28.636097 -0.002532 -0.008260 0.005236 -0.009588 0.009358 -0.009999 0.010072
29.035269 -0.002529 -0.008260 0.005249 -0.009582 0.009358 -0.009999 0.010080
29.440005 -0.002526 -0.008260 0.005281 -0.009576 0.009369 -0.009999 0.010087
29.850382 -0.002524 -0.008245 0.005292 -0.009570 0.009423 -0.009999 0.010095
30.266481 -0.002521 -0.008237 0.005292 -0.009563 0.009478 -0.009999 0.010103
30.688379 -0.002491 -0.008237 0.005292 -0.009557 0.009522 -0.009999 0.010112
31.116158 -0.002491 -0.008237 0.005292 -0.009552 0.009522 -0.009999 0.010120
31.549901 -0.002491 -0.008237 0.005353 -0.009551 0.009522 -0.009999 0.010129
31.989689 -0.002490 -0.008237 0.005398 -0.009550 0.009523 -0.009999 0.010138
32.435608 -0.002485 -0.008222 0.005407 -0.009549 0.009523 -0.009999 0.010147
32.887743 -0.002482 -0.008222 0.005408 -0.009548 0.009526 -0.009999 0.010156
33.346180 -0.002460 -0.008222 0.005409 -0.009547 0.009550 -0.009999 0.010166
33.811008 -0.002448 -0.008222 0.005410 -0.009546 0.009568 -0.009999 0.010176
34.282315 -0.002438 -0.008222 0.005411 -0.009545 0.009581 -0.009999 0.010186
34.760192 -0.002425 -0.008222 0.005412 -0.009543 0.009584 -0.009999 0.010197
35.244730 -0.002358 -0.008214 0.005413 -0.009542 0.009635 -0.009999 0.010207
35.736022 -0.002324 -0.008213 0.005413 -0.009541 0.009650 -0.009999 0.010218
36.234163 -0.002263 -0.008213 0.005417 -0.009540 0.009662 -0.009999 0.010265
36.739248 -0.002210 -0.008203 0.005418 -0.009539 0.009674 -0.009999 0.010332
37.251373 -0.002203 -0.008203 0.005419 -0.009537 0.009686 -0.009998 0.010399
37.770637 -0.002196 -0.008203 0.005421 -0.009536 0.009733 -0.009998 0.010467
38.297139 -0.002189 -0.008203 0.005422 -0.009535 0.009798 -0.009998 0.010536
38.830980 -0.002186 -0.008203 0.005424 -0.009533 0.009865 -0.009998 0.010607
39.372263 -0.002186 -0.008203 0.005427 -0.009532 0.009894 -0.009998 0.010678
39.921091 -0.002181 -0.008203 0.005461 -0.009532 0.009895 -0.009998 0.010750
40.477570 -0.002159 -0.008203 0.005486 -0.009532 0.009896 -0.009998 0.010823
41.041805 -0.002144 -0.008192 0.005496 -0.009532 0.009897 -0.009998 0.010897
41.613906 -0.002132 -0.008170 0.005514 -0.009532 0.009972 -0.009998 0.010972
42.193981 -0.002123 -0.008165 0.005523 -0.009532 0.010053 -0.009998 0.011048
42.782142 -0.002114 -0.008165 0.005524 -0.009532 0.010112 -0.009998 0.011125
43.378502 -0.002105 -0.008165 0.005524 -0.009532 0.010127 -0.009998 0.011203
43.983175 -0.002096 -0.008165 0.005524 -0.009532 0.010181 -0.009998 0.011282
44.596276 -0.002086 -0.008165 0.005527 -0.009532 0.010250 -0.009998 0.011362
45.217924 -0.002076 -0.008165 0.005612 -0.009532 0.010294 -0.009998 0.011444
45.848238 -0.002066 -0.008165 0.005674 -0.009532 0.010326 -0.009998 0.011526
46.487337 -0.002056 -0.008164 0.005682 -0.009532 0.010358 -0.009998 0.011609
47.135345 -0.002045 -0.008162 0.005694 -0.009532 0.010424 -0.009998 0.011694
47.792386 -0.002034 -0.008161 0.005721 -0.009532 0.010451 -0.009998 0.011780
48.458586 -0.002023 -0.008158 0.005738 -0.009528 0.010478 -0.009998 0.011867
49.134073 -0.002011 -0.008156 0.005761 -0.009525 0.010507 -0.009998 0.011955
49.818975 -0.001999 -0.008156 0.005767 -0.009522 0.010536 -0.009998 0.012044
50.513425 -0.001988 -0.008156 0.005769 -0.009516 0.010566 -0.009998 0.012134
51.217554 -0.001988 -0.008156 0.005771 -0.009510 0.010596 -0.009998 0.012226
51.931499 -0.001976 -0.008156 0.005773 -0.009504 0.010627 -0.009998 0.012319
52.655396 -0.001963 -0.008156 0.005776 -0.009504 0.010659 -0.009997 0.012413
53.389384 -0.001950 -0.008151 0.005778 -0.009504 0.010690 -0.009997 0.012508
54.133603 -0.001943 -0.008148 0.005780 -0.009500 0.010713 -0.009997 0.012604
54.888196 -0.001922 -0.008148 0.005783 -0.009496 0.010737 -0.009997 0.012702
55.653308 -0.001897 -0.008148 0.005785 -0.009492 0.010762 -0.009997 0.012801
56.429085 -0.001878 -0.008148 0.005788 -0.009487 0.010786 -0.009997 0.012902
57.215676 -0.001863 -0.008143 0.005790 -0.009483 0.010828 -0.009997 0.013004
58.013231 -0.001847 -0.008131 0.005793 -0.009477 0.010916 -0.009997 0.013107
58.821904 -0.001831 -0.008118 0.005796 -0.009469 0.010994 -0.009997 0.013211
59.641849 -0.001814 -0.008105 0.005799 -0.009465 0.011029 -0.009997 0.013317
60.473224 -0.001797 -0.008092 0.005805 -0.009462 0.011064 -0.009997 0.013424
61.316188 -0.001780 -0.008086 0.005808 -0.009459 0.011112 -0.009997 0.013533
62.170903 -0.001762 -0.008085 0.005869 -0.009455 0.011184 -0.009996 0.013643
63.037532 -0.001744 -0.008085 0.005869 -0.009452 0.011222 -0.009996 0.013755
63.916241 -0.001725 -0.008085 0.005898 -0.009448 0.011262 -0.009996 0.013868
64.807198 -0.001706 -0.008085 0.005954 -0.009444 0.011302 -0.009996 0.013982
65.710575 -0.001686 -0.008085 0.006021 -0.009441 0.011417 -0.009996 0.014098
66.626545 -0.001666 -0.008085 0.006034 -0.009437 0.011561 -0.009996 0.014215
67.555283 -0.001645 -0.008085 0.006034 -0.009433 0.011707 -0.009996 0.014334
68.496967 -0.001624 -0.008084 0.006034 -0.009428 0.011828 -0.009996 0.014507
69.451778 -0.001602 -0.008078 0.006071 -0.009424 0.011924 -0.009996 0.014755
70.419898 -0.001577 -0.008078 0.006105 -0.009420 0.012021 -0.009995 0.015007
71.401513 -0.001554 -0.008061 0.006107 -0.009415 0.012122 -0.009995 0.015264
72.396811 -0.001531 -0.008042 0.006109 -0.009410 0.012285 -0.009995 0.015524
73.405984 -0.001507 -0.008023 0.006110 -0.009402 0.012450 -0.009995 0.015788
74.429223 -0.001482 -0.008009 0.006183 -0.009393 0.012617 -0.009995 0.016057
75.466726 -0.001455 -0.008009 0.006193 -0.009384 0.012787 -0.009995 0.016330
76.518692 -0.001429 -0.007996 0.006203 -0.009374 0.012957 -0.009994 0.016607
77.585321 -0.001362 -0.007981 0.006213 -0.009367 0.013133 -0.009994 0.016888
78.666818 -0.001303 -0.007981 0.006229 -0.009362 0.013310 -0.009994 0.017174
79.763391 -0.001255 -0.007980 0.006240 -0.009352 0.013489 -0.009994 0.017464
80.875249 -0.001189 -0.007980 0.006251 -0.009352 0.013625 -0.009994 0.017759
82.002606 -0.001187 -0.007979 0.006305 -0.009351 0.013759 -0.009993 0.018058
83.145678 -0.001166 -0.007968 0.006458 -0.009351 0.013901 -0.009993 0.018362
84.304684 -0.001134 -0.007943 0.006643 -0.009351 0.014039 -0.009993 0.018671
85.479845 -0.001102 -0.007939 0.006645 -0.009341 0.014179 -0.009993 0.018984
86.671388 -0.001069 -0.007916 0.006646 -0.009330 0.014320 -0.009992 0.019303
87.879540 -0.001035 -0.007915 0.006647 -0.009318 0.014460 -0.009992 0.019626
89.104533 -0.001000 -0.007905 0.006667 -0.009306 0.014603 -0.009992 0.019954
90.346602 -0.000945 -0.007873 0.006785 -0.009306 0.014751 -0.009992 0.020288
91.605985 -0.000928 -0.007850 0.006845 -0.009305 0.014901 -0.009991 0.020626
92.882923 -0.000890 -0.007850 0.006969 -0.009296 0.015104 -0.009991 0.020970
94.177660 -0.000851 -0.007849 0.006975 -0.009280 0.015309 -0.009991 0.021319
95.490446 -0.000812 -0.007848 0.006980 -0.009268 0.015517 -0.009990 0.021674
96.821531 -0.000771 -0.007847 0.006998 -0.009268 0.015728 -0.009990 0.022034
98.171170 -0.000730 -0.007846 0.007036 -0.009267 0.015942 -0.009990 0.022399
99.539623 -0.000687 -0.007845 0.007096 -0.009262 0.016159 -0.009989 0.022771
100.927151 -0.000643 -0.007844 0.007097 -0.009253 0.016379 -0.009989 0.023147
102.334021 -0.000637 -0.007843 0.007098 -0.009244 0.016601 -0.009989 0.023530
103.760502 -0.000636 -0.007842 0.007099 -0.009243 0.016827 -0.009988 0.023918
105.206867 -0.000604 -0.007833 0.007237 -0.009243 0.017056 -0.009988 0.024313
106.673394 -0.000556 -0.007832 0.007286 -0.009242 0.017288 -0.009987 0.024713
108.160363 -0.000507 -0.007821 0.007367 -0.009241 0.017523 -0.009987 0.025120
109.668060 -0.000456 -0.007814 0.007369 -0.009241 0.017761 -0.009987 0.025532
111.196773 -0.000404 -0.007803 0.007427 -0.009240 0.017984 -0.009986 0.025951
112.746796 -0.000351 -0.007801 0.007489 -0.009234 0.018167 -0.009986 0.026377
114.318425 -0.000297 -0.007800 0.007587 -0.009225 0.018352 -0.009985 0.026809
115.911962 -0.000241 -0.007798 0.007603 -0.009213 0.018560 -0.009984 0.027247
117.527712 -0.000183 -0.007797 0.007712 -0.009202 0.018745 -0.009984 0.027692
119.165984 -0.000124 -0.007795 0.007860 -0.009201 0.018933 -0.009983 0.028144
120.827094 -0.000064 -0.007791 0.007863 -0.009199 0.019123 -0.009983 0.028602
122.511358 -0.000003 -0.007772 0.007865 -0.009197 0.019320 -0.009982 0.029068
124.219100 0.000061 -0.007770 0.007868 -0.009196 0.019522 -0.009981 0.029540
125.950646 0.000126 -0.007768 0.007947 -0.009194 0.019727 -0.009981 0.030020
127.706330 0.000193 -0.007750 0.008013 -0.009192 0.019935 -0.009980 0.030506
129.486487 0.000237 -0.007723 0.008057 -0.009190 0.020146 -0.009979 0.031000
131.291459 0.000280 -0.007715 0.008080 -0.009188 0.020360 -0.009979 0.031502
133.121590 0.000341 -0.007708 0.008094 -0.009186 0.020577 -0.009978 0.032011
134.977233 0.000388 -0.007700 0.008157 -0.009184 0.020797 -0.009977 0.032527
136.858742 0.000435 -0.007692 0.008193 -0.009182 0.021020 -0.009976 0.033051
138.766479 0.000467 -0.007684 0.008267 -0.009180 0.021246 -0.009975 0.033583
140.700809 0.000486 -0.007676 0.008341 -0.009177 0.021476 -0.009974 0.034123
142.662102 0.000492 -0.007667 0.008420 -0.009175 0.021709 -0.009973 0.034671
144.650734 0.000498 -0.007658 0.008499 -0.009172 0.021983 -0.009972 0.035227
146.667087 0.000504 -0.007649 0.008616 -0.009169 0.022295 -0.009971 0.035791
148.711546 0.000510 -0.007639 0.008773 -0.009166 0.022611 -0.009970 0.036363
150.784505 0.000517 -0.007629 0.008889 -0.009160 0.022931 -0.009969 0.036944
152.886359 0.000527 -0.007596 0.009016 -0.009157 0.023255 -0.009968 0.037533
155.017512 0.000604 -0.007585 0.009093 -0.009154 0.023584 -0.009967 0.038131
157.178372 0.000647 -0.007580 0.009189 -0.009151 0.023881 -0.009966 0.038738
159.369353 0.000667 -0.007576 0.009285 -0.009147 0.024120 -0.009964 0.039353
161.590875 0.000688 -0.007571 0.009380 -0.009144 0.024361 -0.009963 0.039978
163.843365 0.000708 -0.007558 0.009455 -0.009140 0.024605 -0.009962 0.040611
166.127252 0.000730 -0.007543 0.009477 -0.009132 0.024851 -0.009960 0.041254
168.442976 0.000752 -0.007496 0.009516 -0.009116 0.025101 -0.009959 0.041906
170.790980 0.000775 -0.007445 0.009568 -0.009109 0.025353 -0.009957 0.042567
173.171713 0.000798 -0.007392 0.009594 -0.009106 0.025608 -0.009955 0.043238
175.585633 0.000821 -0.007339 0.009677 -0.009103 0.025866 -0.009954 0.043918
178.033202 0.000845 -0.007310 0.009863 -0.009100 0.026127 -0.009952 0.044609
180.514888 0.000913 -0.007294 0.009918 -0.009098 0.026391 -0.009950 0.045309
183.031168 0.001057 -0.007273 0.010004 -0.009096 0.026841 -0.009948 0.046019
185.582523 0.001158 -0.007230 0.010156 -0.009093 0.027303 -0.009946 0.046739
188.169442 0.001239 -0.007214 0.010312 -0.009091 0.027673 -0.009944 0.047469
190.792422 0.001343 -0.007210 0.010472 -0.009087 0.027966 -0.009942 0.048210
193.451965 0.001507 -0.007206 0.010636 -0.009081 0.028263 -0.009940 0.048961
196.148581 0.001674 -0.007169 0.010804 -0.009074 0.028563 -0.009938 0.049723
198.882786 0.001727 -0.007131 0.010977 -0.009068 0.028867 -0.009935 0.050495
201.655104 0.001769 -0.007072 0.011153 -0.009062 0.029173 -0.009933 0.051278
204.466067 0.001789 -0.007037 0.011334 -0.009057 0.029484 -0.009930 0.052073
207.316213 0.001836 -0.006960 0.011563 -0.009049 0.029801 -0.009928 0.052878
210.206088 0.001846 -0.006903 0.011844 -0.009042 0.030302 -0.009925 0.053694
213.136247 0.001866 -0.006874 0.012097 -0.009034 0.030809 -0.009922 0.054522
216.107251 0.001902 -0.006862 0.012174 -0.009025 0.031322 -0.009919 0.055361
219.119669 0.001910 -0.006858 0.012385 -0.009016 0.031678 -0.009916 0.056212
222.174078 0.002002 -0.006808 0.012620 -0.009007 0.032008 -0.009913 0.057074
225.271064 0.002045 -0.006755 0.012858 -0.008998 0.032341 -0.009910 0.057948
228.411221 0.002096 -0.006702 0.013099 -0.008985 0.032751 -0.009906 0.058834
231.595149 0.002142 -0.006619 0.013345 -0.008975 0.033332 -0.009903 0.059732
234.823460 0.002161 -0.006591 0.013593 -0.008964 0.033922 -0.009899 0.060642
238.096772 0.002247 -0.006573 0.013840 -0.008953 0.034278 -0.009895 0.061565
241.415712 0.002358 -0.006554 0.014092 -0.008941 0.034630 -0.009891 0.062500
244.780916 0.002390 -0.006534 0.014358 -0.008929 0.035132 -0.009887 0.063447
248.193029 0.002455 -0.006514 0.014564 -0.008920 0.035701 -0.009883 0.064408
251.652705 0.002462 -0.006492 0.014894 -0.008907 0.036128 -0.009878 0.065381
255.160607 0.002484 -0.006470 0.015166 -0.008893 0.036647 -0.009874 0.066366
258.717408 0.002489 -0.006447 0.015442 -0.008879 0.037235 -0.009869 0.067365
262.323788 0.002511 -0.006423 0.015722 -0.008864 0.037830 -0.009864 0.068377
265.980440 0.002521 -0.006398 0.016006 -0.008849 0.038431 -0.009859 0.069403
269.688063 0.002563 -0.006382 0.016262 -0.008833 0.039040 -0.009853 0.070442
273.447368 0.002621 -0.006367 0.016470 -0.008817 0.039655 -0.009848 0.071494
277.259076 0.002646 -0.006317 0.016681 -0.008799 0.040277 -0.009842 0.072560
281.123917 0.002676 -0.006275 0.016972 -0.008781 0.040906 -0.009836 0.073640
285.042632 0.002690 -0.006216 0.017294 -0.008770 0.041542 -0.009830 0.074733
289.015972 0.002714 -0.006147 0.017625 -0.008761 0.042185 -0.009823 0.075841
293.044698 0.002782 -0.006100 0.017963 -0.008752 0.042835 -0.009817 0.076963
297.129582 0.002830 -0.006047 0.018310 -0.008742 0.043492 -0.009810 0.078099
301.271407 0.002868 -0.005976 0.018664 -0.008732 0.044156 -0.009802 0.079249
305.470967 0.002987 -0.005877 0.019027 -0.008722 0.044828 -0.009795 0.080414
309.729067 0.003031 -0.005798 0.019399 -0.008711 0.045507 -0.009787 0.081594
314.046522 0.003044 -0.005721 0.019759 -0.008699 0.046193 -0.009779 0.082788
318.424160 0.003058 -0.005640 0.020102 -0.008688 0.046887 -0.009770 0.083997
322.862820 0.003071 -0.005557 0.020451 -0.008675 0.047588 -0.009762 0.085221
327.363353 0.003100 -0.005469 0.020804 -0.008662 0.048296 -0.009753 0.086460
331.926620 0.003148 -0.005379 0.021163 -0.008649 0.049012 -0.009743 0.087715
336.553498 0.003198 -0.005345 0.021629 -0.008635 0.049736 -0.009733 0.088984
341.244871 0.003252 -0.005318 0.022094 -0.008614 0.050467 -0.009723 0.090269
346.001639 0.003267 -0.005289 0.022396 -0.008597 0.051206 -0.009713 0.091501
350.824714 0.003282 -0.005218 0.022703 -0.008581 0.051952 -0.009702 0.092713
355.715021 0.003444 -0.005104 0.023035 -0.008565 0.052707 -0.009690 0.093939
360.673495 0.003546 -0.005025 0.023426 -0.008548 0.053469 -0.009679 0.095178
365.701088 0.003707 -0.004969 0.023897 -0.008530 0.054238 -0.009666 0.096431
370.798763 0.003938 -0.004944 0.024534 -0.008512 0.055016 -0.009654 0.097697
375.967497 0.004069 -0.004831 0.025192 -0.008493 0.055802 -0.009641 0.098976
381.208280 0.004271 -0.004785 0.025866 -0.008473 0.056595 -0.009627 0.100270
386.522116 0.004409 -0.004729 0.026244 -0.008452 0.057421 -0.009613 0.101577
391.910025 0.004477 -0.004585 0.026655 -0.008431 0.058238 -0.009598 0.102898
397.373038 0.004718 -0.004502 0.027192 -0.008408 0.059024 -0.009583 0.104233
402.912203 0.004918 -0.004463 0.027581 -0.008379 0.059849 -0.009567 0.105582
408.528580 0.005150 -0.004424 0.028315 -0.008351 0.060683 -0.009550 0.106945
414.223247 0.005320 -0.004384 0.029113 -0.008330 0.061525 -0.009533 0.108322
419.997295 0.005492 -0.004344 0.029938 -0.008307 0.062375 -0.009516 0.109713
425.851829 0.005685 -0.004249 0.030781 -0.008284 0.063233 -0.009497 0.111119
431.787973 0.005858 -0.004117 0.031421 -0.008254 0.064100 -0.009478 0.112539
437.806863 0.006109 -0.003971 0.032075 -0.008221 0.064974 -0.009458 0.113973
443.909653 0.006295 -0.003820 0.032743 -0.008178 0.065857 -0.009438 0.115422
450.097513 0.006385 -0.003666 0.033426 -0.008133 0.066749 -0.009416 0.116885
456.371628 0.006480 -0.003552 0.033961 -0.008086 0.067648 -0.009394 0.118363
462.733201 0.006577 -0.003484 0.034477 -0.008037 0.068556 -0.009371 0.119855
469.183451 0.006705 -0.003356 0.035000 -0.007986 0.069473 -0.009347 0.121362
475.723614 0.006866 -0.003254 0.035529 -0.007933 0.070398 -0.009322 0.122883
482.354943 0.006973 -0.003210 0.036065 -0.007878 0.071331 -0.009297 0.124420
489.078709 0.007259 -0.003155 0.036606 -0.007821 0.072273 -0.009270 0.125971
495.896201 0.007602 -0.003027 0.037154 -0.007778 0.073223 -0.009243 0.127536
502.808725 0.007806 -0.002907 0.037708 -0.007735 0.074181 -0.009214 0.129117
509.817606 0.008014 -0.002808 0.038269 -0.007690 0.075149 -0.009184 0.130713
516.924187 0.008115 -0.002693 0.038835 -0.007643 0.076124 -0.009153 0.132323
524.129830 0.008244 -0.002552 0.039457 -0.007595 0.077108 -0.009121 0.133948
531.435916 0.008456 -0.002453 0.040032 -0.007544 0.078101 -0.009088 0.135588
538.843844 0.008753 -0.002401 0.040612 -0.007491 0.079102 -0.009054 0.137244
546.355035 0.009050 -0.002287 0.041199 -0.007414 0.080112 -0.009018 0.138914
553.970928 0.009362 -0.002181 0.041793 -0.007332 0.081130 -0.008981 0.140599
561.692982 0.009674 -0.002073 0.042392 -0.007246 0.082157 -0.008942 0.142299
569.522678 0.009992 -0.001908 0.042998 -0.007157 0.083193 -0.008902 0.144014
577.461515 0.010315 -0.001760 0.043610 -0.007064 0.084237 -0.008861 0.145744
585.511016 0.010665 -0.001507 0.044229 -0.006967 0.085289 -0.008818 0.147490
593.672722 0.010926 -0.001291 0.044856 -0.006866 0.086350 -0.008774 0.149250
601.948197 0.011249 -0.001118 0.045552 -0.006790 0.087419 -0.008728 0.151025
610.339029 0.011619 -0.000996 0.046450 -0.006710 0.088497 -0.008680 0.152815
618.846824 0.011817 -0.000868 0.047309 -0.006628 0.089584 -0.008630 0.154620
627.473213 0.012266 -0.000736 0.048241 -0.006542 0.090679 -0.008579 0.156440
636.219849 0.012666 -0.000599 0.049187 -0.006468 0.091783 -0.008526 0.158276
645.088409 0.012952 -0.000497 0.050147 -0.006360 0.092895 -0.008470 0.160126
654.080591 0.013378 -0.000414 0.051121 -0.006264 0.094015 -0.008413 0.161991
663.198120 0.013862 -0.000328 0.052109 -0.006142 0.095144 -0.008354 0.163870
672.442742 0.014345 -0.000238 0.053111 -0.006003 0.096281 -0.008292 0.165765
681.816229 0.014762 -0.000090 0.054127 -0.005897 0.097427 -0.008229 0.167674
691.320378 0.015031 0.000076 0.055158 -0.005773 0.098581 -0.008163 0.169599
700.957009 0.015435 0.000253 0.056203 -0.005625 0.099743 -0.008094 0.171538
710.727970 0.015752 0.000482 0.057262 -0.005483 0.100914 -0.008023 0.173491
720.635132 0.016207 0.000680 0.058335 -0.005360 0.102093 -0.007950 0.175459
730.680395 0.016709 0.000850 0.059422 -0.005241 0.103280 -0.007874 0.177442
740.865683 0.017308 0.001094 0.060523 -0.005128 0.104475 -0.007795 0.179439
751.192949 0.017583 0.001254 0.061639 -0.005012 0.105678 -0.007713 0.181451
761.664172 0.017979 0.001378 0.062768 -0.004877 0.107417 -0.007629 0.183477
772.281357 0.018565 0.001735 0.063912 -0.004725 0.108634 -0.007541 0.185517
783.046540 0.019272 0.002105 0.065069 -0.004566 0.109858 -0.007451 0.187571
793.961785 0.019997 0.002360 0.066241 -0.004402 0.112510 -0.007357 0.189640
805.029181 0.020818 0.002409 0.067426 -0.004239 0.113742 -0.007260 0.191722
816.250851 0.021537 0.002617 0.068625 -0.004055 0.114981 -0.007159 0.193819
827.628946 0.022111 0.002841 0.069838 -0.003852 0.116228 -0.007055 0.195929
839.165644 0.022653 0.003111 0.071064 -0.003657 0.117482 -0.006947 0.198053
850.863158 0.023212 0.003252 0.072355 -0.003465 0.118744 -0.006836 0.200191
862.723729 0.023789 0.003408 0.073607 -0.003263 0.120012 -0.006720 0.202342
874.749630 0.024296 0.003600 0.074871 -0.003058 0.121425 -0.006601 0.204507
886.943166 0.024901 0.003833 0.076149 -0.002842 0.123101 -0.006477 0.206684
899.306672 0.025483 0.004302 0.077779 -0.002650 0.124794 -0.006350 0.208875
911.842520 0.026072 0.004657 0.079459 -0.002475 0.126506 -0.006218 0.211079
924.553110 0.026610 0.005154 0.081152 -0.002352 0.128175 -0.006081 0.213296
937.440879 0.027290 0.005628 0.082872 -0.002086 0.129624 -0.005940 0.215526
950.508296 0.028110 0.006070 0.084620 -0.001808 0.131085 -0.005794 0.217768
963.757866 0.028566 0.006540 0.086393 -0.001519 0.132557 -0.005644 0.220023
977.192128 0.029578 0.006804 0.087855 -0.001227 0.133944 -0.005488 0.222290
990.813657 0.030450 0.007179 0.089524 -0.000912 0.135289 -0.005327 0.224569
1004.625062 0.031116 0.007433 0.090427 -0.000621 0.136662 -0.005161 0.226860
1018.628990 0.031798 0.007730 0.091193 -0.000323 0.138568 -0.004989 0.229163
1032.828126 0.032648 0.008005 0.092069 -0.000021 0.140382 -0.004812 0.231478
1047.225190 0.033697 0.008223 0.092776 0.000293 0.142269 -0.004629 0.233804
1061.822941 0.034677 0.008496 0.094017 0.000479 0.144175 -0.004441 0.236142
1076.624177 0.035481 0.008791 0.095287 0.000593 0.146049 -0.004246 0.238491
1091.631734 0.036193 0.009356 0.096727 0.000851 0.147618 -0.004045 0.240850
1106.848489 0.037157 0.010011 0.098183 0.001215 0.149198 -0.003838 0.243221
1122.277356 0.037891 0.010199 0.099647 0.001452 0.151192 -0.003624 0.245602
1137.921294 0.039162 0.010314 0.101120 0.001880 0.153290 -0.003404 0.247993
1153.783300 0.040510 0.010922 0.102603 0.002326 0.155494 -0.003177 0.250395
1169.866413 0.041735 0.011318 0.104096 0.002628 0.157459 -0.002943 0.252806
1186.173716 0.043315 0.011848 0.105644 0.002879 0.159585 -0.002702 0.255227
1202.708335 0.044506 0.012510 0.107274 0.003305 0.161730 -0.002454 0.257658
1219.473437 0.045731 0.012931 0.108785 0.003745 0.163893 -0.002199 0.260098
1236.472235 0.047195 0.013370 0.110736 0.004189 0.166074 -0.001936 0.262547
1253.707987 0.048680 0.013978 0.113501 0.004435 0.168273 -0.001665 0.265006
1271.183997 0.050275 0.014721 0.116448 0.004781 0.170490 -0.001387 0.267472
1288.903612 0.051537 0.015516 0.118716 0.005048 0.172725 -0.001101 0.269948
1306.870230 0.052586 0.016209 0.121009 0.005178 0.174977 -0.000807 0.272431
1325.087292 0.053836 0.016874 0.122701 0.005322 0.177246 -0.000505 0.274922
1343.558290 0.054996 0.017534 0.124240 0.005566 0.179531 -0.000337 0.277421
1362.286764 0.056081 0.017928 0.125793 0.005685 0.181834 -0.000254 0.279928
1381.276303 0.057385 0.018785 0.127362 0.005808 0.184152 -0.000171 0.282442
1400.530545 0.058914 0.019635 0.128944 0.006007 0.186487 -0.000088 0.286185
1420.053182 0.060261 0.020265 0.130542 0.006219 0.188838 -0.000005 0.290640
1439.847953 0.061812 0.020907 0.132154 0.006456 0.191204 0.000077 0.295070
1459.918652 0.063326 0.021559 0.133781 0.006861 0.193585 0.000159 0.299473
1480.269127 0.064696 0.022258 0.135645 0.007407 0.195982 0.000241 0.303846
1500.903276 0.066116 0.023005 0.137644 0.007967 0.198393 0.000323 0.308188
1521.825053 0.067935 0.023699 0.141251 0.008542 0.200818 0.000404 0.312494
1543.038469 0.069785 0.024545 0.143805 0.008889 0.203257 0.000485 0.316763
1564.547589 0.071710 0.025518 0.145429 0.009182 0.205710 0.000565 0.320993
1586.356534 0.073482 0.026736 0.148066 0.009484 0.208176 0.000645 0.325181
1608.469483 0.075603 0.027757 0.150723 0.009797 0.210655 0.000725 0.329325
1630.890676 0.077706 0.028998 0.152665 0.010121 0.213147 0.000804 0.333423
1653.624407 0.079952 0.030090 0.154603 0.010456 0.215651 0.000882 0.337473
1676.675035 0.082194 0.030894 0.157647 0.010803 0.218166 0.000960 0.341474
1700.046975 0.084531 0.032277 0.159174 0.011161 0.220661 0.001038 0.345422
1723.744708 0.086566 0.033637 0.161092 0.011345 0.223146 0.001115 0.349318
1747.772774 0.088836 0.034925 0.163550 0.011490 0.225697 0.001191 0.353159
1772.135779 0.090797 0.036325 0.165033 0.011634 0.228306 0.001267 0.356944
1796.838391 0.092774 0.037832 0.166609 0.011776 0.230907 0.001342 0.360672
1821.885343 0.094508 0.039434 0.168672 0.011918 0.233499 0.001417 0.364341
1847.281437 0.096085 0.040961 0.170314 0.012057 0.236138 0.001490 0.367950
1873.031539 0.097750 0.042490 0.171874 0.012386 0.238785 0.001563 0.371500
1899.140582 0.099878 0.043781 0.173414 0.012780 0.241441 0.001636 0.374988
1925.613572 0.102220 0.045471 0.174876 0.013183 0.244104 0.001708 0.378414
1952.455581 0.104630 0.046563 0.176614 0.013561 0.246775 0.001779 0.381777
1979.671753 0.106662 0.048082 0.178967 0.013981 0.249453 0.001849 0.385078
2007.267304 0.108535 0.049958 0.180328 0.014410 0.252192 0.001918 0.388315
2035.247521 0.110850 0.051704 0.182023 0.014849 0.256896 0.001987 0.391488
2063.617768 0.112903 0.053810 0.185410 0.015006 0.261801 0.002055 0.394597
2092.383480 0.115363 0.055916 0.187087 0.015103 0.266730 0.002122 0.397642
2121.550171 0.118165 0.058008 0.188471 0.015199 0.271437 0.002189 0.400623
2151.123430 0.120874 0.060154 0.190299 0.015294 0.275866 0.002254 0.403540
2181.108924 0.123451 0.061634 0.192133 0.015396 0.278187 0.002319 0.406393
2211.512400 0.126107 0.063173 0.195508 0.015490 0.280512 0.002383 0.409182
2242.339683 0.128127 0.065527 0.198763 0.015582 0.282840 0.002446 0.411908
2273.596682 0.129854 0.068148 0.201799 0.015674 0.285172 0.002509 0.414571
2305.289387 0.131458 0.070531 0.204761 0.015950 0.287586 0.002570 0.417171
2337.423871 0.134037 0.072979 0.207127 0.016041 0.289921 0.002631 0.419710
2370.006292 0.136059 0.075118 0.209711 0.016132 0.292259 0.002690 0.422186
2403.042894 0.138505 0.077540 0.212709 0.016222 0.294600 0.002749 0.424602
2436.540009 0.140121 0.080021 0.216348 0.016460 0.296942 0.002807 0.426957
2470.504055 0.143217 0.082671 0.219286 0.016925 0.299286 0.002865 0.429253
2504.941542 0.146621 0.084897 0.223227 0.017402 0.301631 0.002921 0.431490
2539.859069 0.149753 0.087679 0.226170 0.017890 0.303978 0.002977 0.433669
2575.263327 0.152375 0.089812 0.228402 0.018390 0.306325 0.003031 0.435791
2611.161101 0.155402 0.092543 0.231352 0.018901 0.308674 0.003085 0.437857
2647.559271 0.158548 0.094771 0.233748 0.019424 0.311022 0.003138 0.439866
2684.464811 0.162506 0.097199 0.237222 0.019807 0.313371 0.003190 0.441822
2721.884795 0.165556 0.098289 0.239869 0.020305 0.315719 0.003241 0.443724
2759.826392 0.169035 0.100573 0.241656 0.020861 0.318067 0.003292 0.445572
2798.296876 0.173551 0.102160 0.243587 0.021304 0.320415 0.003341 0.447370
2837.303617 0.176321 0.103745 0.245082 0.021552 0.322761 0.003390 0.449116
2876.854090 0.178461 0.104551 0.248409 0.022081 0.325256 0.003438 0.450813
2916.955876 0.180922 0.105996 0.252034 0.022350 0.328166 0.003485 0.452461
2957.616659 0.183851 0.109184 0.254546 0.022605 0.331007 0.003531 0.454061
2998.844231 0.186481 0.111167 0.257928 0.022861 0.333780 0.003577 0.455615
3040.646493 0.188874 0.112250 0.261259 0.023118 0.336485 0.003621 0.457123
3083.031457 0.191903 0.113612 0.266258 0.023398 0.339122 0.003665 0.458586
3126.007243 0.195078 0.116420 0.270866 0.023647 0.341692 0.003708 0.460005
3169.582089 0.197776 0.119393 0.275266 0.023895 0.345670 0.003750 0.461382
3213.764344 0.200437 0.121089 0.278131 0.024154 0.350899 0.003792 0.462717
3258.562476 0.203256 0.121882 0.281379 0.024415 0.356125 0.003832 0.464012
3303.985070 0.205866 0.122879 0.285374 0.024676 0.361345 0.003872 0.465267
3350.040830 0.210014 0.124493 0.288857 0.024938 0.364908 0.003912 0.466483
3396.738582 0.212071 0.126902 0.291521 0.025201 0.369589 0.003950 0.467661
3444.087276 0.214670 0.128193 0.294496 0.025464 0.374780 0.003988 0.468803
3492.095985 0.217555 0.129275 0.296821 0.025728 0.379956 0.004024 0.469909
3540.773909 0.220452 0.129957 0.300090 0.025992 0.384911 0.004061 0.470981
3590.130377 0.223827 0.132166 0.302970 0.026257 0.390053 0.004096 0.472018
3640.174847 0.227513 0.132854 0.306247 0.026522 0.395373 0.004131 0.473022
3690.916911 0.230660 0.133984 0.311685 0.026787 0.400269 0.004165 0.473995
3742.366291 0.234363 0.135875 0.316314 0.027053 0.405338 0.004198 0.474936
3794.532847 0.237317 0.137328 0.320911 0.027319 0.410380 0.004231 0.475847
3847.426577 0.239771 0.138072 0.324971 0.027586 0.415390 0.004263 0.477663
3901.057617 0.242447 0.138974 0.328056 0.027852 0.420369 0.004294 0.481423
3955.436245 0.245678 0.139870 0.330925 0.028256 0.425312 0.004325 0.485124
4010.572881 0.248700 0.140761 0.335061 0.028733 0.430219 0.004355 0.488767
4066.478092 0.250714 0.141647 0.339823 0.029209 0.435087 0.004384 0.492351
4123.162591 0.253473 0.143131 0.344521 0.029685 0.439914 0.004413 0.495875
4180.637241 0.256241 0.143810 0.349312 0.030159 0.444700 0.004441 0.499339
4238.913057 0.259503 0.144484 0.352453 0.030313 0.449442 0.004469 0.502744
4298.001206 0.263618 0.145241 0.356200 0.030438 0.454138 0.004496 0.506089
4357.913012 0.266599 0.145993 0.362221 0.030560 0.457025 0.004522 0.509375
4418.659956 0.270131 0.146845 0.366884 0.030680 0.459179 0.004548 0.512601
4480.253680 0.274029 0.148506 0.370828 0.030797 0.461312 0.004573 0.515823
4542.705986 0.278267 0.149856 0.375518 0.030912 0.463426 0.004598 0.518983
4606.028844 0.280374 0.150590 0.382250 0.031055 0.468243 0.004622 0.522083
4670.234388 0.282239 0.151263 0.384865 0.031321 0.473121 0.004646 0.525122
4735.334923 0.284202 0.151618 0.388614 0.031587 0.477944 0.004669 0.528101
4801.342924 0.286248 0.151964 0.392791 0.031853 0.480491 0.004691 0.530711
4868.271040 0.288868 0.152639 0.396429 0.032118 0.481156 0.004713 0.533525
4936.132098 0.291705 0.153442 0.401122 0.032382 0.486337 0.004735 0.536281
5004.939103 0.294336 0.154238 0.405608 0.032647 0.487871 0.004756 0.538981
5074.705239 0.296972 0.155028 0.408846 0.032911 0.491229 0.004777 0.541624
5145.443878 0.299613 0.155811 0.413366 0.033174 0.496319 0.004797 0.544211
5217.168576 0.302312 0.156588 0.417358 0.033437 0.501148 0.004816 0.546742
5289.893076 0.304801 0.157292 0.422352 0.033699 0.505875 0.004836 0.549219
5363.631317 0.306949 0.157900 0.426224 0.033960 0.510500 0.004854 0.551642
5438.397428 0.308495 0.158879 0.429652 0.034136 0.515023 0.004873 0.554011
5514.205739 0.310161 0.159699 0.433461 0.034158 0.519003 0.004891 0.556328
5591.070777 0.312178 0.160372 0.438393 0.034256 0.523362 0.004908 0.558592
5669.007271 0.313858 0.161109 0.443260 0.034511 0.527619 0.004925 0.560804
5748.030158 0.315453 0.161670 0.447538 0.034765 0.531773 0.004942 0.562966
5828.154581 0.317041 0.162146 0.452652 0.035018 0.535825 0.004958 0.565078
5909.395895 0.319452 0.162367 0.457875 0.035271 0.539775 0.004974 0.567141
5991.769669 0.320782 0.163088 0.462052 0.035522 0.543821 0.004989 0.569155
6075.291689 0.322955 0.163549 0.466291 0.035773 0.547532 0.005005 0.571121
6159.977960 0.324093 0.163831 0.469366 0.036023 0.551145 0.005019 0.573041
6245.844712 0.327659 0.164036 0.473107 0.036271 0.554660 0.005034 0.574914
6332.908400 0.330196 0.164386 0.477293 0.036519 0.558080 0.005048 0.576742
6421.185709 0.331941 0.164862 0.480963 0.036766 0.562323 0.005062 0.578525
6510.693555 0.334783 0.165329 0.485601 0.037012 0.566768 0.005075 0.580264
6601.449093 0.337831 0.165787 0.489274 0.037256 0.570178 0.005088 0.582774
6693.469713 0.340843 0.166280 0.494174 0.037500 0.574405 0.005101 0.584655
6786.773051 0.343283 0.166924 0.497565 0.037742 0.577336 0.005114 0.587449
6881.376986 0.345704 0.167561 0.501507 0.037983 0.580043 0.005126 0.590310
6977.299650 0.348187 0.168192 0.505146 0.038224 0.582774 0.005138 0.593025
7074.559423 0.349696 0.168816 0.509490 0.038455 0.585364 0.005149 0.596695
7173.174944 0.352592 0.169433 0.512846 0.038549 0.587822 0.005161 0.600258
7273.165113 0.355183 0.169705 0.516340 0.038640 0.590302 0.005172 0.603716
7374.549090 0.357499 0.169942 0.518870 0.038728 0.592056 0.005182 0.607071
7477.346305 0.359794 0.170672 0.521431 0.038814 0.593400 0.005193 0.610324
7581.576458 0.362067 0.171111 0.523868 0.038954 0.596143 0.005203 0.613478
7687.259522 0.364016 0.171480 0.526700 0.039115 0.598778 0.005213 0.616310
7794.415750 0.366546 0.171841 0.529181 0.039271 0.600420 0.005223 0.619050
7903.065679 0.368302 0.172194 0.531227 0.039423 0.602136 0.005232 0.621704
8013.230128 0.370935 0.172540 0.532972 0.039569 0.605011 0.005242 0.624272
8124.930211 0.372591 0.172878 0.535132 0.039711 0.607796 0.005251 0.626758
8238.187331 0.373769 0.173210 0.536994 0.039848 0.610224 0.005260 0.629164
8353.023195 0.375347 0.173534 0.538974 0.039981 0.612185 0.005268 0.631490
8469.459808 0.376406 0.174344 0.542114 0.040110 0.614099 0.005277 0.633740
8587.519485 0.376832 0.175181 0.545217 0.040234 0.615966 0.005285 0.635915
8707.224849 0.377244 0.176000 0.548010 0.040355 0.617787 0.005293 0.638017
8828.598841 0.377881 0.176800 0.549855 0.040471 0.619563 0.005300 0.640048
8951.664721 0.379384 0.177581 0.551631 0.040583 0.621295 0.005308 0.642011
9076.446073 0.379759 0.178307 0.553821 0.040692 0.622984 0.005315 0.643906
9202.966809 0.380121 0.178588 0.556365 0.040797 0.624630 0.005323 0.645736
9331.251175 0.380472 0.178863 0.558828 0.040898 0.626234 0.005330 0.647503
9461.323756 0.382525 0.179132 0.561212 0.040996 0.627797 0.005337 0.649208
9593.209478 0.382854 0.179395 0.563518 0.041091 0.629321 0.005343 0.650854
9726.933615 0.383312 0.179652 0.565690 0.041182 0.630814 0.005350 0.652614
9862.521795 0.384451 0.179904 0.567906 0.041270 0.632250 0.005356 0.654363
10000.000000 0.386106 0.180149 0.569944 0.041355 0.633658 0.005362 0.656050
