212494769987635.281250 61.151826 -0.391920 43.676218 120.331849 1.730058 1764.148178
4139123212326750.500000 2.403370 1.263160 2587.805824 1858.641024 2.048982 2317.594621
1701472601472486.750000 56.938416 1.780200 1263.019278 475.870027 1.734401 3443.579746
123449229361229.062500 69.990135 0.140192 23.897647 88.485548 1.669414 1543.021040
191807000220597760.000000 0.700120 0.214820 824.186621 101.927638 1.722845 9383.562819
109638734779472.453125 52.317112 1.284184 90.868757 64.996454 1.754341 1341.265315
423822697004056.937500 92.885832 -0.156222 10.459985 197.507127 1.826081 2575.288139
99758885671268.812500 38.674015 0.879110 61.198850 58.023028 1.752083 1175.641676
101595844937036.046875 62.747466 1.031573 110.357117 85.014323 1.710034 1391.839201
100474288209061.906250 35.326034 1.695531 17.555636 38.297516 1.788986 1144.583217
1467789931076409.750000 9.929629 1.900451 1032.926013 1166.186538 1.801738 1971.781860
191812159538630.093750 54.286490 1.169805 12.810779 115.630160 1.713657 1636.602804
76451755522140.734375 91.286203 1.405796 34.549553 54.184093 1.783468 1445.982312
301060668369673.312500 34.510586 1.973942 194.057028 266.300941 1.741247 1637.870195
841938559672981.125000 51.222690 1.621477 728.875199 252.225755 1.687138 2627.300391
1115597275888690.875000 68.820765 1.093995 395.250063 26.983039 1.716195 3195.023241
4032080919536300.500000 52.336581 0.873937 2969.777682 66.071668 1.703642 4460.921597
4935713145029139.000000 34.472650 1.892426 2827.824268 4633.140970 1.938472 4159.356251
75996835522154.750000 43.618511 0.857243 51.702500 48.777597 1.733326 1116.872684
142690671510748144.000000 0.764961 0.268202 883.582290 124.799280 1.742592 8349.305038
2469334391232110.500000 1.136624 1.916008 19.226781 1786.295310 2.113326 2026.822585
1661544899003972.250000 0.118512 1.073796 10.463426 4288.637859 2.662419 3516.582326
28073447115503.933594 61.530819 0.612970 14.419214 16.375736 1.724433 900.423157
312581554673346.250000 19.808354 1.943823 18.853126 216.754929 1.654360 1403.121285
396068953018056.187500 26.581543 0.294799 71.918623 218.667931 1.746718 1654.892212
963983829212179.625000 99.307019 1.950505 649.356710 615.022234 1.990369 3470.063854
190867501663767.343750 19.066362 1.552055 29.618633 92.702866 1.714820 1177.670692
382272277132916.625000 17.802100 1.797844 13.543666 216.926744 1.718076 1456.514930
3591816645359836.500000 4.095283 1.192101 2528.346461 1672.015344 2.006578 2288.419902
983148820538828.625000 9.946955 -0.487354 63.281860 492.514384 1.829370 1725.885258
234525200917161.156250 23.593948 0.917536 91.129407 136.925651 1.761668 1341.026753
144793062371675.843750 85.162937 1.548459 24.519953 104.373117 1.662455 1744.812757
320707500420657.500000 89.453063 1.708108 13.963304 220.605097 1.631091 2315.016304
1403432752008168.250000 1.746631 0.912402 45.333873 888.022124 1.641751 1621.314869
2606092412157305.500000 55.402525 1.562741 931.555688 162.518780 1.788310 3932.465786
370957091366601.687500 87.672242 1.881674 251.330489 150.594449 1.870817 2412.552649
374264969595691.875000 88.544583 1.881437 251.398000 145.267872 1.864931 2428.351398
159228128693203.062500 94.601207 1.585504 10.922070 92.290674 1.735841 1870.620674
313877677370126.687500 99.887944 1.894670 14.287229 216.506293 1.626042 2392.350090
58796459119311.375000 69.675143 1.321839 26.799344 13.819637 1.765881 1203.106408
112488792165762.843750 82.541833 1.438202 12.286071 73.991633 1.703228 1586.114291
1623921681029740.750000 58.107460 1.804952 1200.942183 448.175957 1.720210 3414.197777
853264122700695.875000 21.419106 1.028849 198.527439 47.959448 1.764987 2005.199403
1552920778089007.000000 6.322827 1.977903 790.472774 694.825446 1.914449 1838.684624
1389646804852392.250000 3.271413 0.578099 23.161546 708.232797 1.801770 1633.901427
1546775022116938.000000 1.425181 0.858469 65.471704 920.992409 1.667268 1695.094293
13019880428491398.000000 72.880047 1.489655 150.855216 12.198821 1.805806 7395.002360
45032164894656.578125 53.076442 -0.248783 18.673701 12.367905 1.763515 1001.904014
118263941563178.640625 90.942500 0.727879 158.143690 107.596220 1.682046 1670.035114
323699040832930.312500 98.559544 1.519104 179.280732 296.346328 1.681989 2405.279710
3865010830767522.000000 38.348197 1.363370 2937.603709 1482.697408 2.024862 3967.194525
1325688423349074.000000 31.238716 1.501767 975.780471 882.014410 1.927705 2601.544276
3637268770676039.000000 71.097199 1.449065 2796.485057 1265.070961 1.938333 4792.180769
527724524194285.625000 85.305688 1.888471 349.034380 223.619414 1.921198 2686.766467
25049800077949.929688 67.222673 0.575404 12.467134 16.005837 1.716603 893.983752
460444085528451.562500 94.137818 1.645546 408.106056 429.017733 1.723545 2660.302859
58109500382010.218750 48.746495 0.640055 28.024825 10.974923 1.729735 1059.848455
5209197869931624.000000 30.955614 1.935302 2981.852968 4769.240912 1.916921 4093.609533
267507612757545.093750 91.283758 1.438707 220.458960 269.708579 1.688800 2195.204586
307256681311392.000000 96.936927 1.724619 15.468430 210.381959 1.629906 2349.603518
1530542257969077.750000 55.869740 1.771460 1185.450877 443.166953 1.707679 3302.662450
501249985358136.312500 8.456934 -0.491896 19.410082 55.157067 1.722666 1331.869290
427645523270402.562500 93.020082 -0.136832 10.525532 199.575986 1.825847 2584.359737
999746662952094.250000 21.983159 1.516897 716.358438 737.696714 1.816080 2129.886673
3472624464721969.500000 37.296972 1.192206 2928.326055 1249.883822 1.974844 3793.884052
430920572991015.250000 80.287219 1.637321 406.942897 393.525916 1.725476 2457.333345
169757766795093.250000 49.190262 -0.155355 15.196344 121.216096 1.666065 1519.711341
29430134643529.953125 63.675030 0.599063 14.919431 18.643681 1.719877 925.640929
138539870396652.937500 85.273166 0.738625 171.596900 118.851942 1.695206 1720.123396
29430134643529.953125 63.675030 0.599063 14.919431 18.643681 1.719877 925.640929
490403972960771.937500 84.370988 1.614377 477.752174 415.152738 1.743071 2611.526052
75996835522154.750000 43.618511 0.857243 51.702500 48.777597 1.733326 1116.872684
174773154918184.906250 44.716256 -0.156718 10.983526 131.073494 1.646942 1486.410005
3826342853890316.500000 70.035467 1.424288 2873.099620 1250.322084 1.958548 4848.074003
106820011755731488.000000 82.605848 1.971755 162.135237 11.548013 1.745446 15594.428785
3965858250602200.500000 53.843101 0.906488 2862.877381 71.691988 1.703247 4479.367231
103991852246744.484375 34.402631 1.678879 13.332358 39.566194 1.769575 1148.052344
4172631254509120.500000 18.215297 0.795533 2577.529298 114.068846 1.677758 3251.404251
743649468790531.625000 76.256059 1.720625 805.664965 540.118779 1.690300 2893.943067
273740002074144.156250 97.985637 0.115179 11.090841 131.650796 1.800481 2269.729895
488092641936564.125000 92.742405 0.779967 1059.711371 69.244894 1.677625 2697.876626
294576168730960.500000 95.049582 1.539411 251.082844 287.776658 1.722181 2300.331177
142690671510748144.000000 0.764961 0.268202 883.582290 124.799280 1.742592 8349.305038
1662220275493616.000000 57.239207 0.950304 642.746294 40.425377 1.794997 3423.076320
247349916608954.156250 76.031870 1.996357 25.350271 121.730405 1.788583 2003.013738
857705709924278.250000 10.369875 -0.224927 91.965293 417.257577 1.814951 1664.573769
830282865538134.875000 6.598417 0.997829 279.466440 416.262505 1.814471 1503.333564
5040956192904838.000000 0.735221 1.914616 1409.440015 1467.587620 2.210690 2761.517667
306802146689136.937500 61.055849 -0.114767 82.948572 160.367929 1.762112 1992.824356
75781418828180.250000 98.772580 1.831464 40.082172 74.098049 1.692499 1483.591486
1189911970221119.250000 5.210510 1.699995 12.990672 472.588505 1.858649 1632.300225
495132719543626.062500 8.644840 -0.440413 19.959703 55.328302 1.725581 1332.435479
3637979316176720.000000 63.263725 1.965517 2141.339051 1220.677811 2.085166 4600.658611
52736990421637.125000 86.206481 -0.476375 11.733633 30.998147 1.723922 1251.522952
145868460723290.906250 32.122028 1.548503 21.212976 59.519845 1.781802 1257.570629
295312692920891.312500 95.524306 1.792564 218.609108 75.178719 1.718837 2306.415624
2186192428940957.000000 19.529449 1.790025 1303.226116 1657.292799 1.975105 2672.597555
988705713975313.500000 17.725838 1.453835 666.399816 741.190979 1.802008 1996.955230
584603084475013.750000 8.262847 -0.349297 21.418766 72.431458 1.762948 1395.349765
2481827143411636.000000 1.319161 1.453271 864.036798 1890.865281 2.108299 1997.759858
1848797789684888.750000 20.516453 1.166376 1392.539195 617.111143 1.930262 2562.908359
494654428189797.187500 16.971046 1.958841 68.480321 52.929004 1.845328 1566.626685
2558866768034347.000000 1.072498 1.437455 929.182050 1886.829316 2.107264 2066.357072
1355563551466795.250000 4.977264 -0.364547 96.713505 656.183157 1.857141 1693.861371
82475535848257424.000000 66.372408 0.850940 1240.096147 10.399708 1.804366 13240.453511
32332094402326.093750 69.837780 0.289901 11.644712 21.924530 1.704865 986.478329
69516402776600.789062 50.554009 0.552212 42.316131 12.588289 1.743081 1138.981181
141278957463231.187500 83.964861 0.780132 174.069713 121.132189 1.694758 1721.804418
4566282457541295.000000 0.969399 1.890526 1323.972030 1376.621417 2.191148 2542.966496
195822319897781.218750 42.643127 1.765399 139.883019 87.317314 1.753822 1519.793174
124768733279057.250000 90.508923 1.581902 26.864718 97.187508 1.646762 1697.174994
5040956192904838.000000 0.735221 1.914616 1409.440015 1467.587620 2.210690 2761.517667
2670443469916512.000000 1.961107 0.954668 1781.217291 2106.480805 2.009356 2002.341306
5518173921325284.000000 60.511863 1.133316 2903.344607 122.045610 1.688435 5205.195545
83594502320921824.000000 66.394933 0.858351 1316.126141 11.089303 1.808627 13301.641135
826581911238727.250000 97.945944 1.908202 553.985108 521.946335 1.984254 3280.142078
1988977774340748.500000 20.990194 1.802607 1274.009674 1508.236136 1.943350 2643.308270
295312692920891.312500 95.524306 1.792564 218.609108 75.178719 1.718837 2306.415624
353149739864356.250000 95.612195 1.782327 233.877017 75.466881 1.736231 2448.921742
4776348920720027.000000 30.246884 1.918913 2753.820619 4345.600163 1.903237 3948.360143
528517297835489.187500 8.771678 -0.473788 19.042054 55.608811 1.735689 1365.857596
1542546387469229.000000 6.868491 1.943158 821.513588 701.067721 1.899545 1861.296485
141923087919608.375000 28.530839 1.935206 28.620445 99.650431 1.660808 1201.068485
763406674868969.000000 75.649978 1.723428 833.386779 548.165128 1.686842 2911.092889
1492775482083017.500000 3.699024 1.606344 14.030068 579.467939 1.877175 1690.409706
1574999593149574.750000 0.146614 1.491498 125.284859 3596.959458 2.000497 3158.125072
585187153519000.250000 8.240734 -0.349904 21.395037 72.429605 1.763880 1395.060477
1397974382866360.750000 57.758897 0.855037 783.133661 36.024572 1.755493 3241.169151
550889407606211.250000 82.587214 1.869181 368.135348 227.949320 1.910314 2694.045908
96636144583120.890625 65.273229 -0.419759 30.633711 72.329456 1.646489 1387.741282
2150455326153305.000000 44.807394 0.968261 2373.742794 1264.376248 1.735700 3433.870998
247883883856886.718750 41.888307 0.105387 800.076952 114.823709 1.757246 1634.411313
1375367144904625.500000 3.251710 0.578369 21.740993 698.582110 1.795017 1627.577562
4337297797461575.500000 17.846028 0.777497 2736.329605 115.317105 1.681794 3275.097717
1265566073519804.750000 88.611352 1.787144 368.386287 68.720396 1.761534 3645.844292
3523785038244071.000000 61.427621 1.174062 1872.911911 117.368466 1.706065 4505.732333
200280776869637.468750 75.126697 1.993669 19.857787 146.234536 1.642661 1859.009520
1735572682003462.000000 58.837470 1.827701 1244.611217 453.977885 1.724594 3505.749595
64794886337089.601562 97.882461 1.981399 41.366934 59.333279 1.758140 1403.487086
83519676115209.781250 65.817450 0.856188 103.268770 68.733088 1.695940 1325.714865
2496137493105126.500000 0.846100 1.875143 14.137451 2087.824285 2.112363 2126.726579
1232143216244420.500000 4.205103 0.647364 24.426847 639.786980 1.793034 1606.641887
2600026819378441.000000 57.091859 1.566789 978.941304 177.205227 1.799518 3970.045251
67125132324200.750000 43.705764 -0.228401 26.815778 15.493709 1.783224 1072.310368
441053854410669.062500 76.051183 1.626387 431.751135 390.794819 1.729710 2429.124042
1707032551091692.750000 0.135468 1.059378 10.580285 4309.466284 2.664590 3352.693121
38575669046342512.000000 5.543691 0.118608 186.079303 14.146033 1.748834 5252.644915
4432958102224287.000000 11.126483 1.177644 983.310707 143.755909 1.655484 2924.920011
3841924389617515.000000 32.514108 1.378181 2696.976692 942.293694 1.914914 3755.939640
1327745787341795.750000 7.592517 1.976190 711.734026 634.623142 1.901020 1803.850066
69564581733489.515625 41.511757 -0.162945 30.328871 16.704876 1.776607 1066.891883
4506016914671597.000000 18.957281 0.778161 2932.684407 113.042802 1.683505 3372.985274
89919701357062.859375 60.204780 0.688198 10.382741 65.574890 1.665160 1317.326171
3492504015497594.000000 3.195912 1.165494 2509.460486 1967.364076 2.020050 2217.793536
114766242537036.812500 63.686679 -0.238318 28.225549 85.782098 1.656745 1457.060170
144839650159988.031250 36.374789 1.372105 28.710214 103.139070 1.669881 1305.153358
69162448109438.351562 46.731851 0.645323 33.291092 13.287942 1.743741 1107.417258
1787928748216835.000000 1.177809 0.895654 57.098343 1181.310501 1.728817 1812.298829
262920086875192.218750 38.861563 1.670341 237.610281 211.268499 1.728218 1626.475653
40458045089978.664062 61.084296 0.707446 17.685967 23.081756 1.747645 1014.505790
202338573202825.968750 14.511736 0.264467 35.202251 103.882743 1.673146 1115.809755
119734807783332.171875 77.925011 -0.020427 12.144998 32.731436 1.900598 1586.533840
32599889503533324.000000 37.345397 1.744892 708.050253 50.383515 1.646282 8006.669459
854856109494924.125000 16.344485 1.705818 687.402192 741.195479 1.719386 1861.080231
205603588511329.156250 96.804952 1.328914 36.863133 147.190502 1.642585 2054.104382
49659297291749632.000000 5.242057 0.071182 222.799459 12.341951 1.748413 5666.818030
12911138853394980.000000 9.042687 -0.140671 28.107274 14.341020 1.874490 3988.567730
51110389692404080.000000 5.109234 0.080839 237.018564 13.318757 1.747878 5700.590197
1440891485602936.250000 83.256419 1.739629 440.197466 77.916322 1.760010 3722.625014
2455706411800910.000000 1.925286 1.294084 1058.443628 1298.741898 2.077969 1947.876651
65835391348271.914062 45.205261 -0.355605 28.668276 12.875528 1.800596 1077.379740
101595844937036.046875 62.747466 1.031573 110.357117 85.014323 1.710034 1391.839201
5019348422039188.000000 0.745888 1.903121 1416.512754 1468.171120 2.213951 2749.510343
601175491349644.000000 50.194455 1.561343 633.416962 273.790213 1.674346 2332.249219
4532327104271238.000000 0.932887 1.893338 1325.826631 1375.064913 2.193100 2551.956235
193587446756008.750000 27.453705 1.869412 12.217270 135.529592 1.662323 1316.426045
2157230485896101.250000 78.219942 1.561326 1814.192106 1025.020442 1.836370 4164.779125
4867839452896925.000000 32.595855 1.910312 2878.095636 4283.960619 1.912797 4067.471535
4532812355666584.000000 11.006419 1.176355 1003.864122 144.487045 1.654575 2939.289074
59900053625528.601562 42.252799 -0.214003 28.428295 14.281625 1.767885 1020.919249
143237167873241.937500 88.335643 0.410216 255.140989 59.631030 1.773341 1761.572370
134713226709051.906250 85.776791 1.405268 16.152492 81.342232 1.724627 1707.747394
2606092412157305.500000 55.402525 1.562741 931.555688 162.518780 1.788310 3932.465786
932951466796353.875000 9.792048 -0.355969 68.384454 453.571290 1.832599 1690.122505
1442067251189279.000000 47.083340 0.998514 461.523360 48.718761 1.834820 3055.650952
84237236616263.984375 74.294453 0.031493 15.289482 51.402769 1.724545 1387.361009
2704707960616319.000000 4.814310 1.175919 1919.211964 1572.885786 2.005898 2122.906096
155348024999238.687500 40.301095 -0.465679 11.379235 102.724702 1.687521 1381.079358
919115174511279.375000 10.927570 -0.464413 65.492597 467.526348 1.814362 1723.928538
12928873575172596.000000 9.075157 -0.140135 28.099657 14.342444 1.874243 3993.425881
585394831846912.500000 96.519638 0.836189 1045.506571 66.951868 1.692237 2908.232408
237604827988337.968750 24.439956 0.914143 84.743877 136.850180 1.763218 1360.991387
2434744793809312.000000 56.843569 0.953728 2170.290194 143.144620 1.768782 3878.269210
38791672150251448.000000 40.787966 1.883761 782.473971 57.522922 1.638249 8731.073413
16541653837930836.000000 21.187024 0.757655 535.110966 23.251802 1.767979 5369.836957
78554647547858.656250 71.432922 -0.034947 18.138739 48.602022 1.721038 1336.758588
4041781827289166.000000 52.378696 0.875199 2951.690773 65.843235 1.703851 4465.714896
924849766054111.000000 5.744756 0.955225 317.139632 454.658216 1.818407 1522.954689
163225099703883.500000 25.920804 1.992649 11.808279 119.528984 1.642896 1222.198814
197629633300703.625000 14.591857 0.323640 37.577278 96.978503 1.680215 1108.659175
1799629708960748.250000 6.339913 1.817046 997.438724 826.277279 1.924604 1932.193441
116803119012062.796875 82.176882 1.781826 24.688636 86.071847 1.674462 1603.592731
1812645041290357.000000 57.371440 1.780609 1294.863326 511.448575 1.736450 3526.160225
3649023616377147.000000 51.813216 0.874101 2844.909585 71.760444 1.707804 4300.251579
894574350930985.000000 11.247121 -0.431544 63.857004 457.394474 1.811861 1719.952154
582589207892675.000000 79.639735 1.903933 407.115998 331.919505 1.924267 2709.345255
1375367144904625.500000 3.251710 0.578369 21.740993 698.582110 1.795017 1627.577562
3068680146086564.500000 83.305204 1.437080 335.278566 31.757202 1.833654 4790.496954
1004779535173253.375000 21.208128 1.002269 197.951349 44.487618 1.764280 2111.459034
26669731326136.839844 65.885337 0.585828 13.411338 17.007400 1.718055 906.462316
2160540900869948.750000 75.088036 0.863224 791.070480 16.487972 1.705128 4106.862094
742291958940063.625000 75.884342 1.720614 802.635029 539.822716 1.689904 2887.169343
2393481213135899.500000 1.485197 1.868583 20.893584 1681.251116 2.094024 1954.571824
56056070007035.593750 70.259742 1.321327 25.520282 13.070525 1.761398 1187.601103
133720585321420.937500 35.171468 0.815835 58.402260 85.304653 1.741281 1257.245851
2761264968330106.000000 0.857655 0.808771 1981.047408 2659.580771 2.010098 2194.218009
119707219874170.593750 39.546413 1.259129 25.502617 90.122212 1.656420 1258.383846
252758265269130.156250 47.385519 0.205175 700.741188 110.824476 1.752389 1713.719221
138822256425813.171875 42.624974 0.906701 12.385431 97.139345 1.665395 1354.947723
2400961901888114.000000 56.542621 1.527665 968.818278 175.535136 1.799248 3853.228849
83035330961910.953125 82.233092 -0.456968 29.845638 60.095315 1.659412 1431.538962
2847586346060104.500000 18.696269 0.907934 1733.732243 143.060704 1.690696 2883.351383
1884085480052193.250000 2.219947 1.274598 247.156610 600.083502 1.861586 1781.095333
103634348062250.187500 89.684395 1.208572 11.412924 63.911135 1.725217 1590.097664
215439060564824.843750 58.664611 0.641196 527.585431 100.264533 1.643865 1747.033986
1174972484914212.500000 12.683456 1.647801 700.936354 952.266514 1.795290 1938.724947
1450634329951825.750000 84.189332 1.762879 441.005041 79.446937 1.758105 3745.931730
988120303093985.375000 5.948921 0.794249 30.749407 542.538569 1.762346 1565.598996
1376245088024936.250000 8.589902 1.945035 752.003479 618.892154 1.900703 1870.966169
141176838321610.593750 30.121470 1.371264 35.255632 102.644562 1.663442 1219.211191
153691403308436.625000 25.758925 1.962235 38.977382 109.958251 1.664045 1195.668684
108475461123950896.000000 82.394010 1.968272 161.548047 11.471105 1.745432 15660.173259
72700318589647.109375 47.103526 -0.270172 22.021709 20.947983 1.779443 1128.971333
119220849569264.109375 77.259125 0.006175 12.681270 33.040253 1.897898 1579.432034
131965351816464.718750 51.549885 0.589084 14.047447 94.578540 1.660898 1419.620035
923881622320214.250000 76.617272 1.824267 936.977160 638.756878 1.713321 3116.268046
853097741996282.000000 21.551307 1.056690 181.899341 46.266110 1.769572 2008.630209
1223921088432585.750000 3.969846 0.393721 457.950088 551.976249 1.831242 1593.131030
1502940178080116.250000 3.503335 1.394831 13.850964 658.984664 1.844738 1686.146987
3670114268419167.500000 53.226626 0.926422 2507.795834 71.465360 1.700350 4348.060422
259628998054163.437500 47.486327 0.141284 958.998440 112.427369 1.757829 1730.338895
2510420482172250.500000 0.686482 1.615800 10.095350 2944.700440 2.111538 2220.741519
277369195311230.375000 97.018164 1.788913 208.128584 71.084560 1.716000 2271.498978
252614326108858.593750 75.641209 1.997347 25.633841 122.692348 1.792813 2013.440874
11690074642881906.000000 21.442905 0.789186 475.785185 25.019631 1.766748 4799.630769
239144822274407.000000 29.100192 1.718915 14.876847 159.500646 1.678476 1437.951229
28073447115503.933594 61.530819 0.612970 14.419214 16.375736 1.724433 900.423157
5264007777675472.000000 30.552376 1.922661 2954.510458 4742.324793 1.915994 4091.167075
4530467977656138.000000 10.880405 1.177553 1019.395803 147.961736 1.655143 2930.955842
3631134516965176.500000 52.984742 0.888999 2924.563330 73.838125 1.700145 4325.909019
1676536188999538.750000 22.578048 1.018939 1228.491626 411.508332 1.920203 2550.182090
1332374470918341.250000 59.622833 1.784198 1045.949891 368.138900 1.685400 3224.735241
2812862664003984.000000 4.372476 1.165078 1990.231447 1618.057453 2.014764 2125.047485
161132870748996.843750 25.641393 1.995583 11.777110 119.350238 1.640707 1212.994607
44495693521526.078125 53.103849 -0.266848 18.420614 12.045080 1.762987 998.084656
116993943911875.734375 34.611846 0.941964 70.945481 69.221017 1.749826 1196.339101
3112526743043413.500000 83.600747 1.431318 334.166966 31.298651 1.834997 4819.318450
106678118307904.593750 73.707705 0.922609 15.389014 82.470134 1.649468 1496.791698
220680346359793.500000 59.148169 0.653217 530.357380 99.414119 1.644954 1766.075872
353300180881047.125000 87.542659 1.878801 241.736552 146.852036 1.866687 2372.386782
195372081547039.312500 96.993038 0.457436 433.342926 76.620179 1.757292 2020.876245
152649625844219.031250 40.336545 -0.380102 11.486247 112.883463 1.652064 1373.430478
140115824461853.687500 28.822549 1.929110 31.304673 97.852021 1.662837 1199.694110
204672803294094.343750 13.181502 0.022220 27.697657 95.642630 1.672428 1093.116190
99758885671268.812500 38.674015 0.879110 61.198850 58.023028 1.752083 1175.641676
493019667752623.437500 85.731499 1.676132 474.186913 428.317576 1.744437 2631.232332
107465291301839.218750 94.464179 1.634275 15.206696 70.493886 1.708757 1639.985896
1941500044967772.250000 41.721925 1.087910 1978.574781 1116.428450 1.770983 3241.579514
1943309549399635.250000 83.759706 1.890208 461.142737 81.321691 1.755875 4121.838936
5235094548552198.000000 30.986835 1.937463 2993.050166 4809.333438 1.917031 4101.671843
2444142905683242.500000 2.514300 0.959075 1592.933433 1945.118728 1.968234 1946.400959
241336126023584.468750 18.715396 1.653012 146.978556 222.403657 1.653248 1266.882303
87429611924042.328125 58.437425 0.665304 12.083754 48.332594 1.737675 1291.712698
3072729970980479.500000 83.303648 1.436506 335.116842 31.705984 1.833787 4792.571329
4176458658839274.000000 18.244521 0.795457 2576.369845 113.961235 1.677485 3253.838825
143962255587614.968750 44.892049 1.289138 99.365612 90.641598 1.777292 1395.175497
135536673948796.531250 42.165719 -0.415435 11.045049 94.080255 1.669527 1339.388431
3185810138496637.000000 61.712684 1.177349 1667.793766 108.557736 1.713082 4363.805958
131198878058187.390625 86.595831 1.314306 24.009886 73.601177 1.763017 1698.560326
4167427720950050.500000 18.440448 0.785291 2640.714302 113.172331 1.678080 3261.117789
3415352008663522.500000 52.319448 0.885087 2667.631677 71.789815 1.708485 4220.317168
3604180390297628.500000 4.339112 1.163034 2589.111882 1679.669429 2.007288 2306.021583
168545822937135.656250 95.249526 1.313027 144.791643 181.976262 1.666917 1911.151792
2474131490015934.000000 1.126170 1.916754 19.272968 1794.138978 2.114387 2030.450433
241336126023584.468750 18.715396 1.653012 146.978556 222.403657 1.653248 1266.882303
53110500449841.695312 49.215262 0.635136 25.187401 10.230448 1.725197 1031.855591
5518173921325284.000000 60.511863 1.133316 2903.344607 122.045610 1.688435 5205.195545
124688824320053.750000 70.083659 0.151131 24.447210 89.496453 1.669927 1548.895765
247407863618588.125000 41.968929 0.091931 807.620822 114.063068 1.757410 1634.396792
216216090530199.437500 56.445359 1.343304 34.642057 143.935488 1.682535 1726.114022
3116828214971022.000000 0.727464 0.919623 2164.773193 2387.345099 2.024413 2357.728745
106753619237342848.000000 82.599732 1.971739 162.108832 11.550278 1.745445 15590.783984
654777617080472.375000 83.935538 1.883620 446.823808 471.611462 1.918529 2870.350059
4067065229213527.500000 2.618795 1.205308 2726.105100 1889.158416 2.033950 2309.386199
875633985238656.750000 52.054227 1.616745 698.663251 271.013686 1.748576 2676.448711
181719726529403.750000 61.024550 1.207093 28.074401 130.353933 1.659436 1673.297603
131042897793701.390625 36.415729 1.384457 26.506915 95.881867 1.658487 1262.778310
1951980377092016.500000 1.989928 1.292806 43.310143 803.862749 1.843778 1803.277359
13022440477461696.000000 72.880980 1.489644 150.870913 12.200247 1.805768 7395.520465
1833584834859025.500000 1.196870 0.885822 57.163693 1138.767670 1.729478 1824.247056
126968451255973.906250 88.550619 1.971269 17.296405 93.490220 1.656808 1693.665938
47149476981114736.000000 0.168573 1.260570 2290.871132 1104.899697 2.085227 9262.928460
28073447115503.933594 61.530819 0.612970 14.419214 16.375736 1.724433 900.423157
300983115099730.687500 26.949933 1.495878 15.131368 189.012004 1.701637 1516.486792
176010082175564.750000 90.720684 1.740413 12.451200 106.299286 1.719789 1905.039487
108475461123950896.000000 82.394010 1.968272 161.548047 11.471105 1.745432 15660.173259
4032080919536300.500000 52.336581 0.873937 2969.777682 66.071668 1.703642 4460.921597
2179314451663471.000000 17.526476 1.109063 1344.927731 496.440870 1.993327 2590.846458
156806301380628.968750 95.948225 1.420461 18.310820 83.204257 1.762826 1870.667825
117847902179547.640625 86.302572 1.297362 11.250280 72.995643 1.716858 1636.872969
3181188973176746.500000 64.557226 1.942502 1828.724621 913.611457 2.030474 4430.524606
2345962654653476.000000 2.719166 1.036106 1414.521398 1744.726521 1.982852 1925.131080
258283062958608.968750 95.139339 1.600379 215.461155 255.556408 1.724138 2202.446151
215439060564824.843750 58.664611 0.641196 527.585431 100.264533 1.643865 1747.033986
204816006281970.750000 97.106790 1.339213 36.362689 146.331882 1.644090 2053.802539
193758296206128.062500 20.941362 1.894747 11.940596 124.536669 1.667314 1215.443165
1483174999648970.500000 9.714735 1.902345 1042.760343 1187.443865 1.802153 1969.121317
1629778595575462.500000 76.140979 0.966298 460.873464 16.860543 1.717282 3757.023601
550639021840297.937500 82.627292 1.869824 368.648752 227.821577 1.910372 2694.105629
155272648697650.250000 81.967810 1.444650 24.592785 109.194274 1.669497 1761.618063
888983464043699.000000 21.209629 1.041861 197.076725 48.369675 1.767960 2027.056231
2670443469916512.000000 1.961107 0.954668 1781.217291 2106.480805 2.009356 2002.341306
4867839452896925.000000 32.595855 1.910312 2878.095636 4283.960619 1.912797 4067.471535
147307435071331.906250 83.357183 1.392242 19.270366 89.272976 1.724451 1741.413844
1011352964169720.625000 8.327656 -0.393027 72.837979 498.756723 1.813692 1677.707790
1147012104901385.750000 3.670346 -0.001787 1114.840307 395.016503 1.775099 1547.175347
1671873747706153.000000 3.190101 1.513134 21.269436 779.188448 1.870145 1734.692523
102843471444634.937500 62.919827 1.033047 112.467362 86.117659 1.710475 1398.845343
12910426379636360.000000 9.040866 -0.140733 28.108725 14.340510 1.874435 3988.324296
27192579928576.003906 61.972538 0.601045 14.039168 15.985042 1.723646 893.116468
13207812329429882.000000 9.263066 -0.186231 25.721257 12.920346 1.866580 4039.557938
4067065229213527.500000 2.618795 1.205308 2726.105100 1889.158416 2.033950 2309.386199
210056345225785.062500 56.493464 1.330869 33.608519 142.187020 1.677371 1710.063324
82413207103912.875000 90.898059 1.829855 35.925235 74.596437 1.692070 1480.347542
244986980929210.281250 18.877963 1.662226 155.204596 227.738546 1.655084 1276.310387
63042855271730.617188 44.789733 -0.394511 27.688380 13.815448 1.783903 1058.674121
147385075228317472.000000 0.772281 0.246220 957.485305 121.142969 1.738121 8424.113679
182711981051865.750000 98.537398 1.581371 186.707859 209.796530 1.660697 1987.643869
2034665121228320.500000 1.993526 1.375946 419.955996 774.632660 1.932613 1828.337648
12867318510885266.000000 8.798044 -0.147208 30.156664 14.318689 1.867646 3961.140615
1143103282642921.250000 46.425161 1.597822 873.745246 341.241067 1.778155 2814.676286
198019515443122.125000 38.359690 1.662386 140.819620 82.382503 1.742558 1473.594815
1467789931076409.750000 9.929629 1.900451 1032.926013 1166.186538 1.801738 1971.781860
49592052263223984.000000 5.237523 0.077200 228.255004 12.561594 1.747645 5663.551909
2880052154220578.500000 19.468991 0.885545 1842.500081 131.262611 1.678700 2927.242490
2715884995017918.500000 40.531449 1.174359 2599.846805 1465.814680 1.805440 3591.114348
1064031238150107.125000 47.727655 1.599585 829.484572 315.106389 1.762789 2773.759166
601175491349644.000000 50.194455 1.561343 633.416962 273.790213 1.674346 2332.249219
197421457739997.718750 34.759926 1.945066 27.166606 153.371808 1.627360 1426.226507
4167427720950050.500000 18.440448 0.785291 2640.714302 113.172331 1.678080 3261.117789
287384611571306.375000 46.367154 0.162208 720.975064 120.601240 1.788067 1775.715236
12964814192657670.000000 8.744134 -0.137736 31.145205 14.724691 1.866329 3966.036144
63117240248525.859375 50.094243 0.470253 40.455062 10.089394 1.726420 1099.506450
1574999593149574.750000 0.146614 1.491498 125.284859 3596.959458 2.000497 3158.125072
292571943702716.312500 38.842171 0.672460 329.995284 152.424650 1.757870 1685.182059
62575434197953.117188 44.952652 -0.403727 27.421169 13.644606 1.784348 1057.324894
3582381959413832.000000 61.339248 1.151838 1894.838678 108.046607 1.708012 4528.312266
74171578144172.703125 94.677563 1.878842 50.792659 67.025530 1.762001 1450.503551
352765789391863.875000 87.608480 1.880103 240.986545 146.203454 1.867260 2371.831983
3637268770676039.000000 71.097199 1.449065 2796.485057 1265.070961 1.938333 4792.180769
1120630262667331.125000 48.942691 1.605783 867.659176 360.069677 1.793708 2846.001355
56880764617294.718750 44.732280 -0.275459 26.843921 13.827204 1.771597 1022.556117
183889833145057.531250 20.040846 1.813807 30.534258 85.697720 1.729846 1179.579546
146516978924865.593750 85.824724 0.754296 182.490796 128.722105 1.692005 1756.588652
43281674769378.078125 60.748155 0.296240 14.703841 28.235984 1.708228 1035.599494
1438847448904489.000000 59.413351 0.852997 795.891868 34.728459 1.755011 3304.427609
1570278599950664.250000 75.233836 0.925902 559.464835 18.180671 1.712527 3694.991834
5622525961393391.000000 60.843090 1.134071 2981.447355 123.074079 1.687774 5247.698381
1768310141699165.250000 51.813354 0.678754 875.869854 21.057029 1.759023 3377.703395
180212270431051.031250 58.425100 1.096289 13.454524 124.069062 1.666931 1643.777389
216406319991431.218750 18.550401 1.532641 33.413429 104.245127 1.722952 1218.661956
85180783201879712.000000 66.795939 0.859009 1391.752103 10.976963 1.796973 13413.464421
533052690328421.062500 8.567486 -0.494817 18.942973 55.350573 1.736479 1363.087278
3686838217665436.500000 34.728175 1.447288 2756.789907 1977.221741 2.040673 3782.816671
165670538979025984.000000 0.732134 0.240236 865.130284 112.601526 1.732755 8853.184118
2491995412728324.500000 26.260088 1.337550 1862.352616 648.388997 1.846656 3043.906229
3785526031554344.500000 4.106275 1.152859 2723.167246 1702.536602 2.003660 2329.517814
158659743414144.156250 98.030508 1.641459 10.486059 92.239581 1.734739 1892.733206
47883459617483488.000000 0.166682 1.260979 2296.202753 1106.235197 2.086220 9353.171167
71937634806182.734375 67.457910 1.352176 31.279865 16.449317 1.780612 1272.266504
2497167576454978.500000 0.846762 1.875567 14.112569 2086.710155 2.112380 2126.721871
168538309489508.562500 89.064971 0.476360 289.014857 75.652069 1.767225 1865.244905
191735468443790.781250 18.649289 1.585605 31.277145 88.611816 1.723896 1172.201328
3545663845781486.500000 40.907688 1.392434 2679.325900 1253.736399 1.990134 3936.744515
71428405543777.203125 68.227655 1.353097 29.650362 16.093682 1.792708 1274.313901
319451244392571.625000 97.372822 1.783368 214.590962 68.714358 1.725869 2384.173598
196523705763439.906250 34.881093 1.907081 26.803059 152.589554 1.627684 1425.641655
1420205864561704.500000 83.835013 1.755239 444.932746 80.517224 1.757531 3713.932984
186858734973137.093750 20.990995 1.921836 10.497601 120.171555 1.657922 1201.656643
224885978839790.218750 13.294795 0.084811 28.662659 104.591479 1.680105 1130.389448
3967675939181232.500000 53.831138 0.906700 2861.387372 71.755531 1.703244 4479.712479
280705829569836.093750 98.364298 1.790758 198.272620 69.467117 1.732109 2292.038446
294217711229151.312500 95.460890 1.796215 217.631468 75.274767 1.719855 2303.005901
122468088241700.343750 59.985012 -0.331695 32.062733 90.292725 1.655902 1458.369149
125143279219869.375000 90.377337 0.738985 164.838678 110.578939 1.690172 1697.978755
1327745787341795.750000 7.592517 1.976190 711.734026 634.623142 1.901020 1803.850066
4458333576806537.500000 19.237415 0.808931 2882.070640 132.052420 1.698428 3374.868630
485726136171012.812500 92.756237 0.774819 1065.458764 69.261824 1.677240 2693.654854
19331017665230032.000000 26.305624 0.988931 601.628275 26.033951 1.721206 6028.754846
128843457520949.218750 88.152717 1.308444 29.935807 99.632907 1.650843 1699.201522
2830655493788580.500000 39.133173 1.180596 2659.138568 1531.935713 1.814755 3599.575346
151279941707162.750000 50.548831 1.111739 30.027214 113.387735 1.655279 1475.931541
215257949124107.500000 58.713709 0.641348 526.636053 100.279734 1.643937 1747.047523
233513459032410.125000 93.941372 1.558595 112.155769 217.334693 1.640720 2119.891941
1472186321411512.750000 82.119352 1.788743 465.750334 89.999010 1.767587 3730.966601
66287529618236.054688 96.080755 1.494449 38.224315 54.572053 1.759040 1404.658099
202323599477052.187500 14.517844 0.266376 35.195421 103.860625 1.673218 1115.903241
127626971311466.453125 56.579956 -0.210481 26.846278 89.555513 1.670317 1449.134821
304009707743165.812500 99.396254 0.088997 11.616713 141.468587 1.815103 2362.756183
5264007777675472.000000 30.552376 1.922661 2954.510458 4742.324793 1.915994 4091.167075
119124411206412.640625 39.288607 1.262979 25.000246 89.589913 1.654331 1253.667230
733314101209147.875000 80.570165 1.814190 806.799465 536.382899 1.679405 2937.472669
211979502339085.406250 61.113815 -0.396243 43.427289 119.980010 1.730157 1762.341789
1212416124696289.750000 3.698086 0.254592 722.547709 421.241722 1.757339 1577.130181
305409009009394.187500 34.911244 1.750138 189.071798 264.736725 1.739450 1651.780444
985522616059715.875000 9.839448 -0.488405 63.164241 493.466465 1.829207 1723.123821
3415352008663522.500000 52.319448 0.885087 2667.631677 71.789815 1.708485 4220.317168
197629633300703.625000 14.591857 0.323640 37.577278 96.978503 1.680215 1108.659175
162725297786779.843750 48.951333 0.271994 11.530534 123.416642 1.639572 1495.977707
861068987721837.500000 21.374825 1.033419 199.583632 48.742590 1.765807 2010.095925
152984234790885.812500 26.005186 1.946090 38.480194 108.786023 1.666722 1197.255561
1943675585536328.000000 2.008976 1.293969 43.299976 801.807204 1.843633 1800.467256
57677276564265.984375 50.469794 0.462063 37.638048 10.316817 1.727892 1069.657046
460444085528451.562500 94.137818 1.645546 408.106056 429.017733 1.723545 2660.302859
85180783201879712.000000 66.795939 0.859009 1391.752103 10.976963 1.796973 13413.464421
1657970185618814.250000 0.118481 1.073676 10.427340 4292.363014 2.662788 3514.452960
349586367392287.250000 86.870546 1.875378 239.602231 145.747253 1.865195 2357.494591
189144696596710.531250 97.663712 1.578190 178.871288 214.757549 1.667753 2004.191416
1361965005780710.750000 3.337558 0.609620 23.696540 692.343721 1.795168 1625.390273
90835843951449.265625 82.301475 1.950429 45.355156 80.462808 1.725514 1475.470319
5057327863427426.000000 0.725202 1.909952 1419.286439 1476.393274 2.215673 2772.315299
1481200748613751.250000 1.775591 0.958686 61.196904 942.698973 1.685762 1649.683012
2831274026785841.000000 1.259383 0.962278 1953.943959 2270.773513 2.007556 2096.981165
49659297291749632.000000 5.242057 0.071182 222.799459 12.341951 1.748413 5666.818030
1452942949896792.750000 82.435976 1.778427 444.880083 83.421825 1.758260 3719.758437
585187153519000.250000 8.240734 -0.349904 21.395037 72.429605 1.763880 1395.060477
842592243779923.500000 21.015451 1.047884 181.529505 46.706916 1.766527 1985.912447
3694898886749864.000000 77.117962 1.405510 2831.219899 1211.576255 1.958725 4957.948945
2586518098265562.000000 0.970825 1.438546 935.393633 1918.488627 2.110135 2103.587421
144902899621820.062500 27.434778 1.933262 32.734095 99.733228 1.666636 1195.010814
2093806270408661.000000 20.557048 1.378807 1596.250495 1638.353614 1.826205 2672.966841
205493379577506.875000 96.835485 1.329367 36.820372 147.207414 1.642854 2053.972857
4578486157159067.000000 0.649098 1.962123 1416.298296 1647.896769 2.267830 2747.131290
280661962950653.250000 61.311502 0.028022 77.576262 154.429921 1.745609 1937.338715
1132048045821522.500000 48.890129 1.595711 864.559042 349.128555 1.794059 2854.603162
294826079782199.750000 98.889406 1.979922 191.838970 130.695761 1.895084 2334.366923
186992912742033.062500 19.024451 1.558571 30.227105 87.271312 1.721823 1168.927857
3072729970980479.500000 83.303648 1.436506 335.116842 31.705984 1.833787 4792.571329
189577201638507.750000 87.818253 0.859420 227.933377 156.095003 1.708831 1930.002799
3086895929400886.500000 79.938984 1.448432 307.423137 31.212842 1.844199 4729.681850
514119705300091.437500 91.324269 1.652437 448.648393 479.844075 1.728568 2729.736478
52501792694478.976562 49.102347 0.632365 25.164986 10.189690 1.721875 1027.104462
234578790011177.718750 14.453685 0.396033 48.803461 123.584223 1.686069 1170.968494
26115723074615964.000000 21.544558 0.720489 618.486626 20.365791 1.769553 6282.924153
2457985371818635.500000 58.393245 1.631608 845.089588 177.216444 1.854296 3926.688644
43062144954264.648438 98.895761 -0.325028 11.673820 27.612110 1.715932 1229.388683
286307750678433.875000 46.419234 0.160730 725.123140 120.284796 1.788156 1774.158835
90375245776742.031250 89.415308 1.848369 21.661245 69.505879 1.674878 1517.520889
985522616059715.875000 9.839448 -0.488405 63.164241 493.466465 1.829207 1723.123821
68673907289288.312500 69.151348 1.319292 31.657759 15.304524 1.769019 1263.667477
156806301380628.968750 95.948225 1.420461 18.310820 83.204257 1.762826 1870.667825
298304910438265.625000 29.525820 1.555244 12.587702 192.634984 1.694633 1554.858536
237776197473002.781250 93.613237 0.342499 129.822160 193.684765 1.629360 2130.009576
2532774618220007.000000 1.512751 0.902138 1593.740985 2073.106905 1.972268 1989.242440
296133364496957.062500 38.549070 0.676532 322.674058 155.114993 1.762503 1687.839284
598590171232267.750000 50.174398 1.562175 631.544983 274.220593 1.674318 2328.587209
3112526743043413.500000 83.600747 1.431318 334.166966 31.298651 1.834997 4819.318450
45032164894656.578125 53.076442 -0.248783 18.673701 12.367905 1.763515 1001.904014
108708516394163.171875 96.247181 1.540069 15.012615 71.111624 1.709398 1657.503209
90239948271195.500000 58.067940 0.675020 10.958902 67.599336 1.657982 1302.561718
128932644986806.750000 87.186274 1.315091 30.775894 98.673291 1.653024 1692.858278
174773154918184.906250 44.716256 -0.156718 10.983526 131.073494 1.646942 1486.410005
4986568740737250.000000 32.685115 1.897206 2925.632360 4351.957624 1.911145 4103.809936
186177885488069056.000000 0.704359 0.213648 811.048740 101.253492 1.720735 9278.935615
432694464472825.812500 16.793565 1.981509 89.575273 63.897155 1.802060 1494.025786
192777403334989.093750 95.214168 1.393924 35.799770 133.208980 1.655565 1998.401166
2424842314987191.000000 1.271738 1.873064 20.634127 1710.816395 2.104409 1989.434654
64751294623823.945312 78.216116 -0.127421 12.713741 39.191557 1.728567 1294.300286
179513478019202.625000 97.064674 1.363193 175.327777 192.231903 1.678715 1965.174889
91737050638914208.000000 82.186421 1.942620 167.335100 11.881090 1.744146 14795.928646
207697986253437.156250 96.493007 1.348133 37.304401 141.751479 1.663037 2058.638092
731653644807017.625000 80.626792 1.814091 805.571352 535.056602 1.679131 2935.990423
248172376189583.656250 97.488476 1.595588 227.278513 247.268166 1.716936 2192.679177
68673907289288.312500 69.151348 1.319292 31.657759 15.304524 1.769019 1263.667477
1143938638997460.000000 4.577370 0.416133 391.455885 513.441799 1.830255 1583.209410
1633400286653678.750000 76.184528 0.965731 461.374982 16.827943 1.717285 3760.567704
277369195311230.375000 97.018164 1.788913 208.128584 71.084560 1.716000 2271.498978
63780844607092936.000000 35.009918 0.983091 412.671984 21.915742 1.966528 9808.729433
2293935741614403.000000 16.991194 1.137278 1373.149737 504.360287 1.993032 2613.353337
238409731705972.625000 20.122890 1.525536 127.892537 208.611357 1.660810 1287.712925
104774606897631.734375 89.298738 1.211298 11.451640 64.359309 1.724518 1593.427846
1472186321411512.750000 82.119352 1.788743 465.750334 89.999010 1.767587 3730.966601
52736990421637.125000 86.206481 -0.476375 11.733633 30.998147 1.723922 1251.522952
139453618113300.687500 87.728263 0.725293 178.277033 122.354780 1.688775 1741.588027
2157911902874917.750000 17.259323 1.109935 1370.042757 520.602198 1.986074 2571.546451
3243145356715537.000000 63.735203 1.867923 1803.619931 809.479970 2.023438 4439.253653
1557443898726118.250000 47.262216 1.046555 501.896729 47.013566 1.785629 3139.039374
3783902252528941.500000 66.007328 1.995185 2098.894551 1127.138947 2.081023 4730.831055
450321128750930.875000 81.974881 1.554289 450.919732 385.278495 1.736046 2512.277509
65797335479851360.000000 28.505111 1.048667 271.131143 24.486238 2.013554 9293.212735
200033782646888.468750 79.248986 1.628245 12.680335 144.193813 1.640907 1893.867742
239707476784991.156250 80.461352 1.940772 16.406898 111.958967 1.801763 2022.529068
72354671931962.515625 73.022193 0.854659 89.889365 59.514890 1.699978 1310.761944
184333236545500.531250 60.905503 1.220006 14.273652 121.383030 1.681737 1680.145750
106503510214735392.000000 82.128796 1.964585 148.561884 11.088695 1.757495 15546.749934
1657970185618814.250000 0.118481 1.073676 10.427340 4292.363014 2.662788 3514.452960
96159073884394.109375 40.579169 0.853772 60.616234 59.889494 1.742639 1179.657457
2660673726409751.500000 1.130364 0.947635 1618.571800 2379.994656 2.029136 2079.289975
57847784541262.609375 42.906209 -0.247591 27.589807 13.494185 1.768833 1014.237713
2294259979060523.000000 16.993166 1.137255 1373.086886 504.390607 1.992992 2613.558602
174366004109635.781250 83.628632 0.476306 275.982210 74.454401 1.775549 1844.252806
75821270678411744.000000 28.254007 1.068288 260.733969 24.819915 2.033116 9716.607881
881151070274972.625000 21.415523 1.035453 199.270868 48.561090 1.768233 2026.713030
1215369433582978.000000 5.950747 1.972154 15.788135 556.160963 1.866812 1677.522000
1512303404007405.000000 1.509794 0.915393 46.471680 962.530618 1.657522 1675.300360
1527900484139310.000000 59.085428 0.854425 860.191396 36.018553 1.753441 3364.813196
295312692920891.312500 95.524306 1.792564 218.609108 75.178719 1.718837 2306.415624
3112526743043413.500000 83.600747 1.431318 334.166966 31.298651 1.834997 4819.318450
523798348304983.937500 87.413526 1.625817 453.696416 471.817861 1.729807 2703.717928
13022440477461696.000000 72.880980 1.489644 150.870913 12.200247 1.805768 7395.520465
779017462542774.625000 96.464710 0.667632 2891.189629 67.141466 1.662954 3198.197872
5717608806892516.000000 60.329517 1.127428 2990.593029 124.525767 1.697732 5261.671684
1212416124696289.750000 3.698086 0.254592 722.547709 421.241722 1.757339 1577.130181
2614948099769538.000000 37.166701 1.131451 2336.348768 1128.749719 1.913247 3447.698235
1450634329951825.750000 84.189332 1.762879 441.005041 79.446937 1.758105 3745.931730
23929526357777544.000000 38.224278 1.607991 827.285469 52.594731 1.659197 7277.061153
66565354565855.406250 95.912928 1.485444 37.467133 54.797131 1.758443 1405.724426
5057327863427426.000000 0.725202 1.909952 1419.286439 1476.393274 2.215673 2772.315299
3446550774728174.000000 69.395716 1.414937 2654.579928 1117.561892 1.931725 4666.972641
273967166660402.437500 38.376985 0.691614 317.885367 155.594903 1.737033 1642.246527
52501792694478.976562 49.102347 0.632365 25.164986 10.189690 1.721875 1027.104462
82114484232615.109375 83.796613 1.484519 52.867461 67.458737 1.758157 1435.882413
853247920895250.000000 6.292744 1.011036 269.125843 424.985032 1.810365 1504.754476
506168971888419.375000 52.989855 1.625908 558.848380 292.892122 1.675358 2243.069258
2990838217731097.000000 82.948964 1.438914 329.219017 31.712854 1.833357 4742.356738
788186763870401.250000 95.895892 0.671000 2871.278056 67.497036 1.662881 3203.802890
4114895054906727.000000 18.570600 0.801344 2420.739711 109.749602 1.678036 3253.699312
143596855956762.093750 44.844551 1.299054 101.681878 90.228357 1.778813 1393.504272
1392156566828488.750000 3.285562 0.578140 23.168645 707.815953 1.801693 1635.398596
84344971855691.281250 56.320180 0.567736 10.336147 62.632446 1.660278 1260.267851
80023269533667360.000000 65.865214 0.858896 1239.000804 10.787443 1.804189 13072.820752
108475461123950896.000000 82.394010 1.968272 161.548047 11.471105 1.745432 15660.173259
1472231835573752.750000 1.480242 0.871801 67.292947 868.960384 1.657984 1662.661636
294112379322085.000000 95.052165 1.539350 251.001225 287.666178 1.722194 2299.145988
109928659896587392.000000 82.587781 1.971811 147.903774 10.973683 1.757503 15743.026633
1330270217034760.750000 7.602891 1.975269 711.577720 633.033744 1.900919 1805.465867
3783902252528941.500000 66.007328 1.995185 2098.894551 1127.138947 2.081023 4730.831055
1518085710607932.250000 59.462843 0.862297 844.488732 36.746839 1.756213 3364.972215
49592052263223984.000000 5.237523 0.077200 228.255004 12.561594 1.747645 5663.551909
117004110449335.531250 78.672835 -0.415593 10.016915 24.510738 1.926394 1579.742654
247407863618588.125000 41.968929 0.091931 807.620822 114.063068 1.757410 1634.396792
160218367895079.625000 96.255748 1.699900 11.650348 96.405034 1.722914 1886.331453
2273095596659553.500000 59.614658 1.591805 835.734539 151.146325 1.787349 3853.044138
461589444940016.437500 20.492025 1.857273 59.715894 42.059676 1.844460 1613.272574
90155802443832112.000000 39.156334 0.827482 341.062446 12.420398 1.945739 11412.225706
533052690328421.062500 8.567486 -0.494817 18.942973 55.350573 1.736479 1363.087278
197650160843169.843750 18.692240 1.551371 31.861444 91.423751 1.724774 1184.890680
201007521455899.687500 98.355029 1.296094 38.955264 143.950392 1.643236 2050.503977
460444085528451.562500 94.137818 1.645546 408.106056 429.017733 1.723545 2660.302859
239356750847395.187500 39.481496 1.653221 221.082000 201.956640 1.720556 1584.489282
1375367144904625.500000 3.251710 0.578369 21.740993 698.582110 1.795017 1627.577562
4470058821079214.000000 11.113762 1.177915 988.160109 143.640149 1.655038 2932.274938
240910108158120.468750 25.912097 0.874955 108.400023 147.351820 1.765899 1391.406280
1643107025927395.000000 0.142393 1.615145 144.357486 3382.418813 1.987910 3242.067971
1330270217034760.750000 7.602891 1.975269 711.577720 633.033744 1.900919 1805.465867
4172631254509120.500000 18.215297 0.795533 2577.529298 114.068846 1.677758 3251.404251
204257389698320.656250 97.288137 1.262584 40.712707 146.589107 1.643889 2053.326971
117032121543879.109375 78.486376 -0.409834 10.016876 24.672861 1.925010 1578.534087
25049800077949.929688 67.222673 0.575404 12.467134 16.005837 1.716603 893.983752
113444751165066.578125 74.939301 1.407191 14.358123 85.876866 1.652917 1536.781971
236020945124884.812500 19.167444 1.569467 137.075010 209.377147 1.660680 1265.919509
66565354565855.406250 95.912928 1.485444 37.467133 54.797131 1.758443 1405.724426
2193655314318022.250000 17.600026 1.140997 1314.950049 488.022213 1.989552 2599.491314
137414005421898.906250 32.542228 1.547907 19.770787 57.204349 1.771635 1237.839168
130230979290210832.000000 0.809685 0.277285 857.115341 126.054727 1.738879 8010.965571
89981319112225.468750 89.659002 1.872915 22.474996 69.782884 1.674816 1516.802194
76057215195110.421875 43.692060 0.858114 51.652279 48.831609 1.733190 1117.790861
45199826151179.531250 53.115164 -0.254238 18.283501 11.976130 1.764183 1003.394603
89981319112225.468750 89.659002 1.872915 22.474996 69.782884 1.674816 1516.802194
1308675348830216.000000 5.157529 1.982665 15.830663 586.674743 1.870442 1682.436116
2512406818432468.000000 1.245713 1.443141 932.761767 1933.687597 2.112851 2017.389140
242429715783975.718750 25.835131 0.876740 107.636697 148.111848 1.766169 1393.078064
2699651596624187.000000 0.875339 1.060370 1567.144019 2197.760385 2.018521 2170.044632
5018194378458866.000000 0.744414 1.902803 1416.208154 1467.076689 2.213836 2750.398695
524666986298481.437500 77.772142 1.710165 355.776878 192.536174 1.881072 2594.380516
154945467420551.968750 28.135177 1.905376 36.240456 110.635218 1.664008 1231.449275
1898230029962136.000000 2.023013 1.234343 47.683642 814.357183 1.843416 1786.162553
194843502417096.031250 41.033550 1.712934 140.794988 85.252803 1.743314 1498.201352
84172997187330784.000000 66.417240 0.858468 1311.571285 11.090057 1.809010 13333.819789
1377156659022994.750000 3.249337 0.582709 21.115687 701.525235 1.795161 1628.198227
69516402776600.789062 50.554009 0.552212 42.316131 12.588289 1.743081 1138.981181
139416542378150896.000000 0.769168 0.276793 865.138879 126.784014 1.744546 8276.017450
4082514537676865.500000 2.598410 1.204879 2741.427383 1896.229800 2.034346 2311.696207
115618935049930.875000 28.118265 1.948181 25.486808 84.309803 1.647797 1116.743049
211797725838916.062500 38.043140 1.810511 25.823770 159.791547 1.636730 1502.971369
1667676643831573.250000 0.100223 1.057065 10.509654 4318.372925 2.671327 3786.494123
2453360906347884.000000 1.921409 1.294538 1053.867185 1301.623755 2.077720 1947.341761
1950096104194148.500000 2.143776 1.295815 42.183742 871.958915 1.857211 1801.557128
349504988724469.250000 96.229275 1.768493 13.479079 235.642864 1.632204 2446.179249
99758885671268.812500 38.674015 0.879110 61.198850 58.023028 1.752083 1175.641676
192927547814188.593750 70.140653 1.772319 17.127231 142.185886 1.642710 1791.988741
243322539921246.562500 36.807943 1.833552 17.594165 184.702324 1.627081 1557.444014
1115597275888690.875000 68.820765 1.093995 395.250063 26.983039 1.716195 3195.023241
128889035301343.218750 32.957779 1.758047 45.505300 106.032844 1.659816 1216.549737
2068263685318410.250000 43.429750 1.012228 2239.642837 1207.235853 1.742111 3354.681878
126968451255973.906250 88.550619 1.971269 17.296405 93.490220 1.656808 1693.665938
140190393975261.750000 40.597316 -0.402733 11.284373 97.601419 1.673222 1337.812946
101433529564843424.000000 39.434903 0.799443 356.977941 11.829001 1.950058 11896.914769
1657970185618814.250000 0.118481 1.073676 10.427340 4292.363014 2.662788 3514.452960
432743978345701.562500 16.788871 1.980134 89.494452 63.897619 1.802026 1493.970091
244097441247338.843750 19.020358 1.570670 146.695682 216.427355 1.660640 1277.441299
280740768287357.281250 98.358922 1.790719 198.295083 69.480621 1.732125 2292.087905
1601185603179013.500000 0.153809 1.489810 125.119764 3574.913604 1.996532 3113.473781
3041712058977648.500000 82.978657 1.439602 333.090193 31.885093 1.833617 4769.706120
119201110376444.046875 85.908082 1.300370 11.554609 74.188989 1.716114 1640.409968
154940417207279.156250 92.887596 1.422210 18.671648 83.644776 1.758024 1841.431860
1038595238396026.625000 5.308162 0.996125 274.411241 439.805291 1.863392 1564.149349
81914274861088.875000 81.844844 0.042262 20.703549 61.145698 1.671538 1422.656548
1039441031413088.000000 51.449847 0.998140 416.412302 46.982805 1.815685 2822.711574
47809233638995584.000000 0.172949 1.260170 2293.887128 1103.047240 2.084990 9210.669925
257680709902803.812500 78.093155 1.996520 25.568910 122.746742 1.796667 2049.917170
1338653141848630.750000 8.005670 1.974544 722.911858 632.953408 1.901197 1827.566554
51701880049022960.000000 5.299878 0.058530 215.918874 11.455894 1.744678 5752.622395
13032215710264674.000000 72.792385 1.488406 151.169895 12.220604 1.806083 7394.192706
3647196896462993.500000 66.367808 1.977229 2061.182892 1092.308082 2.077351 4682.060568
1667676643831573.250000 0.100223 1.057065 10.509654 4318.372925 2.671327 3786.494123
62711656474533.015625 75.586798 -0.474920 10.457756 35.956570 1.736622 1265.099835
192777403334989.093750 95.214168 1.393924 35.799770 133.208980 1.655565 1998.401166
160797688661950.562500 93.215072 1.763381 10.515565 99.759450 1.710753 1866.728260
45915170464936016.000000 34.953866 0.991230 361.900317 22.695072 1.976304 8786.436192
80179489597013.531250 80.818535 -0.330364 27.576080 62.349291 1.650132 1406.184613
196579979669901.375000 18.972517 1.513308 29.168722 96.609590 1.711053 1187.665219
1223688729870911.750000 53.241964 0.902152 447.650943 35.900145 1.819204 3015.332754
103166441095160.812500 57.389162 1.338842 77.590465 57.050131 1.775883 1356.511023
164445391240224.343750 93.593374 0.483304 271.688503 82.461883 1.754864 1883.501296
2234230194957910.000000 74.836059 0.861344 814.811795 16.494122 1.703798 4148.087882
120879818887624.484375 53.713662 1.308812 100.406968 68.371470 1.756203 1398.082951
3907617588079660.500000 26.503754 1.372190 2942.927497 1441.422586 1.968711 3546.214608
45032164894656.578125 53.076442 -0.248783 18.673701 12.367905 1.763515 1001.904014
153156589789273.531250 26.566888 1.945303 37.155787 110.118995 1.660004 1205.458294
2496163581463460.000000 59.170344 1.913781 1632.918408 984.892324 2.011929 3964.927657
56056070007035.593750 70.259742 1.321327 25.520282 13.070525 1.761398 1187.601103
13019880428491398.000000 72.880047 1.489655 150.855216 12.198821 1.805806 7395.002360
12867318510885266.000000 8.798044 -0.147208 30.156664 14.318689 1.867646 3961.140615
1506279966611497.250000 3.669394 1.642840 12.695928 581.693235 1.878649 1694.240921
1997112030056665.750000 73.284598 0.908749 791.657169 21.901372 1.718053 3966.307096
373617903985604.937500 29.779927 0.382173 66.928079 209.735662 1.741413 1680.473146
1041111503253334.625000 5.141750 1.014553 341.163674 465.960727 1.854037 1558.253914
363336504642744.812500 99.052490 1.603017 21.650448 250.500270 1.611572 2504.249716
1516608334483300.750000 3.616631 1.603324 10.197425 688.184053 1.842358 1695.892952
164271376178061.500000 44.157025 0.144927 11.704839 126.147343 1.640144 1449.959196
128892158372659.828125 27.821315 1.407849 49.575019 102.495767 1.666236 1154.185142
130204273393462080.000000 0.807331 0.277334 857.161847 126.021001 1.738967 8014.781460
18319792401587068.000000 27.311041 1.055640 592.818848 28.134530 1.716570 5989.471419
55368375394925.828125 48.627373 0.638195 26.592947 10.933614 1.726014 1042.057560
2293144164733710.000000 3.205204 0.985047 1465.425461 1812.155293 1.973913 1927.995833
78548913656798.250000 77.395604 -0.341383 28.676822 58.119625 1.657923 1375.211410
73777712716600.453125 71.781197 0.846164 90.736544 60.991367 1.699301 1311.340555
235683313281345.593750 35.760189 1.576527 21.128896 179.233291 1.630981 1526.753265
4665870264018303.000000 10.618489 1.173806 1038.649009 150.529415 1.655620 2943.341817
74818936522108.031250 72.737118 0.852621 89.729272 60.547123 1.705246 1323.646493
888983464043699.000000 21.209629 1.041861 197.076725 48.369675 1.767960 2027.056231
42341713636965408.000000 0.197518 1.292016 2237.797027 1120.020663 2.091250 8393.697432
804524219298633.625000 82.069944 1.948823 840.110718 685.338548 1.681182 3049.673108
1100261880939559.125000 47.743607 1.609635 844.329761 324.110346 1.770457 2805.204942
37325603497368688.000000 28.061272 1.027142 277.221005 27.169074 2.000242 7656.132986
2095889586196860.500000 75.279147 0.872611 768.851374 16.850087 1.705329 4069.147310
13032215710264674.000000 72.792385 1.488406 151.169895 12.220604 1.806083 7394.192706
241804669466154.312500 18.605346 1.657246 147.639327 223.083989 1.653066 1265.624514
1943309549399635.250000 83.759706 1.890208 461.142737 81.321691 1.755875 4121.838936
1581936321725531.750000 7.925995 1.913080 936.076605 1284.596343 1.843558 1928.362712
2527134295405006.000000 42.411679 1.104323 2496.637923 1388.245508 1.797217 3558.455176
856185092562502.875000 16.340749 1.705709 689.569659 742.813835 1.719376 1861.930212
455541635252173.437500 78.397185 1.620434 428.278221 410.823175 1.729712 2482.099116
190023911570114.968750 60.431866 1.226595 30.657919 131.853854 1.667953 1692.684780
1106641061195790.500000 4.683770 0.393406 388.409092 510.160626 1.828161 1570.376121
138822256425813.171875 42.624974 0.906701 12.385431 97.139345 1.665395 1354.947723
104041328716211.453125 62.593840 1.027231 114.084920 86.108499 1.709752 1401.724923
107804266005238.546875 79.678026 0.870323 14.527309 84.341609 1.648057 1544.175463
266026516974036.843750 38.720150 0.550253 357.413030 150.132111 1.722902 1630.925319
119220849569264.109375 77.259125 0.006175 12.681270 33.040253 1.897898 1579.432034
1596653620005931.500000 54.454008 1.773405 1351.199379 578.993096 1.698584 3320.303398
2453416126172782.000000 78.192278 1.557283 1985.921785 1113.891629 1.864250 4346.725094
45032164894656.578125 53.076442 -0.248783 18.673701 12.367905 1.763515 1001.904014
757042165006672.750000 76.319320 1.721385 832.968434 543.126249 1.684559 2912.069773
65042600293048.117188 84.848446 -0.347577 10.817274 38.832840 1.732833 1334.510304
795478968338224.125000 7.144338 0.964164 343.922153 397.806277 1.805078 1503.357680
3865010830767522.000000 38.348197 1.363370 2937.603709 1482.697408 2.024862 3967.194525
69516402776600.789062 50.554009 0.552212 42.316131 12.588289 1.743081 1138.981181
2524033455440998.500000 1.167451 1.786366 18.135658 2078.620427 2.167428 2035.130065
295312692920891.312500 95.524306 1.792564 218.609108 75.178719 1.718837 2306.415624
2453360906347884.000000 1.921409 1.294538 1053.867185 1301.623755 2.077720 1947.341761
48500271117330.085938 58.572331 0.429074 10.443183 34.344591 1.676890 1062.198925
2288867808737981.000000 59.691692 1.592681 839.229199 151.480171 1.788692 3863.656522
1136412333433744.000000 4.738214 0.454520 308.612663 520.119796 1.832096 1586.700927
1376245088024936.250000 8.589902 1.945035 752.003479 618.892154 1.900703 1870.966169
84172997187330784.000000 66.417240 0.858468 1311.571285 11.090057 1.809010 13333.819789
67058637572555.062500 43.850599 -0.222574 26.660098 15.597767 1.782860 1073.129867
260464923325054.218750 38.904595 1.672182 237.153390 211.895382 1.728833 1621.979853
2354889921091840.500000 1.158043 1.307093 10.511319 2411.662010 1.988052 1990.518625
1535320220318791.250000 1.700738 0.883156 54.577163 922.394255 1.693277 1672.481372
67058637572555.062500 43.850599 -0.222574 26.660098 15.597767 1.782860 1073.129867
294992081105400.250000 95.832606 1.796568 218.232766 75.205856 1.719681 2308.281071
68673907289288.312500 69.151348 1.319292 31.657759 15.304524 1.769019 1263.667477
1048339198470566.625000 8.443819 -0.465556 73.825287 519.548960 1.820254 1702.706281
4246123888881401.000000 17.989647 0.781523 2686.928684 115.438969 1.681377 3259.161043
130818479259299.578125 87.922817 1.449584 16.178851 80.559250 1.718298 1706.233478
13542338941223854.000000 9.127137 -0.229184 29.935685 11.747371 1.855589 4060.538340
2464477679237755.000000 1.928208 1.296511 1058.884785 1301.988998 2.079470 1950.129609
988152131811797.625000 21.102974 1.030702 191.527780 44.575968 1.767025 2096.750893
3436603853832804.000000 3.273904 1.158308 2465.948447 1940.551866 2.018062 2209.656918
198952799621052.281250 35.891823 1.768966 24.481365 153.649948 1.629144 1444.620274
185299027880305.687500 97.919653 0.477361 341.598111 80.469423 1.759418 1992.412641
264078428045449.593750 92.645530 0.508538 150.927327 207.188569 1.662608 2197.528869
37717233257816272.000000 5.561491 0.121887 185.079877 14.172861 1.746658 5215.934621
143664259737171.937500 93.199127 1.699791 11.243383 96.723229 1.687544 1797.810144
253569434869592.875000 94.910072 1.569394 208.641989 249.906187 1.722994 2187.049211
3643751925547083.000000 66.364910 1.977289 2061.925557 1092.133671 2.077796 4680.514525
883834531777241.250000 6.159271 1.027296 299.559131 443.753341 1.818750 1517.069620
114350172046633.031250 83.308565 1.770480 22.317810 83.798137 1.674189 1600.105364
2919096112951386.000000 1.289055 0.971692 2045.345178 2317.806649 2.011291 2113.485537
804155886779826.125000 6.879766 0.962185 344.011914 394.925095 1.811493 1498.457372
866610122264255.500000 10.844037 1.891691 11.159393 382.784043 1.839100 1687.461378
2140702166805345.500000 75.156721 0.868595 784.701991 16.714788 1.704875 4095.580326
888983464043699.000000 21.209629 1.041861 197.076725 48.369675 1.767960 2027.056231
1327745787341795.750000 7.592517 1.976190 711.734026 634.623142 1.901020 1803.850066
1503292880200223.500000 59.604697 0.855338 833.496645 35.178629 1.755224 3356.764776
2827268168647293.500000 4.647820 1.176120 1994.830393 1642.791738 2.022495 2144.681824
3945270586547322.000000 2.393846 1.259093 2542.265664 1907.477020 2.047631 2280.663075
11358605371256808.000000 21.427085 0.791530 475.570321 25.347442 1.766356 4752.819885
12867318510885266.000000 8.798044 -0.147208 30.156664 14.318689 1.867646 3961.140615
123627882110037.375000 63.612329 0.785759 19.195519 91.622211 1.653092 1493.029761
233481653818132.406250 39.471906 1.658542 215.581833 197.928431 1.719671 1571.293536
248540471935651.531250 18.201153 1.528105 129.935757 212.026643 1.662559 1269.521825
180391153092275.375000 94.695651 1.343709 150.675174 190.426327 1.668052 1950.779322
4057940549176257.000000 52.441281 0.888709 2878.554146 67.973945 1.705000 4473.470544
43281674769378.078125 60.748155 0.296240 14.703841 28.235984 1.708228 1035.599494
1532358830824644.750000 1.417908 0.858998 65.434011 922.399292 1.669153 1690.498766
2318328528518961.000000 1.573624 1.296973 10.558579 2366.844989 1.986327 1926.591034
593712558120953.000000 8.170523 -0.319608 23.741121 77.472199 1.764228 1399.394349
585187153519000.250000 8.240734 -0.349904 21.395037 72.429605 1.763880 1395.060477
97609711481343520.000000 37.797293 0.800956 352.528709 12.429255 1.951365 11585.037679
1005532106319649.000000 24.362595 0.996271 231.736280 43.785254 1.765342 2199.344112
5022160822321713.000000 0.762543 1.908284 1410.706879 1465.747674 2.209037 2737.917050
13019880428491398.000000 72.880047 1.489655 150.855216 12.198821 1.805806 7395.002360
131198878058187.390625 86.595831 1.314306 24.009886 73.601177 1.763017 1698.560326
72149740955733.296875 83.006758 -0.461205 24.834862 57.819505 1.638504 1370.618284
2883058581445029.500000 72.278437 1.477598 2258.254213 1038.017620 1.917004 4460.833289
146516978924865.593750 85.824724 0.754296 182.490796 128.722105 1.692005 1756.588652
122456083230948.265625 89.085402 1.430925 23.386160 94.909566 1.643746 1676.997347
191198690073443.968750 19.074247 1.552095 29.635966 92.778738 1.714476 1178.487735
1234318352368720.000000 4.357045 0.652302 24.817704 639.377221 1.793291 1614.162032
2435982259504497.500000 57.078879 1.521992 961.935429 168.619578 1.788591 3884.427330
90670266639160.312500 89.037582 1.854923 21.384929 69.628158 1.674482 1516.851600
369627643191795.875000 17.982877 1.999397 75.525295 55.377946 1.794411 1444.280077
146516978924865.593750 85.824724 0.754296 182.490796 128.722105 1.692005 1756.588652
228174046973728.437500 58.530106 0.681580 486.629033 105.143544 1.658778 1779.393752
237776197473002.781250 93.613237 0.342499 129.822160 193.684765 1.629360 2130.009576
2365285379847122.000000 1.419977 1.857083 14.709909 1892.861866 2.089149 1953.463679
68724335356580.976562 46.700429 0.645727 33.223624 13.287576 1.743592 1104.825786
1159869644630617.000000 61.922634 1.783046 931.153660 318.877218 1.672594 3119.653786
191807000220597760.000000 0.700120 0.214820 824.186621 101.927638 1.722845 9383.562819
239631113181270.781250 38.134885 1.789666 19.168049 179.155406 1.628518 1567.339946
455907791097955.375000 82.931619 1.562317 465.697781 382.001538 1.735662 2533.123643
186858734973137.093750 20.990995 1.921836 10.497601 120.171555 1.657922 1201.656643
113306706260477904.000000 82.519051 1.972771 147.237790 10.912563 1.756851 15897.921410
148166713100273.093750 50.405321 1.080797 29.263707 112.332810 1.651876 1464.330539
755637560872593.500000 13.815355 -0.183642 62.749728 367.917009 1.814893 1709.530962
317341381927706.187500 97.367876 1.783981 214.152406 68.754083 1.727591 2378.869156
275780085149111.687500 37.263416 1.914994 197.006561 250.120954 1.731382 1630.270601
131042897793701.390625 36.415729 1.384457 26.506915 95.881867 1.658487 1262.778310
192927547814188.593750 70.140653 1.772319 17.127231 142.185886 1.642710 1791.988741
56056070007035.593750 70.259742 1.321327 25.520282 13.070525 1.761398 1187.601103
295312692920891.312500 95.524306 1.792564 218.609108 75.178719 1.718837 2306.415624
2811915012865762.500000 71.547816 1.484184 2202.215650 1031.314625 1.912515 4408.008882
43866751771481400.000000 5.076301 0.080585 194.619125 14.049764 1.749086 5412.540859
376089430144672.625000 99.295043 1.601199 22.201610 258.212443 1.612315 2535.472075
4656289185464565.000000 57.771828 1.029595 2615.099012 87.448449 1.705011 4840.780074
194146374502618.093750 31.799450 1.550443 168.779770 124.872274 1.715389 1378.941733
156806301380628.968750 95.948225 1.420461 18.310820 83.204257 1.762826 1870.667825
197622659304551.187500 37.715697 1.755684 23.806243 150.488415 1.632608 1464.565284
1167148836287184.500000 62.223923 1.772461 942.711474 330.215121 1.677555 3131.432371
78501170749179.875000 60.481592 0.660884 10.469798 43.836333 1.733451 1261.020599
246006433097615.406250 58.577459 0.698587 490.654694 102.003304 1.664775 1825.098801
140118419737998.656250 53.096940 1.279587 117.666250 75.910422 1.766921 1462.875115
115016385932667.562500 35.000047 0.938834 69.144455 67.295372 1.748499 1193.796136
348361332933388.437500 96.817076 0.842915 724.611669 56.903478 1.650788 2448.924373
164550778157587.500000 38.301529 0.790311 11.557083 113.049002 1.666353 1384.719887
459085594344876.500000 83.034224 1.567565 467.679069 386.157075 1.735680 2540.120292
2309057727257747.000000 1.506450 1.356997 14.221594 2066.589885 1.997079 1929.405475
4568329235404663.000000 0.724624 1.954377 1403.243991 1618.029775 2.262751 2680.359516
192808598790950.875000 69.615035 1.736751 17.105940 142.054857 1.642985 1786.888170
294826079782199.750000 98.889406 1.979922 191.838970 130.695761 1.895084 2334.366923
2474131490015934.000000 1.126170 1.916754 19.272968 1794.138978 2.114387 2030.450433
1083998218865919.125000 5.003368 0.463285 306.757230 514.523530 1.820362 1573.353529
4067392027053148.500000 51.744301 0.893460 2830.066778 68.880545 1.704177 4456.676977
190742468144657.375000 35.406118 1.794556 24.671063 146.339967 1.631687 1418.270779
108488369252284.750000 96.324337 1.497138 14.514417 69.161500 1.712995 1656.866114
1061595972522771.625000 47.744316 1.600005 827.623392 314.240698 1.762323 2771.965513
259841126526530.250000 19.895872 1.699152 162.951381 243.914508 1.656869 1320.944634
185434537157037.437500 96.953822 1.571212 195.284688 210.425740 1.662152 1985.722440
33692201105487108.000000 37.487589 1.765024 721.203408 51.313748 1.644041 8105.046404
143036185347488.750000 83.555556 0.786457 175.458380 122.209820 1.695877 1725.887143
3717001620799674.500000 34.548486 1.437964 2735.508034 1953.915961 2.043897 3786.844179
1661544899003972.250000 0.118512 1.073796 10.463426 4288.637859 2.662419 3516.582326
4586424189733169.000000 56.723708 1.017274 2606.169532 85.753377 1.697519 4786.269774
2112124527218598.250000 18.933612 1.097187 1484.272880 583.484762 1.979386 2619.219251
1153431423171610.500000 3.656378 0.008096 1113.420777 399.229407 1.777248 1549.519286
47884541639560712.000000 0.166914 1.260967 2296.334032 1106.329750 2.086223 9347.992581
3990546518722671.500000 3.506811 1.127877 2865.998642 1825.760846 2.016456 2335.044049
139453618113300.687500 87.728263 0.725293 178.277033 122.354780 1.688775 1741.588027
157702113240993.625000 97.281386 1.627670 10.505064 91.784145 1.734250 1883.650787
106760863000533.609375 75.892612 -0.496011 10.706332 21.600961 1.908288 1512.753468
599579013969890.125000 50.142098 1.560838 633.314024 274.941768 1.674493 2329.362706
192871438184851.312500 68.954458 1.750500 17.105832 142.813655 1.641331 1781.107178
125143279219869.375000 90.377337 0.738985 164.838678 110.578939 1.690172 1697.978755
1708135194465066.000000 33.785787 1.390008 1308.391490 1061.625152 1.966759 2901.621939
1599714493570531.000000 21.857372 1.862648 1056.458809 1252.162473 1.832542 2487.053409
142690671510748144.000000 0.764961 0.268202 883.582290 124.799280 1.742592 8349.305038
299397144360980.312500 96.034961 0.491394 157.593358 250.498772 1.614798 2321.492714
99136584281630.031250 36.409739 1.648563 17.379533 38.327622 1.787386 1150.564549
584603084475013.750000 8.262847 -0.349297 21.418766 72.431458 1.762948 1395.349765
275736327413411.937500 37.267921 1.915135 196.990278 250.104015 1.731370 1630.247918
13757241600572382.000000 8.785401 -0.134777 30.444670 14.155560 1.869536 4049.216900
82209326478301.046875 95.015251 1.986894 58.929219 75.571171 1.762895 1503.053944
130080321779029.812500 50.083225 1.294756 98.976151 71.778490 1.770484 1399.115051
183926087500964.156250 19.092665 1.982246 10.777562 119.682631 1.651849 1163.666325
4587148240796824.000000 46.804169 1.915237 2912.384584 3319.173227 1.930750 4484.971928
117129319114157.937500 78.669004 -0.415546 10.021725 24.522433 1.926325 1580.278548
181950163153926.937500 38.313968 1.655646 130.159598 76.090489 1.734779 1432.050865
2481827143411636.000000 1.319161 1.453271 864.036798 1890.865281 2.108299 1997.759858
132668726520911728.000000 0.738839 0.259756 867.601822 127.292874 1.738715 8206.001363
13002197581222286.000000 9.018712 -0.213383 26.491975 12.352710 1.854477 3995.677071
4172631254509120.500000 18.215297 0.795533 2577.529298 114.068846 1.677758 3251.404251
1596214103843736.250000 9.319654 1.904647 1033.472621 1337.059894 1.820731 1999.808790
476186773752968.875000 84.096624 1.606909 466.576556 409.025039 1.739365 2583.021423
99919815019536480.000000 39.424855 0.807727 360.082680 12.012184 1.947066 11836.456140
2260340378493369.500000 19.383639 1.909454 1378.398450 1737.805670 1.961790 2696.788325
4184916546668272.500000 59.938386 1.105810 2528.736577 130.890985 1.714202 4731.209186
981576751580707.750000 69.644893 1.751599 1002.308582 691.119117 1.695417 3074.412350
189712653628530.031250 19.019689 1.562023 30.481988 88.247073 1.722979 1174.485622
13022440477461696.000000 72.880980 1.489644 150.870913 12.200247 1.805768 7395.520465
2323090922944383.000000 19.574648 1.905831 1404.926136 1802.015102 1.971629 2729.033427
224828667636876.906250 34.670818 1.512020 196.249228 145.933027 1.735789 1488.169827
1560589570177180.000000 54.534676 0.653241 862.137672 18.768512 1.755588 3296.778162
2311879675302644.500000 1.505908 1.356958 14.250888 2066.066016 1.997115 1930.238563
1542546387469229.000000 6.868491 1.943158 821.513588 701.067721 1.899545 1861.296485
202475143109910.031250 96.584653 1.582947 192.175904 226.330503 1.669294 2041.940334
226677353116134.281250 96.289038 0.365936 107.530457 170.364228 1.662050 2117.895544
2486411311720030.000000 1.180412 1.397893 778.303979 1809.640386 2.093624 2022.366775
194566384099080.687500 18.253515 1.453966 31.641315 91.323660 1.718044 1170.959104
831617948559101.875000 11.352364 -0.388755 74.798690 406.108589 1.813310 1682.293091
130788831908148.109375 91.057537 1.403756 28.805005 101.932446 1.643180 1727.813459
115016385932667.562500 35.000047 0.938834 69.144455 67.295372 1.748499 1193.796136
881151070274972.625000 21.415523 1.035453 199.270868 48.561090 1.768233 2026.713030
3086895929400886.500000 79.938984 1.448432 307.423137 31.212842 1.844199 4729.681850
63757322679441.242188 68.782222 1.357810 27.998149 14.782334 1.773764 1230.446787
1775662666806116.000000 2.370031 1.263835 236.181885 552.097986 1.842221 1747.481848
175206285206549.875000 44.717003 -0.156386 10.989597 131.014110 1.646805 1487.645132
4679331378370099.000000 10.607892 1.172726 1042.591022 150.770403 1.655342 2945.497494
1284149490611533.750000 14.345365 1.789337 789.976905 1136.020594 1.749324 2059.749701
45693722399896.835938 53.146911 -0.264556 18.668058 12.106931 1.763731 1007.240634
124139234566071.171875 87.833767 1.387506 28.407825 96.865307 1.649308 1676.074145
177335597887825.750000 32.849652 1.525117 154.354166 114.327538 1.714174 1351.676823
54751741651818464.000000 62.781259 0.929608 1130.148449 13.973755 1.796578 11328.635028
1375799660670155.250000 82.956710 1.734950 470.267815 89.463698 1.767468 3660.970012
529277674707637.125000 8.602270 -0.494199 21.158870 58.612614 1.741288 1360.997644
2091509020460319.500000 75.283380 0.872164 768.535021 16.838307 1.705574 4066.391450
68673907289288.312500 69.151348 1.319292 31.657759 15.304524 1.769019 1263.667477
1327745787341795.750000 7.592517 1.976190 711.734026 634.623142 1.901020 1803.850066
247766813606292.531250 35.279821 1.494797 13.297673 164.298531 1.684540 1545.711631
824078096376310.875000 11.850871 -0.393684 73.928346 403.243817 1.812585 1694.382706
202378697368083.125000 97.969312 1.292652 38.662424 145.894566 1.639870 2052.217289
152927361436653.906250 26.062656 1.945100 38.610283 109.309426 1.664763 1197.903767
294992081105400.250000 95.832606 1.796568 218.232766 75.205856 1.719681 2308.281071
191370102743088.781250 80.195854 1.679213 12.428485 140.814778 1.639318 1874.044288
1657970185618814.250000 0.118481 1.073676 10.427340 4292.363014 2.662788 3514.452960
150661085913446.031250 39.510813 -0.411653 11.282785 111.509403 1.652338 1358.248955
1147449491603540.500000 61.896936 1.780245 916.388958 316.353320 1.672742 3108.031232
127023491410463.453125 88.526244 1.970658 17.306145 93.520345 1.656844 1693.742504
263684084782967.062500 97.440061 -0.331801 10.353367 140.500705 1.758362 2237.038249
5518173921325284.000000 60.511863 1.133316 2903.344607 122.045610 1.688435 5205.195545
896439495867274.000000 5.936040 0.941288 303.838115 441.803185 1.815397 1515.068882
1189012348545577.750000 5.221297 1.706614 12.944171 471.524298 1.859028 1632.373652
80023269533667360.000000 65.865214 0.858896 1239.000804 10.787443 1.804189 13072.820752
1355563551466795.250000 4.977264 -0.364547 96.713505 656.183157 1.857141 1693.861371
528517297835489.187500 8.771678 -0.473788 19.042054 55.608811 1.735689 1365.857596
1566967462876585.250000 75.247947 0.924707 557.317177 17.999890 1.711952 3692.638377
147385075228317472.000000 0.772281 0.246220 957.485305 121.142969 1.738121 8424.113679
138647950568979.078125 87.902141 0.733436 177.874687 121.885245 1.688929 1739.468003
235390011563466.937500 47.626978 0.108220 908.224661 110.560057 1.751915 1676.381334
175495359602274.250000 44.153894 -0.159969 10.810138 131.248765 1.647071 1482.222814
247266432468821.218750 39.371068 1.643479 228.616576 207.298676 1.721563 1600.294628
244551761155719.906250 18.928518 1.662624 155.039245 226.937742 1.655732 1276.506393
964273071660192.875000 9.653499 -0.438599 68.266550 498.592772 1.813340 1703.491672
888983464043699.000000 21.209629 1.041861 197.076725 48.369675 1.767960 2027.056231
91422269683481.843750 85.418176 1.644364 21.066974 67.053092 1.684033 1498.478153
1794238114491016.750000 2.314617 1.274756 248.782300 576.814510 1.852285 1752.950956
2524033455440998.500000 1.167451 1.786366 18.135658 2078.620427 2.167428 2035.130065
79176306220167.265625 42.120494 1.632301 10.387898 26.565661 1.789639 1119.264548
69516402776600.789062 50.554009 0.552212 42.316131 12.588289 1.743081 1138.981181
3408698147933629.000000 63.692535 1.148309 1790.689697 98.024260 1.708411 4512.489145
2623611103060594.500000 1.295718 0.900624 1707.852346 2224.347921 1.977257 2038.593087
84918778130924.031250 55.954035 0.585821 10.489254 63.007006 1.660313 1260.301388
75996835522154.750000 43.618511 0.857243 51.702500 48.777597 1.733326 1116.872684
830282865538134.875000 6.598417 0.997829 279.466440 416.262505 1.814471 1503.333564
75821270678411744.000000 28.254007 1.068288 260.733969 24.819915 2.033116 9716.607881
119852868706407.218750 29.309569 1.916289 25.306153 86.347301 1.651874 1144.723369
1587156137333098.000000 0.101058 1.660455 126.700605 3448.580293 1.983802 3711.017447
101595844937036.046875 62.747466 1.031573 110.357117 85.014323 1.710034 1391.839201
218998396022790.687500 59.048635 0.648694 530.624065 99.457960 1.644442 1760.555332
181220403299754.437500 32.645577 1.530451 158.594285 117.221719 1.713795 1358.803589
4992429233918920.000000 32.567140 1.922868 2933.373126 4430.640986 1.911495 4100.742687
1427285549203610.750000 22.182169 1.900473 902.763642 1210.500289 1.811295 2404.545865
1469772476782099.500000 0.103348 1.498458 126.279092 3654.915736 2.000034 3581.874625
1511359043285785.000000 1.472019 0.931129 47.746640 997.882476 1.666904 1677.937081
46588113490564960.000000 0.152670 1.276767 2326.346341 1154.394704 2.093812 9605.400514
369627643191795.875000 17.982877 1.999397 75.525295 55.377946 1.794411 1444.280077
2438921453760116.000000 20.101033 1.457955 1830.653429 1065.984598 1.926411 2794.536535
13022440477461696.000000 72.880980 1.489644 150.870913 12.200247 1.805768 7395.520465
323699040832930.312500 98.559544 1.519104 179.280732 296.346328 1.681989 2405.279710
47885762460178912.000000 0.172204 1.260150 2300.392032 1102.607817 2.085043 9231.542224
13207812329429882.000000 9.263066 -0.186231 25.721257 12.920346 1.866580 4039.557938
432833227665070.000000 93.013820 -0.154653 10.461516 201.173960 1.827087 2594.704638
5040956192904838.000000 0.735221 1.914616 1409.440015 1467.587620 2.210690 2761.517667
888972838591903.250000 52.281121 1.625693 707.709339 274.059900 1.753101 2693.941313
300613379517376.250000 98.756235 0.104846 11.297704 140.517811 1.812930 2348.388812
757085515203314.875000 75.048672 1.720227 830.958297 542.050333 1.682541 2894.833277
1100261880939559.125000 47.743607 1.609635 844.329761 324.110346 1.770457 2805.204942
235744969998080.187500 26.098141 0.872587 107.177683 145.114010 1.755789 1384.370932
47809233638995584.000000 0.172949 1.260170 2293.887128 1103.047240 2.084990 9210.669925
1159869644630617.000000 61.922634 1.783046 931.153660 318.877218 1.672594 3119.653786
108475461123950896.000000 82.394010 1.968272 161.548047 11.471105 1.745432 15660.173259
5019348422039188.000000 0.745888 1.903121 1416.512754 1468.171120 2.213951 2749.510343
117032121543879.109375 78.486376 -0.409834 10.016876 24.672861 1.925010 1578.534087
119537213416593.125000 97.006497 0.374021 212.324686 50.252050 1.780415 1715.701959
3937601395395724.500000 3.727032 1.129518 2823.609736 1797.956053 2.010576 2337.271130
1420205864561704.500000 83.835013 1.755239 444.932746 80.517224 1.757531 3713.932984
779017462542774.625000 96.464710 0.667632 2891.189629 67.141466 1.662954 3198.197872
209279887424420.218750 72.746248 1.649257 23.628063 113.324690 1.755742 1865.076231
499483331215559.562500 82.399111 -0.212877 13.455566 232.027112 1.830540 2605.369656
2081470652331681.500000 20.813884 1.376500 1590.169077 1628.601420 1.826020 2677.186689
174839951057476.875000 43.949983 1.452650 119.386830 118.168798 1.789507 1478.108357
42346454373890480.000000 0.195803 1.292000 2238.016215 1120.075122 2.091257 8422.513452
33054239935486.105469 60.678541 0.646391 16.915877 19.220743 1.732867 946.224084
3812119081995514.500000 68.000744 1.973990 1974.126629 929.643062 2.057465 4792.193776
3256236323571112.500000 63.804497 1.888881 1826.233393 853.673029 2.036104 4446.899374
760228883391153.250000 53.610155 1.675002 686.506896 268.091570 1.687893 2578.960160
1645562034630883.500000 59.853604 0.858991 890.201895 37.050131 1.763837 3464.461485
2420798657968373.000000 56.675614 1.532789 973.321496 176.412896 1.799499 3866.924454
785073888699310.875000 96.539277 0.666019 2947.142919 67.095522 1.663092 3207.365481
4337297797461575.500000 17.846028 0.777497 2736.329605 115.317105 1.681794 3275.097717
570481744244346.250000 8.194260 -0.346142 20.158789 77.327728 1.759995 1381.703071
5332448917978524.000000 30.819321 1.939705 2992.751417 4935.536475 1.927832 4119.970036
307514407301119.562500 97.170102 1.729693 15.238765 209.806902 1.628866 2352.315232
263472138424278.250000 93.951489 1.215931 54.754502 178.898974 1.659026 2207.013269
1209920255811198.750000 4.313777 0.668405 25.314482 624.199500 1.793083 1601.585876
31323812116817948.000000 36.586420 1.834324 739.720533 56.998223 1.626483 7848.742067
2625330317465920.000000 17.641386 1.140087 1743.252064 653.741347 2.001766 2761.674620
4458333576806537.500000 19.237415 0.808931 2882.070640 132.052420 1.698428 3374.868630
1353124121858819.750000 3.363457 0.597144 23.421442 690.333986 1.794399 1622.824222
557281548295401.500000 79.372452 1.684898 517.234644 476.281612 1.755131 2666.333374
382370482849895.250000 19.504220 1.928117 75.109662 51.121796 1.795336 1494.081325
47132652323962336.000000 5.411292 0.124810 255.541953 14.608482 1.749411 5595.024686
84172997187330784.000000 66.417240 0.858468 1311.571285 11.090057 1.809010 13333.819789
13757241600572382.000000 8.785401 -0.134777 30.444670 14.155560 1.869536 4049.216900
157502872684178.343750 97.325767 1.627604 10.501795 91.658147 1.734080 1883.169687
196075429290281.531250 98.712564 1.349023 34.421514 140.575951 1.641082 2036.283781
121678608250036.921875 87.595715 1.358805 18.096818 65.623196 1.764957 1663.299230
261445437722008.000000 18.762785 1.687537 170.588886 243.917427 1.659882 1302.051753
2427074742027926.000000 1.058894 1.880303 14.286537 2047.927352 2.110738 2033.757146
153626479986116.375000 85.825715 1.398023 38.091251 111.939422 1.669903 1784.560394
123836090436612.968750 63.136461 0.798541 17.861259 91.860616 1.654562 1489.973126
18196239568298688.000000 27.297414 1.056370 598.770484 28.152454 1.713169 5975.068573
1005532106319649.000000 24.362595 0.996271 231.736280 43.785254 1.765342 2199.344112
143051257711301072.000000 0.755117 0.249987 919.295842 125.767240 1.751533 8377.834113
1510561736674182.000000 3.496137 1.531765 10.698854 678.294632 1.829895 1688.702254
224828667636876.906250 34.670818 1.512020 196.249228 145.933027 1.735789 1488.169827
3434705095581965.500000 3.504402 1.162481 2483.540838 1933.512733 2.017938 2221.036840
1014144572043477.875000 21.639735 1.005253 204.907997 45.072508 1.765354 2130.331421
106164576309225.593750 73.311891 -0.389798 11.073950 24.439217 1.896460 1491.543421
242635122300337.937500 18.521505 1.653616 153.560068 225.084616 1.652896 1265.483781
20816396325550548.000000 40.195111 1.574646 802.580927 49.573236 1.662213 7061.200022
814757132774788.125000 89.417711 1.752611 555.153677 608.030345 1.903827 3158.385348
2474399805642888.000000 1.966754 1.291416 1050.720802 1287.209621 2.072476 1951.991666
1601185603179013.500000 0.153809 1.489810 125.119764 3574.913604 1.996532 3113.473781
245438579969662.468750 26.993612 0.808042 78.013668 141.588415 1.759315 1417.486900
1375799660670155.250000 82.956710 1.734950 470.267815 89.463698 1.767468 3660.970012
183093269718535.500000 20.106573 1.821285 30.156913 85.158561 1.730083 1178.967744
300485894530589.187500 98.678006 1.869159 14.493408 206.425995 1.630907 2347.378932
91786280941835.453125 57.932444 0.689158 10.874535 68.101462 1.659379 1308.907905
42881039178679.070312 98.981818 -0.326673 11.614113 27.525187 1.715635 1228.051990
180810780208939.375000 38.179617 1.654386 129.515510 75.847188 1.734218 1427.430747
1532358830824644.750000 1.417908 0.858998 65.434011 922.399292 1.669153 1690.498766
597246749373852.500000 50.133257 1.561360 630.696517 274.042124 1.674335 2326.200143
1551492755436967.000000 6.335217 1.975852 791.555679 697.464838 1.914049 1838.730960
3180538945757292.000000 63.440030 1.151561 1687.186332 97.482090 1.709680 4403.388140
47809233638995584.000000 0.172949 1.260170 2293.887128 1103.047240 2.084990 9210.669925
441053854410669.062500 76.051183 1.626387 431.751135 390.794819 1.729710 2429.124042
280151684721809.531250 34.492408 1.982987 203.842416 258.662144 1.727993 1598.771532
