0.001000 6554909559163193344.000000 8322273523737396.000000 109979562385672522170368.000000 8616879436949.910156 690502106545995751228440576.000000 417176687545.154053 3324752830810160655327297536.000000
0.001038 6742609955184589824.000000 8569425717707777.000000 108307168815915831656448.000000 8920907168855.689453 655279028491494707636994048.000000 431741356112.435364 3149808105169432286226022400.000000
0.001077 6757923158348273664.000000 8810402356047435.000000 106660186281039418621952.000000 9235653303195.000000 621852664799247703977492480.000000 447607155827.961609 2984068180489035569912872960.000000
0.001117 6942782857975701504.000000 9067449780021660.000000 105038231745666022899712.000000 9561536373577.431641 590131177187387083608555520.000000 465322229183.878723 2827048771472436731179958272.000000
0.001159 6778949472758490112.000000 9347832782557832.000000 103105450225900560842752.000000 9898897336104.306641 560027939420305544034910208.000000 482169733977.475830 2678291026964533942792749056.000000
0.001203 6901727483186848768.000000 9546058121792168.000000 101073770767311649636352.000000 10248175472538.220703 531460250736011286421700608.000000 498715942698.702393 2537360439374932616169914368.000000
0.001248 7183919334144377856.000000 9817811222509374.000000 99082107831010860204032.000000 10609750200508.283203 504349805468228526343716864.000000 518249024959.550110 2403844964476371201404436480.000000
0.001296 7308189703709483008.000000 10040617286721858.000000 97129676403838055088128.000000 10984111214316.460938 481404985716002118485147648.000000 534127001566.616028 2277354562377822310141788160.000000
0.001344 7283554360466586624.000000 10150960380108274.000000 95517675078111165677568.000000 11371697412743.445312 460283296608820118469738496.000000 553762551457.810669 2157519616006002617637404672.000000
0.001395 7365602197357848576.000000 10263482252514904.000000 94028534445910739910656.000000 11772902950125.810547 440088243340330214356942848.000000 576080111003.232666 2043989948509818696329330688.000000
0.001448 7383382040116421632.000000 10373747845931846.000000 92562583725330686541824.000000 12188290471518.433594 420779204361298962666225664.000000 595986536220.101196 1936433774654510499140468736.000000
0.001502 7382865511704835072.000000 10521031457675588.000000 91119461042127424716800.000000 12618360109213.181641 402317293390343970609954816.000000 615409153565.301392 1834536804650130061825933312.000000
0.001559 7382237906416999424.000000 10661787866322022.000000 89698810747813879611392.000000 13063563070622.052734 384665351268604904007008256.000000 637774853048.593018 1738001273620857509631754240.000000
0.001617 7394985584771995648.000000 11051983730092988.000000 88300281528670845140992.000000 13524493528349.974609 367787877672483535210938368.000000 662270107040.916626 1646545145017440032796966912.000000
0.001678 7511108395959282688.000000 11456313587037800.000000 86923528684610745532416.000000 14001693909949.144531 351650834523663654209978368.000000 685039620147.570068 1559901109900428527953510400.000000
0.001742 7540551417561358336.000000 11759761385952558.000000 85237939477725440901120.000000 14495723694617.335938 336221796183575556672978944.000000 709991426728.629883 1477815987950789382851526656.000000
0.001807 7570112556477295616.000000 11887638823999576.000000 83131810113487177252864.000000 15007184035469.605469 321469652891758055055687680.000000 734915746217.552490 1400049920443920356604903424.000000
0.001875 7599785764696692736.000000 12016063890909304.000000 81077669253412609327104.000000 15536706352227.494141 307364716100345276049391616.000000 761976833305.230103 1326375661636103690765991936.000000
0.001946 7737157624365139968.000000 12376354406836050.000000 79074351717716810792960.000000 16084880936311.015625 293878617169424669105717248.000000 788833304166.605225 1256577926851143014186745856.000000
0.002019 7879878396058439680.000000 12777505367181806.000000 77120500786083492003840.000000 16652421204521.490234 280984196856842144582729728.000000 818849350000.839355 1190452738954183403383029760.000000
0.002095 8025228513140794368.000000 13191062970418232.000000 75214958739954702745600.000000 17239968998089.105469 268306554507251885960855552.000000 846850308569.098633 1127806874876910051939844096.000000
0.002174 7989669096510098432.000000 13612648477032118.000000 73508559905364585218048.000000 17848262054067.312500 255408838105298355460505600.000000 878043338993.519531 1068457268233093263923347456.000000
0.002256 8266755342376549376.000000 14050850191094208.000000 72059850463725016317952.000000 18478002729804.906250 243131075960692569087672320.000000 909170862868.431396 1012230478551979881022881792.000000
0.002341 8108695868774810624.000000 14505959113033110.000000 70639673271376037281792.000000 19129970001047.882812 231443456743726850534014976.000000 942629971938.151978 958962206024309515873157120.000000
0.002430 8350039513888153600.000000 14970900252336276.000000 69247467558758967672832.000000 19804935789109.718750 220317619888420991226871808.000000 975669652876.494263 908496777039551918149468160.000000
0.002521 8383264473451546624.000000 15454808865843430.000000 67882680187877804998656.000000 20503720412384.812500 209726567203243910343163904.000000 1011718716104.436279 860686729359916768639844352.000000
0.002616 8447779806922348544.000000 15954480954435116.000000 66544772405840823975936.000000 21227158676623.386719 199644590357102753824636928.000000 1046844677791.956055 815392342419512880223223808.000000
0.002715 8411505536185505792.000000 16450868785171848.000000 65233214139746029142016.000000 21976109471372.011719 190047223594321218421915648.000000 1084189355627.964355 772481260824114241044742144.000000
0.002817 8577328002972045312.000000 16879148234081186.000000 63947485362737639325696.000000 22751496223849.632812 180911167930003997629349888.000000 1123924351356.468750 731828078060295277265289216.000000
0.002923 8587739856818741248.000000 17115739331607726.000000 62687077446142029463552.000000 23554246995884.203125 172214255453321033410412544.000000 1164327698707.595703 693313996783706971970732032.000000
0.003033 8594040945450242048.000000 17355459009938316.000000 61451492172775590723584.000000 24385305192335.019531 163935377933420264041742336.000000 1205786166439.656982 656826468638666812836282368.000000
0.003148 8613742431675537408.000000 17599343226702742.000000 60240239222088261435392.000000 25245690766308.007812 156054442313915439880601600.000000 1249074514329.074707 622258863191083400657108992.000000
0.003266 8639025312728983552.000000 17845012817405716.000000 59052839748196947197952.000000 26136443715302.242188 148552318526326118560038912.000000 1293832455288.685303 589510164254489301317844992.000000
0.003389 8663862625292042240.000000 18095583563936044.000000 57888823454719232966656.000000 27058606538548.113281 141410801716192655785852928.000000 1340408379134.871826 558484664979196640195772416.000000
0.003517 8692722344662824960.000000 18347839050332204.000000 56747729132705487519744.000000 28013312703940.765625 134612558598902998617817088.000000 1389438680842.343262 529091701724293727678103552.000000
0.003650 8786125646064984064.000000 18690860645342760.000000 55629105300935565901824.000000 29001695994594.218750 128141089078589632364412928.000000 1439399600142.622559 501245374940179470693171200.000000
0.003787 8893471399811221504.000000 19382784229519072.000000 54532509626518158180352.000000 30024950211211.679688 121980685901150640966467584.000000 1490647384499.312744 474864307510557068157255680.000000
0.003930 9013612044470526976.000000 20100243011084668.000000 53457506948021697380352.000000 31084312832275.398438 116116398438519905831616512.000000 1544034354502.554199 449871404226714263992926208.000000
0.004078 9135370186134436864.000000 20844293377106320.000000 52403672226171015135232.000000 32181046785218.687500 110533993312967446518300672.000000 1599901700260.342773 426193624926548953554485248.000000
0.004232 9169857338498181120.000000 21615823805506088.000000 51370588209290328145920.000000 33316480224814.890625 105219922423923488331923456.000000 1657078584243.217041 403761772473244871236255744.000000
0.004391 9268373806535485440.000000 22115789261302932.000000 50357845855751079198720.000000 34491959003085.187500 100161286889170359380082688.000000 1716924578980.581299 382510291154373910611361792.000000
0.004557 9367945517574500352.000000 22284353808990116.000000 49365044016839839973376.000000 35708921431700.234375 95345810517443866953515008.000000 1778010105537.995850 362377074628836294062505984.000000
0.004728 9389885607361720320.000000 22641593175330152.000000 48391789954478718844928.000000 36968814359569.031250 90761804111548911655583744.000000 1842361140164.268555 343303284304059139199336448.000000
0.004906 9376749154058817536.000000 22814390133149188.000000 47437698170823234289664.000000 38273157705290.273438 86398142671705504472891392.000000 1908738960733.073975 325233175870299305859350528.000000
0.005091 9363640364669669376.000000 22988206970866888.000000 46502390775711623282688.000000 39623515144599.609375 82244235449664691631030272.000000 1977166708406.944580 308113939741693487314108416.000000
0.005283 9350541701492058112.000000 23163318043546516.000000 45585497826547195707392.000000 41021516192708.406250 78289999850519550601723904.000000 2047728888825.685059 291895544266193693375987712.000000
0.005482 9337462618587840512.000000 23339802215264492.000000 44855149638029227851776.000000 42468834666935.140625 74525838693907113890021376.000000 2121755990527.904785 276530590816466805022785536.000000
0.005689 9324402565298755584.000000 23577744335834908.000000 44171911341336550178816.000000 43967212350996.039062 70942615864889485748600832.000000 2197729642265.719238 261974173278755668493336576.000000
0.005903 9329599633058240512.000000 24353262533498736.000000 43499032090863193817088.000000 45518453290838.562500 67531634563651319592124416.000000 2276628861726.815918 248183749248228704923942912.000000
0.006126 9547636302847324160.000000 25154272920835224.000000 42836353776590987984896.000000 47124419727100.109375 64284615764403709290741760.000000 2359010359322.409668 235119014727482623888719872.000000
0.006356 9534977571222642688.000000 25981612155385248.000000 42183720695871112740864.000000 48787046978118.085938 61193678364238010701053952.000000 2443384729868.452148 222741786077985134436417536.000000
0.006596 9711569465232934912.000000 26836144621601744.000000 41540979476829053124608.000000 50508321464343.164062 58251320090771904748584960.000000 2531116787157.268555 211015888608352154154958848.000000
0.006844 9947426078968381440.000000 27718762689133180.000000 40907979063426476408832.000000 52290323634649.632812 55450399558719278277459968.000000 2621935860587.159180 199907051098044043467161600.000000
0.007102 10189003227950045184.000000 28630388023053340.000000 40284570726459972255744.000000 54135197520141.773438 52784118328445874439454720.000000 2716576924724.646484 189382805864470094721056768.000000
0.007370 10445065639596781568.000000 29571972330731384.000000 39670607891591384268800.000000 56045146405379.562500 50246004591912232203321344.000000 2814174197062.664551 179412392701417147068317696.000000
0.007648 10786042121986217984.000000 30544498674370808.000000 39065946305544799125504.000000 58022479567591.234375 47829898107265409536229376.000000 2915346149128.103516 169966670619136967103741952.000000
0.007936 10996008068353261568.000000 31548981984769360.000000 38470443800469918711808.000000 60069561889030.218750 45529934352411064384094208.000000 3019691040152.943359 161018031559744305034690560.000000
0.008235 11114058058730328064.000000 32586470492717848.000000 37883960449693823008768.000000 62188862607883.148438 43340530730743784676524032.000000 3128430977333.735840 152540320097442644199735296.000000
0.008545 11233368392662059008.000000 33658046683739024.000000 37306358334880886030336.000000 64382922183275.148438 41256373040049520759537664.000000 3240891842258.743652 144508756971719503026061312.000000
0.008867 11353952237849540608.000000 34764828442642356.000000 36737501720136309014528.000000 66654385858802.906250 39272402520435348098514944.000000 3357130197008.185059 136899866673094550450339840.000000
0.009201 11475822803492800512.000000 35907969988673208.000000 36177256817241177980928.000000 69005976358469.546875 37383803525910815190286336.000000 3477928765117.135254 129691409091922983972241408.000000
0.009548 11644687751565864960.000000 37088663355074120.000000 35625491939910391693312.000000 71440519793890.296875 35585991840819503817555968.000000 3602879376395.164062 122862313965430161874616320.000000
0.009908 11812345942103939072.000000 38226173706629968.000000 35082077335016142012416.000000 73960943675192.421875 33874603666796412493889536.000000 3732439938330.173340 116392619821601217971224576.000000
0.010281 11849288860009203712.000000 38863670337161072.000000 34546885214963171852288.000000 76570278647969.843750 32245484959835251219103744.000000 3866480443042.389160 110263415560450440303738880.000000
0.010669 11976441002043992064.000000 39511791106979656.000000 34019789739846222741504.000000 79271656746674.953125 30694681218629337299812352.000000 4005499047208.503906 104456784960885843453542400.000000
0.011071 12104947837576396800.000000 40800343649847600.000000 33500666942606253490176.000000 82068323849599.968750 29218428151566287721463808.000000 4149165000985.201172 98955754504959991557914624.000000
0.011488 12234823317676154880.000000 42146997619663416.000000 32989394731654493241344.000000 84963642801767.265625 27813142319274885793185792.000000 4298403538730.178711 93744243798251564745883648.000000
0.011921 12366081534695139328.000000 43538044566963744.000000 32485852834907813838848.000000 87961091033972.421875 26475412538536599876534272.000000 4452968331198.701172 88807018495370816684818432.000000
0.012370 12498736644272857088.000000 44974944020436520.000000 31989922824358912327680.000000 91064268277490.703125 25201991648158103799595008.000000 4612846433138.785156 84129645823837765655068672.000000
0.012836 12632803001586122752.000000 46459203174802472.000000 31487706831089865588736.000000 94276903197767.937500 23947046679371192022859776.000000 4778502388755.414062 79698452417958036962803712.000000
0.013320 12873413317523580928.000000 47992378507554192.000000 30775882250428354658304.000000 97602858798742.218750 22742329465530353201446912.000000 4950214215847.129883 75500484321845747487080448.000000
0.013822 13228546831604252672.000000 49536837845704680.000000 30080134579627686363136.000000 101046125135951.718750 21598190100265343742115840.000000 5128045399704.049805 71523469194607033489293312.000000
0.014343 13593457293654237184.000000 50665796630058512.000000 29400100958875777236992.000000 104610843906957.515625 20511582894318519339450368.000000 5312525226592.048828 67755780428569056500514816.000000
0.014883 13623810497541685248.000000 51820454272558648.000000 28735426179174439583744.000000 108301295046288.062500 19479615319425764588257280.000000 5503333217724.209961 64186403123492161677426688.000000
0.015444 13629805819385118720.000000 53001393850283008.000000 28085762919986733514752.000000 112121908284535.484375 18499540234984696544493568.000000 5700965137239.965820 60804901975220655598075904.000000
0.016026 13635797370214619136.000000 54209212127939768.000000 27450772103467334893568.000000 116077277727906.093750 17691704310132102620250112.000000 5905987899755.768555 57601390736818005585428480.000000
0.016630 13641785086026723328.000000 55444518219882304.000000 26830122183778063351808.000000 120172153053213.250000 16951192658181128877768704.000000 6118166871109.742188 54566503353808376079319040.000000
0.017256 13976337527464871936.000000 56790775409013168.000000 26223488908998299615232.000000 124411448623183.437500 16214722596060308321599488.000000 6337985175237.508789 51691366558682094652882944.000000
0.017907 14369043818975105024.000000 58355128660903072.000000 25630555577433915916288.000000 128800261491181.843750 15535068742086218292920320.000000 6565784141727.306641 48967573979748114913820672.000000
0.018581 14772756485992257536.000000 59481025119330544.000000 25051012652997019697152.000000 133343856378745.312500 14883874145306355727073280.000000 6801569007241.273438 46387161565656844752388096.000000
0.019281 15187782155458430976.000000 61392500125721824.000000 24484557333006125105152.000000 138047691734501.656250 14259947292229895855276032.000000 7045983022747.515625 43942584294077660192047104.000000
0.020008 15419885726391341056.000000 62101368698043752.000000 23930893996044102664192.000000 142917419541683.625000 13643723429296918723821568.000000 7299135708416.634766 41626694152867571394674688.000000
0.020762 15380669670359670784.000000 63469509308060784.000000 23389733400599104323584.000000 147958881369821.281250 12923259435457259157585920.000000 7561555297956.362305 39432719229051102654627840.000000
0.021544 15341506044314869760.000000 64915491465887944.000000 22860793008328095563776.000000 153178131999616.281250 12240823157749390419951616.000000 7833257045164.551758 37354243934299405686931456.000000
0.022356 15302488930522238976.000000 66687666548470416.000000 22343796688434696814592.000000 158581439381724.968750 11594407714188694357278720.000000 8114669378783.824219 35385190241053213894639616.000000
0.023199 15400351921506134016.000000 68881340458347424.000000 21838474354696250195968.000000 164175286730854.187500 10982112103033755031044096.000000 8406178442051.053711 33519799938252349598859264.000000
0.024073 15845562457553532928.000000 71147575714981712.000000 21344562276692010205184.000000 169966392350734.843750 10402135649212320060538880.000000 8708290345177.229492 31752617798383916258689024.000000
0.024980 16303601601894033408.000000 73488307648069376.000000 20861802506164698611712.000000 175961707593646.750000 9875240350961631181668352.000000 9021111913369.437500 30078475634484457867575296.000000
0.025921 16605384753668005888.000000 74592621139201552.000000 20523819593222022234112.000000 182168424584103.406250 9399899063326165094629376.000000 9345395527358.957031 28492477197310937754763264.000000
0.026898 16535418146658627584.000000 75030557696060048.000000 20266180888759847878656.000000 188593997587378.687500 8947413517003946486398976.000000 9681134439966.933594 26989983862784716303237120.000000
0.027911 16686692082353586176.000000 76000997271989360.000000 19865971242141646585856.000000 195246133582914.187500 8516685049672820802453504.000000 10029042655844.515625 25566601089830877772382208.000000
0.028963 16986231540367671296.000000 77731851987146432.000000 19333807634406101221376.000000 202132816450351.375000 8106667808339537929699328.000000 10389350285895.376953 24218165565978701817970688.000000
0.030055 17055261939306516480.000000 79502031492634768.000000 18815887541298400329728.000000 209262310378051.281250 7716366209989075577864192.000000 10762690145527.439453 22940733045315858174312448.000000
0.031187 16974550279076409344.000000 81312423516458832.000000 18311829616407900848128.000000 216643169054610.593750 7373224513636800047087616.000000 11149420757139.976562 21730566821918450554765312.000000
0.032362 17035352046572148736.000000 83163935403376048.000000 17821262788188568551424.000000 224284245868758.468750 7018364989981864365129728.000000 11550018688811.123047 20584126811348945338368000.000000
0.033582 17525474329150939136.000000 85057494740368992.000000 17372122432582103072768.000000 232194707789019.000000 6662657976152558242103296.000000 11965044522500.451172 19498059202491607880302592.000000
0.034847 17511210422830403584.000000 86994049456792608.000000 16979047105485974011904.000000 240384042832272.468750 6334031941423647294488576.000000 12394910380430.248047 18469186658244238382202880.000000
0.036160 17456476024241162240.000000 88974568525880384.000000 16726124027114258694144.000000 248862074178318.312500 6028971482519306550378496.000000 12840297853825.802734 17494499032375723026284544.000000
0.037523 17656750538652954624.000000 91000042284267760.000000 16476921592803487645696.000000 257638967930725.406250 5738581356668198257164288.000000 13301652511327.927734 16571144567186701242335232.000000
0.038937 17978125852874530816.000000 93682665588585136.000000 16231321830578758615040.000000 266725247785581.750000 5462156345610470642679808.000000 13779608857570.931641 15696421564996090983350272.000000
0.040404 18200850955719710720.000000 96797598171167808.000000 15989270283828519239680.000000 276131809160250.437500 5199025126962130021515264.000000 14274790408277.425781 14867770489963361167474688.000000
0.041927 18532937127901425664.000000 97356425565726256.000000 15750713269380249026560.000000 285869929376375.187500 4948548647510578460360704.000000 14787697793890.494141 14082766489032086733717504.000000
0.043507 18871060845002829824.000000 99572065193724784.000000 15515597865558418128896.000000 295951279870213.187500 4710118570961467657420800.000000 15319034134185.562500 13339112305208342301638656.000000
0.045146 19215330616743292928.000000 101837947877477824.000000 15283871900055923326976.000000 306387945376086.937500 4483155802000357098258432.000000 15869457851644.943359 12634631562784932259430400.000000
0.046847 19565856889422204928.000000 104155201944049296.000000 15055483939197783375872.000000 317192432296891.750000 4267109080575975641579520.000000 16439672616213.431641 11967262409538947883466752.000000
0.048612 19922751972786335744.000000 105948889273212208.000000 14830383275354236125184.000000 328377687959819.000000 4061453643951010941501440.000000 17030424172843.677734 11335051488570480344956928.000000
0.050444 20286130155623997440.000000 106549298483196160.000000 14608519916635509751808.000000 339957112767702.875000 3865689952900446806867968.000000 17642357436422.214844 10736148231269553037901824.000000
0.052345 20655593028156166144.000000 107153261676357056.000000 14389844575933419225088.000000 351944577593005.437500 3679342480208686804369408.000000 18276226180562.351562 10168799447841733953454080.000000
0.054317 21032287567558201344.000000 109144307975465072.000000 14174308660113481662464.000000 364354440966220.250000 3501958555362500261445632.000000 18932963376114.078125 9631344204121878791454720.000000
0.056364 21415820114047647744.000000 112707674608305888.000000 13961864259116430524416.000000 377201563804919.687500 3333107266864177917984768.000000 19613245873409.269531 9122208967546655177965568.000000
0.058488 21806312995870662656.000000 113777575999304480.000000 13752464136017662705664.000000 390501330441088.875000 3172378415936462355693568.000000 20318007885951.238281 8639903008030720536870912.000000
0.060692 22203890614426259456.000000 114316668605336928.000000 13546061715599316221952.000000 404269661772457.937500 3019381520890105734103040.000000 21048025649861.851562 8183014041252116868104192.000000
0.062979 22608679505994919936.000000 115877900827450160.000000 13342611075353569918976.000000 418523039186052.062500 2873744869733706544185344.000000 21804337833053.457031 7750204101161243713208320.000000
0.065352 23020808359648931840.000000 118908052355833968.000000 13142066935325058400256.000000 433278520035623.250000 2735114617690220096651264.000000 22587808521654.617188 7340205629620388794204160.000000
0.067815 23440408015820767232.000000 122017221901712432.000000 12944384647545290227712.000000 448553760082864.000000 2603153928420515429482496.000000 23399396908050.585938 6951817771583202832416768.000000
0.070370 23802591524675727360.000000 124424754467412368.000000 12751632748274587271168.000000 464367034183652.125000 2477542156929612908593152.000000 24240199906134.609375 6583902865581420167823360.000000
0.073022 24137096998281216000.000000 125021775205131696.000000 12592441366800488202240.000000 480737256197226.687500 2357974070717612197675008.000000 25111189812853.605469 6235383118405781984116736.000000
0.075774 24397433193571250176.000000 128319384836435360.000000 12439121233785472942080.000000 497684002522929.000000 2244159109281411590258688.000000 26013448139058.195312 5911309836122421528100864.000000
0.078629 24794778394325082112.000000 132530678289127792.000000 12287561699230566318080.000000 515227534348110.937500 2135820678993392475045888.000000 26948154296316.804688 5625597479774998574923776.000000
0.081592 25425202485857214464.000000 134058029856584864.000000 12137739971217932156928.000000 533388822904153.375000 2032695481453034501832704.000000 27916451694492.503906 5353638847793569437057024.000000
0.084666 26122502408302231552.000000 137135612996938544.000000 11989633488162243215360.000000 552189571651668.375000 1934532874845026657501184.000000 28919516979453.046875 5094772594292387383083008.000000
0.087857 26494099007608721408.000000 140162846960864384.000000 11843219916528340172800.000000 571652243767932.500000 1841094265186193193828352.000000 29958629497838.808594 4848369166422689913503744.000000
0.091167 27082598422366818304.000000 141020385269682896.000000 11672497065542643875840.000000 591800086562172.875000 1752152527530690739175424.000000 31035082130641.699219 4613829276391234242347008.000000
0.094603 27226859127637889024.000000 142586956925807392.000000 11525524894697557852160.000000 612657161528181.875000 1667491454627470819459072.000000 32150206279482.769531 4390582446477719902355456.000000
0.098168 27310475035708416000.000000 144673327819488256.000000 11380278747780511432704.000000 634248368724123.750000 1586905232021342235131904.000000 33305422257998.089844 4178085624162850541928448.000000
0.101867 27587679878073262080.000000 148389402991657216.000000 11236735418464831799296.000000 656599478625192.375000 1510197938727773299277824.000000 34502106819938.804688 3975821863807655929184256.000000
0.105705 27867444637564841984.000000 151816445210735744.000000 10966319171688042856448.000000 679737161069067.625000 1437183071520507562033152.000000 35741822576588.156250 3783299071754039973642240.000000
0.109688 28149780587643277312.000000 156109110746779072.000000 10615721922364614639616.000000 703689015425200.375000 1367683092361640952201216.000000 37026060897853.929688 3600048811582289426251776.000000
0.113822 28240530137867214848.000000 160842816600410976.000000 10453749684082667683840.000000 728483604846793.375000 1301528997409655147724800.000000 38356445527143.812500 3425625167065545441280000.000000
0.118111 28482724361011294208.000000 166051968034025472.000000 10294039272892319924224.000000 754150487649211.375000 1238559906902030313062400.000000 39734619990034.328125 3259603659455613043212288.000000
0.122561 29012319004979830784.000000 171428045219059392.000000 10136554951116429721600.000000 780720250943588.875000 1178622674558367830114304.000000 41162341311928.484375 3101580217171343912730624.000000
0.127180 29305039757917163520.000000 176976270496671968.000000 9981261470492866379776.000000 808224548497926.375000 1121571515965433452691456.000000 42641333006798.562500 2951170194652244249411584.000000
0.131972 29600378188055965696.000000 182702020552009184.000000 9828124064893154361344.000000 836696135138338.500000 1067267654654568093974528.000000 44173477395354.523438 2808007438639642863206400.000000
0.136945 29828267540625637376.000000 188610830314217952.000000 9677108443679639470080.000000 866168905132531.875000 1015578985256426527522816.000000 45760657957337.414062 2671743399272442996195328.000000
0.142105 29865193176128196608.000000 194708396924825792.000000 9528180784806812975104.000000 896677931045134.750000 966379752910766473216000.000000 47404870675206.125000 2542046283832341238382592.000000
0.147460 30276585516081262592.000000 201000583738911328.000000 9381307728546322448384.000000 928259504701617.875000 919550247942590354685952.000000 49108162549502.250000 2418600251239879757791232.000000
0.153017 30808035733780799488.000000 207493424378824704.000000 9256096387142777831424.000000 960951178103857.625000 874976515340838692192256.000000 50872653793153.890625 2301104645277782699409408.000000
0.158783 31116549682097528832.000000 214193126810077952.000000 9145919222467238297600.000000 994791806531435.375000 832550078153833425403904.000000 52700548856075.679688 2189273264638182538870784.000000
0.164766 31247656627028320256.000000 220622297583331552.000000 8984198567544124080128.000000 1029821593195819.875000 792167674148072556855296.000000 54594117758324.578125 2082833668059058692685824.000000
0.170975 31278196225686851584.000000 226644702263266176.000000 8813710159670364078080.000000 1066082134875124.500000 753731005181251125510144.000000 56555702620047.976562 1981526512884999341998080.000000
0.177417 31434559915818786816.000000 233487284793477120.000000 8676625461570429779968.000000 1103616469306587.875000 717146498600743664091136.000000 58587779549383.695312 1885104925418473394274304.000000
0.184103 31780926464725504000.000000 238924786821715072.000000 8541404569979399962624.000000 1142469124097471.000000 682325080080521271181312.000000 60692854562520.156250 1793333901502695415480320.000000
0.191040 32130552249321816064.000000 244709078207648288.000000 8408017192440423251968.000000 1182686167146880.500000 649181957426779502149632.000000 62873559497830.359375 1705989735978400615497728.000000
0.198239 32483440083490676736.000000 250052915404450848.000000 8276433452828819718144.000000 1224315258344673.250000 617636414735461927354368.000000 65132622452824.203125 1622859479500748262211584.000000
0.205709 33053909255884312576.000000 258237693644173408.000000 8146623886422051913728.000000 1267405704294724.500000 587611616468955161427968.000000 67472849767009.273438 1543740421525614375206912.000000
0.213460 33361395580947210240.000000 262441543911358656.000000 7903364397430021816320.000000 1312008512537019.000000 559034420931926226370560.000000 69897149492878.445312 1468439598101256510373888.000000
0.221504 33263231570773536768.000000 267144120275243392.000000 7686916051985394302976.000000 1358176449991297.750000 531835202724942267285504.000000 72408563225736.234375 1392985745828677240750080.000000
0.229851 33429786369496592384.000000 274034241342103264.000000 7566056347905080426496.000000 1405964100786023.500000 505947683725287467515904.000000 75010187635239.812500 1318588866198393449349120.000000
0.238512 33463822326417805312.000000 279327127320622624.000000 7340076228425542533120.000000 1455427928386641.500000 481308772194510251753472.000000 77705287518665.140625 1248119523174870180429824.000000
0.247499 33957810006813298688.000000 285621346951355744.000000 7104566377148257927168.000000 1506626337354720.750000 457858409615842510635008.000000 80497230204638.906250 1181371288804183009918976.000000
0.256826 34563980135176200192.000000 292054479444295488.000000 6876610601171109806080.000000 1559619738539458.250000 435539424901418371252224.000000 83389457385589.562500 1118148572180199512211456.000000
0.266503 35038328379179933696.000000 298629412416780672.000000 6655966515295866060800.000000 1614470616386379.750000 414297395595794171559936.000000 86385606315589.390625 1058266050750143721897984.000000
0.276546 35805824080646750208.000000 305349082520171904.000000 6537983102439474069504.000000 1671243596635318.250000 394080515760354354003968.000000 89489393357669.281250 1001548131462714488782848.000000
0.286967 35807890967730663424.000000 312216475561100800.000000 6436469126249193668608.000000 1730005518432838.250000 374839470201950118608896.000000 92704692435539.500000 947828440186521999376384.000000
0.297780 35535299439237599232.000000 319234626582599296.000000 6336219838180026744832.000000 1790825506745745.500000 356527314749799538884608.000000 96035505950746.656250 896949337915162923892736.000000
0.309001 35264678902231126016.000000 329553231669872256.000000 6237214254580615872512.000000 1853775048087745.750000 339099362284964331651072.000000 99485974094099.562500 848761462359307828854784.000000
0.320645 34996012074951098368.000000 334717592197037248.000000 6139431681328347611136.000000 1918928067836580.000000 322513074250476687458304.000000 103060409500085.734375 803123293587920958521344.000000
0.332727 34729281727450554368.000000 341918818656840896.000000 6042851712618873225216.000000 1986361010616824.000000 306727957371379207110656.000000 106763260559318.906250 759900742460534993977344.000000
0.345265 34464470701499166720.000000 348877233201423616.000000 5947454230008013258752.000000 2056152922145029.000000 291705465344689029775360.000000 110599138461711.031250 718966760651182181449728.000000
0.358275 34331895896299569152.000000 356696419956353600.000000 5853219401658514014208.000000 2128385534210106.750000 277408905248893652959232.000000 114572817779270.468750 680200971138078567563264.000000
0.371776 34296046388439400448.000000 364685604736802496.000000 5798972420870752960512.000000 2203143352089283.250000 263803348456420522590208.000000 118689247515630.578125 643489318074026303684608.000000
0.385785 34139291436286115840.000000 372848163630511104.000000 5668159810605586317312.000000 2280513744091818.500000 250855545824946853773312.000000 122953565411995.953125 608723735032140157419520.000000
0.400322 35380888369690189824.000000 381858058897361152.000000 5577296813858023800832.000000 2360587033851600.000000 238533846966295064477696.000000 127371077300712.187500 575801830655490982412288.000000
0.415407 36070196525565906944.000000 391706710035043584.000000 5487520003466153951232.000000 2443456595600907.500000 226808123395198995660800.000000 131947287513269.921875 544626590799839881068544.000000
0.431060 36150506975711440896.000000 400287158009935168.000000 5398810977789146038272.000000 2529218951429976.500000 215649695372097515159552.000000 136687885951151.656250 515106096304365244514304.000000
0.447304 36332018572695552000.000000 409048779629013952.000000 5301074103620527456256.000000 2617973872059407.000000 205031262261747547897856.000000 141598791356911.937500 487153255569580261113856.000000
0.464159 36868336432529666048.000000 419740536170159936.000000 5164284479560531050496.000000 2709824479702069.000000 194926836239130202996736.000000 146686109243128.656250 460685551165726122835968.000000
0.481649 36588873099457282048.000000 430728746348664768.000000 5080616663508763803648.000000 2804877354274244.000000 185311679181186641428480.000000 151956181748477.406250 435624799736029264216064.000000
0.499799 37671828640148553728.000000 441989610100168064.000000 4962031975543597957120.000000 2903242641940152.500000 176162242592880189243392.000000 157415564735292.500000 411896924496476923494400.000000
0.518632 38704674545204600832.000000 445975893109967616.000000 4795599232688076095488.000000 3005034167018544.000000 167456110418952051490816.000000 163071070626516.812500 389431739671071669878784.000000
0.538175 38780419170241675264.000000 459912803109092672.000000 4634702864432888807424.000000 3110369546551689.000000 159171944605422396112896.000000 168929729020262.406250 368162746237760435126272.000000
0.558455 38856122817803132928.000000 473943774440803648.000000 4479158599805661872128.000000 3219370308068161.000000 151289433276726386884608.000000 174998846760944.687500 348026938389212805726208.000000
0.579498 38953569288012029952.000000 483738027292569472.000000 4328788302392515362816.000000 3332162009659677.000000 143789241403509032615936.000000 181285971038146.062500 328964620148536707645440.000000
0.601335 39776269398024454144.000000 486081746323908800.000000 4183419765951519784960.000000 3448874364215697.500000 136652963842066785239040.000000 187798942075373.875000 310919231605149335027712.000000
0.623994 39852223889002266624.000000 496632029163484928.000000 4042753555058307629056.000000 3569641365532896.000000 131114341785883706916864.000000 194545861737841.031250 293837184267934660296704.000000
0.647508 40586900468621664256.000000 507399221203833472.000000 3906136363307161878528.000000 3694601418330472.500000 126496491487718212108288.000000 201535136560700.312500 277667705055436798427136.000000
0.671907 41722011233509122048.000000 518523936407444480.000000 3774133010556320219136.000000 3823897470627399.500000 122031739710020465459200.000000 208775465310683.625000 262362688471090893684736.000000
0.697226 42131203544522366976.000000 529955110428284992.000000 3646587673469988634624.000000 3957677149713159.500000 117715048652994301132800.000000 216275868018713.343750 247876556533757703618560.000000
0.723499 42029486412222693376.000000 548688416234015616.000000 3524973476661530460160.000000 4096092900904885.500000 113541548611354807500800.000000 224045681121921.312500 234166126056655705604096.000000
0.750762 41926916598301147136.000000 563024933666970752.000000 3407300821875032064000.000000 4239302129328441.500000 109506532424171216961536.000000 232094578583511.406250 221190482888623933882368.000000
0.779052 42595544848323633152.000000 579910882615961600.000000 3292581151684640112640.000000 4387467344893060.500000 104343901586971141603328.000000 240432578422922.625000 208910862753382564626432.000000
0.808408 44001645392813244416.000000 589065640945441024.000000 3181676727802966573056.000000 4540756309848030.000000 98845188841931582472192.000000 249070068535941.093750 197290538339788493160448.000000
0.838870 44115820930820300800.000000 596753297040204544.000000 3074460580170145726464.000000 4699342189860675.000000 93627322187236386013184.000000 258017797959531.656250 186294712315424962248704.000000
0.870480 44399123530925449216.000000 604530595941920128.000000 3042249688288483868672.000000 4863403707432849.000000 89074206902749944086528.000000 267286909345809.843750 175890415952919514841088.000000
0.903282 44246634086107414528.000000 614685372564186752.000000 3011823630889064071168.000000 5033125298419730.000000 84399417966453462138880.000000 276888939825748.093750 166046413074169891651584.000000
0.937319 44093492918198222848.000000 622626185267976064.000000 2981418343525190729728.000000 5208697271343373.000000 79958887642992081895424.000000 286835839738574.125000 156733109033898476568576.000000
0.972639 44000160469069496320.000000 631689957440909440.000000 2951029390246981664768.000000 5390315969152747.000000 75741171927554140930048.000000 297139998562555.250000 147922464477867979833344.000000
1.009290 43969133289990062080.000000 646785500854316928.000000 2956560502130604507136.000000 5578183933712639.000000 71735383488881431150592.000000 307814240310214.375000 140256186737966889041920.000000
1.047322 44650774630067609600.000000 662208969247091200.000000 2966333160993964687360.000000 5772510072600547.000000 67931164536489277128704.000000 318871851359195.312500 133781432656148626931712.000000
1.086787 45865526264723570688.000000 677965440188863488.000000 2872375927811639083008.000000 5973509828205661.000000 64318661005814039314432.000000 330326596518721.187500 127594744953449079635968.000000
1.127740 46828176468536582144.000000 694059936056462592.000000 2829548801689488719872.000000 6181405349189379.000000 60888497997250608234496.000000 342192733349481.312500 121683488498904176001024.000000
1.170235 46624224319449210880.000000 708721808386387712.000000 2799175658025052012544.000000 6396425663437204.000000 58514813691371028742144.000000 354485034021795.375000 116035582909659754790912.000000
1.214332 46419594438856523776.000000 721425261038968064.000000 2768792718591715180544.000000 6618806853280531.000000 56216384112672567721984.000000 367218795048553.437500 110639478191455566036992.000000
1.260090 46863422922469392384.000000 734334841958635136.000000 2738395765020827844608.000000 6848792231832231.000000 53147565828046556495872.000000 380409869755375.125000 105484131445936215818240.000000
1.307573 47536408123628765184.000000 747452678227680640.000000 2707980636154336641024.000000 7086632520790699.000000 50234832554400212320256.000000 394074675209421.000000 100558984598058971430912.000000
1.356845 48216081677994532864.000000 760780845665490944.000000 2661018498092146622464.000000 7332586029297459.000000 47470641119526616301568.000000 408230218920221.625000 95853943098620539568128.000000
1.407973 48902348873792544768.000000 783779737629868288.000000 2647079540674080538624.000000 7586918833391035.000000 44847807512472484577280.000000 422894120453727.562500 91359355559148062244864.000000
1.461028 49595104448057360384.000000 806740347860712064.000000 2616585609342710972416.000000 7849904955790381.000000 42359489596216267767808.000000 438084627807697.062500 87065994278147576561664.000000
1.516083 50294232092394504192.000000 830893802099618560.000000 2586057590826042654720.000000 8121826545895925.000000 39999170650029376405504.000000 453820647754124.937500 82965036619429778030592.000000
1.573212 50999603946367688704.000000 845898988590206208.000000 2577895417147096563712.000000 8402974059164720.000000 37799682716117017559040.000000 470121766695606.312500 79048047205288069038080.000000
1.632493 50772653614697472000.000000 857986236443062912.000000 2589685449795084746752.000000 8693646435696163.000000 35672141722600561704960.000000 487008271385934.875000 75306960888429004455936.000000
1.694009 50489642163268550656.000000 875679384510308608.000000 2600892808754610307072.000000 8994151277733820.000000 33655259553322359586816.000000 504501178240752.750000 71779331012524244992000.000000
1.757842 51018174216162721792.000000 893682151144911232.000000 2611485315726542635008.000000 9304805025004514.000000 31743644169218885156864.000000 522622262289683.750000 68467984640959320162304.000000
1.824081 51677522516169302016.000000 911996683598950912.000000 2610259194637686145024.000000 9625933127967186.000000 29932159435710784339968.000000 541394073814373.375000 65299547240081322409984.000000
1.892816 51916382227741523968.000000 930624929693042688.000000 2552802265448872673280.000000 9957870217915236.000000 28215912792031791939584.000000 560839979095354.812500 62268070688729384091648.000000
1.964141 52633379786849878016.000000 949568622252025472.000000 2495945188044572721152.000000 10300960273552102.000000 26590243518188514967552.000000 580984181041686.500000 59367855252342822666240.000000
2.038154 53362903610150690816.000000 968829262862860800.000000 2439685033276735488000.000000 10655556783204210.000000 25050711571557831933952.000000 601851753261643.625000 56593439112720073883648.000000
2.114955 54177077024876601344.000000 988408104946641152.000000 2384019336238948417536.000000 11022022901959572.000000 23593086966464853835776.000000 623468671374736.625000 53939588331344918216704.000000
2.194651 55084071442565996544.000000 1008306136139549312.000000 2328946095479332536320.000000 11400731602944406.000000 22213339671345712070656.000000 645861844035692.875000 51401287228167435583488.000000
2.277350 55951984282986831872.000000 1030724979559694976.000000 2266169207556761190400.000000 11792065821936542.000000 20907629999297751154688.000000 669059147536496.250000 48973729158523923726336.000000
2.363165 56724828350399635456.000000 1063027281536744320.000000 2210472937723604238336.000000 12196418594144884.000000 19672299468949507014656.000000 693089464389697.625000 46652307671580858646528.000000
2.452213 57502489723868897280.000000 1084532723539136512.000000 2101881807746735276032.000000 12614193182603338.000000 18503862113658772389888.000000 717982710717088.750000 44432608034475607064576.000000
2.544617 58284677592435449856.000000 1106373633453503360.000000 1998601662621100277760.000000 13045803196686692.000000 17416166393525443756032.000000 743769884763277.875000 42310399106963682099200.000000
2.640503 58803799032550465536.000000 1128549379939143040.000000 1904701203753754689536.000000 13491672700020404.000000 16442640754996255129600.000000 770483099591812.375000 40281625552077866401792.000000
2.740003 59557378236181807104.000000 1151058921395104256.000000 1900333678819455795200.000000 13952236306345496.000000 15426996283030462529536.000000 798155623236757.125000 38342400368944594550784.000000
2.843251 60145566086192824320.000000 1173900782122701312.000000 1896355846062564442112.000000 14427939262260278.000000 14479348064728534482944.000000 826821926884550.750000 36488997734510988623872.000000
2.950391 60816038447192784896.000000 1197073027848983808.000000 1843355515520657653760.000000 14919237515464676.000000 13640347429658297368576.000000 856517721061318.375000 34717846141540096802816.000000
3.061567 61672935575930986496.000000 1220573240649306112.000000 1849163118718175150080.000000 15426597767161176.000000 12846987336598044016640.000000 887280007398638.375000 33025521820796819865600.000000
3.176933 62443923790656651264.000000 1244398493311762432.000000 1768659570468403544064.000000 15950497507105622.000000 12096927331059337527296.000000 919147122985851.750000 31333824458220227264512.000000
3.296646 61323155517244203008.000000 1265215879719588608.000000 1743210082595013132288.000000 16491425029947076.000000 11387943472837894864896.000000 952158789953555.875000 29564433590480833347584.000000
3.420870 61485807988799127552.000000 1286080031094223872.000000 1714166479496042512384.000000 17049879431101352.000000 10717922471189009137664.000000 986356167144265.500000 28073457991628623970304.000000
3.549775 62101131166615388160.000000 1307096704876695808.000000 1641034109380717182976.000000 17626370580562224.000000 10084856117212422864896.000000 1021781902068154.250000 26678089334612620738560.000000
3.683537 61934171347573538816.000000 1331681835876742400.000000 1620075333685990391808.000000 18221419072992436.000000 9486835998819828629504.000000 1058480187841315.000000 25345957970596033724416.000000
3.822340 61305858921773613056.000000 1368258922569628672.000000 1539565190059142152192.000000 18835556152290612.000000 8922048484394889379840.000000 1096496818589725.125000 24074418418588766437376.000000
3.966373 62139291458761252864.000000 1393941077972189952.000000 1480509104228617420800.000000 19469323608714952.000000 8388769961946623508480.000000 1135879251526606.250000 22860933437384812396544.000000
4.115834 61769498948370112512.000000 1419911279125810944.000000 1449950362806417883136.000000 20123273646805404.000000 7885362321220209475584.000000 1176676666343123.500000 21703069365256325169152.000000
4.270926 62656346425086042112.000000 1446161555155633664.000000 1439299908255210536960.000000 20797968721993700.000000 7410268666849580285952.000000 1218940033858342.250000 20598491657351228030976.000000
4.431863 63479850797693263872.000000 1472683181234344960.000000 1395676612824261459968.000000 21493981344116852.000000 6962009251228324724736.000000 1262722180759555.500000 19544960613384953266176.000000
4.598864 64518711887700877312.000000 1499466651627023872.000000 1352691903330385395712.000000 22211893845589108.000000 6539177616334647197696.000000 1308077858862374.000000 18540327288594241683456.000000
4.772158 64775863552020627456.000000 1526501653258849792.000000 1316567450139866431488.000000 22952298112409252.000000 6140436934274231304192.000000 1355063821663415.000000 17582529581267749437440.000000
4.951983 63116216581135286272.000000 1553777039973939968.000000 1298929508982534438912.000000 23715795275746320.000000 5778514800007095255040.000000 1403738900224321.000000 16669588490508975472640.000000
5.138583 64148559958777020416.000000 1581280807665403136.000000 1256029058267865677824.000000 24444075441727588.000000 5382707255273148383232.000000 1454164081190197.000000 15799604538205024550912.000000
5.332215 63516069010754412544.000000 1609000070469356288.000000 1220994235029707292672.000000 25179046153788544.000000 5012431263980013486080.000000 1506402591459851.250000 14970754349474814885888.000000
5.533143 63905438745478905856.000000 1636921038231994624.000000 1172417952389077139456.000000 25962012840655632.000000 4666171247633346592768.000000 1560519986331325.750000 14181287386152676884480.000000
5.741642 64850367286509330432.000000 1665028995468356608.000000 1159180985972062420992.000000 26890522602832584.000000 4342493674284219105280.000000 1616584238504880.000000 13429522828125867606016.000000
5.957999 65199677012759519232.000000 1693308282048058112.000000 1123505446153734717440.000000 27851360670126336.000000 4048403185017621577728.000000 1674665836158097.000000 12713846597583447785472.000000
6.182508 65366235411963256832.000000 1721742275854221568.000000 1108084496766445027328.000000 28816459822224496.000000 3785808266938561331200.000000 1734837881530362.000000 12032708521453204537344.000000
6.415476 65219276425305972736.000000 1750313377675380224.000000 1071333632127285460992.000000 29759130720733780.000000 3555670261305423953920.000000 1797176195170377.750000 11384619627496760934400.000000
6.657224 65482523520497295360.000000 1779002998601585920.000000 1051343959724189810688.000000 30729984808615612.000000 3347628511330391031808.000000 1861759427973506.750000 10768149569701037473792.000000
6.908081 65746228299213914112.000000 1807791550206896384.000000 1025994800604877291520.000000 31729685070574424.000000 3150571249002356932608.000000 1928669173688654.750000 10181924178743745576960.000000
7.168391 65925142101116428288.000000 1836658437811812352.000000 982200437160321744896.000000 32758898061918284.000000 2963981782357477687296.000000 1997990093783956.750000 9628852951624856895488.000000
7.438510 66284309972902723584.000000 1865582057125657856.000000 953918876415206359040.000000 33818293046513532.000000 2787365662122091479040.000000 2069810042104474.000000 9103816117691228356608.000000
7.718807 66251105649009254400.000000 1894539794579116544.000000 924693388625986060288.000000 34908541077241476.000000 2648142011008317652992.000000 2144220200321382.750000 8604591964365730611200.000000
8.009667 65895138265634471936.000000 1923508031660284160.000000 885653404293347016704.000000 36030314018930008.000000 2600579922980330012672.000000 2221315220341394.750000 8130061075624808677376.000000
8.311487 64724143559317659648.000000 1952462153573395456.000000 847997810401417625600.000000 37184283514158000.000000 2555892265168510386176.000000 2301193371581964.500000 7679146650003156500480.000000
8.624680 63564592853496520704.000000 1972242563472004096.000000 838199940317417046016.000000 38371119893001584.000000 2398496715700417593344.000000 2383956702019892.000000 7250812852713078915072.000000
8.949674 62416056037034835968.000000 1989121302922736128.000000 795305119459526967296.000000 39591491028155864.000000 2253913610669801603072.000000 2469711201358285.000000 6844063256928240795648.000000
9.286915 61905206182363078656.000000 2005639835467380224.000000 761542418141654286336.000000 40846061137735280.000000 2115850084098453274624.000000 2558566980679451.500000 6457939370486566748160.000000
9.636864 61928509053905387520.000000 2021774667093585920.000000 743534266276508205056.000000 42135489538610808.000000 2033072527078319456256.000000 2650638458557803.500000 6091519244128451821568.000000
10.000000 62199127379582533632.000000 2048390510813292544.000000 711278535051601248256.000000 43501118584048928.000000 1983444054591283134464.000000 2746044559638586.500000 5743916157224771125248.000000
