10.000000 0.000000 0.000000 0.000000 0.000000 0.000000 0.000000 0.000000
10.139395 0.000000 0.000000 0.000000 0.000000 0.000000 0.000000 0.000000
10.280732 0.000000 0.000000 0.000000 0.000000 0.000000 0.000000 0.000000
10.424040 0.000000 0.000000 0.000000 0.000000 0.000000 0.000000 0.000000
10.569346 0.000000 0.000000 0.000000 0.000000 0.000000 0.000000 0.000000
10.716676 0.000000 0.000000 0.000000 0.000000 0.000000 0.000000 0.000000
10.866061 0.000000 0.000000 0.000000 0.000000 0.000000 0.000000 0.000000
11.017528 0.000000 0.000000 0.000000 0.000000 0.000000 0.000000 0.000000
11.171107 0.000000 0.000000 0.000000 0.000000 0.000000 0.000000 0.000000
11.326826 0.000000 0.000000 0.000000 0.000000 0.000000 0.000000 0.000000
11.484715 0.000000 0.000000 0.000000 0.000000 0.000000 0.000000 0.000000
11.644806 0.000000 0.000000 0.000000 0.000000 0.000000 0.000000 0.000000
11.807128 0.000000 0.000000 0.000000 0.000000 0.000000 0.000000 0.000000
11.971713 0.000000 0.000000 0.000000 0.000000 0.000000 0.000000 0.000000
12.138593 0.000000 0.000000 0.000000 0.000000 0.000000 0.000000 0.000000
12.307798 0.000000 0.000000 0.000000 0.000000 0.000000 0.000000 0.000000
12.479362 0.000000 0.000000 0.000000 0.000000 0.000000 0.000000 0.000000
12.653318 0.000000 0.000000 0.000000 0.000000 0.000000 0.000000 0.000000
12.829698 0.000000 0.000000 0.000000 0.000000 0.000000 0.000000 0.000000
13.008537 0.000000 0.000000 0.000000 0.000000 0.000000 0.000000 0.000000
13.189869 0.000000 0.000000 0.000000 0.000000 0.000000 0.000000 0.000000
13.373729 0.000000 0.000000 0.000000 0.000000 0.000000 0.000000 0.000000
13.560151 0.000000 0.000000 0.000000 0.000000 0.000000 0.000000 0.000000
13.749172 0.000000 0.000000 0.000000 0.000000 0.000000 0.000000 0.000000
13.940828 0.000000 0.000000 0.000000 0.000000 0.000000 0.000000 0.000000
14.135156 0.000000 0.000000 0.000000 0.000000 0.000000 0.000000 0.000000
14.332192 0.000000 0.000000 0.000000 0.000000 0.000000 0.000000 0.000000
14.531975 0.000000 0.000000 0.000000 0.000000 0.000000 0.000000 0.000000
14.734543 0.000000 0.000000 0.000000 0.000000 0.000000 0.000000 0.000000
14.939935 0.000000 0.000000 0.000000 0.000000 0.000000 0.000000 0.000000
15.148189 0.000000 0.000000 0.000000 0.000000 0.000000 0.000000 0.000000
15.359347 0.000000 0.000000 0.000000 0.000000 0.000000 0.000000 0.000000
15.573448 28.174881 25.522418 30.308989 23.201434 32.548191 21.540171 33.900059
15.790533 28.174146 25.521906 30.308173 23.200989 32.547324 21.539759 33.899019
16.010645 28.173401 25.521387 30.307347 23.200536 32.546446 21.539340 33.897964
16.233824 28.172646 25.520861 30.306509 23.200078 32.545554 21.538916 33.896895
16.460115 28.171841 25.520300 30.305616 23.199590 32.544605 21.538463 33.895756
16.689560 28.171019 25.519727 30.304703 23.199091 32.543635 21.538001 33.894592
16.922204 28.170186 25.519147 30.303779 23.198585 32.542652 21.537533 33.893413
17.158090 28.169341 25.518558 30.302841 23.198072 32.541655 21.537058 33.892216
17.397264 28.168446 25.517912 30.301849 23.197529 32.540600 21.536555 33.890951
17.639773 28.167527 25.517227 30.300828 23.196971 32.539515 21.536039 33.889649
17.885662 28.166594 25.516533 30.299793 23.196405 32.538415 21.535515 33.888329
18.134978 28.165649 25.515830 30.298744 23.195831 32.537300 21.534983 33.886991
18.387770 28.164656 25.515090 30.297642 23.195228 32.536128 21.534425 33.885585
18.644085 28.163659 25.514325 30.296500 23.194604 32.534914 21.533847 33.884129
18.903974 28.162701 25.513548 30.295343 23.193970 32.533683 21.533260 33.882652
19.167485 28.161729 25.512761 30.294258 23.193328 32.532435 21.532666 33.881155
19.434669 28.160716 25.511940 30.293160 23.192659 32.531134 21.532046 33.879594
19.705578 28.159659 25.511083 30.292014 23.191960 32.529776 21.531399 33.877965
19.980263 28.158586 25.510214 30.290853 23.191251 32.528399 21.530743 33.876313
20.258777 28.157499 25.509334 30.289675 23.190533 32.527003 21.530077 33.874637
20.541173 28.156374 25.508422 30.288456 23.189789 32.525558 21.529389 33.872904
20.827506 28.155191 25.507463 30.287174 23.189008 32.524039 21.528665 33.871081
21.117830 28.153992 25.506491 30.285874 23.188215 32.522498 21.527931 33.869233
21.412202 28.152776 25.505506 30.284556 23.187411 32.520936 21.527187 33.867359
21.710676 28.151526 25.504494 30.283203 23.186585 32.519332 21.526422 33.865434
22.013311 28.150203 25.503421 30.281769 23.185710 32.517632 21.525612 33.863395
22.320165 28.148861 25.502334 30.280315 23.184824 32.515909 21.524791 33.861328
22.631296 28.147500 25.501231 30.278841 23.183924 32.514161 21.523958 33.859232
22.946764 28.146113 25.500107 30.277337 23.183007 32.512380 21.523109 33.857095
23.266629 28.144633 25.498907 30.275733 23.182029 32.510479 21.522203 33.854814
23.590953 28.143132 25.497691 30.274107 23.181036 32.508551 21.521284 33.852501
23.919798 28.141610 25.496458 30.272458 23.180030 32.506596 21.520352 33.850157
24.253227 28.140066 25.495207 30.270786 23.179010 32.504614 21.519408 33.847779
24.591304 28.138413 25.493867 30.268995 23.177917 32.502492 21.518396 33.845233
24.934094 28.136734 25.492507 30.267175 23.176807 32.500336 21.517368 33.842646
25.281661 28.135031 25.491127 30.265330 23.175682 32.498149 21.516326 33.840024
25.634074 28.133305 25.489728 30.263460 23.174541 32.495932 21.515269 33.837365
25.991399 28.131469 25.488240 30.261448 23.173327 32.493575 21.514145 33.834537
26.353705 28.129591 25.486718 30.258894 23.172085 32.491163 21.512995 33.831644
26.721062 28.127686 25.485174 30.256305 23.170826 32.488718 21.511830 33.828711
27.093539 28.125755 25.483609 30.253679 23.169549 32.486238 21.510647 33.825737
27.471208 28.123717 25.481957 30.250908 23.168202 32.483620 21.509399 33.822597
27.854142 28.121616 25.480254 30.248052 23.166812 32.480923 21.508113 33.819361
28.242413 28.119486 25.478528 30.245328 23.165404 32.478188 21.506809 33.816081
28.636097 28.117326 25.476778 30.242877 23.163976 32.475415 21.505486 33.812755
29.035269 28.114759 25.474943 30.240309 23.162479 32.472508 21.504100 33.809268
29.440005 28.112076 25.473038 30.237644 23.160925 32.469492 21.502662 33.805650
29.850382 28.109356 25.471107 30.234941 23.159350 32.466433 21.501203 33.801982
30.266481 28.106599 25.469149 30.232201 23.157753 32.463331 21.499724 33.798262
30.688379 28.103729 25.467112 30.229349 23.156090 32.460105 21.498185 33.794392
31.116158 28.100730 25.464982 30.226369 23.154353 32.456731 21.496575 33.790347
31.549901 28.097688 25.462823 30.223346 23.152591 32.453311 21.494944 33.786244
31.989689 28.094604 25.460633 30.220282 23.150804 32.449843 21.493289 33.782085
32.435608 28.091419 25.458371 30.217116 23.148959 32.446261 21.491580 33.777790
32.887743 28.088065 25.455989 30.213783 23.147015 32.442489 21.489781 33.773266
33.346180 28.084664 25.453574 30.210403 23.145044 32.438664 21.487956 33.768680
33.811008 28.081216 25.451125 30.206976 23.143046 32.434786 21.486105 33.764030
34.282315 28.077681 25.448615 30.203463 23.140998 32.430811 21.484208 33.759262
34.760192 28.073931 25.445951 30.199736 23.138824 32.426594 21.482195 33.754205
35.244730 28.070129 25.443251 30.195957 23.136620 32.422318 21.480155 33.749078
35.736022 28.066273 25.440512 30.192126 23.134386 32.417982 21.478085 33.743879
36.234163 28.062350 25.437726 30.188227 23.132112 32.413570 21.475980 33.738589
36.739248 28.058149 25.434748 30.184060 23.129681 32.408856 21.473729 33.732937
37.251373 28.053690 25.431728 30.179835 23.127217 32.404076 21.471447 33.727205
37.770637 28.049597 25.428666 30.175551 23.124718 32.399229 21.469133 33.721394
38.297139 28.045227 25.425562 30.171208 23.122184 32.394314 21.466786 33.715502
38.830980 28.040559 25.422244 30.166567 23.119477 32.389064 21.464279 33.709208
39.372263 28.035808 25.418710 30.161845 23.116721 32.383721 21.461727 33.702802
39.921091 28.030990 25.415078 30.157056 23.113927 32.378303 21.459140 33.696307
40.477570 28.026178 25.411395 30.152200 23.111095 32.372810 21.456516 33.689722
41.041805 28.021237 25.407488 30.147050 23.108089 32.366984 21.453733 33.682737
41.613906 28.016172 25.403483 30.141687 23.105008 32.361012 21.450880 33.675579
42.193981 28.011036 25.399423 30.135518 23.101885 32.354957 21.447987 33.668321
42.782142 28.005829 25.395306 30.129263 23.098717 32.348818 21.445054 33.660962
43.378502 28.000345 25.390970 30.122678 23.095381 32.342353 21.441964 33.653213
43.983175 27.994685 25.386494 30.115880 23.091937 32.335680 21.438775 33.645216
44.596276 27.988946 25.381956 30.108988 23.088446 32.328915 21.435541 33.637107
45.217924 27.983126 25.377355 30.102000 23.084905 32.322055 21.432262 33.628885
45.848238 27.977042 25.372543 30.094695 23.081203 32.314883 21.428833 33.620289
46.487337 27.970718 25.367542 30.087102 23.077354 32.307428 21.425268 33.611356
47.135345 27.964305 25.362470 30.079403 23.073451 32.299869 21.421653 33.602298
47.792386 27.957804 25.357328 30.071597 23.069494 32.292205 21.417988 33.593113
48.458586 27.951055 25.351991 30.063495 23.065385 32.284250 21.414184 33.583581
49.134073 27.943990 25.346402 30.055015 23.061084 32.275923 21.410200 33.573604
49.818975 27.936826 25.340736 30.046417 23.056722 32.267480 21.406160 33.563488
50.513425 27.929563 25.334990 30.037699 23.052300 32.258920 21.402064 33.553231
51.217554 27.922078 25.329070 30.028717 23.047742 32.250099 21.397843 33.542663
51.931499 27.915239 25.322827 30.019761 23.042936 32.240800 21.393391 33.531523
52.655396 27.908636 25.316497 30.010887 23.038062 32.231371 21.388877 33.520228
53.389384 27.901941 25.310079 30.001888 23.033121 32.221811 21.384300 33.508776
54.133603 27.895092 25.303514 29.992684 23.028066 32.212032 21.379618 33.497061
54.888196 27.887818 25.296786 29.982911 23.022696 32.201651 21.374645 33.484627
55.653308 27.880443 25.290272 29.973002 23.017252 32.191124 21.369602 33.472020
56.429085 27.872965 25.283668 29.962955 23.011732 32.180451 21.364489 33.459236
57.215676 27.865371 25.276961 29.952752 23.006126 32.169612 21.359296 33.446255
58.013231 27.857248 25.269788 29.941844 23.000129 32.158025 21.353741 33.432381
58.821904 27.849013 25.262514 29.931806 22.994048 32.146276 21.348108 33.418312
59.641849 27.840662 25.255139 29.921979 22.987882 32.134363 21.342397 33.404048
60.473224 27.831566 25.247661 29.912016 22.981631 32.122285 21.336606 33.389584
61.316188 27.821422 25.239696 29.901405 22.974970 32.109425 21.330436 33.374190
62.170903 27.811081 25.231575 29.890589 22.968180 32.096316 21.324146 33.358497
63.037532 27.801466 25.223341 29.879621 22.961295 32.083025 21.317768 33.342586
63.916241 27.791893 25.214993 29.868501 22.954314 32.069547 21.311302 33.326452
64.807198 27.781769 25.206163 29.856742 22.946930 32.055301 21.304461 33.309402
65.710575 27.771377 25.197100 29.844674 22.939350 32.040680 21.297438 33.291904
66.626545 27.760840 25.187910 29.831813 22.931664 32.025548 21.290318 33.274161
67.555283 27.750156 25.178592 29.817685 22.923871 32.008847 21.283099 33.256172
68.496967 27.738937 25.168808 29.802856 22.915686 31.991321 21.275516 33.237295
69.451778 27.726657 25.158695 29.787532 22.907226 31.973213 21.267678 33.217792
70.419898 27.713474 25.148442 29.771994 22.898649 31.954853 21.259731 33.198017
71.401513 27.700108 25.138045 29.756240 22.889951 31.936237 21.251674 33.177967
72.396811 27.686176 25.127206 29.739821 22.880882 31.916839 21.243271 33.157076
73.405984 27.671680 25.115927 29.722741 22.871444 31.896665 21.234526 33.135349
74.429223 27.656983 25.104491 29.705423 22.861874 31.876210 21.225660 33.113320
75.466726 27.642081 25.092896 29.687863 22.852171 31.855469 21.216670 33.090984
76.518692 27.626274 25.080892 29.669691 22.842126 31.834009 21.207362 33.067874
77.585321 27.609381 25.068317 29.650662 22.831600 31.811545 21.197608 33.043684
78.666818 27.592252 25.055567 29.631368 22.820927 31.788767 21.187719 33.019156
79.763391 27.574885 25.042639 29.611805 22.810106 31.765672 21.177692 32.994287
80.875249 27.557038 25.029351 29.591702 22.798982 31.741942 21.167384 32.968735
82.002606 27.538229 25.015338 29.570514 22.787248 31.716941 21.156511 32.941817
83.145678 27.519158 25.001129 29.549030 22.775351 31.691592 21.145485 32.914525
84.304684 27.499821 24.986546 29.530006 22.763287 31.665890 21.134306 32.886851
85.479845 27.481017 24.971508 29.510699 22.750975 31.639663 21.122896 32.858614
86.671388 27.461204 24.955547 29.490213 22.737900 31.611860 21.110779 32.828682
87.879540 27.440897 24.939363 29.465024 22.724643 31.583668 21.098492 32.798333
89.104533 27.418075 24.922954 29.438934 22.711201 31.555084 21.086035 32.767561
90.346602 27.394935 24.906316 29.413005 22.697572 31.526101 21.073403 32.736361
91.605985 27.371336 24.888557 29.387851 22.683016 31.495214 21.059912 32.703115
92.882923 27.347738 24.870543 29.362338 22.668252 31.463885 21.046227 32.669393
94.177660 27.323810 24.852278 29.336468 22.653282 31.432119 21.032352 32.635202
95.490446 27.299549 24.833758 29.310239 22.638104 31.399910 21.018283 32.600533
96.821531 27.273860 24.814130 29.283269 22.622008 31.365825 21.003362 32.563851
98.171170 27.248202 24.794092 29.255916 22.605575 31.331037 20.988128 32.526414
99.539623 27.223464 24.773774 29.228182 22.588913 31.295765 20.972683 32.488454
100.927151 27.198380 24.753174 29.200061 22.572018 31.260000 20.957021 32.449965
102.334021 27.171991 24.731492 29.170484 22.554228 31.222415 20.940528 32.409523
103.760502 27.144885 24.709219 29.138090 22.535949 31.183822 20.923581 32.367998
105.206867 27.117401 24.686032 29.105231 22.517415 31.147234 20.906398 32.325896
106.673394 27.089533 24.662488 29.071913 22.498623 31.111304 20.888975 32.283206
108.160363 27.060417 24.639637 29.037120 22.478973 31.073787 20.870755 32.238653
109.668060 27.030329 24.615063 29.002034 22.458655 31.033340 20.851915 32.192645
111.196773 26.999822 24.589979 28.967282 22.438054 30.989893 20.832812 32.145995
112.746796 26.968889 24.564545 28.932046 22.417167 30.945841 20.813443 32.098696
114.318425 26.936788 24.538143 28.895488 22.395474 30.900167 20.793327 32.049659
115.911962 26.899892 24.510690 28.857498 22.372909 30.852737 20.772399 31.998742
117.527712 26.859675 24.482855 28.818978 22.350029 30.804646 20.751179 31.947115
119.165984 26.818897 24.454631 28.778183 22.326830 30.755884 20.729664 31.894768
120.827094 26.776886 24.425528 28.734481 22.302900 30.705653 20.707468 31.840848
122.511358 26.740587 24.395094 28.690324 22.277861 30.653219 20.684242 31.784571
124.219100 26.706242 24.364235 28.644814 22.252472 30.600054 20.660691 31.727510
125.950646 26.663929 24.332947 28.598670 22.226730 30.546148 20.636812 31.669653
127.706330 26.620078 24.300892 28.551418 22.200351 30.490960 20.612341 31.610425
129.486487 26.574043 24.267190 28.501822 22.172594 30.433076 20.586588 31.548314
131.291459 26.531164 24.233018 28.451535 22.144450 30.374386 20.560476 31.485337
133.121590 26.486700 24.197675 28.400546 22.115913 30.314877 20.533999 31.421483
134.977233 26.440047 24.159669 28.348647 22.086858 30.254311 20.507041 31.356495
136.858742 26.390839 24.119522 28.293924 22.056122 30.190511 20.478517 31.288055
138.766479 26.340945 24.078815 28.238439 22.024958 30.125823 20.449596 31.218661
140.700809 26.290355 24.037542 28.183003 21.993359 30.060232 20.420271 31.148300
142.662102 26.239061 23.995692 28.126971 21.961320 29.993727 20.390538 31.076957
144.650734 26.184924 23.951448 28.067844 21.927390 29.923645 20.359043 31.001799
146.667087 26.129939 23.906508 28.007791 21.892924 29.852469 20.327049 30.925469
148.711546 26.076871 23.862022 27.946901 21.857978 29.783899 20.294610 30.848075
150.784505 26.024934 23.817847 27.885163 21.822544 29.716824 20.261718 30.769603
152.886359 25.975740 23.771431 27.822272 21.785276 29.646550 20.227116 30.687484
155.017512 25.925502 23.724031 27.760069 21.747211 29.574825 20.191771 30.603690
157.178372 25.874564 23.675970 27.696064 21.708615 29.502101 20.155934 30.518728
159.369353 25.822916 23.627239 27.626033 21.669534 29.428363 20.119597 30.432581
161.590875 25.769004 23.576374 27.554883 21.628839 29.351604 20.081625 30.343005
163.843365 25.710509 23.525563 27.483990 21.587054 29.272913 20.042636 30.251217
166.127252 25.646193 23.475840 27.412732 21.544687 29.193125 20.003103 30.158149
168.442976 25.588635 23.425425 27.342945 21.501730 29.112225 19.963020 30.063784
170.790980 25.523901 23.373126 27.270658 21.457127 29.028522 19.921402 29.966248
173.171713 25.454714 23.319202 27.196204 21.410312 28.942380 19.878464 29.865944
175.585633 25.384563 23.264527 27.118746 21.363030 28.855038 19.834928 29.764241
178.033202 25.313433 23.209090 27.039083 21.315519 28.766479 19.790785 29.661121
180.514888 25.243265 23.151926 26.952157 21.266500 28.675365 19.745232 29.555120
183.031168 25.167483 23.092749 26.862384 21.215718 28.581299 19.698032 29.445799
185.582523 25.090643 23.032747 26.771359 21.164228 28.485922 19.650173 29.334954
188.169442 25.009718 22.970745 26.687001 21.112020 28.389215 19.601648 29.222565
190.792422 24.928876 22.903257 26.604928 21.058462 28.290227 19.551861 29.107602
193.451965 24.837175 22.833202 26.519836 21.002774 28.183366 19.500080 28.988800
196.148581 24.746576 22.762170 26.428037 20.946310 28.069053 19.447577 28.869639
198.882786 24.666277 22.690149 26.325232 20.889058 27.964237 19.394343 28.751809
201.655104 24.583633 22.616689 26.220497 20.830634 27.861964 19.340013 28.631778
204.466067 24.488972 22.540248 26.112064 20.769704 27.755834 19.283333 28.507556
207.316213 24.400035 22.462742 26.002120 20.707925 27.647256 19.225863 28.381602
210.206088 24.309351 22.386772 25.899212 20.645284 27.532900 19.167592 28.253893
213.136247 24.220661 22.314656 25.785784 20.581659 27.416800 19.108404 28.124251
216.107251 24.122557 22.239381 25.672670 20.515160 27.296412 19.046515 27.990075
219.119669 24.025974 22.159332 25.565064 20.447734 27.174347 18.983763 27.854029
222.174078 23.925651 22.066941 25.446128 20.379368 27.050580 18.920137 27.716087
225.271064 23.824702 21.973262 25.335816 20.310050 26.925087 18.855623 27.576221
228.411221 23.720059 21.876136 25.224231 20.237829 26.795451 18.788378 27.432031
231.595149 23.611108 21.783071 25.103580 20.164441 26.655546 18.720044 27.285635
234.823460 23.501122 21.690307 24.984275 20.090031 26.530331 18.650757 27.137198
238.096772 23.390643 21.596249 24.874381 20.014583 26.394994 18.580505 26.986692
241.415712 23.278406 21.499138 24.746128 19.936457 26.255976 18.507728 26.843943
244.780916 23.160851 21.405844 24.618259 19.856821 26.114554 18.433536 26.699385
248.193029 23.043305 21.312758 24.494884 19.776074 25.983349 18.358309 26.552811
251.652705 22.926318 21.215812 24.372723 19.694201 25.854016 18.282034 26.404193
255.160607 22.804072 21.110779 24.237188 19.609895 25.721426 18.203462 26.252317
258.717408 22.678826 21.005238 24.092426 19.523759 25.586253 18.123170 26.097721
262.323788 22.553067 20.901986 23.950383 19.436423 25.428251 18.041760 25.940971
265.980440 22.424935 20.797295 23.801151 19.347870 25.250388 17.959214 25.782036
269.688063 22.294142 20.690176 23.649113 19.257131 25.069689 17.874605 25.620261
273.447368 22.163664 20.580720 23.495022 19.164300 24.897469 17.788021 25.455686
277.259076 22.025528 20.469738 23.337376 19.070174 24.734110 17.700230 25.288818
281.123917 21.888406 20.357209 23.182432 18.974736 24.564950 17.611216 25.119624
285.042632 21.747266 20.239290 23.028857 18.877346 24.392729 17.520358 24.947913
289.015972 21.601661 20.116161 22.865153 18.777686 24.229613 17.427349 24.773576
293.044698 21.450859 19.996791 22.699167 18.676636 24.056498 17.333044 24.596809
297.129582 21.304798 19.875757 22.530868 18.574178 23.880970 17.237424 24.417578
301.271407 21.147149 19.752792 22.363493 18.469959 23.710269 17.140144 24.236001
305.470967 20.985441 19.627475 22.201071 18.363416 23.523774 17.040651 24.052296
309.729067 20.832890 19.501128 22.032042 18.255388 23.340653 16.939771 23.866029
314.046522 20.678268 19.371578 21.870079 18.145854 23.161918 16.837485 23.677166
318.424160 20.515284 19.233007 21.702162 18.034678 22.989032 16.733657 23.485917
322.862820 20.347302 19.099506 21.541542 17.921293 22.814455 16.627710 23.293428
327.363353 20.186025 18.967741 21.364583 17.806327 22.637443 16.520287 23.098255
331.926620 20.026702 18.818136 21.192865 17.689758 22.457964 16.411365 22.900362
336.553498 19.852979 18.679769 21.021078 17.571560 22.265031 16.300920 22.699766
341.244871 19.675259 18.539904 20.844778 17.451478 22.086530 16.188650 22.499276
346.001639 19.504498 18.402827 20.668815 17.329722 21.905541 16.074814 22.295992
350.824714 19.333601 18.254298 20.486898 17.206268 21.716823 15.959392 22.089874
355.715021 19.152541 18.112803 20.305957 17.081094 21.519869 15.842361 21.880883
360.673495 18.972511 17.961821 20.121063 16.954535 21.312303 15.723977 21.689542
365.701088 18.801788 17.807710 19.933112 16.826257 21.102342 15.603977 21.498071
370.798763 18.624359 17.642014 19.740129 16.692413 20.889454 15.482304 21.303931
375.967497 18.433515 17.477836 19.540334 16.550792 20.673528 15.358935 21.107085
381.208280 18.241885 17.314248 19.344481 16.408727 20.455607 15.234627 20.910483
386.522116 18.057834 17.161534 19.139181 16.265167 20.243599 15.108833 20.712087
391.910025 17.875647 17.005843 18.944787 16.120146 20.024831 14.981285 20.510926
397.373038 17.683373 16.845603 18.735512 15.981963 19.803013 14.851960 20.306960
402.912203 17.497720 16.666623 18.541030 15.835210 19.593312 14.721997 20.103548
408.528580 17.311528 16.496760 18.348684 15.686346 19.386406 14.590908 19.874428
414.223247 17.122632 16.329385 18.145376 15.535407 19.187799 14.457992 19.657246
419.997295 16.939899 16.161312 17.949790 15.382364 18.969371 14.323223 19.447676
425.851829 16.757474 15.998254 17.753753 15.229257 18.769040 14.187965 19.238640
431.787973 16.567534 15.823952 17.561410 15.076084 18.562223 14.052209 19.030142
437.806863 16.372537 15.660761 17.364709 14.920775 18.339412 13.914561 18.818737
443.909653 16.182825 15.493468 17.164090 14.763301 18.113494 13.774993 18.604385
450.097513 15.987892 15.313631 16.954240 14.605607 17.905222 13.634889 18.390213
456.371628 15.796894 15.137881 16.749638 14.452765 17.702749 13.495217 18.178420
462.733201 15.603875 14.958679 16.543813 14.305092 17.497455 13.353529 17.963676
469.183451 15.415133 14.770733 16.330419 14.155361 17.289299 13.209050 17.745938
475.723614 15.218042 14.587203 16.113292 13.986672 17.076951 13.063780 17.527632
482.354943 15.019553 14.409129 15.907595 13.820429 16.856101 12.920308 17.313999
489.078709 14.821246 14.238661 15.704558 13.651869 16.632172 12.774836 17.097390
495.896201 14.628371 14.051170 15.504615 13.482906 16.405121 12.627336 16.877760
502.808725 14.431956 13.858751 15.299744 13.308557 16.176513 12.478482 16.656410
509.817606 14.236341 13.672756 15.104524 13.140698 15.957272 12.333040 16.442445
516.924187 14.042700 13.498373 14.891211 12.970499 15.740486 12.185570 16.225498
524.129830 13.843260 13.314138 14.680939 12.797927 15.531582 12.036045 16.005526
531.435916 13.645086 13.134083 14.473748 12.622950 15.303133 11.884435 15.782488
538.843844 13.457426 12.952913 14.276748 12.446660 15.073986 11.737945 15.569501
546.355035 13.268135 12.776356 14.072246 12.274310 14.845660 11.589524 15.353748
553.970928 13.079579 12.592811 13.869595 12.094666 14.636353 11.439034 15.136577
561.692982 12.887053 12.409423 13.656892 11.910714 14.424296 11.286446 14.919621
569.522678 12.704152 12.226299 13.456912 11.728419 14.210733 11.138977 14.711337
577.461515 12.516214 12.044571 13.253163 11.544859 13.994354 10.990683 14.502136
585.511016 12.324081 11.857655 13.054956 11.372971 13.774959 10.840321 14.290019
593.672722 12.127269 11.674786 12.845754 11.190339 13.552944 10.687864 14.074946
601.948197 11.939570 11.493610 12.648848 11.015137 13.343192 10.540203 13.867735
610.339029 11.755373 11.316621 12.453395 10.859144 13.145592 10.393110 13.659701
618.846824 11.563115 11.135545 12.255218 10.706494 12.945237 10.243966 13.447580
627.473213 11.373441 10.948800 12.055046 10.535588 12.736716 10.092744 13.232503
636.219849 11.190708 10.772110 11.861228 10.359588 12.527732 9.945678 13.024607
645.088409 11.010625 10.608337 11.673266 10.197857 12.323669 9.800818 12.820731
654.080591 10.830333 10.432369 11.479208 10.046149 12.116762 9.653940 12.614013
663.198120 10.644953 10.256967 11.285645 9.881840 11.906971 9.505014 12.404413
672.442742 10.466307 10.083968 11.097280 9.711421 11.706789 9.359309 12.200223
681.816229 10.292779 9.916976 10.913942 9.540040 11.516254 9.217640 12.002730
691.320378 10.116736 9.747655 10.726235 9.372843 11.321107 9.064007 11.802485
700.957009 9.940521 9.574128 10.537006 9.204267 11.119958 8.898842 11.599448
710.727970 9.763988 9.407844 10.352771 9.037848 10.922764 8.737289 11.399779
720.635132 9.602464 9.247574 10.179790 8.887777 10.736120 8.585118 11.209520
730.680395 9.433768 9.085185 10.002979 8.735500 10.546875 8.430826 11.016609
740.865683 9.266099 8.915427 9.819462 8.582887 10.354991 8.290748 10.821009
751.192949 9.099057 8.747285 9.640087 8.418569 10.164588 8.141561 10.626563
761.664172 8.946561 8.596755 9.473209 8.272207 9.989865 7.997283 10.444172
772.281357 8.789919 8.438368 9.304004 8.123465 9.818725 7.850993 10.259238
783.046540 8.629232 8.278911 9.132441 7.972505 9.646119 7.702664 10.071727
793.961785 8.469083 8.122268 8.959879 7.810115 9.471425 7.553651 9.883084
805.029181 8.323602 7.979278 8.800418 7.662923 9.304504 7.418576 9.708981
816.250851 8.173340 7.830382 8.640467 7.519851 9.138484 7.281618 9.532451
827.628946 8.019412 7.677623 8.481496 7.369532 8.970968 7.142751 9.353459
839.165644 7.864067 7.524120 8.321001 7.228774 8.797316 7.001948 9.171973
850.863158 7.721555 7.383963 8.169535 7.095545 8.638378 6.875086 9.005478
862.723729 7.575495 7.247914 8.019291 6.964382 8.478119 6.747286 8.837576
874.749630 7.430403 7.108788 7.865746 6.826127 8.315626 6.617704 8.667333
886.943166 7.281342 6.967954 7.712397 6.688123 8.150868 6.486316 8.494717
899.306672 7.150296 6.836395 7.571905 6.558123 7.998205 6.366145 8.334489
911.842520 7.017023 6.702939 7.429656 6.430026 7.846565 6.247154 8.175265
924.553110 6.881422 6.565907 7.284968 6.304638 7.692810 6.126505 8.013822
937.440879 6.743211 6.429143 7.138263 6.170009 7.536913 6.004174 7.850128
950.508296 6.613318 6.302318 7.002483 6.047968 7.392037 5.890470 7.696229
963.757866 6.484195 6.178597 6.870828 5.931116 7.252385 5.779807 7.545593
977.192128 6.352794 6.053152 6.734249 5.810323 7.110786 5.667602 7.392857
990.813657 6.224778 5.928725 6.595046 5.691947 6.967214 5.553832 7.237992
1004.625062 6.100931 5.817249 6.463581 5.580266 6.829973 5.446304 7.090419
1018.628990 5.981210 5.701978 6.336328 5.473327 6.697333 5.343397 6.948177
1032.828126 5.859951 5.586749 6.209662 5.359487 6.562844 5.239055 6.803952
1047.225190 5.739573 5.473612 6.078362 5.243827 6.426481 5.133259 6.657716
1061.822941 5.620181 5.359234 5.951082 5.133623 6.294390 5.023454 6.516412
1076.624177 5.508076 5.256477 5.830482 5.031242 6.168577 4.921809 6.382305
1091.631734 5.393428 5.145771 5.709012 4.931416 6.041011 4.824586 6.246328
1106.848489 5.280509 5.032870 5.586233 4.829067 5.911666 4.725354 6.108456
1122.277356 5.166862 4.923530 5.466027 4.726973 5.784260 4.621917 5.973331
1137.921294 5.061757 4.823080 5.354334 4.631774 5.664261 4.526427 5.847070
1153.783300 4.955779 4.721231 5.240713 4.535572 5.542589 4.429605 5.719048
1169.866413 4.848830 4.619675 5.128442 4.436403 5.419221 4.331434 5.589241
1186.173716 4.741051 4.516326 5.013747 4.337969 5.296522 4.234056 5.460186
1202.708335 4.645066 4.424952 4.907157 4.248214 5.183447 4.145577 5.341479
1219.473437 4.544277 4.330027 4.802295 4.157208 5.070341 4.055864 5.221117
1236.472235 4.444486 4.230869 4.696593 4.064134 4.955802 3.964901 5.099077
1253.707987 4.344043 4.134560 4.589641 3.970106 4.840237 3.873190 4.975975
1271.183997 4.252455 4.046222 4.490665 3.885882 4.733964 3.791110 4.864551
1288.903612 4.160229 3.956005 4.391264 3.800621 4.626067 3.707887 4.751575
1306.870230 4.065630 3.864944 4.291650 3.714977 4.516167 3.623503 4.637023
1325.087292 3.970646 3.775925 4.188752 3.628139 4.403868 3.537943 4.520138
1343.558290 3.882101 3.693782 4.095286 3.548756 4.303492 3.460831 4.413894
1362.286764 3.794626 3.608781 4.001532 3.470787 4.202897 3.383529 4.307311
1381.276303 3.705932 3.524065 3.906758 3.390701 4.099868 3.305150 4.199243
1400.530545 3.614760 3.438303 3.814350 3.309436 3.997510 3.225678 4.089668
1420.053182 3.530278 3.357980 3.727018 3.234979 3.900905 3.152737 3.989398
1439.847953 3.449132 3.279059 3.639269 3.160308 3.805580 3.080859 3.891497
1459.918652 3.366412 3.201598 3.551692 3.084101 3.710906 3.007978 3.792231
1480.269127 3.282299 3.122826 3.462010 3.007602 3.614571 2.934082 3.691582
1500.903276 3.202228 3.049083 3.378839 2.935982 3.523860 2.865071 3.597358
1521.825053 3.126282 2.977768 3.296332 2.866360 3.434340 2.798194 3.505239
1543.038469 3.049272 2.905833 3.214526 2.795767 3.345953 2.730385 3.411836
1564.547589 2.970457 2.829786 3.132716 2.724190 3.254367 2.661631 3.317131
1586.356534 2.895693 2.758358 3.053491 2.655700 3.169922 2.596346 3.227319
1608.469483 2.824373 2.690420 2.978100 2.591414 3.087800 2.534126 3.141831
1630.890676 2.751772 2.620463 2.902060 2.525965 3.005501 2.471039 3.055152
1653.624407 2.678694 2.551405 2.825203 2.459449 2.921265 2.407072 2.971200
1676.675035 2.606297 2.484737 2.749968 2.395305 2.838690 2.345348 2.887722
1700.046975 2.539838 2.422744 2.679894 2.335259 2.763343 2.287511 2.809103
1723.744708 2.471907 2.358319 2.608362 2.274376 2.686950 2.228868 2.729389
1747.772774 2.403576 2.293819 2.536522 2.211790 2.608814 2.169407 2.648563
1772.135779 2.336792 2.230742 2.466550 2.150363 2.535020 2.111116 2.569479
1796.838391 2.275193 2.172012 2.401115 2.091741 2.466645 2.057449 2.497096
1821.885343 2.212691 2.111207 2.334615 2.035529 2.396121 2.003033 2.423704
1847.281437 2.149019 2.049131 2.268567 1.977184 2.326796 1.944304 2.349289
1873.031539 2.086191 1.990074 2.201316 1.920152 2.257212 1.889720 2.275268
1899.140582 2.029299 1.935237 2.143558 1.868671 2.195192 1.840131 2.212213
1925.613572 1.971652 1.880111 2.083499 1.816355 2.132105 1.786260 2.148525
1952.455581 1.914170 1.824868 2.023376 1.763546 2.067129 1.729704 2.085371
1979.671753 1.855228 1.768395 1.960096 1.708683 2.004624 1.672453 2.022439
2007.267304 1.802635 1.718475 1.904500 1.661505 1.947716 1.622410 1.966753
2035.247521 1.749823 1.667548 1.848103 1.611293 1.892247 1.571670 1.910836
2063.617768 1.696490 1.616158 1.790677 1.563462 1.834654 1.520223 1.854915
2092.383480 1.642188 1.562897 1.730687 1.511892 1.777676 1.468058 1.797371
2121.550171 1.593763 1.516798 1.678890 1.466243 1.726300 1.421924 1.746699
2151.123430 1.545130 1.471189 1.628090 1.420907 1.674211 1.376053 1.696193
2181.108924 1.496555 1.424853 1.575106 1.374515 1.622270 1.329543 1.644983
2211.512400 1.446492 1.378056 1.521733 1.327311 1.568800 1.282385 1.592858
2242.339683 1.401709 1.334617 1.473128 1.283989 1.520956 1.240246 1.545301
2273.596682 1.358065 1.292282 1.426268 1.242202 1.475152 1.199643 1.498850
2305.289387 1.313533 1.249356 1.379772 1.199308 1.428256 1.157933 1.451752
2337.423871 1.268528 1.206182 1.332505 1.157293 1.380871 1.115375 1.403998
2370.006292 1.226751 1.167614 1.288256 1.118992 1.336447 1.076450 1.359810
2403.042894 1.187110 1.130591 1.246049 1.082388 1.294146 1.039550 1.317575
2436.540009 1.147154 1.092444 1.203905 1.042999 1.251473 1.001908 1.274752
2470.504055 1.106357 1.053414 1.160979 1.003061 1.208630 0.964128 1.231332
2504.941542 1.068367 1.016190 1.121353 0.966600 1.168682 0.928833 1.190485
2539.859069 1.033061 0.982002 1.083713 0.933429 1.130330 0.896168 1.152341
2575.263327 0.997376 0.947720 1.045936 0.899795 1.091425 0.863047 1.113666
2611.161101 0.960976 0.912292 1.007731 0.865692 1.053133 0.829464 1.074451
2647.559271 0.926163 0.878762 0.971168 0.832978 1.015573 0.797516 1.036899
2684.464811 0.894645 0.848498 0.938204 0.803771 0.981776 0.768801 1.002886
2721.884795 0.862571 0.817772 0.905038 0.774156 0.947694 0.739686 0.968488
2759.826392 0.829944 0.786532 0.871414 0.744054 0.913137 0.710165 0.933610
2798.296876 0.798316 0.756237 0.838584 0.714001 0.879409 0.681468 0.899555
2837.303617 0.770408 0.730049 0.809745 0.687453 0.849767 0.656400 0.869406
2876.854090 0.742020 0.703007 0.780082 0.661152 0.819792 0.630983 0.838877
2916.955876 0.712983 0.674893 0.750218 0.634607 0.789399 0.605211 0.807922
2957.616659 0.684530 0.648058 0.720021 0.608202 0.759118 0.579584 0.777078
2998.844231 0.660084 0.624869 0.694923 0.585537 0.732646 0.557848 0.750301
3040.646493 0.634469 0.601352 0.669348 0.562399 0.705917 0.535808 0.722998
3083.031457 0.609166 0.577341 0.643026 0.539142 0.679202 0.513461 0.695315
3126.007243 0.583772 0.552808 0.616175 0.515275 0.651817 0.490803 0.667425
3169.582089 0.562433 0.532595 0.593658 0.495650 0.628252 0.471984 0.643904
3213.764344 0.540643 0.512165 0.571018 0.475938 0.604470 0.452999 0.620162
3258.562476 0.518422 0.490963 0.548129 0.455950 0.580356 0.433749 0.596089
3303.985070 0.495910 0.469519 0.525017 0.435602 0.555906 0.414231 0.571680
3350.040830 0.476714 0.451342 0.505118 0.418250 0.535004 0.397635 0.550552
3396.738582 0.457888 0.433382 0.485672 0.401254 0.514665 0.381384 0.529781
3444.087276 0.438960 0.415330 0.465766 0.384012 0.494042 0.364907 0.508654
3492.095985 0.419763 0.396625 0.445497 0.366427 0.473131 0.348199 0.487226
3540.773909 0.402925 0.380435 0.427810 0.351102 0.454673 0.333639 0.468295
3590.130377 0.386787 0.364804 0.410897 0.336484 0.436905 0.319812 0.450203
3640.174847 0.370530 0.349178 0.393767 0.321649 0.418816 0.305792 0.431858
3690.916911 0.354010 0.333297 0.376347 0.306838 0.400475 0.291577 0.413258
3742.366291 0.339130 0.318966 0.360679 0.293461 0.383940 0.278865 0.396453
3794.532847 0.325315 0.305914 0.346172 0.281154 0.368621 0.267168 0.380855
3847.426577 0.311254 0.292699 0.331387 0.268775 0.353196 0.255308 0.365039
3901.057617 0.297163 0.279371 0.316561 0.256223 0.337589 0.243283 0.349003
3955.436245 0.284167 0.267070 0.302761 0.244685 0.323159 0.232239 0.334167
4010.572881 0.272516 0.255829 0.290402 0.234390 0.310175 0.222397 0.320807
4066.478092 0.260672 0.244605 0.277908 0.223951 0.297011 0.212418 0.307260
4123.162591 0.248634 0.233269 0.265178 0.213367 0.283663 0.202300 0.293524
4180.637241 0.237246 0.222547 0.253117 0.203372 0.271010 0.192750 0.280499
4238.913057 0.227365 0.213152 0.242636 0.194735 0.259973 0.184511 0.269125
4298.001206 0.217342 0.203552 0.232087 0.185978 0.248783 0.176157 0.257594
4357.913012 0.207169 0.193939 0.221393 0.177100 0.237436 0.167686 0.245901
4418.659956 0.197304 0.184555 0.210935 0.168481 0.226399 0.159466 0.234525
4480.253680 0.189006 0.176773 0.202149 0.161271 0.217071 0.152601 0.224900
4542.705986 0.180580 0.168785 0.193266 0.153960 0.207613 0.145640 0.215141
4606.028844 0.172066 0.160770 0.184249 0.146548 0.198024 0.138583 0.205246
4670.234388 0.163595 0.152768 0.175253 0.139149 0.188445 0.131539 0.195362
4735.334923 0.156645 0.146253 0.167918 0.133157 0.180604 0.125844 0.187262
4801.342924 0.149605 0.139613 0.160469 0.127082 0.172653 0.120069 0.179048
4868.271040 0.142508 0.132831 0.152941 0.120875 0.164592 0.114215 0.170720
4936.132098 0.135286 0.126056 0.145313 0.114567 0.156418 0.108278 0.162276
5004.939103 0.129470 0.120546 0.139044 0.109493 0.149762 0.103499 0.155393
5074.705239 0.123648 0.115065 0.132860 0.104429 0.143112 0.098728 0.148515
5145.443878 0.117721 0.109507 0.126533 0.099344 0.136369 0.093890 0.141542
5217.168576 0.111744 0.103879 0.120200 0.094192 0.129532 0.088986 0.134471
5289.893076 0.106750 0.099173 0.114847 0.089902 0.123800 0.084909 0.128539
5363.631317 0.101931 0.094643 0.109685 0.085769 0.118264 0.080982 0.122807
5438.397428 0.097049 0.090049 0.104428 0.081578 0.112650 0.077000 0.116997
5514.205739 0.092090 0.085378 0.099155 0.077328 0.106959 0.072963 0.111105
5591.070777 0.087807 0.081384 0.094604 0.073677 0.102042 0.069498 0.106012
5669.007271 0.083794 0.077624 0.090324 0.070261 0.097454 0.066277 0.101257
5748.030158 0.079772 0.073853 0.086002 0.066793 0.092801 0.063011 0.096436
5828.154581 0.075658 0.069997 0.081613 0.063276 0.088083 0.059699 0.091548
5909.395895 0.072014 0.066576 0.077693 0.060160 0.083883 0.056764 0.087194
5991.769669 0.068725 0.063502 0.074153 0.057364 0.080095 0.054130 0.083266
6075.291689 0.065391 0.060403 0.070588 0.054530 0.076254 0.051459 0.079282
6159.977960 0.061995 0.057270 0.066960 0.051655 0.072359 0.048751 0.075244
6245.844712 0.058896 0.054375 0.063638 0.049026 0.068785 0.046273 0.071536
6332.908400 0.056208 0.051858 0.060755 0.046748 0.065669 0.044126 0.068302
6421.185709 0.053480 0.049310 0.057831 0.044439 0.062509 0.041948 0.065023
6510.693555 0.050711 0.046739 0.054859 0.042107 0.059298 0.039740 0.061699
6601.449093 0.048089 0.044304 0.052048 0.039905 0.056260 0.037654 0.058559
6693.469713 0.045882 0.042246 0.049680 0.038058 0.053701 0.035908 0.055911
6786.773051 0.043646 0.040160 0.047274 0.036186 0.051107 0.034136 0.053226
6881.376986 0.041386 0.038069 0.044837 0.034288 0.048476 0.032341 0.050503
6977.299650 0.039174 0.036033 0.042459 0.032438 0.045911 0.030591 0.047848
7074.559423 0.037373 0.034379 0.040523 0.030939 0.043821 0.029174 0.045681
7173.174944 0.035563 0.032702 0.038566 0.029419 0.041702 0.027737 0.043484
7273.165113 0.033718 0.031001 0.036588 0.027877 0.039554 0.026280 0.041256
7374.549090 0.031861 0.029292 0.034592 0.026328 0.037395 0.024816 0.039017
7477.346305 0.030403 0.027945 0.033009 0.025114 0.035693 0.023668 0.037250
7581.576458 0.028923 0.026583 0.031404 0.023882 0.033967 0.022505 0.035458
7687.259522 0.027431 0.025202 0.029778 0.022633 0.032218 0.021325 0.033640
7794.415750 0.025906 0.023801 0.028135 0.021367 0.030444 0.020129 0.031798
7903.065679 0.024694 0.022674 0.026821 0.020357 0.029023 0.019176 0.030321
8013.230128 0.023499 0.021562 0.025527 0.019361 0.027622 0.018236 0.028862
8124.930211 0.022284 0.020435 0.024217 0.018351 0.026200 0.017283 0.027384
8238.187331 0.021048 0.019292 0.022890 0.017328 0.024766 0.016317 0.025885
8353.023195 0.020024 0.018347 0.021788 0.016481 0.023575 0.015518 0.024640
8469.459808 0.019053 0.017451 0.020741 0.015677 0.022442 0.014760 0.023457
8587.519485 0.018073 0.016542 0.019672 0.014862 0.021294 0.013991 0.022257
8707.224849 0.017077 0.015620 0.018589 0.014036 0.020130 0.013212 0.021040
8828.598841 0.016223 0.014830 0.017659 0.013328 0.019129 0.012544 0.019994
8951.664721 0.015437 0.014108 0.016807 0.012680 0.018212 0.011934 0.019036
9076.446073 0.014643 0.013376 0.015943 0.012023 0.017282 0.011315 0.018064
9202.966809 0.013836 0.012637 0.015068 0.011357 0.016340 0.010687 0.017078
9331.251175 0.013119 0.011982 0.014290 0.010767 0.015501 0.010130 0.016202
9461.323756 0.012486 0.011402 0.013603 0.010245 0.014760 0.009639 0.015427
9593.209478 0.011847 0.010813 0.012906 0.009717 0.014008 0.009141 0.014642
9726.933615 0.011199 0.010216 0.012200 0.009181 0.013246 0.008637 0.013845
9862.521795 0.010604 0.009668 0.011554 0.008689 0.012546 0.008173 0.013113
10000.000000 0.010096 0.009202 0.011002 0.008271 0.011947 0.007779 0.012488
