10.000000 0.000000 0.000000 0.000000 0.000000 0.000000 0.000000 0.000000
10.139395 0.000000 0.000000 0.000000 0.000000 0.000000 0.000000 0.000000
10.280732 0.000000 0.000000 0.000000 0.000000 0.000000 0.000000 0.000000
10.424040 0.000000 0.000000 0.000000 0.000000 0.000000 0.000000 0.000000
10.569346 0.000000 0.000000 0.000000 0.000000 0.000000 0.000000 0.000000
10.716676 0.000000 0.000000 0.000000 0.000000 0.000000 0.000000 0.000000
10.866061 0.000000 0.000000 0.000000 0.000000 0.000000 0.000000 0.000000
11.017528 0.000000 0.000000 0.000000 0.000000 0.000000 0.000000 0.000000
11.171107 0.000000 0.000000 0.000000 0.000000 0.000000 0.000000 0.000000
11.326826 0.000000 0.000000 0.000000 0.000000 0.000000 0.000000 0.000000
11.484715 0.000000 0.000000 0.000000 0.000000 0.000000 0.000000 0.000000
11.644806 0.000000 0.000000 0.000000 0.000000 0.000000 0.000000 0.000000
11.807128 0.000000 0.000000 0.000000 0.000000 0.000000 0.000000 0.000000
11.971713 0.000000 0.000000 0.000000 0.000000 0.000000 0.000000 0.000000
12.138593 0.000000 0.000000 0.000000 0.000000 0.000000 0.000000 0.000000
12.307798 0.000000 0.000000 0.000000 0.000000 0.000000 0.000000 0.000000
12.479362 0.000000 0.000000 0.000000 0.000000 0.000000 0.000000 0.000000
12.653318 0.000000 0.000000 0.000000 0.000000 0.000000 0.000000 0.000000
12.829698 0.000000 0.000000 0.000000 0.000000 0.000000 0.000000 0.000000
13.008537 0.000000 0.000000 0.000000 0.000000 0.000000 0.000000 0.000000
13.189869 0.000000 0.000000 0.000000 0.000000 0.000000 0.000000 0.000000
13.373729 0.000000 0.000000 0.000000 0.000000 0.000000 0.000000 0.000000
13.560151 0.000000 0.000000 0.000000 0.000000 0.000000 0.000000 0.000000
13.749172 0.000000 0.000000 0.000000 0.000000 0.000000 0.000000 0.000000
13.940828 0.000000 0.000000 0.000000 0.000000 0.000000 0.000000 0.000000
14.135156 0.000000 0.000000 0.000000 0.000000 0.000000 0.000000 0.000000
14.332192 0.000000 0.000000 0.000000 0.000000 0.000000 0.000000 0.000000
14.531975 0.000000 0.000000 0.000000 0.000000 0.000000 0.000000 0.000000
14.734543 0.000000 0.000000 0.000000 0.000000 0.000000 0.000000 0.000000
14.939935 0.000000 0.000000 0.000000 0.000000 0.000000 0.000000 0.000000
15.148189 0.000000 0.000000 0.000000 0.000000 0.000000 0.000000 0.000000
15.359347 0.000000 0.000000 0.000000 0.000000 0.000000 0.000000 0.000000
15.573448 1562.581412 1336.303268 1757.494534 1164.852516 1987.843970 978.767123 2222.278663
15.790533 1561.948938 1336.223985 1756.837523 1164.746346 1986.840929 978.692730 2221.016593
16.010645 1561.291288 1336.143591 1756.171102 1164.638687 1985.431634 978.617293 2219.736198
16.233824 1560.685615 1336.062072 1755.495133 1164.529517 1984.001672 978.540800 2218.437201
16.460115 1560.125103 1335.973306 1754.809264 1164.414934 1982.562597 978.452971 2217.118777
16.689560 1559.459066 1335.882383 1754.113528 1164.298161 1981.104171 978.362375 2215.781094
16.922204 1558.554384 1335.790186 1753.407812 1164.179749 1979.624318 978.270508 2214.423939
17.158090 1557.844336 1335.696698 1752.742123 1164.059674 1978.122706 978.177351 2213.047017
17.397264 1557.123918 1335.598844 1751.967579 1163.937494 1976.612285 978.079380 2211.651124
17.639773 1556.393068 1335.498546 1751.233393 1163.813452 1975.084299 977.978802 2210.235260
17.885662 1555.651679 1335.396842 1750.488660 1163.630942 1973.533806 977.876811 2208.798733
18.134978 1554.899594 1335.293712 1749.733221 1163.424742 1971.960455 977.773387 2207.341227
18.387770 1554.138406 1335.188190 1748.969628 1163.225277 1970.377397 977.669415 2205.864721
18.644085 1553.367344 1335.080584 1748.196780 1163.029152 1968.779597 977.564558 2204.368092
18.903974 1552.585143 1334.971470 1747.412809 1162.830259 1967.158199 977.458229 2202.849563
19.167485 1551.791636 1334.860825 1746.617551 1162.628558 1965.512834 977.350406 2201.308797
19.434669 1551.070930 1334.748969 1745.813748 1162.433539 1963.855707 977.244223 2199.748453
19.705578 1550.741512 1334.635912 1745.001503 1162.246043 1962.187631 977.139951 2198.168466
19.980263 1550.407431 1334.521269 1744.366886 1162.055902 1960.494853 977.034214 2196.565296
20.258777 1550.068619 1334.405017 1743.739345 1161.863079 1958.776986 976.926992 2194.938582
20.541173 1549.721856 1334.287762 1742.964334 1161.675313 1957.044199 976.821681 2193.291074
20.827506 1549.210822 1334.170015 1742.166451 1161.499216 1955.305155 976.721182 2191.625071
21.117830 1548.373122 1334.050617 1741.357074 1161.320636 1953.969867 976.619272 2189.934551
21.412202 1547.626223 1333.929543 1740.331591 1161.139540 1953.033619 976.515931 2188.219132
21.710676 1546.869416 1333.807292 1739.662070 1160.960838 1952.082219 976.413612 2186.481009
22.013311 1546.104721 1333.685143 1738.838462 1160.796845 1951.111358 976.318470 2184.726242
22.320165 1545.328980 1333.561281 1737.964939 1160.630543 1950.126470 976.221993 2182.945574
22.631296 1544.542027 1333.435679 1737.078791 1160.461898 1949.127346 976.124161 2181.138600
22.946764 1543.887565 1333.308541 1736.178519 1160.292739 1948.113084 976.026047 2179.306266
23.266629 1543.628136 1333.181787 1735.252664 1160.139049 1947.077556 975.937026 2177.459837
23.590953 1542.745074 1333.053254 1734.313398 1159.983196 1946.027030 975.846755 2175.586070
23.919798 1541.827088 1332.922917 1733.360519 1159.825149 1944.961282 975.755218 2173.684534
24.253227 1541.245498 1332.790749 1732.393823 1159.664877 1943.880081 975.662396 2171.754792
24.591304 1540.705167 1332.658332 1731.401730 1159.518153 1942.776261 975.579371 2169.812897
24.934094 1539.849311 1332.524113 1730.394821 1159.369928 1941.656166 975.495577 2167.842745
25.281661 1539.119435 1332.118212 1729.373278 1159.219618 1940.519797 975.410608 2165.843301
25.634074 1538.255417 1331.565840 1728.336878 1159.067193 1939.366909 975.324446 2163.814099
25.991399 1537.418396 1331.006627 1727.277214 1158.923872 1938.191248 975.246246 2161.771152
26.353705 1536.567226 1330.439595 1726.745820 1158.780750 1936.997290 975.168753 2159.701002
26.721062 1535.740483 1329.864411 1726.361398 1158.635615 1935.785936 975.090174 2157.599967
27.093539 1534.970370 1329.280956 1725.971530 1158.488438 1934.556922 975.010493 2155.467554
27.471208 1534.174432 1328.689937 1725.564608 1158.346980 1933.304875 974.936825 2153.319273
27.854142 1533.139589 1328.090757 1725.080005 1158.206780 1932.032418 974.865096 2151.145537
28.242413 1532.347902 1327.849132 1723.721336 1158.064607 1930.684736 974.792362 2148.939254
28.636097 1531.335414 1327.210838 1722.342634 1157.920435 1928.007438 974.718609 2146.699903
29.035269 1530.331022 1326.948170 1720.944327 1157.779445 1925.329878 974.649008 2144.441955
29.440005 1529.366781 1326.790208 1719.525914 1157.640304 1922.641270 974.582247 2142.161149
29.850382 1528.719059 1326.630026 1718.086533 1157.499206 1919.911341 974.514550 2139.846068
30.266481 1528.138640 1326.467591 1716.625856 1157.356124 1917.139388 974.445905 2137.496155
30.688379 1527.548216 1326.300990 1715.144710 1157.214366 1914.358686 974.379773 2135.124153
31.116158 1526.680739 1326.129718 1713.643049 1157.074745 1911.577202 974.317014 2132.732877
31.549901 1525.788297 1325.956036 1712.119112 1156.933160 1908.752808 974.253376 2130.305527
31.989689 1524.882881 1325.449110 1710.572546 1156.789583 1905.884769 974.188847 2127.841513
32.435608 1524.359008 1324.570800 1709.321031 1156.645965 1903.728117 974.125481 2125.350966
32.887743 1523.770037 1323.687889 1708.488199 1156.504572 1901.657927 974.065662 2122.845767
33.346180 1522.709990 1323.442752 1707.643344 1156.361190 1899.556575 974.005006 2120.302625
33.811008 1521.634414 1323.316961 1706.235489 1156.215791 1897.423556 973.943500 2117.720914
34.282315 1520.824229 1323.188972 1704.555919 1156.069340 1895.259408 973.882126 2115.107175
34.760192 1520.020474 1322.566501 1702.896268 1155.925090 1893.067100 973.824150 2112.484518
35.244730 1519.205081 1321.761830 1701.655433 1155.778812 1890.841637 973.765361 2109.821974
35.736022 1518.377875 1321.088128 1700.200661 1155.630475 1888.582475 973.705750 2107.118880
36.234163 1517.605092 1320.891368 1698.782418 1155.480323 1886.289762 973.645549 2104.377143
36.739248 1517.182864 1320.690475 1697.072042 1155.332288 1883.973170 973.588316 2101.633689
37.251373 1515.952968 1320.486750 1695.336062 1155.182169 1881.621373 973.511352 2098.848332
37.770637 1514.938190 1320.280153 1693.705230 1155.029938 1879.233789 973.395446 2096.020369
38.297139 1514.046116 1320.070644 1692.377935 1154.875564 1876.809822 973.277910 2093.149084
38.830980 1512.990448 1319.666055 1691.001004 1154.722626 1874.365970 973.165452 2090.278451
39.372263 1511.570652 1318.941948 1689.601508 1154.567801 1871.886060 973.051910 2087.367081
39.921091 1510.054998 1318.624249 1688.181319 1154.410798 1869.368223 972.936773 2084.410977
40.477570 1508.756339 1318.302042 1686.740113 1154.251584 1866.811821 972.820016 2081.409379
41.041805 1507.726370 1317.138085 1685.251120 1154.092832 1864.557082 972.705874 2078.404512
41.613906 1506.679720 1315.887436 1683.733461 1153.932515 1862.502809 972.591183 2075.363999
42.193981 1505.496157 1314.618138 1682.193250 1153.769940 1860.417584 972.474879 2072.276548
42.782142 1504.328949 1314.316171 1680.630127 1153.605076 1858.300904 972.356940 2069.141356
43.378502 1503.437135 1314.002894 1678.698188 1153.439692 1856.152848 972.239809 2065.997699
43.983175 1502.324675 1313.680564 1675.883666 1153.272859 1853.972599 972.122237 2062.824973
44.596276 1501.191190 1313.353660 1673.721337 1153.103676 1851.759338 972.003011 2059.603032
45.217924 1500.018387 1313.022116 1671.997090 1152.932110 1848.635228 971.882109 2056.331024
45.848238 1498.869710 1312.677386 1670.257480 1152.758853 1845.342167 971.760763 2053.044046
46.487337 1497.679265 1312.320593 1668.500639 1152.583770 1842.045543 971.638774 2049.736301
47.135345 1496.470651 1311.958727 1666.812115 1152.406219 1839.212902 971.515069 2046.376990
47.792386 1494.977336 1311.591715 1665.061333 1152.226165 1836.906970 971.389623 2042.965211
48.458586 1493.346815 1311.212352 1663.557114 1152.043486 1834.568182 971.262920 2039.530392
49.134073 1491.707629 1310.415710 1661.887215 1151.858109 1832.196946 971.135156 2036.085010
49.818975 1490.043753 1309.575898 1659.992821 1151.670117 1829.789519 971.005593 2032.585640
50.513425 1488.977682 1308.723830 1657.466393 1151.479473 1827.345295 970.874207 2029.031328
51.217554 1487.492660 1307.854426 1655.545665 1151.285785 1823.778811 970.741044 2025.444117
51.931499 1486.366013 1306.959958 1653.613470 1151.088469 1820.164064 970.606188 2021.858587
52.655396 1485.348368 1306.052397 1651.652033 1150.888368 1816.491585 970.469433 2018.216572
53.389384 1483.597766 1305.360680 1649.660874 1150.685442 1812.760318 970.330752 2014.517066
54.133603 1481.660212 1304.874617 1647.483441 1150.479369 1808.985694 970.190024 2010.772887
54.888196 1479.720159 1304.372644 1645.144445 1150.268844 1805.240587 970.046805 2007.044984
55.653308 1477.750463 1303.844488 1643.127897 1150.055344 1801.435326 969.901568 2003.258033
56.429085 1475.806541 1303.001541 1641.432290 1149.838829 1797.568796 969.754284 1999.410971
57.215676 1474.094267 1302.725958 1639.360291 1149.619198 1793.642944 969.604892 1995.505308
58.013231 1472.763033 1301.517284 1637.111948 1149.394432 1791.313266 969.452221 1991.633031
58.821904 1471.331028 1300.290615 1634.446462 1149.166488 1789.065656 969.297396 1987.699075
59.641849 1469.657491 1299.319967 1631.986851 1148.935321 1786.783830 969.140389 1983.702316
60.473224 1467.671444 1298.368454 1629.423947 1148.700884 1784.467216 968.981166 1979.641606
61.316188 1465.685208 1297.389783 1627.339070 1148.461261 1782.085120 968.818293 1975.612269
62.170903 1463.602670 1296.395196 1624.519810 1148.218032 1779.663091 968.652959 1971.529491
63.037532 1461.627938 1295.337229 1621.599983 1147.971360 1777.203929 968.485291 1967.381151
63.916241 1459.584016 1294.361863 1619.473363 1147.721195 1774.707010 968.315257 1963.166034
64.807198 1457.586755 1293.312688 1616.764582 1147.465926 1772.151160 968.141472 1958.973116
65.710575 1455.545183 1292.244985 1614.011988 1147.206566 1769.549664 967.964821 1954.740049
66.626545 1453.319033 1291.044318 1611.193563 1146.943530 1766.907994 967.785675 1950.438596
67.555283 1451.734648 1289.707397 1608.202714 1146.676767 1764.225462 967.603998 1946.067475
68.496967 1450.006358 1288.352083 1605.214429 1146.404718 1761.489695 967.418583 1941.707113
69.451778 1448.165923 1287.506110 1602.207281 1146.127956 1758.704794 967.229881 1937.322583
70.419898 1446.474665 1286.635797 1599.152443 1145.847268 1755.876563 967.038510 1932.866780
71.401513 1444.263307 1285.458322 1596.574537 1145.562597 1751.877238 966.844434 1928.338354
72.396811 1442.351974 1284.259225 1594.051098 1145.272392 1747.759646 966.646689 1923.806828
73.405984 1440.335580 1283.038286 1591.839400 1144.976617 1743.635740 966.445253 1919.270093
74.429223 1438.331112 1281.799141 1588.878284 1144.676641 1739.444366 966.240965 1914.659142
75.466726 1435.928351 1279.658000 1586.157764 1144.372403 1735.184229 966.033786 1909.972552
76.518692 1433.795848 1278.154853 1583.506891 1144.062660 1730.905438 965.823025 1905.266292
77.585321 1431.394577 1277.466507 1580.297481 1143.746576 1726.640783 965.608215 1900.576998
78.666818 1429.156308 1276.642933 1577.036665 1143.425995 1722.305900 965.390361 1895.810495
79.763391 1427.166054 1274.969735 1573.982058 1143.100855 1718.341708 965.169420 1890.965282
80.875249 1425.225311 1273.187031 1571.355677 1142.770359 1714.714304 964.944965 1886.080897
82.002606 1423.275574 1272.033285 1567.819787 1142.432969 1711.073353 964.716178 1881.239213
83.145678 1421.295928 1270.759925 1564.325439 1141.616371 1707.373722 964.484146 1876.317282
84.304684 1419.208631 1269.736541 1560.998848 1140.272275 1703.483668 964.248823 1871.313525
85.479845 1416.455323 1268.292226 1557.435975 1139.093788 1698.852472 964.010008 1866.247868
86.671388 1413.518107 1267.478674 1554.256765 1137.577143 1694.288078 963.766690 1861.254480
87.879540 1411.111684 1266.267128 1551.106163 1135.940979 1689.647469 963.519918 1856.177771
89.104533 1409.285936 1264.940948 1548.073963 1134.279598 1684.929122 963.269641 1851.016080
90.346602 1407.432320 1263.945151 1544.521116 1132.592570 1680.552794 963.015809 1845.767700
91.605985 1405.343805 1263.193572 1540.799146 1131.235722 1677.099295 962.757474 1840.622460
92.882923 1402.417572 1262.366755 1537.887052 1131.088335 1673.590888 962.495460 1835.392240
94.177660 1399.751518 1260.049053 1534.928725 1129.751385 1670.026049 962.229720 1830.073852
95.490446 1397.578568 1258.459776 1531.000543 1128.092919 1666.403733 961.960202 1824.665502
96.821531 1395.052748 1256.967523 1527.773011 1127.539916 1662.789507 961.686477 1819.345053
98.171170 1392.599415 1255.361026 1524.511201 1127.031959 1659.127522 961.408798 1813.963272
99.539623 1389.974926 1254.163405 1521.277291 1125.464263 1654.774881 961.127167 1808.490119
100.927151 1387.690253 1252.698774 1518.461154 1123.729581 1649.837270 960.841525 1802.923709
102.334021 1384.844622 1251.171311 1515.632381 1122.000251 1644.963365 960.551903 1797.426632
103.760502 1381.987872 1249.192706 1512.323541 1120.255887 1639.843478 960.258186 1791.895958
105.206867 1379.085258 1246.928212 1507.716094 1118.484431 1634.943621 959.960284 1786.270705
106.673394 1376.519525 1245.279062 1504.819334 1116.685412 1630.003904 959.658134 1780.548894
108.160363 1373.772207 1243.844201 1500.814296 1115.195394 1624.977199 959.352120 1774.874225
109.668060 1371.843349 1241.771901 1498.037916 1114.974196 1619.951098 959.042033 1769.198129
111.196773 1369.185127 1239.667177 1494.427383 1114.725574 1614.838965 958.727522 1763.424258
112.746796 1366.690662 1237.529459 1491.107462 1112.876153 1609.638994 958.408520 1757.550536
114.318425 1363.904499 1235.386036 1487.142174 1111.023142 1604.651185 958.085694 1751.697832
115.911962 1360.348027 1233.239956 1482.880815 1109.169341 1600.126491 957.759069 1745.880664
117.527712 1357.182459 1231.287069 1479.167177 1107.286529 1595.525624 957.427777 1739.962550
119.165984 1354.143027 1229.003206 1475.440884 1107.013549 1590.847038 957.091749 1733.941318
120.827094 1351.447773 1227.057695 1471.669112 1106.088806 1586.150086 956.751806 1727.910723
122.511358 1348.578919 1225.158996 1467.979516 1105.207155 1581.489703 956.408692 1721.957764
124.219100 1345.327563 1222.441396 1464.199423 1104.942748 1576.750293 956.060670 1715.900738
125.950646 1342.006625 1220.692011 1460.356647 1104.674592 1571.930229 955.707667 1709.737372
127.706330 1338.910973 1219.366275 1456.480762 1104.400336 1567.069815 955.350438 1703.529680
129.486487 1335.726396 1218.050030 1451.872823 1104.113839 1562.279366 954.991103 1697.447204
131.291459 1332.163172 1216.394070 1448.415648 1103.823273 1557.407097 954.626620 1691.257608
133.121590 1328.540521 1214.264711 1444.804095 1103.638179 1552.451299 954.256916 1684.958517
134.977233 1325.092939 1211.746284 1440.794615 1103.228708 1547.428775 953.882373 1678.575245
136.858742 1321.946755 1209.613853 1436.860159 1102.914204 1542.514977 953.507311 1672.370568
138.766479 1318.674441 1208.055523 1432.859828 1102.595224 1537.516648 953.126870 1666.055809
140.700809 1315.819454 1206.136281 1428.792300 1100.617272 1532.432001 952.740972 1659.628494
142.662102 1312.318865 1204.096023 1423.922412 1098.417634 1527.259193 952.349534 1653.086071
144.650734 1308.635751 1202.307203 1419.362563 1096.256573 1522.220242 951.959193 1646.753484
146.667087 1305.276431 1200.841739 1415.163470 1094.064271 1517.103816 951.563542 1640.322085
148.711546 1301.686221 1199.018159 1411.214533 1092.161535 1511.898391 951.162208 1633.775186
150.784505 1298.181640 1196.507514 1406.863227 1090.473213 1506.602043 950.755107 1627.110131
152.886359 1294.925988 1193.968486 1402.453588 1089.357584 1501.423291 950.349529 1620.625842
155.017512 1291.593326 1191.748950 1397.814884 1088.786517 1496.197923 949.939653 1614.087478
157.178372 1288.205404 1189.358657 1393.527880 1088.327114 1490.881018 949.523884 1607.430820
159.369353 1284.960967 1186.417617 1389.684987 1087.920471 1485.470568 949.102133 1600.653107
161.590875 1281.835946 1184.603865 1384.834499 1087.512344 1480.156844 948.681964 1594.021984
163.843365 1278.631632 1182.614774 1380.151952 1087.100249 1475.133741 948.259057 1587.387516
166.127252 1274.926338 1180.090339 1376.398411 1086.682249 1469.489379 947.830062 1580.632136
168.442976 1271.857471 1177.418970 1371.932535 1086.258259 1463.901250 947.394888 1573.752982
170.790980 1268.585258 1175.234038 1367.790217 1085.832682 1458.458371 946.960980 1566.980866
173.171713 1265.717169 1172.691209 1363.618217 1085.404409 1453.382684 946.526537 1560.262353
175.585633 1262.389677 1169.716204 1358.523144 1083.301218 1448.782688 946.085835 1553.420520
178.033202 1259.008330 1167.046777 1353.463307 1082.652002 1444.103611 945.638779 1546.452411
180.514888 1255.264930 1163.585425 1348.641595 1081.997154 1438.767413 945.192226 1539.546174
183.031168 1251.558482 1161.167504 1344.833945 1081.337642 1432.978576 944.748099 1532.756869
185.582523 1247.592754 1158.388276 1340.424901 1080.512274 1427.085072 944.297569 1525.842081
188.169442 1243.440239 1156.494298 1335.614297 1079.989660 1421.084460 943.840539 1518.798762
190.792422 1239.898831 1153.788739 1330.804188 1079.093604 1415.084766 943.382693 1511.766370
193.451965 1235.921750 1151.105592 1326.245758 1076.879235 1410.037049 942.931085 1504.920682
196.148581 1231.951223 1149.135547 1322.510819 1074.223553 1405.234964 942.472960 1497.947627
198.882786 1228.483504 1146.033690 1317.368826 1073.201716 1400.349127 942.008223 1490.844072
201.655104 1224.966981 1142.851302 1312.262750 1071.975016 1395.428244 941.540698 1483.694636
204.466067 1220.905118 1140.056004 1308.406111 1069.704914 1390.649516 941.084120 1476.808100
207.316213 1217.370685 1137.959804 1303.985567 1067.032542 1385.787349 940.620951 1469.792626
210.206088 1213.255873 1136.105823 1299.763911 1065.361909 1379.818061 940.151092 1462.645005
213.136247 1209.473062 1132.772454 1295.482616 1063.668409 1373.422285 939.675754 1455.388838
216.107251 1206.040978 1130.227645 1291.011040 1062.004043 1367.334625 939.216950 1448.478045
219.119669 1202.352481 1127.215948 1286.434871 1060.313810 1361.134307 938.751522 1441.437091
222.174078 1198.681743 1123.894861 1281.588819 1058.597259 1354.984010 938.279371 1434.262699
225.271064 1194.721764 1121.734208 1277.114924 1056.535587 1349.617352 937.800396 1426.951471
228.411221 1191.500563 1119.277355 1272.572885 1053.703003 1344.470261 937.340271 1419.993860
231.595149 1187.860585 1116.396843 1268.032939 1050.838581 1339.257493 936.875636 1412.945355
234.823460 1183.617884 1113.904700 1262.925151 1047.926237 1334.259969 936.404288 1405.762515
238.096772 1180.646623 1110.736209 1257.985395 1044.965008 1328.885345 935.926128 1398.441882
241.415712 1176.227556 1107.541163 1253.524042 1042.123461 1323.336488 935.580538 1391.423005
244.780916 1172.792379 1104.447613 1248.902712 1039.278571 1318.078378 935.827056 1384.385735
248.193029 1169.225235 1101.367188 1244.673101 1037.494544 1312.778613 936.076943 1377.213656
251.652705 1165.085472 1097.474102 1240.043193 1034.383128 1307.356172 935.629859 1369.903265
255.160607 1161.052876 1094.285845 1235.862321 1031.302551 1302.087136 935.069066 1362.836639
258.717408 1157.172530 1092.048077 1230.996106 1028.240357 1297.164381 934.511204 1355.830099
262.323788 1153.558525 1089.237108 1227.330667 1026.760761 1292.434061 933.945227 1348.688729
265.980440 1149.459997 1085.294114 1222.911368 1025.777954 1287.620060 933.371009 1341.408994
269.688063 1145.228919 1082.144816 1218.591078 1023.303419 1282.827797 932.808475 1334.309138
273.447368 1141.171340 1079.379315 1214.349529 1020.301639 1277.472146 932.255222 1327.353335
277.259076 1137.324952 1076.568573 1209.147390 1018.599163 1271.723516 931.693921 1320.263157
281.123917 1133.411621 1073.439437 1204.673596 1017.348932 1265.775094 931.124451 1313.035056
285.042632 1128.987021 1069.939271 1199.924607 1014.210615 1259.957466 930.563656 1305.917440
289.015972 1125.594728 1067.037665 1195.682304 1011.046830 1256.058580 930.019614 1299.032667
293.044698 1121.502808 1063.523683 1190.513510 1007.828803 1250.737134 929.467662 1292.406243
297.129582 1117.273292 1060.278012 1185.893601 1006.314647 1243.984074 928.907682 1286.543210
301.271407 1113.390967 1056.664105 1181.402294 1002.383773 1241.061293 928.352233 1280.708730
305.470967 1110.033217 1054.212849 1176.680162 1000.241240 1236.841610 927.836285 1275.127908
309.729067 1106.289658 1051.620181 1172.441001 996.218629 1230.655916 927.419763 1269.444242
314.046522 1102.416857 1048.937205 1167.457844 992.123293 1224.352090 926.997242 1263.655249
318.424160 1098.569607 1045.380502 1163.115071 988.635393 1219.202580 926.575082 1257.833743
322.862820 1095.086167 1042.249413 1158.128235 985.614775 1214.419312 926.184103 1252.341005
327.363353 1091.307963 1039.244880 1153.581299 982.542569 1209.652684 925.787505 1246.746994
331.926620 1087.824098 1036.530539 1148.684005 979.417699 1204.800357 925.385205 1241.049262
336.553498 1083.909286 1032.873433 1144.605825 976.244736 1199.868387 924.664313 1235.255180
341.244871 1080.286129 1029.747685 1140.447961 973.310968 1195.263065 923.039486 1229.866134
346.001639 1076.433879 1026.097877 1136.481709 971.668970 1190.575358 920.607566 1224.377751
350.824714 1072.809216 1023.283990 1132.426307 970.533757 1185.803387 918.475389 1217.873022
355.715021 1069.450497 1019.690646 1127.845443 967.498885 1180.406658 916.136749 1213.093282
360.673495 1065.838711 1016.770353 1123.347837 964.640847 1175.120002 913.952595 1207.764489
365.701088 1062.501778 1013.253609 1119.452168 961.762906 1170.318095 911.756787 1202.396424
370.798763 1058.505061 1010.350278 1115.148053 959.222338 1165.429051 909.524958 1198.275849
375.967497 1054.931325 1006.978742 1111.580944 955.863604 1160.450826 907.256412 1195.251065
381.208280 1051.205652 1003.419820 1107.711886 953.752707 1155.696842 905.118256 1192.286111
386.522116 1048.025626 1000.079628 1103.678782 953.507678 1151.096898 902.998438 1189.307177
391.910025 1044.278040 997.409199 1099.722900 952.933105 1146.725086 900.843978 1186.279081
397.373038 1040.048049 994.467479 1095.658115 949.176914 1142.275250 898.654212 1183.200862
402.912203 1036.479081 991.777248 1091.788913 946.900657 1138.006527 896.568752 1180.167373
408.528580 1033.375649 988.665894 1087.922952 944.534660 1133.815881 894.531943 1177.140118
414.223247 1030.080044 985.047109 1084.021847 941.771663 1130.830306 892.461995 1174.062695
419.997295 1026.443739 981.898839 1080.382140 938.961849 1126.296444 890.358280 1170.934117
425.851829 1023.125036 979.032072 1077.025931 936.062538 1121.631048 888.331382 1167.832521
431.787973 1019.502030 975.273814 1073.070959 933.632832 1116.920859 886.382835 1164.715633
437.806863 1016.347281 972.038728 1068.334708 930.264814 1112.770676 884.402742 1161.132956
443.909653 1012.493140 968.591648 1064.016984 926.671238 1108.546777 882.390511 1157.489017
450.097513 1009.028481 965.455043 1060.385257 923.543473 1104.400148 880.426931 1153.862002
456.371628 1005.671997 962.742909 1056.656574 920.668977 1100.439341 878.569710 1150.307819
462.733201 1002.552942 960.122299 1052.988777 917.285503 1096.261799 876.682584 1146.692846
469.183451 999.277107 956.850593 1048.877404 914.316212 1091.408692 874.764995 1143.015810
475.723614 996.332748 953.420637 1044.961674 911.281782 1087.036730 872.868091 1139.327211
482.354943 993.016194 950.623266 1041.353646 907.787260 1083.739973 871.102665 1135.737580
489.078709 989.539412 947.579541 1037.534074 904.571799 1080.131992 869.308970 1132.086291
495.896201 986.271647 944.425741 1033.779883 902.159416 1076.498579 867.486484 1128.372041
502.808725 983.274110 941.220425 1029.992905 900.457281 1072.493773 865.657918 1125.685750
509.817606 980.157341 938.276671 1026.688144 896.444205 1068.738646 863.981784 1123.056778
516.924187 976.942382 935.651292 1023.666533 893.719421 1065.389071 862.278959 1120.384860
524.129830 974.091605 932.981774 1019.383608 891.338660 1062.935391 860.548957 1117.669176
531.435916 970.554964 929.605171 1015.632201 888.588643 1059.577128 858.791282 1114.908883
538.843844 967.474741 926.587208 1012.823586 886.347895 1056.151901 857.195787 1112.182938
546.355035 964.247724 923.686863 1009.097671 883.744730 1052.645576 855.577951 1109.413389
553.970928 961.036983 920.699694 1005.958292 880.894760 1049.092146 853.934434 1106.286735
561.692982 957.999457 917.528026 1002.298099 878.068422 1045.476851 852.264771 1102.831179
569.522678 954.595569 914.786493 998.985273 874.619330 1042.072446 850.720980 1099.453018
577.461515 951.509661 912.275735 996.114304 872.606425 1038.655897 849.178751 1096.040419
585.511016 948.428663 909.619383 992.992533 870.216722 1035.180210 847.612159 1092.569368
593.672722 945.314043 906.242574 989.378984 868.103835 1031.644119 845.299173 1089.038636
601.948197 942.291095 903.570812 985.922135 865.478827 1028.038608 843.039798 1085.559307
610.339029 939.313263 900.630688 982.935734 862.759577 1024.900664 840.823723 1082.062803
618.846824 936.518070 897.773071 979.905175 859.993643 1021.953796 838.570778 1078.505985
627.473213 933.494308 894.760173 976.928519 857.280926 1020.421769 836.280232 1074.887571
636.219849 930.320105 891.840153 973.631931 854.855982 1017.491448 834.109685 1071.295210
645.088409 927.086210 888.934879 970.754682 852.392635 1013.296176 831.039888 1067.701083
654.080591 923.998767 886.015436 967.639956 849.473374 1010.900792 827.593996 1064.044460
663.198120 920.693810 883.025789 964.471542 846.987980 1007.864610 824.085359 1060.323992
672.442742 917.530473 879.950929 961.266596 844.646324 1004.718457 820.708319 1056.605482
681.816229 914.848075 877.713544 958.406721 842.351427 1001.464852 817.495140 1052.898967
691.320378 911.703853 874.377153 955.253765 840.018139 997.990767 814.224226 1049.127415
700.957009 908.789758 871.382878 952.021725 837.572698 994.455863 810.971966 1045.289395
710.727970 905.861155 868.786141 948.445222 835.451347 990.931932 809.400835 1041.430715
720.635132 902.777701 866.211499 945.709216 833.372530 987.490395 807.886629 1037.596953
730.680395 899.968423 863.593131 942.321533 830.933216 984.339797 806.348413 1033.695233
740.865683 896.883650 860.698398 938.990423 828.263990 981.509991 804.785753 1029.724032
751.192949 893.944141 857.436010 935.404689 825.837258 977.844722 803.218325 1025.710715
761.664172 891.256154 854.279603 932.061992 823.496931 974.855874 801.702610 1021.735895
772.281357 888.411858 851.610769 928.714633 821.144483 972.321026 800.162836 1017.689818
783.046540 885.149077 848.539605 925.766400 818.898689 969.042980 797.412683 1013.570849
793.961785 882.383567 845.570980 922.165578 816.583938 966.129173 794.242131 1009.388566
805.029181 879.427448 842.863567 919.189165 813.857363 962.773733 791.250769 1005.261168
816.250851 875.970105 840.047167 916.442333 811.182065 959.359539 788.206118 1001.058861
827.628946 872.476132 837.629615 913.410625 808.115333 955.885301 785.106971 996.779888
839.165644 869.117632 834.501494 910.326347 804.807334 952.349694 781.952084 992.422431
850.863158 866.252050 831.416667 907.251184 802.262744 948.701194 778.965749 988.127189
862.723729 863.030388 828.668189 904.395286 799.703075 945.414096 775.937867 983.760397
874.749630 859.914801 826.048412 901.407792 797.282506 942.069467 772.855667 979.382483
886.943166 856.837717 823.236829 898.327129 794.820670 938.666047 769.717900 975.711255
899.306672 853.687976 820.412972 894.857579 791.796216 935.188131 766.705754 971.999596
911.842520 850.576309 817.211554 892.008638 789.186080 931.645313 763.679579 968.281576
924.553110 847.194877 814.280811 888.733803 785.394738 928.039301 760.598928 964.970861
937.440879 843.975344 810.611602 885.635185 782.439125 923.571544 757.462542 961.602359
950.508296 840.896911 807.621871 882.221361 779.027380 919.038690 754.416090 958.174791
963.757866 837.436288 804.564295 878.910916 776.289080 914.474316 751.380635 954.686871
977.192128 834.165390 801.333097 875.018142 773.387291 910.036016 748.290296 951.137272
990.813657 831.043364 798.220070 871.373204 770.856634 906.723991 745.143793 947.524617
1004.625062 827.700557 794.757828 868.168100 768.218922 903.402690 742.056976 943.083506
1018.628990 824.705157 791.567947 864.402700 764.692471 900.061262 739.005956 938.388422
1032.828126 821.564483 788.288686 860.909246 761.135946 896.275357 735.899491 935.002816
1047.225190 818.088725 785.272250 857.569658 758.343617 891.713518 732.736277 931.557454
1061.822941 814.773890 782.260947 854.232485 755.567705 887.092386 729.605816 928.050483
1076.624177 811.519498 778.806793 850.418358 752.829605 882.419477 726.537934 924.480352
1091.631734 808.139420 775.450427 846.722898 750.009902 877.813624 723.414003 920.639292
1106.848489 804.569658 772.501461 843.238183 746.124973 873.848689 720.232693 916.550512
1122.277356 800.903796 769.124855 839.530077 742.253644 869.865057 717.058325 912.413604
1137.921294 797.380199 765.667322 835.059087 738.966480 866.499580 713.977165 908.263547
1153.783300 793.993808 762.205860 831.588862 735.460007 862.391246 710.839421 904.036189
1169.866413 790.418463 758.680023 827.140446 731.869120 858.553503 707.702820 899.729625
1186.173716 786.893442 755.004529 822.725044 728.797293 854.659655 705.055357 895.365204
1202.708335 783.573895 751.955225 818.854502 725.838798 850.564532 702.525452 891.029315
1219.473437 779.729161 748.327881 815.082161 722.826700 846.797281 699.950945 886.611337
1236.472235 776.004446 744.913451 811.548646 719.759745 842.708146 697.330846 882.109184
1253.707987 772.323280 741.241405 807.132804 715.746479 837.889833 694.673304 877.528919
1271.183997 768.908178 737.945130 803.219930 711.772756 833.365211 692.159035 873.033805
1288.903612 765.387963 734.640655 799.439061 708.991230 829.475589 687.964160 868.452276
1306.870230 761.756139 731.148720 795.420368 706.159744 826.151092 683.684532 863.782073
1325.087292 758.055924 727.575272 791.419656 703.173154 821.827048 679.317722 859.020846
1343.558290 754.432221 724.133912 787.149267 699.523672 817.957594 675.996993 854.377889
1362.286764 750.937383 720.831519 782.866848 695.838359 814.105697 672.880640 849.663828
1381.276303 747.323449 717.305287 778.687874 692.419295 810.181408 669.706042 844.857202
1400.530545 743.620014 713.859620 774.271444 688.409269 805.725736 666.471752 839.955490
1420.053182 739.796361 710.691417 770.240808 685.287159 801.152053 662.616624 835.176800
1439.847953 736.031009 707.337050 766.118763 682.290601 797.113815 658.740317 830.363821
1459.918652 732.325892 703.465417 762.095248 679.186973 792.838219 654.786547 825.455101
1480.269127 728.602559 699.446621 757.993841 675.526378 788.560391 650.753137 820.447970
1500.903276 724.991496 695.973068 753.979976 672.000413 784.159705 646.899040 815.555576
1521.825053 721.313906 692.543370 749.976357 668.617493 780.177895 643.105152 810.678526
1543.038469 717.694275 689.053048 745.810817 665.371966 775.908344 639.235389 805.703353
1564.547589 713.855828 685.479365 741.733799 661.344982 771.505518 635.287617 800.627263
1586.356534 710.038266 681.731161 737.198784 657.704283 767.031394 631.476265 795.644451
1608.469483 706.566166 678.404907 733.503608 654.322530 762.666882 627.783765 790.738137
1630.890676 702.707307 674.784793 729.283151 650.465640 758.215881 624.017486 785.732153
1653.624407 698.936576 671.353599 725.432513 646.538788 753.675997 620.175354 780.623613
1676.675035 695.278733 667.700347 721.300240 643.076215 749.216669 616.422099 775.574481
1700.046975 691.462108 664.612410 717.470306 639.758898 745.299972 612.847213 770.672570
1723.744708 687.483846 661.068037 713.548800 637.023538 740.911496 609.201078 766.114602
1747.772774 683.416598 657.635240 709.491520 633.267670 736.738836 605.481699 761.501201
1772.135779 679.558830 654.184685 705.480813 629.467315 732.556214 601.800725 757.378842
1796.838391 676.100720 650.920433 701.650391 626.045748 728.489033 598.356508 753.447366
1821.885343 672.305566 647.308341 697.954445 622.615692 724.275993 594.843921 749.440030
1847.281437 668.448785 643.795980 694.046052 618.493783 719.688479 591.261063 745.354837
1873.031539 664.943534 640.350112 690.179502 614.631105 715.262102 587.665055 741.221666
1899.140582 661.551602 637.139433 686.341070 611.374971 711.083364 584.361347 737.232454
1925.613572 658.171261 633.646728 682.119120 608.398310 706.821154 580.992407 733.761059
1952.455581 654.613499 630.203907 678.343162 604.346121 702.629952 577.556443 730.224424
1979.671753 650.938861 626.636846 674.217962 601.357247 698.327418 574.056387 725.844595
2007.267304 647.308536 623.531885 670.752789 598.759073 694.611425 570.899871 721.096904
2035.247521 643.957852 620.158583 667.099416 596.113119 690.621823 567.681434 716.411480
2063.617768 640.552434 616.855892 663.390245 592.651702 686.964984 564.399397 712.155279
2092.383480 636.878880 613.769469 659.727611 589.702728 683.544078 561.052007 707.813619
2121.550171 633.713044 610.701724 656.135346 586.530029 680.261763 557.998829 703.627265
2151.123430 630.394171 607.732771 652.567508 583.464682 676.275372 554.934725 699.389821
2181.108924 626.811819 604.416121 648.796709 580.608619 672.712094 551.810536 695.066933
2211.512400 623.155647 601.008705 644.664402 577.698328 669.026575 548.624634 690.656161
2242.339683 619.944096 597.774105 641.416241 574.538709 664.737153 545.674259 686.381944
2273.596682 616.592631 594.431883 638.153684 571.338131 660.948737 542.765601 682.096212
2305.289387 613.402960 591.459426 634.677965 567.817180 657.369882 539.800396 677.723069
2337.423871 610.112840 588.234893 631.376250 564.531151 653.721135 536.777133 673.259965
2370.006292 606.845950 585.037838 627.762812 561.110094 650.454854 533.932462 669.227952
2403.042894 603.651030 582.039197 624.692864 558.319006 646.926846 531.177992 666.349193
2436.540009 600.205119 579.303709 621.388676 555.437082 643.752638 528.370465 663.417552
2470.504055 597.178632 576.333573 618.376657 552.880824 640.128648 525.508488 660.431758
2504.941542 593.971831 573.478727 615.334173 549.658480 636.229806 522.771172 657.551707
2539.859069 591.012042 570.777599 612.481775 546.747054 633.112126 520.167771 654.785211
2575.263327 587.788887 567.730256 609.373979 544.088428 629.756726 517.514708 651.968167
2611.161101 584.154114 564.438470 606.141245 541.479483 626.261497 514.810704 649.099371
2647.559271 581.062212 561.230786 603.030065 538.797226 623.068749 512.181181 646.295473
2684.464811 578.193556 558.370370 600.070153 535.663648 620.250908 509.724067 643.647197
2721.884795 575.220888 555.835549 597.307588 532.628440 617.565515 507.220550 640.950833
2759.826392 572.484945 552.903368 594.395300 529.803353 614.639465 504.669454 638.205253
2798.296876 569.483590 549.654081 591.092924 526.616665 612.184969 502.147030 635.484126
2837.303617 566.635094 546.980700 588.403417 523.539873 609.628465 499.830249 632.958146
2876.854090 563.838487 544.492028 585.574694 520.512736 607.025331 497.470158 630.386621
2916.955876 561.067689 541.731475 582.590450 517.369047 604.374464 495.065680 627.768496
2957.616659 558.241431 538.805891 579.676296 514.203032 601.683020 492.648702 625.135684
2998.844231 555.851799 536.068747 577.078947 511.695001 599.258069 490.465425 622.453503
3040.646493 553.189419 533.375354 574.268239 508.460956 596.765277 488.241746 620.028630
3083.031457 550.417871 530.818261 571.706716 505.570285 594.386975 485.976682 617.560234
3126.007243 547.699271 527.837126 568.845508 502.775069 592.223403 483.534083 615.253365
3169.582089 545.581419 525.244553 566.310197 499.993336 590.263831 480.356671 612.984896
3213.764344 543.144952 522.345643 563.800358 497.214515 588.275936 477.124500 610.668025
3258.562476 540.609294 519.535227 561.520103 494.557739 586.135520 473.824763 608.309849
3303.985070 537.962712 516.854009 559.160759 491.849277 583.970875 470.947512 605.909430
3350.040830 535.545050 514.239891 557.089985 489.366595 581.892441 469.097919 603.813827
3396.738582 533.012165 511.721960 554.815749 487.254779 580.009175 467.257572 601.892018
3444.087276 530.542399 509.101882 552.193551 484.359684 578.093393 465.097467 599.937134
3492.095985 528.373043 506.751838 549.703649 482.070371 576.144401 462.450190 597.948474
3540.773909 526.307530 504.469431 547.498409 479.382389 574.328320 460.012442 596.089690
3590.130377 523.758945 502.052805 545.421799 476.686727 572.632682 457.631150 594.263986
3640.174847 521.774865 499.851317 543.328776 473.702052 570.896389 455.203946 592.407088
3690.916911 519.761209 497.465815 541.222068 471.336882 569.130485 452.729622 590.518345
3742.366291 517.346690 495.047592 539.230650 469.428660 567.455490 450.238184 588.725010
3794.532847 515.245734 492.797527 537.299309 467.608242 565.837236 446.805637 586.991015
3847.426577 513.165536 490.573621 535.242238 464.680875 564.162250 443.298105 585.227604
3901.057617 511.142458 488.676007 533.126929 461.045264 562.423748 439.713114 583.434169
3955.436245 509.104794 486.411280 531.170238 458.825025 560.352209 436.284394 581.704545
4010.572881 507.160273 484.379491 529.205634 456.256616 558.694658 433.061261 580.057380
4066.478092 505.152945 482.025074 527.206954 453.377767 557.163044 429.768520 578.382465
4123.162591 503.244342 479.962546 525.172646 451.312582 555.527985 426.403920 576.679236
4180.637241 501.504857 477.974238 523.214483 448.418683 553.933012 423.129287 575.011325
4238.913057 499.607192 476.098456 521.522721 445.674358 552.449464 420.467631 573.446244
4298.001206 497.651870 474.080176 519.827144 442.874417 550.941158 418.112295 571.854974
4357.913012 495.713529 471.579113 518.146614 440.434160 549.407598 415.702559 570.236988
4418.659956 493.769908 469.323360 516.458517 437.630129 547.887532 412.773610 568.628607
4480.253680 492.236239 467.383770 514.976197 435.092223 546.445161 410.153793 567.140399
4542.705986 490.452602 465.328597 513.781027 432.182457 544.896570 407.480261 565.627448
4606.028844 488.705089 463.155446 511.917738 429.808865 543.321886 404.751430 564.123922
4670.234388 486.820950 461.121429 510.352191 427.543789 541.733676 401.996428 563.711874
4735.334923 485.444324 459.209493 509.020170 425.528527 540.287833 399.582858 563.419723
4801.342924 484.054316 457.223037 507.736855 423.438859 538.817873 397.120668 563.123345
4868.271040 482.312185 454.884744 506.237304 421.255919 537.707081 394.608471 562.181126
4936.132098 480.403780 452.743339 504.778784 418.563891 536.648694 392.044819 560.782710
5004.939103 478.942679 450.853523 503.225160 415.974072 535.103206 389.801847 560.190161
5074.705239 477.238366 449.082692 501.774012 413.353841 533.541795 387.537133 560.654429
5145.443878 475.700436 447.288036 500.225498 410.680017 531.953940 385.227257 561.124776
5217.168576 474.008435 445.260617 498.802130 408.373095 530.700553 382.870955 561.601278
5289.893076 472.410792 443.595545 497.593495 406.547637 529.700977 380.761380 561.648677
5363.631317 470.754165 441.982405 496.389171 404.705183 528.503590 378.678539 561.562169
5438.397428 469.290362 440.274869 494.987583 402.310865 527.125822 376.554901 561.474441
5514.205739 467.898527 438.421077 493.834156 399.960024 525.725163 374.389362 561.385477
5591.070777 466.535610 436.781996 492.364358 397.794632 524.406468 372.405862 561.361838
5669.007271 465.260032 434.876843 491.316935 395.643217 523.158591 370.488789 561.368748
5748.030158 463.897361 433.597549 490.219861 393.480120 522.354464 368.534811 561.375755
5828.154581 462.478719 431.319568 489.171117 391.446725 521.537863 366.542960 561.382858
5909.395895 461.106334 429.631847 488.108165 389.686041 520.770305 364.678154 561.439419
5991.769669 459.794795 428.006967 486.932345 387.692656 520.040726 362.911970 561.536544
6075.291689 458.518054 426.353115 486.093148 386.222566 519.299930 361.112346 561.635007
6159.977960 457.193086 424.836136 485.118987 384.520664 518.547727 359.278433 561.734824
6245.844712 455.772749 423.320155 484.127982 382.824833 517.682981 357.524110 561.867852
6332.908400 454.478833 421.922203 483.187447 380.992826 516.649680 355.892866 562.045869
6421.185709 453.435942 420.474620 482.163308 379.518162 515.922675 354.231214 562.226310
6510.693555 452.169476 418.966224 480.979070 377.923398 515.238669 352.538403 562.409207
6601.449093 450.971164 417.548927 479.542586 376.287670 514.329543 350.886180 562.615057
6693.469713 449.732751 416.274725 478.863595 374.762057 513.351879 349.376722 562.872494
6786.773051 448.441454 414.788358 477.916562 373.208811 512.479717 347.839536 563.133399
6881.376986 447.193242 413.173710 476.801620 371.627286 511.581173 346.273955 563.397818
6977.299650 445.934821 411.722203 476.095644 369.738929 510.606456 344.716043 563.674978
7074.559423 444.568509 410.188394 475.235813 368.235192 509.706235 343.313854 564.001772
7173.174944 443.469474 408.590717 474.242046 366.546413 508.808420 341.886248 564.332929
7273.165113 442.634492 406.959785 473.290731 364.826113 508.323829 340.406804 564.668504
7374.549090 441.228589 405.315312 472.323938 363.082891 507.273332 338.547936 565.010537
7477.346305 440.153393 403.804861 471.389471 361.545239 506.739840 336.894245 565.407289
7581.576458 439.131902 402.394299 470.292897 359.979447 506.408464 335.209174 565.809287
7687.259522 438.097306 400.955178 469.369264 358.384844 505.687591 333.491921 566.216598
7794.415750 437.021552 399.556487 468.365206 356.760736 504.955618 331.741654 566.629287
7903.065679 436.034437 398.171820 467.362500 355.372431 504.305133 330.168141 567.081537
8013.230128 434.916876 396.795290 466.649631 354.095442 503.626199 328.586330 567.543158
8124.930211 433.812392 395.471485 466.110564 352.550679 502.993104 326.974657 568.010832
8238.187331 432.651394 394.040883 465.313874 350.861684 502.175740 325.332366 568.484632
8353.023195 431.541494 392.690809 464.529273 349.485384 501.399491 323.827508 568.993929
8469.459808 430.324815 391.161120 463.716511 348.130342 500.630280 322.342738 569.518187
8587.519485 429.177666 389.996537 462.800323 346.751004 499.849139 320.830257 570.049260
8707.224849 428.126500 388.571549 461.869509 345.346815 499.055860 319.289377 570.587231
8828.598841 426.995695 387.147610 460.977564 344.037887 498.300902 317.848454 571.146550
8951.664721 425.884338 385.831704 460.100566 342.771154 497.789042 316.450888 571.720873
9076.446073 424.887917 384.678861 459.497409 341.481965 497.295986 315.027511 572.302613
9202.966809 423.731131 383.316297 458.993661 340.136606 496.700880 313.485212 572.891859
9331.251175 422.974336 381.925091 458.346157 338.590901 495.962402 311.869874 573.498812
9461.323756 422.030699 380.608086 457.666920 337.095874 495.245694 310.324483 574.122915
9593.209478 421.202993 379.497863 456.793696 335.893356 494.517936 308.749652 574.755026
9726.933615 420.307026 378.094463 456.150001 334.726875 493.836608 307.144625 575.395239
9862.521795 419.419181 376.857673 455.327928 333.595386 494.224816 305.585275 576.051797
10000.000000 418.528103 375.595403 454.751183 332.349110 494.645128 304.251495 576.729458
