10.000000 212515009.369352 21054142.354287 734507931.850036 2365962.140892 1562421293.855127 323570.180456 2115487488.580339
10.139395 210963299.061832 20924079.187962 718190005.447310 2365443.070794 1519093853.751234 326827.134063 2049296238.367836
10.280732 210300287.762787 20793413.421889 706961097.573148 2364890.590418 1483117917.702375 330103.832615 1984971296.628092
10.424040 209629665.733294 20662158.447268 693272579.366984 2364304.298287 1435602555.361697 333400.084563 1922466426.990602
10.569346 206314697.575512 20530327.909015 686586722.526122 2363683.789961 1395394575.817800 336715.689598 1862270657.435651
10.716676 202725485.504218 20397935.702313 671146842.670292 2377644.138935 1356182936.053882 340050.438542 1808707326.400434
10.866061 199287837.659300 20264995.968967 657268171.910151 2395344.295530 1328105269.952877 343404.113231 1756525198.169955
11.017528 197556920.945044 20131523.093540 645650752.874442 2413170.923375 1302472136.657818 346776.486410 1705692931.461038
11.171107 194578587.272729 19997531.699295 632446477.586987 2431124.811495 1259438339.700672 350167.321622 1656179810.434334
11.326826 193095631.237175 19863036.643920 617017549.866212 2449206.751292 1217693164.780485 353576.373103 1607955733.030507
11.484715 192191279.727021 19728053.015051 599739047.166012 2467417.536484 1177202815.569381 357003.385681 1560991199.541302
11.644806 190085494.122314 19659318.376035 584673959.020010 2482900.709615 1140679799.085312 360448.094678 1520121422.579948
11.807128 188187132.404415 19513042.452057 571148134.703786 2479650.808228 1107871869.548157 363910.225810 1480251749.387847
11.971713 185552399.425784 19308463.777582 558345579.244588 2476258.213401 1075901480.568396 367389.495094 1441299826.896645
12.138593 183308958.425912 19105431.173031 545037334.390326 2472722.489933 1044750335.926540 370885.608761 1403248009.379121
12.307798 180690504.641203 18883296.167518 536592814.734107 2469043.236557 1006916037.869371 374398.263166 1366078919.805516
12.479362 177975210.510701 18703942.945834 525730191.928583 2465220.086568 978887868.903008 377927.144706 1329775446.396198
12.653318 176115402.788260 18505457.307401 516149932.437444 2461252.708442 956034298.935569 381471.929742 1294320739.239310
12.829698 173958013.114670 18416160.984364 505957469.501822 2457140.806440 926459041.683135 385032.284522 1259698206.971659
13.008537 172063188.017039 18419667.133367 494329524.888866 2460662.921246 897075999.572301 388607.865109 1225891513.521026
13.189869 170014008.226741 18354818.907782 480064668.347028 2472997.706582 869198200.794828 392198.317316 1192884574.908179
13.373729 168854509.755180 18215517.436169 472113397.908484 2485324.007337 848161980.669570 395803.276644 1160661556.106824
13.560151 166567355.492959 18075924.476817 464133671.860364 2497640.181318 822944499.546214 399422.368220 1129206867.959801
13.749172 163602394.064895 17936057.609390 453848027.775626 2509944.554770 797950705.944004 403055.206748 1098505164.149795
13.940828 161369603.620900 17795934.560455 441249546.153874 2522235.422094 770710533.112152 406701.396459 1068541338.222911
14.135156 158951626.994512 17655573.196224 431635223.184178 2534511.045568 744419083.539622 410360.531067 1039300520.663442
14.332192 156871110.029864 17514991.515147 420018078.975566 2546769.655073 728611490.489831 414032.193733 1011050026.778194
14.531975 154105166.915079 17339560.245889 407777734.386594 2559009.447829 708275161.647798 417715.957029 983654164.622465
14.734543 152685590.701301 17148488.127891 395882930.346647 2571228.588132 693325459.189253 421411.382918 956913268.018612
14.939935 151800230.808445 17193424.301273 389468315.090077 2583425.207095 678426977.749044 425118.022722 930814273.006242
15.148189 148761402.512907 17155700.942672 381492706.006630 2595597.402404 663592243.801177 428835.417118 905344315.888931
15.359347 146738910.838823 17009060.298380 372162911.296358 2607743.238072 648833494.057837 432563.096120 880490730.991374
15.573448 144077206.501141 16862423.429611 363182279.541452 2619860.744204 634162647.137198 436300.579081 853769809.753470
15.790533 141566781.392995 16715806.611551 352977376.675873 2631947.916768 616454132.721641 440047.374695 829693894.644924
16.010645 139325182.352629 16637822.339288 342969180.358408 2644002.717376 596239509.830947 443802.981005 806328732.046003
16.233824 137198255.969858 16422698.615618 338491308.691327 2656023.073072 576627169.640648 447566.885423 783550304.103866
16.460115 135911663.492492 16276203.753039 330645744.276251 2668006.876125 557601393.957461 451338.564748 761346167.608545
16.689560 135100259.118297 16249777.148766 322084031.405533 2679951.983836 542305321.959376 455117.485202 739704084.607318
16.922204 132935824.427283 16125617.035121 314627530.718242 2691856.218352 530283699.441361 458903.102464 718612020.005209
17.158090 131023359.826769 16003964.513495 307175717.195571 2703717.366488 519011915.909093 462694.861714 698058139.196146
17.397264 129221929.469728 16067656.555308 298092899.704387 2715533.179562 502444699.026898 466492.197686 678030805.723541
17.639773 126928067.087727 15853664.279885 293034610.697730 2727301.373237 486396864.024108 470294.534727 658518578.969094
17.885662 125774842.595671 15607995.913403 283922156.642557 2739019.627377 470407790.899055 474101.286864 639510211.868605
18.134978 123645488.319856 15478522.313755 276394128.302609 2750685.585912 456904185.193311 477911.857876 620994648.653722
18.387770 120733603.881645 15275901.460552 269724339.773612 2762296.856715 443693966.999262 481725.641382 602961022.618442
18.644085 118227008.918279 15157521.352595 263782798.169035 2773851.011490 431858160.380407 485542.020924 585398653.909370
18.903974 115706321.103510 15074050.944957 255862086.855896 2785345.585677 420491703.244026 489360.370068 568297047.338643
19.167485 114060024.397325 14990042.905180 248799174.192038 2796778.078363 409384431.802894 493180.052512 551645890.218564
19.434669 112067625.242300 14905504.361636 240989912.203910 2808145.952210 398120921.411220 497000.422198 535435050.216965
19.705578 110464776.246458 14829023.730280 235027884.161438 2811497.512135 385457598.450936 500820.823434 519654573.232379
19.980263 108497808.573352 14734865.241776 228764834.012570 2814428.423103 375645291.981141 504640.591026 504294681.288144
20.258777 106901702.905145 14608036.105044 222909544.633672 2817180.984871 366099010.423410 508459.050414 495015809.247557
20.541173 106583893.308259 14431095.146014 216889488.675230 2819753.570103 356680308.053423 512275.517825 480508773.519991
20.827506 104786899.642084 14347375.366139 210457934.651117 2822144.589137 347392735.892801 516089.300421 466385402.484411
21.117830 103475516.005142 14387555.921258 204327183.426770 2824352.491168 337811729.669372 519899.696469 452637031.096313
21.412202 101841827.108143 14299519.536782 199109278.651020 2826375.765406 327054727.980021 523705.995510 439255146.285795
21.710676 99885767.653081 14231992.729360 192968440.561047 2831980.579098 316615424.781455 527507.478543 426231385.252469
22.013311 98044597.578298 14176267.786109 188601170.440270 2856506.082045 306485529.589962 531303.418209 412587511.610602
22.320165 96123197.344597 14035047.126142 184142629.720006 2853918.586170 296615121.945282 535093.078994 398194428.755936
22.631296 94800557.448364 13952378.142782 179995403.201382 2847969.568203 286672384.585732 538875.717433 384303447.463318
22.946764 92970002.441354 13852517.430110 176045261.295783 2841898.355520 277046063.708441 542650.582321 371798582.922358
23.266629 90852062.850067 13686666.537488 172718665.182386 2835704.554747 267727042.654512 546416.914943 360468094.118607
23.590953 88656770.290195 13570351.340039 168557841.399002 2835251.133397 258706427.249259 550173.949296 349453848.249671
23.919798 86752614.186479 13517040.936957 164304363.699195 2835748.175003 249975541.668677 553920.912337 338748172.554687
24.253227 84982583.597129 13487289.881074 160427281.718008 2836048.979019 241525924.351103 557657.024222 328343542.494913
24.591304 83170424.713141 13395005.308767 156615816.064086 2836152.496129 233349323.953983 561381.498567 318232579.850690
24.934094 81434611.724897 13280994.386247 152590928.927965 2836057.728911 225607569.610414 565093.542709 308408050.828170
25.281661 79947366.730596 13176512.119749 148355328.197731 2835763.732797 218503197.792700 568792.357974 298862864.175525
25.634074 78783487.880763 13027312.608805 144402177.939286 2835269.617008 211585781.040970 572477.139962 290099210.795594
25.991399 77628603.129440 12935160.556953 140285401.687294 2834574.545459 204888637.196307 576147.078826 281614805.868561
26.353705 75988814.088544 12742531.337812 136680516.151490 2833677.737640 199319897.384987 579801.359571 273350884.786319
26.721062 74497584.362494 12525508.248938 132528747.359225 2832578.469469 192917150.713567 583439.162352 265302590.453831
27.093539 73466891.344473 12365318.507006 129378678.455975 2831276.074108 187194862.196081 587059.662780 257465149.520339
27.471208 72448695.423106 12261808.856792 125279139.848740 2829769.942756 182767238.575649 590662.032242 249833871.384883
27.854142 71134018.314321 12165020.011281 121553398.598893 2828090.000414 178356678.505798 594245.438215 242404147.212033
28.242413 69261967.787347 12068028.070472 118663268.088331 2824683.998794 173430872.086346 597809.044600 235171448.957393
28.636097 67585513.474168 11933633.545230 115413208.844662 2821084.591690 168626013.746382 601352.012052 228131328.402458
29.035269 66031573.435667 11857537.363266 112321948.588010 2817288.114667 163939639.373501 604873.498323 221279416.198414
29.440005 64718745.566052 11708500.319156 109053518.049309 2813290.893250 159524036.628642 608372.658604 214611420.918504
29.850382 63123321.556528 11560383.405323 106461148.410563 2809089.246470 156051273.877373 611848.645879 208123128.118575
30.266481 61590038.392654 11413199.669065 103692577.434917 2804679.490597 152592204.791653 615300.611281 201810399.405462
30.688379 59796155.059712 11286922.093908 100896496.391537 2800057.943100 147687044.148580 618727.704452 195445702.492063
31.116158 58068647.115839 11274787.349763 97645741.402744 2795220.926806 142357568.206416 622129.073910 189250768.791153
31.549901 56543297.983468 11260923.970639 94811468.034072 2790164.774287 138175961.877601 625503.867422 183238949.454271
31.989689 54893928.782249 11188032.003170 91600934.432754 2784885.832467 134185439.568399 628851.232372 177405426.916726
32.435608 53429161.539900 11016095.098263 89535505.796844 2779380.467452 129897930.922127 632170.316147 171745487.383766
32.887743 52162043.698962 10834040.371522 87140596.346628 2773645.069590 126704702.905613 634370.256096 166254519.306251
33.346180 50608903.181600 10654966.190105 84355081.052312 2767676.058759 123075283.001569 634361.970988 160928011.862140
33.811008 49437053.866369 10500831.054882 82281467.742689 2761469.889891 119513795.857809 634334.560463 155761553.443963
34.282315 48219515.576543 10352830.170312 80028602.426241 2755023.058716 116085985.930551 634287.539158 150750830.152505
34.760192 47004924.082704 10206067.919429 78093653.218095 2748332.107754 112406260.335730 634220.412226 145891624.296924
35.244730 45919710.399573 10229012.209153 75877042.976017 2734692.125034 109473855.353268 634132.675356 141179812.901522
35.736022 44790038.284240 10133023.972761 73483918.069809 2714990.850089 106292545.421080 634023.814705 136611366.219418
36.234163 43382109.878405 9986058.346069 71441051.313121 2695215.077428 103194962.834710 633893.306885 132182346.253368
36.739248 42098738.838703 9840438.290992 69291039.076657 2675368.636044 100179218.752646 633740.618935 127888905.283981
37.251373 41004617.708842 9703992.634813 67451658.618957 2655455.358865 97243456.478528 633565.208347 123727284.405590
37.770637 40029401.144174 9586523.708703 65295087.390813 2635479.080815 94385851.226706 633366.523064 119693812.070053
38.297139 38972179.095079 9442556.745273 63250157.576045 2615443.636888 91604609.881126 633144.001505 115784902.638728
38.830980 37715423.919734 9309101.246569 61316778.464138 2595352.860224 88897970.747733 632897.072610 111997054.942913
39.372263 36701826.174429 9163715.769274 59514632.342195 2575210.580209 86264203.300537 632625.155900 108326850.853008
39.921091 35616740.015775 9020359.837062 57762548.908772 2555020.620576 83701607.921539 632327.661516 104770953.856682
40.477570 34612611.867956 8886230.542379 55975576.712501 2534786.797529 81208515.634692 632003.990353 101326107.646303
41.041805 33582584.653999 8816849.036658 54138886.130918 2514512.917882 78783287.834099 631653.534123 97989134.715914
41.613906 32628568.066601 8697329.992789 52600237.124065 2494202.777218 76424316.006636 631275.675500 94756934.968012
42.193981 31655139.869188 8570314.320439 50973596.662881 2473860.158066 74130021.449213 630869.788271 91781036.445869
42.782142 30952084.248269 8445901.811930 49458327.313520 2453488.828101 71898854.980861 630435.237466 89889579.817953
43.378502 30079313.210150 8342558.141018 47897740.938204 2433092.538371 69637456.545913 629971.379565 87423394.730228
43.983175 29200506.052566 8203022.665644 46501968.253115 2417136.158199 67192464.867396 629477.562714 84540021.357747
44.596276 28429112.712823 8090171.333529 45338843.181993 2405249.499003 64930097.827970 628953.126944 81743624.199133
45.217924 27602536.805107 7990125.192533 43933970.719567 2393255.970010 63118030.041159 628397.404417 79031891.320437
45.848238 26770488.457846 7870463.521009 42506326.174405 2381156.747141 61171464.185641 627809.719729 76402561.416811
46.487337 26028593.091306 7735495.218562 41432424.621120 2368953.042537 59104668.439843 627189.390211 73853423.031611
47.135345 25268887.913749 7602253.886997 40124195.620450 2356646.104376 57107703.369372 626535.726260 71382313.779711
47.792386 24530556.884819 7583361.128687 38970798.633365 2344237.216654 55178209.610355 625848.031718 68987119.575090
48.458586 23797836.875478 7498762.837600 37819251.064434 2331727.698950 53461991.446315 625125.604260 66665773.862768
49.134073 23091881.732562 7383160.852644 36647296.217966 2319118.906160 51692254.314778 624367.735830 64416256.855170
49.818975 22461069.382107 7303118.228876 35528209.813249 2306412.228200 49986958.992226 623573.713102 62236594.773011
50.513425 21914397.762913 7346732.970969 34327761.831887 2293609.089693 48433879.742366 622742.817976 60124859.090784
51.217554 21270927.265655 7284965.084387 33219001.010593 2280710.949617 46924918.351805 621874.328103 58079165.786943
51.931499 20667229.965035 7207105.662415 32380666.148506 2267719.300940 45541255.134595 620967.517470 56097674.598896
52.655396 20148196.951499 7129382.949891 31349354.329120 2254635.670213 44103178.480572 620021.656991 54178588.282890
53.389384 19567322.713173 7051807.202796 30335072.984043 2241461.617148 42896867.877585 619036.015167 52320151.878903
54.133603 19059923.259753 6974388.596129 29401880.565027 2228198.734165 41322622.343318 618009.858749 50520651.980654
54.888196 18482106.411443 6897137.219662 28549309.993220 2214848.645911 40004252.321446 616942.453477 49135901.302937
55.653308 17928577.404427 6820063.073785 27693526.044211 2201413.008757 38737721.241550 615833.064847 48068426.127062
56.429085 17407251.712721 6711192.845171 26834790.571465 2187893.510262 37577357.983820 614680.958918 47003400.641010
57.215676 16915752.390021 6630867.897045 26000675.694870 2174291.868621 36307237.857996 613485.403164 45941581.756404
58.013231 16477471.689011 6532812.655562 25155243.292479 2159950.253724 35076851.527226 612245.667360 44883721.511403
58.821904 15992551.815372 6435736.180015 24377792.702866 2133834.079281 33885083.165351 610961.024543 43830565.470438
59.641849 15510012.153082 6359652.016871 23593610.535896 2107872.757356 32730843.837330 609630.751981 42782851.118883
60.473224 15075630.123176 6327005.203887 22828530.861693 2082068.840469 31764967.338594 608254.132222 41741306.259389
61.316188 14671396.517801 6277028.087085 22103703.651903 2056424.805580 30733099.672125 606830.454148 40706647.416765
62.170903 14232564.747201 6211017.642744 21388573.661287 2030943.053779 29540897.012122 605359.014128 39679578.258447
63.037532 13825178.472072 6135971.917235 20703072.566496 2005973.286724 28706814.417589 603839.117161 38660788.037705
63.916241 13430770.302771 6061197.670647 20024515.395392 1996036.924646 27792610.455373 602270.078115 37650950.066758
64.807198 13030481.708367 6022635.199713 19379035.004463 1985992.366697 26958855.692205 600651.222981 36650720.226986
65.710575 12642123.253128 6001946.145665 18752057.311532 1975841.454216 26147764.341176 598981.890181 35660735.523366
66.626545 12265339.373037 5893329.708962 18145364.479398 1965586.061867 25303511.272398 597261.431926 34681612.690144
67.555283 11908269.703885 5790729.944397 17536641.330394 1955228.096742 24474001.853780 595489.215610 33713946.854597
68.496967 11591729.332697 5813077.771584 16967973.477915 1944769.497440 23669802.370866 593664.625254 32758310.265527
69.451778 11258346.000427 5701363.769189 16430828.594751 1934212.233129 22890217.565120 591787.062995 31815251.092839
70.419898 10897138.586549 5553782.110931 15908630.469931 1915364.426396 22134568.312880 589855.950598 30885292.304245
71.401513 10565610.473579 5473801.693987 15396601.179705 1891601.475579 21402191.356737 587870.731036 29968930.624760
72.396811 10244168.576254 5343947.617071 14919491.922924 1863270.950396 20692439.037904 585830.870073 29066635.584213
73.405984 9958594.721963 5206155.932780 14508906.266643 1829497.419358 20004679.029703 583735.857910 28178848.657542
74.429223 9677789.706859 5066343.194629 14056007.614553 1796326.904090 19338294.072274 581585.210854 27305982.502131
75.466726 9429128.295819 4940203.989227 13664826.879408 1774563.874073 18692681.708593 579378.473002 26448420.295863
76.518692 9143610.727481 4832199.996587 13247996.578221 1764030.798222 18067254.021922 577115.217979 25606515.179020
77.585321 8865139.447510 4715561.907467 12860267.699144 1752644.578437 17440988.575313 574795.050675 24780589.802515
78.666818 8599514.884824 4620646.523417 12504127.769803 1730101.779048 16874672.149478 572417.609011 23970935.984301
79.763391 8337847.176112 4537527.907036 12059695.127880 1715548.529483 16306412.490504 569982.565717 23177814.475171
80.875249 8106244.034512 4460170.290961 11737455.457538 1711300.674223 15679408.780306 567489.630132 22401454.834465
82.002606 7866226.623510 4377256.480104 11345691.735468 1706887.162214 15102989.903494 564938.549986 21642055.415544
83.145678 7643333.716685 4288565.879580 10970338.396361 1688322.321707 14566293.302124 562329.113210 20899783.460204
84.304684 7414124.840136 4178294.391556 10640145.795064 1665084.480205 14084264.572348 559661.149719 20174775.300558
85.479845 7209103.686778 4092431.603779 10297431.030806 1642070.937778 13597244.380071 556934.533203 19467136.666235
86.671388 6997360.866651 4008105.435860 9974527.317288 1628984.308805 13125562.327793 554149.182885 18776943.094130
87.879540 6788807.532040 3949217.468323 9663275.199277 1619144.134414 12681720.762554 551305.065273 18104240.437327
89.104533 6581627.659963 3897932.442372 9337262.213881 1609252.447424 12252338.456774 548402.195869 17422993.951928
90.346602 6400463.818810 3791219.012539 9018854.979471 1599310.236870 11808858.831344 545440.640848 16726919.366063
91.605985 6228049.938375 3706982.153817 8721096.596601 1589318.512073 11435354.230864 542420.518695 16054196.007830
92.882923 6058949.458738 3629336.521723 8430331.086030 1579278.302409 11039637.204544 539342.001790 15404396.068821
94.177660 5876563.054516 3540254.490754 8135559.226945 1569190.657044 10671451.677470 536205.317932 14777077.279535
95.490446 5698225.743740 3447404.116806 7885517.074115 1559056.644663 10324629.958852 533010.751800 14171784.264368
96.821531 5547567.663376 3386347.681573 7638850.238715 1548877.353184 9996999.694017 529758.646341 13588049.900763
98.171170 5395381.845748 3314929.830168 7400059.985715 1528336.628607 9671195.268298 526449.404068 13025396.676499
99.539623 5229574.086092 3260573.960716 7155432.675353 1506767.851043 9346711.961369 523083.488282 12483338.039272
100.927151 5080135.050781 3184348.044400 6918892.126597 1483887.328169 9046777.761420 519661.424176 11961379.732904
102.334021 4921677.200523 3096937.178226 6690171.011514 1459606.422513 8755735.557394 516183.799850 11459021.114764
103.760502 4778891.157519 3011925.754392 6469351.938380 1435686.513243 8496046.796478 512651.267199 10975756.449250
105.206867 4634848.193563 2943540.112896 6263252.346937 1412122.458863 8221740.178631 509064.542678 10648644.308400
106.673394 4505727.827446 2881591.816883 6074655.156959 1388909.192341 7955560.363219 505424.407947 10370559.548078
108.160363 4374390.728122 2818227.474552 5885408.926032 1366041.720024 7697300.024807 501731.710355 10062163.583235
109.668060 4262867.846960 2740317.446386 5701091.263315 1343515.120565 7427957.035258 497987.363301 9654571.900518
111.196773 4133739.828725 2686704.618067 5522065.472529 1321324.543871 7183438.358415 494192.346421 9261578.407788
112.746796 4008932.416855 2634395.756781 5352077.010912 1299465.210059 6948355.897956 490347.705625 8882862.704840
114.318425 3887694.836046 2563069.424713 5179357.772203 1277932.408435 6720428.341775 486454.552956 8518095.734377
115.911962 3768259.918361 2516860.454704 5018334.047101 1256721.496475 6497469.821132 482514.066288 8166941.027568
117.527712 3652096.687002 2472327.542556 4856249.508758 1250707.923962 6273002.143763 478527.488833 7829055.920438
119.165984 3543637.626893 2410178.626740 4700056.609495 1237133.692537 6055959.810195 474496.128464 7504092.736479
120.827094 3438316.876579 2356419.822014 4551746.967225 1217503.966731 5846105.558845 470421.356859 7191699.931270
122.511358 3334335.772179 2310721.860971 4403492.790754 1198067.147775 5643209.898160 466304.608438 6920240.052678
124.219100 3231511.453246 2245229.311744 4260086.050801 1178828.663129 5447050.812137 462147.379118 6674843.301779
125.950646 3128992.408622 2187461.215905 4118344.064554 1159793.571329 5283247.289821 457951.224862 6438148.498340
127.706330 3030410.506915 2124356.834648 3994790.077005 1140966.560150 5099436.139518 453717.760032 6209847.064969
129.486487 2947424.105558 2075255.409192 3865739.898013 1122351.945961 4896879.134208 449448.655550 5989641.366651
131.291459 2859497.427973 2035347.037885 3740550.677578 1103953.674279 4737519.860743 445145.636850 5777244.322728
133.121590 2773971.574026 1987180.985797 3619119.209250 1085775.321463 4593445.763042 440810.481644 5572379.032629
134.977233 2691003.747103 1935633.457643 3501344.585369 1067820.097542 4435555.383178 436445.017490 5374778.414879
136.858742 2608055.290656 1886320.957773 3387128.161490 1050090.850115 4283092.164826 432051.119177 5189073.303649
138.766479 2529182.842539 1834001.281686 3276373.520918 1032590.069294 4178956.212679 427630.705921 5016901.061914
140.700809 2456694.711180 1793757.008665 3168986.439362 1015319.893630 4037250.603525 423185.738385 4848638.415465
142.662102 2383512.425558 1761333.131153 3061392.583951 998282.116978 3900067.805527 418718.215532 4700168.318217
144.650734 2316627.481469 1715913.855154 2963948.806896 981478.196242 3765875.378105 414230.171310 4558277.884621
146.667087 2247638.409655 1680124.333115 2874232.167077 967432.509538 3633150.105568 409723.671193 4419461.898528
148.711546 2178561.337349 1639492.364647 2790855.997803 963458.189534 3489785.447373 405200.808572 4283718.691232
150.784505 2114134.421240 1596671.098557 2692917.353102 957076.196290 3379358.681845 400663.701022 4151043.476166
152.886359 2055640.913439 1559991.669230 2605679.778157 940830.380320 3261573.371438 396114.486441 4021428.397651
155.017512 1993920.981812 1518662.453139 2518454.243051 924822.755020 3151505.386888 391555.319101 3894862.587741
157.178372 1926857.331928 1481006.617512 2440834.356916 909053.244278 3049414.717446 386988.365586 3771332.230905
159.369353 1868449.560171 1438977.331252 2360745.318015 893521.496417 2950245.095363 382415.800674 3650820.636214
161.590875 1809920.171013 1398813.908818 2282197.094531 878226.896176 2848206.137513 377839.803142 3533308.316702
163.843365 1756023.064909 1366854.966479 2212348.756653 863168.577074 2749511.182186 373262.551541 3418773.075499
166.127252 1701085.075368 1327761.610310 2147198.574684 848161.660653 2654058.768279 368686.219931 3307190.098332
168.442976 1646538.357966 1291606.495718 2084233.931761 833756.136414 2563241.935587 364112.973609 3198532.051930
170.790980 1596311.604921 1252897.240894 2017753.401726 818524.477724 2476036.668648 359544.964846 3092769.187872
173.171713 1547373.489005 1223232.791819 1952454.608149 802369.220178 2413349.234466 354984.328646 2989869.451372
175.585633 1503565.515430 1189605.799411 1887505.570467 787636.243203 2332785.117327 350433.178540 2889798.594486
178.033202 1457888.153951 1158464.479593 1820655.979033 770994.779696 2263661.270195 345893.602449 2792520.293207
180.514888 1416282.327565 1130618.710398 1762770.458833 755763.379382 2196257.067835 341367.658614 2683951.779467
183.031168 1371737.277531 1098899.048652 1702480.492098 731578.432780 2130536.476819 336857.371621 2568406.978717
185.582523 1330930.052580 1067528.693981 1647358.853397 718912.026268 2062277.718895 332364.728539 2457000.143708
188.169442 1288553.364268 1038635.491970 1591957.613430 710232.061492 1994031.611164 327891.675175 2394785.324462
190.792422 1247837.464532 1006907.549430 1539501.067576 697845.280738 1925957.955357 323440.112478 2327485.704318
193.451965 1207614.991952 981509.452244 1493188.793943 691071.886212 1874678.916567 319011.893096 2244162.815218
196.148581 1169415.157588 956320.145124 1443135.541737 671128.832096 1803613.922043 314608.818093 2163822.846200
198.882786 1131737.524095 929746.378214 1405572.798107 658703.025214 1733224.808648 310232.633863 2086359.010134
201.655104 1098921.829591 904193.692426 1364564.239354 647264.730641 1682975.157013 305885.029227 2011668.342818
204.466067 1064328.161317 877976.899388 1319063.423436 636020.303767 1627946.710241 301567.632736 1939651.566121
207.316213 1032344.620410 852416.390526 1275672.281859 624966.538202 1566970.565346 297282.010192 1870212.956020
210.206088 1003142.839593 830086.530598 1237232.398578 614100.205989 1531962.887055 293029.662388 1803260.215370
213.136247 973338.115167 806457.264451 1197398.364482 603418.066343 1491364.523890 288812.023077 1738704.351219
216.107251 943821.695939 786271.164501 1158111.387864 591862.865514 1453897.194363 284630.457179 1676459.556518
219.119669 914747.107473 762791.932075 1122480.387480 571254.154502 1400807.305987 280486.259228 1616443.096073
222.174078 886327.295433 741406.281412 1089191.124682 560677.398480 1355258.804320 276380.652057 1558575.196571
225.271064 858709.165391 719493.336900 1054924.082533 550270.101158 1313868.097187 272314.785734 1502778.940544
228.411221 831995.780384 699165.174651 1021240.519411 537629.910492 1272797.207917 268289.736740 1457944.136989
231.595149 806588.060048 678294.698839 991372.795623 527244.602879 1233642.222281 264306.507389 1415494.277507
234.823460 781445.233268 659209.864925 961058.809447 518574.384967 1196912.450937 260366.025498 1364375.693549
238.096772 757696.924871 638031.074083 930353.243091 509644.614737 1167460.454358 256469.144284 1314999.702600
241.415712 733934.023322 618940.680828 903522.901464 498872.497124 1132076.630812 252616.642503 1267342.873215
244.780916 710925.239866 600666.316917 873241.910514 487476.757603 1097380.146006 248809.224818 1230871.137183
248.193029 689539.365393 583313.509611 845818.954406 474492.449991 1064505.491223 245047.522383 1199480.735590
251.652705 669242.952345 565441.302474 821078.274733 465131.515867 1034885.026838 241332.093642 1168809.714572
255.160607 649655.436164 549785.513802 794741.673990 453630.760939 1007682.529247 237663.425337 1136758.198893
258.717408 630103.913073 531549.655078 772250.593068 441220.739604 977241.225208 234041.933701 1099694.206529
262.323788 608529.854229 517748.190623 749911.477626 428713.120767 949213.664366 230467.965848 1073269.058572
265.980440 589495.643841 503072.038195 722845.832144 415133.470905 916297.278742 226941.801326 1053112.611839
269.688063 573816.690129 487304.310732 702464.568733 402024.229489 884087.439516 223463.653833 1025879.752179
273.447368 557437.719374 473770.552830 682057.966553 390347.150977 854887.091006 220033.673092 999300.163211
277.259076 539061.765550 459046.242058 660019.126085 379136.071043 828759.758625 216651.946846 973361.749972
281.123917 521326.088171 445003.318299 638478.491455 364983.883764 803372.027221 213318.502993 948052.234273
285.042632 505437.139429 432047.953222 619098.464413 350277.197089 779011.337267 210033.311820 923359.196632
289.015972 490250.749840 419064.870792 598255.930452 339716.839521 755131.313768 206796.288343 899270.115986
293.044698 475440.425406 406886.093532 580348.765926 326401.762148 731730.586992 203607.294725 875772.407106
297.129582 462212.581911 395139.307695 561946.303018 314852.813309 708408.987368 200466.142768 852853.455707
301.271407 447877.594972 383889.967516 544704.653709 306421.731515 686438.310980 197372.596463 830500.651229
305.470967 434038.373277 372700.756652 527873.958430 294848.467810 673870.705390 194326.374583 813527.600568
309.729067 420936.014909 361462.646362 510502.542801 286894.850474 649746.452361 191327.153316 799755.955953
314.046522 407284.522007 349735.527226 494613.952045 277944.226103 626485.836198 188374.568906 771609.269341
318.424160 394988.555802 339690.636202 480089.811314 266866.112294 609376.897619 185468.220313 746500.463079
322.862820 382601.975806 330076.448085 464927.820980 259264.803145 590560.704770 182607.671868 726791.368944
327.363353 371138.529440 321145.450418 450137.451749 251256.837850 575053.965040 179792.455911 707574.382537
331.926620 359961.084758 311125.065868 436704.207291 243339.419530 558699.559219 177022.075411 688837.645419
336.553498 349119.798958 301591.915191 423806.538434 234975.316777 540158.569453 174296.006546 670569.484132
341.244871 338695.143361 292210.237917 410518.996183 228497.180446 521124.272725 171613.701244 652758.423491
346.001639 328477.044854 283688.487481 398287.110375 222197.642663 504577.217004 169908.330226 635393.198041
350.824714 318516.645411 275000.147607 387582.777155 216071.779567 489956.259218 166378.082684 618462.761767
355.715021 308649.579595 266752.860161 375828.388408 210114.803045 473019.272052 163823.574148 606605.437881
360.673495 298854.110769 258632.341996 365100.484064 204052.097284 456661.825934 161310.443278 599859.705623
365.701088 289501.631086 250838.274726 354118.912935 197533.645022 447165.856493 158838.056828 593102.779721
370.798763 280482.647793 243331.003734 343530.157426 193211.270145 433543.431745 156405.771231 586335.808142
375.967497 271784.838052 236121.668466 332614.984780 187884.544913 416961.939647 154012.934639 579559.942483
381.208280 263346.227023 229159.423597 321398.862763 181641.778206 403199.438821 151658.888880 572776.337878
386.522116 255387.576896 222363.844320 310787.419395 176693.939634 394168.363743 148305.639210 564021.869232
391.910025 247832.457493 215663.231750 300760.641900 170193.324020 385255.869494 144270.787999 542783.516963
397.373038 240311.142849 209267.445405 291975.268130 164197.287158 374842.137283 140345.710256 522344.898946
402.912203 232811.537464 203100.483457 283235.469548 159130.571190 361893.160113 136527.419448 508948.919198
408.528580 225419.285739 197144.931249 273284.527874 153238.187520 350812.008488 132813.010296 498761.108414
414.223247 218410.498430 190903.652573 264852.446155 148344.899612 340901.729759 129199.656560 488611.025525
419.997295 211533.745171 185066.160141 257259.693349 143436.051085 329164.320616 124762.524059 478502.386821
425.851829 204872.944666 178795.546195 249324.629690 138155.722430 318439.978217 119813.114058 468438.932981
431.787973 198539.872512 173793.181426 241757.555310 133577.100554 311730.661951 115058.444354 453027.188881
437.806863 192496.865056 168131.495285 234417.588139 129428.319855 303430.541970 111872.899771 435908.490551
443.909653 186435.830744 162976.436721 227440.932729 126021.615540 297675.683701 108846.545217 419436.662519
450.097513 180448.668800 158410.160003 219537.439140 122005.282890 285796.942865 104864.165370 403587.261268
456.371628 175061.193367 153674.017487 213108.303467 118611.553773 278406.838643 100784.395960 388336.766938
462.733201 169602.096322 149328.282463 206696.036277 115312.225464 268810.135392 96742.985407 373662.548421
469.183451 164159.195991 144956.499574 200269.617733 112104.672088 261394.263075 92867.459802 359542.829781
475.723614 159166.386057 140642.002265 194726.488223 108932.041834 252354.707146 89150.565787 345956.657933
482.354943 154231.814330 136812.995340 188556.746822 105609.506448 243169.183996 86223.911067 332883.871558
489.078709 149202.193453 132601.658655 183289.227588 101547.546004 234318.007040 84046.268967 320305.071177
495.896201 144671.680384 128457.210195 177883.811413 98768.159558 227921.244590 81923.624663 308201.590367
502.808725 140132.119116 124511.859273 172243.479765 96067.475632 221681.390760 79854.589150 296555.468060
509.817606 135841.480596 120806.745739 166688.057602 92677.848715 215091.068131 76891.723919 285349.421888
516.924187 131707.473144 117126.811606 161493.675835 90272.981833 208213.039886 73821.791178 274566.822539
524.129830 127756.111235 113535.886602 156611.534971 86499.770751 202530.321914 70876.500788 264191.669078
531.435916 123910.868670 110092.364742 151463.112806 84140.333723 196684.302652 68050.537354 253973.159674
538.843844 120087.323382 106627.136346 146600.411771 81705.729581 190085.109875 65338.833269 243969.870344
546.355035 116366.696265 103453.254458 142016.431458 78948.760817 184735.307212 63502.396701 234360.582480
553.970928 112726.824483 100180.955792 137253.154461 76679.173150 179596.616260 61768.713267 225129.777473
561.692982 109193.461873 97154.196276 132777.014080 74619.805485 174128.360062 60082.361247 217908.626154
569.522678 105826.863467 93946.379174 128457.089592 72615.746125 167720.203500 57861.060359 209674.435964
577.461515 102637.470639 91101.790259 124283.593011 70216.582913 161512.999689 55572.875028 201751.394026
585.511016 99560.463773 88240.702052 120245.690922 67618.332329 155818.423659 53374.350251 194127.742870
593.672722 96443.115322 85497.752338 116691.578352 65739.354484 150745.063490 51956.939811 186792.169313
601.948197 93551.737460 82946.031160 112874.799061 63922.236603 147258.542507 50686.035080 179733.787663
610.339029 90738.275624 80574.804388 109250.211520 62155.346130 141776.898954 48682.141919 174708.892253
618.846824 87951.247195 78007.159348 105822.201777 60437.294717 136499.307509 46756.740159 169145.701417
627.473213 85136.035642 75468.292614 102305.930715 58479.058736 132888.903108 44906.793494 164777.750801
636.219849 82482.534445 73017.475708 99088.821886 55736.772464 130606.663591 43129.381101 160485.395328
645.088409 79913.278393 70653.596158 96348.318389 54096.943593 128358.190727 41421.693344 156199.452984
654.080591 77487.426042 68532.498999 93358.719673 52585.359199 125139.971813 39781.027642 151782.799294
663.198120 75138.868053 66485.175314 90277.959196 51160.617415 121435.016443 38204.784479 147449.192265
672.442742 72861.492253 64378.992595 87463.958110 49427.714734 117196.972266 36878.731523 143198.023318
681.816229 70647.385899 62304.686909 84980.889456 48165.164070 112957.861662 35978.799152 139028.687818
691.320378 68484.645002 60312.548320 82161.819133 46934.863211 109159.441282 35100.827360 134940.584183
700.957009 66417.050931 58489.133918 79583.080823 45581.106355 106328.296718 34033.897596 130933.112976
710.727970 64422.833263 56616.829792 76966.529456 44062.605443 102950.100688 32718.021502 127005.675997
720.635132 62469.082679 54859.314522 74491.915934 42428.210992 100271.558813 31917.293150 123157.675343
730.680395 60574.996968 53137.718875 72032.222640 40932.622752 97205.976005 31136.161519 119388.512485
740.865683 58705.813981 51572.676995 69726.621992 39458.043077 93998.765464 30374.147004 115697.587317
751.192949 56878.087434 50040.292786 67464.563437 38297.368795 90897.373515 29465.842983 112084.297224
761.664172 55129.440861 48332.673033 65263.565636 37069.906649 87985.961235 28378.963776 108548.036136
772.281357 53438.425712 46794.312892 63066.912921 36133.681553 84998.195086 27332.264708 105088.193595
783.046540 51793.569647 45417.725965 61005.678614 34801.636725 82154.465028 26324.182211 101704.153828
793.961785 50216.505057 44071.151485 59123.669579 33384.612407 79333.589593 25353.219061 98395.294833
805.029181 48677.468504 42699.955580 57257.473155 32023.281341 76700.004820 24539.522014 95160.987478
816.250851 47210.522046 41440.989833 55350.297108 31054.212291 74296.549403 23888.318372 92000.594618
827.628946 45809.991938 40083.616854 53577.742272 30146.384062 72018.824450 23254.395677 88913.470243
839.165644 44427.785502 38876.693771 51826.629976 29265.094973 69500.001092 22374.037795 86778.652428
850.863158 43109.562749 37649.067255 50145.719995 28331.198801 67266.889174 21486.135161 85631.953216
862.723729 41820.315021 36523.403936 48578.139382 27459.526541 65269.054334 20633.185433 83932.787616
874.749630 40492.754689 35363.875649 46948.050874 26610.842431 63319.391144 19813.827462 81212.598980
886.943166 39237.029344 34314.708046 45470.769251 25862.408497 61470.292437 19026.752339 78553.945887
899.306672 38075.117063 33187.787944 43970.996480 24890.180153 59347.737098 18270.701423 75956.257070
911.842520 36897.892149 32182.936160 42591.093746 24117.800141 57488.280493 17544.464454 73418.956267
924.553110 35804.588027 31095.136905 41191.821538 23201.373094 55971.370959 17007.856660 70941.461560
937.440879 34710.240715 30093.560155 39959.842085 22522.925332 54396.796791 16580.816065 68523.184725
950.508296 33692.733484 29140.131330 38705.817847 21882.765285 52647.969479 16164.497790 66163.530619
963.757866 32673.998037 28270.253772 37451.871043 21236.005071 51125.196934 15758.632613 63861.896580
977.192128 31668.106710 27371.207926 36316.575256 20656.513078 49555.492679 15362.958074 61617.671874
990.813657 30697.073225 26523.143510 35200.082954 20069.401316 48015.736729 14977.218302 59808.501158
1004.625062 29765.172342 25658.510691 34076.602733 19498.976796 46494.886533 14601.163850 58722.761483
1018.628990 28903.596185 24892.478217 33001.879505 18948.573575 45097.026883 14262.048113 57653.727610
1032.828126 27977.387879 24076.728539 31966.210827 18450.997312 43888.222171 13970.215387 56601.177381
1047.225190 27130.239183 23339.046634 31007.247353 17992.137591 42645.444888 13684.354197 54602.599894
1061.822941 26311.247936 22629.511812 30033.604433 17520.703156 41282.266343 13404.342353 52624.336119
1076.624177 25516.452302 21930.795385 29129.553386 17035.301140 39950.767730 13016.922050 50717.745261
1091.631734 24775.080404 21258.862282 28198.188512 16587.966070 38619.581900 12535.029548 48880.230593
1106.848489 23994.963270 20622.944889 27407.421357 16152.377705 37353.430498 12100.489277 47109.289472
1122.277356 23270.432403 19976.126966 26577.365768 15694.910761 36128.790145 11592.516061 45884.341726
1137.921294 22551.186879 19364.082544 25720.219552 15236.091104 34934.051770 11105.476317 44906.819520
1153.783300 21856.011793 18770.829270 24918.658737 14790.684424 33755.309943 10638.544039 43946.733731
1169.866413 21200.036590 18205.048393 24107.186991 14358.298610 32605.987835 10353.127790 43008.667178
1186.173716 20571.774259 17663.754899 23317.956463 13938.553016 31485.706195 10091.704653 42308.820567
1202.708335 19929.847588 17097.769879 22598.306512 13531.078120 30394.084495 9836.882618 41619.014888
1219.473437 19296.803058 16567.036796 21941.666467 13135.515207 29330.740747 9588.495003 40939.115666
1236.472235 18701.148657 16054.761626 21315.060629 12794.859539 28411.787803 9346.379335 40268.990293
1253.707987 18125.210338 15534.168079 20605.873983 12407.068694 27463.502005 9110.377244 39608.507999
1271.183997 17571.401427 15051.199341 19980.170655 12054.678874 26530.331461 8809.089439 38957.539826
1288.903612 17025.210716 14585.425257 19403.662675 11753.153212 25623.498053 8459.336621 38315.958596
1306.870230 16494.148404 14143.315694 18786.915698 11459.169661 24790.120878 8123.360875 37683.638887
1325.087292 15983.568182 13708.772923 18223.613799 11172.539569 24038.809559 7800.625229 37060.457008
1343.558290 15494.079873 13269.322034 17641.023648 10829.200772 23308.149265 7490.613347 36446.290970
1362.286764 15015.808066 12842.253379 17115.359741 10461.190960 22503.225367 7192.828743 35841.020462
1381.276303 14546.299882 12458.159993 16566.359568 10107.158604 21707.196854 6906.794038 35244.526829
1400.530545 14099.355786 12053.983728 16113.011559 9760.443334 20920.201736 6632.050235 34656.693042
1420.053182 13653.886763 11696.838371 15629.766940 9478.464413 20184.192204 6388.507646 34077.403682
1439.847953 13234.559391 11310.144024 15165.818160 9213.493941 19484.114361 6133.199226 33204.964892
1459.918652 12824.715269 10942.205683 14731.789862 8951.622509 18794.883802 5888.035139 31869.519327
1480.269127 12439.524904 10591.721087 14310.599055 8680.302539 18130.034067 5755.518547 30587.783045
1500.903276 12056.718869 10242.826608 13901.248245 8430.910748 17488.702710 5636.390305 29357.595953
1521.825053 11669.594185 9916.346406 13471.920600 8199.584672 16887.074994 5519.727790 28176.884832
1543.038469 11302.740716 9606.197724 13093.684165 7974.605687 16273.296802 5405.479966 27043.659846
1564.547589 10952.746378 9298.506164 12699.651154 7749.769491 15711.637415 5293.596855 25956.011185
1586.356534 10610.198598 8987.866961 12309.383141 7535.807962 15172.167147 5184.029510 24912.105850
1608.469483 10281.083165 8712.373933 11918.898168 7330.072334 14650.172898 5076.729999 23910.184559
1630.890676 9970.208332 8433.312019 11576.697342 7129.953510 14145.133154 4971.651384 22948.558789
1653.624407 9661.554312 8172.017319 11209.075238 6935.298143 13669.415068 4868.747695 22025.607925
1676.675035 9365.990808 7927.408753 10889.874281 6748.595486 13183.899547 4767.973917 21139.776528
1700.046975 9083.663237 7678.961529 10544.358779 6561.785225 12726.730220 4669.285963 20289.571720
1723.744708 8807.609618 7427.905634 10238.180604 6382.641461 12337.664601 4572.640661 19473.560661
1747.772774 8529.031673 7206.099974 9940.125829 6153.299099 11962.122231 4477.995732 18690.368139
1772.135779 8273.203995 6978.651721 9652.606625 5978.406354 11567.425559 4385.309773 17938.674248
1796.838391 8014.823292 6767.023219 9366.186879 5781.912070 11201.088845 4294.542235 17217.212170
1821.885343 7771.298978 6552.505437 9089.006622 5609.492898 10889.821802 4205.653413 16524.766035
1847.281437 7531.616115 6339.094109 8810.786764 5421.133720 10587.204559 4118.604419 15860.168870
1873.031539 7297.441428 6125.032695 8538.828462 5239.099388 10231.078377 4033.357174 15222.300640
1899.140582 7069.652443 5927.864110 8289.215892 5082.973387 9850.972197 3949.874383 14610.086354
1925.613572 6850.590866 5731.035710 8040.503725 4897.548721 9534.939016 3868.119527 14022.494255
1952.455581 6645.146751 5556.333328 7792.436229 4728.857091 9189.675844 3746.012472 13458.534082
1979.671753 6439.761722 5377.215442 7556.220527 4577.834333 8918.676919 3599.155950 12917.255399
2007.267304 6243.890643 5225.338858 7327.165340 4419.842631 8667.178601 3457.987639 12397.745998
2035.247521 6046.146751 5065.355323 7096.198417 4267.303589 8422.772300 3322.290776 11899.130355
2063.617768 5861.566879 4897.343869 6889.674851 4120.029024 8185.258028 3191.856674 11428.680396
2092.383480 5681.928136 4744.595222 6685.178535 3986.472537 7954.441435 3066.484432 11009.784891
2121.550171 5505.567407 4590.466542 6480.514495 3845.519990 7673.118220 2945.980657 10602.051936
2151.123430 5338.141354 4434.026659 6281.926181 3708.006433 7414.260569 2830.159186 10205.356260
2181.108924 5178.093371 4282.945847 6091.499264 3580.034513 7193.071928 2718.840828 9819.569432
2211.512400 5019.488140 4144.901545 5911.701557 3456.481973 6994.457681 2611.853109 9444.559828
2242.339683 4864.262140 4008.234677 5727.787942 3353.571475 6802.904061 2509.030027 9068.602263
2273.596682 4716.012008 3867.215480 5554.158873 3232.480261 6599.675951 2410.211815 8702.801608
2305.289387 4570.734546 3742.534882 5384.371272 3118.836042 6395.601223 2315.244717 8351.756273
2337.423871 4430.883914 3621.241855 5223.649461 3006.843179 6218.419301 2223.980762 8014.871070
2370.006292 4291.534745 3501.571822 5064.828557 2901.801889 6046.145976 2136.277560 7691.574822
2403.042894 4153.094693 3389.414637 4911.992230 2794.658563 5878.645262 2071.326135 7381.319391
2436.540009 4027.112861 3280.443445 4770.019204 2710.236781 5702.275517 2014.296400 7087.687714
2470.504055 3906.731970 3174.126489 4632.149674 2627.783763 5540.620665 1958.836863 6815.611706
2504.941542 3790.563785 3071.255194 4498.460714 2539.975588 5343.363866 1904.904291 6531.148240
2539.859069 3664.304066 2971.717888 4369.800445 2455.971274 5190.596239 1839.190761 6260.498446
2575.263327 3552.561356 2870.281865 4239.854835 2369.264031 5043.125946 1745.958824 6007.968413
2611.161101 3446.269245 2774.876581 4111.870166 2285.617958 4899.845438 1699.479585 5765.624696
2647.559271 3338.599593 2691.824068 3987.748855 2201.131258 4760.635681 1650.093756 5533.056410
2684.464811 3234.975604 2605.749497 3864.341022 2118.115212 4625.381018 1587.923987 5309.869242
2721.884795 3136.904726 2519.239466 3745.656164 2040.962218 4493.969083 1528.096557 5096.905450
2759.826392 3041.806946 2438.404085 3628.103266 1971.279356 4366.290699 1470.523215 4962.179206
2798.296876 2949.592130 2359.659291 3519.109940 1903.529359 4215.776388 1415.119037 4809.538014
2837.303617 2860.862298 2283.184328 3417.595934 1836.856243 4075.995658 1361.802294 4626.613710
2876.854090 2775.596911 2203.547137 3317.944129 1774.198975 3969.136532 1310.494339 4450.646685
2916.955876 2691.550123 2132.891302 3217.708069 1714.450960 3865.078899 1252.723306 4281.372330
2957.616659 2609.429616 2060.621458 3122.184077 1655.408451 3763.749314 1190.920735 4118.536097
2998.844231 2527.793810 1994.144755 3033.644339 1598.012228 3629.127942 1132.413744 3967.355509
3040.646493 2450.119885 1936.419054 2947.615435 1541.022008 3526.237397 1077.024575 3856.245911
3083.031457 2377.475732 1873.661020 2862.935690 1487.837756 3427.892632 1024.584033 3748.248043
3126.007243 2304.553110 1814.701802 2779.413014 1436.489017 3332.290648 974.931199 3643.274759
3169.582089 2233.010226 1757.900021 2695.558031 1386.912443 3237.389113 927.913147 3541.241353
3213.764344 2164.075764 1698.800987 2619.606594 1339.046871 3145.160258 883.384655 3442.065491
3258.562476 2099.173333 1644.702636 2541.148657 1286.852811 3059.783867 843.171506 3345.667143
3303.985070 2034.466300 1594.557204 2465.645931 1240.141654 2973.985379 809.692901 3251.968524
3350.040830 1975.450326 1544.588660 2396.958734 1196.814524 2890.592740 777.543584 3160.894025
3396.738582 1916.399284 1495.027110 2325.151932 1154.561389 2799.134142 746.670773 3072.370154
3444.087276 1857.775922 1447.055853 2256.971018 1108.434671 2723.009291 717.023785 2986.325479
3492.095985 1799.862912 1398.982193 2191.413869 1067.149323 2641.928227 688.553947 2902.690568
3540.773909 1743.769685 1353.155031 2126.070059 1025.647867 2567.046598 661.214521 2821.397933
3590.130377 1689.828117 1308.542827 2065.956881 985.736832 2495.690210 634.960622 2742.381976
3640.174847 1638.848003 1267.497861 2005.948027 947.356471 2426.317321 609.409998 2669.671269
3690.916911 1590.025780 1225.593843 1947.682222 910.449222 2358.872795 583.288301 2600.714034
3742.366291 1541.104278 1187.787177 1891.095756 874.959630 2293.303030 558.371534 2533.537954
3794.532847 1493.687980 1151.365833 1832.700889 840.834271 2229.555913 534.597900 2468.097023
3847.426577 1446.796396 1114.743895 1780.844915 807.888176 2167.858195 511.909044 2404.346421
3901.057617 1402.661175 1078.974867 1728.076935 779.387764 2110.531581 489.987096 2342.242489
3955.436245 1360.014275 1044.353567 1676.518025 745.066342 2052.973647 466.408911 2281.742693
4010.572881 1318.169708 1010.068418 1628.054460 719.201079 1995.807677 444.081123 2222.805598
4066.478092 1277.612603 978.408026 1581.578559 700.155999 1941.154072 422.933788 2165.390841
4123.162591 1238.206162 945.798322 1534.947428 680.350533 1888.645344 402.900677 2109.459098
4180.637241 1201.740613 915.942125 1488.289157 655.804855 1837.925258 383.919119 2054.972064
4238.913057 1166.043920 887.139137 1444.988362 632.144736 1786.784633 365.929850 2001.892423
4298.001206 1130.590949 858.746363 1406.719317 609.338226 1736.299461 354.565149 1950.183822
4357.913012 1095.744081 831.191583 1365.679987 587.354529 1689.305382 346.282671 1899.810846
4418.659956 1060.798073 803.452498 1325.837930 566.163960 1642.988277 334.700716 1850.738997
4480.253680 1027.895180 778.030541 1287.158217 545.737904 1597.166264 326.968376 1802.934668
4542.705986 996.957767 753.412958 1248.445442 527.895232 1552.622202 318.875950 1756.365117
4606.028844 966.145376 729.574298 1212.835137 510.726725 1509.320447 306.214799 1710.998452
4670.234388 935.800118 706.489914 1176.113403 494.116583 1467.284796 294.056366 1666.803601
4735.334923 905.952963 684.135940 1143.399268 478.046645 1432.878537 282.380691 1623.750297
4801.342924 878.078837 662.489267 1110.177604 462.499342 1394.096744 271.168605 1581.809054
4868.271040 851.681394 641.439755 1077.745355 447.457678 1356.364605 260.401701 1540.951147
4936.132098 825.938928 619.829813 1048.597778 432.905207 1317.178878 250.062303 1501.148594
5004.939103 799.646957 599.878639 1018.317994 417.896362 1278.344519 240.133437 1462.374136
5074.705239 774.898733 580.630204 989.565638 403.057985 1243.764825 231.006100 1424.601216
5145.443878 751.056850 561.848233 960.019966 389.987213 1210.120525 226.544765 1387.803966
5217.168576 726.955171 543.863538 932.759558 377.340313 1177.386315 222.169589 1351.957184
5289.893076 703.876930 526.414066 905.874896 365.063884 1145.537578 217.878910 1317.036319
5363.631317 682.267157 509.495596 878.770635 352.608614 1115.477948 213.671095 1283.017455
5438.397428 661.320828 493.250807 856.329479 340.159885 1087.928633 209.544544 1249.877293
5514.205739 641.017573 477.446798 831.339227 328.150654 1057.930063 205.497687 1217.593137
5591.070777 621.337650 462.186504 809.001167 316.565405 1028.758674 201.528986 1186.142877
5669.007271 602.261921 447.413965 785.657273 305.389169 1000.391658 197.636931 1155.504972
5748.030158 583.450388 433.113590 762.986972 294.147703 972.806834 192.083276 1125.658440
5828.154581 565.346226 419.257000 741.136445 283.494943 947.553905 184.846249 1096.582840
5909.395895 547.291907 405.600153 719.636339 273.436343 923.500829 177.881887 1068.258258
5991.769669 530.371500 392.896931 700.346989 263.734629 897.527787 171.179919 1040.665297
6075.291689 514.335132 380.408991 681.506488 254.377139 872.285226 164.730458 1013.785058
6159.977960 499.495770 368.182538 662.717740 244.962584 847.752600 158.523989 987.599131
6245.844712 484.056995 356.414581 644.042330 235.356536 824.422238 152.551359 962.089584
6332.908400 468.826458 344.571410 625.096254 226.127184 802.254352 146.803757 937.238944
6421.185709 455.531669 333.515073 607.254872 217.259754 780.682537 141.208340 913.030193
6510.693555 441.687377 322.813503 590.323513 212.279069 759.690768 135.634980 893.353474
6601.449093 428.549515 312.455316 573.338733 204.806438 739.263446 130.281595 875.073507
6693.469713 415.357764 302.429495 556.842638 197.539761 719.385394 125.139503 857.167587
6786.773051 402.390944 292.725375 540.176173 190.530912 699.328773 120.200365 839.628062
6881.376986 390.804032 283.332632 525.260669 184.598447 680.340176 115.456170 822.447433
6977.299650 379.391465 274.503049 510.147876 177.989910 661.936721 110.899224 805.618359
7074.559423 368.173173 266.063893 495.469908 171.617955 644.031087 106.522136 789.133643
7173.174944 357.498540 257.559881 481.214254 165.474113 626.609807 102.317808 772.986241
7273.165113 346.818524 249.327677 467.368764 159.432198 609.659779 98.279421 757.169251
7374.549090 336.462834 241.358594 453.975973 153.497394 593.168256 94.400424 740.711378
7477.346305 325.909117 233.644220 440.861409 147.959172 577.122835 90.674529 721.132191
7581.576458 315.932004 226.176416 428.176950 142.709476 561.511448 87.095691 702.070540
7687.259522 306.260321 218.947299 415.857448 137.646044 546.322355 83.658106 683.512745
7794.415750 298.030495 211.986709 403.892403 132.762265 531.340413 80.356199 665.445488
7903.065679 289.040945 205.496637 392.891592 128.051767 517.030913 77.184616 647.855801
8013.230128 280.800528 198.765288 381.698724 123.508400 503.106783 74.138212 630.731061
8124.930211 272.257618 192.268746 370.991723 119.534379 489.565041 71.212047 614.058979
8238.187331 263.947630 186.000335 360.303460 115.784694 476.373392 68.401374 597.827589
8353.023195 255.889701 179.865560 350.653956 111.905966 463.544207 65.701636 582.025242
8469.459808 247.856462 173.716067 340.518882 108.154263 451.060524 63.108455 566.640599
8587.519485 240.063377 167.831987 330.676746 104.081694 438.704233 60.617624 551.662616
8707.224849 233.162084 162.498148 321.175730 100.218791 426.837121 58.225103 537.080546
8828.598841 226.043992 157.333823 312.402017 96.680601 415.291018 55.927013 522.883923
8951.664721 219.143205 152.311391 303.483909 93.267324 404.398436 53.719627 509.062559
9076.446073 212.453089 147.413796 294.918290 89.974553 393.507604 51.599364 495.606534
9202.966809 206.339818 142.462385 286.651820 86.798031 382.910073 49.562786 483.808051
9331.251175 200.200398 137.795364 278.617056 83.733656 372.597943 47.606589 472.515070
9461.323756 194.057241 133.460341 270.807504 80.777467 362.563528 45.727602 461.485689
9593.209478 188.122683 129.268803 263.216852 77.925646 352.799350 43.922777 450.713754
9726.933615 182.284150 125.120486 255.838963 75.174507 343.836549 42.189186 440.193256
9862.521795 176.668221 121.176964 248.667875 72.362174 334.685385 40.524019 429.918326
10000.000000 171.276873 117.404287 241.559255 69.633456 325.488543 38.924574 419.883232
