10.000000 0.000335 0.000142 0.000744 0.000108 0.000949 0.000100 0.000995
10.139395 0.000335 0.000142 0.000744 0.000108 0.000949 0.000100 0.000995
10.280732 0.000335 0.000142 0.000744 0.000108 0.000949 0.000100 0.000995
10.424040 0.000335 0.000142 0.000744 0.000108 0.000949 0.000100 0.000995
10.569346 0.000335 0.000142 0.000744 0.000108 0.000949 0.000100 0.000995
10.716676 0.000335 0.000142 0.000744 0.000108 0.000949 0.000100 0.000995
10.866061 0.000335 0.000142 0.000744 0.000108 0.000949 0.000100 0.000995
11.017528 0.000335 0.000142 0.000744 0.000108 0.000949 0.000100 0.000995
11.171107 0.000335 0.000142 0.000744 0.000108 0.000949 0.000100 0.000995
11.326826 0.000335 0.000142 0.000744 0.000108 0.000949 0.000100 0.000995
11.484715 0.000335 0.000142 0.000744 0.000108 0.000949 0.000100 0.000995
11.644806 0.000335 0.000142 0.000744 0.000108 0.000949 0.000100 0.000995
11.807128 0.000335 0.000142 0.000744 0.000108 0.000949 0.000100 0.000995
11.971713 0.000335 0.000142 0.000744 0.000108 0.000949 0.000100 0.000995
12.138593 0.000335 0.000142 0.000744 0.000108 0.000949 0.000100 0.000995
12.307798 0.000335 0.000142 0.000744 0.000108 0.000949 0.000100 0.000995
12.479362 0.000335 0.000142 0.000744 0.000108 0.000949 0.000100 0.000995
12.653318 0.000335 0.000142 0.000744 0.000108 0.000949 0.000100 0.000995
12.829698 0.000335 0.000142 0.000744 0.000108 0.000949 0.000100 0.000995
13.008537 0.000335 0.000142 0.000744 0.000108 0.000949 0.000100 0.000995
13.189869 0.000335 0.000142 0.000744 0.000108 0.000949 0.000100 0.000995
13.373729 0.000335 0.000142 0.000744 0.000108 0.000949 0.000100 0.000995
13.560151 0.000335 0.000142 0.000744 0.000108 0.000949 0.000100 0.000995
13.749172 0.000335 0.000142 0.000744 0.000108 0.000949 0.000100 0.000995
13.940828 0.000335 0.000142 0.000744 0.000108 0.000949 0.000100 0.000995
14.135156 0.000335 0.000142 0.000744 0.000108 0.000949 0.000100 0.000995
14.332192 0.000335 0.000142 0.000744 0.000108 0.000949 0.000100 0.000995
14.531975 0.000335 0.000142 0.000744 0.000108 0.000949 0.000100 0.000995
14.734543 0.000335 0.000142 0.000744 0.000108 0.000949 0.000100 0.000995
14.939935 0.000335 0.000142 0.000744 0.000108 0.000949 0.000100 0.000995
15.148189 0.000335 0.000142 0.000744 0.000108 0.000949 0.000100 0.000995
15.359347 0.000335 0.000142 0.000744 0.000108 0.000949 0.000100 0.000995
15.573448 0.000335 0.000142 0.000744 0.000108 0.000949 0.000100 0.000995
15.790533 0.000335 0.000142 0.000744 0.000108 0.000949 0.000100 0.000995
16.010645 0.000335 0.000142 0.000744 0.000108 0.000949 0.000100 0.000995
16.233824 0.000335 0.000142 0.000744 0.000108 0.000949 0.000100 0.000995
16.460115 0.000335 0.000142 0.000744 0.000108 0.000949 0.000100 0.000995
16.689560 0.000335 0.000142 0.000744 0.000108 0.000949 0.000100 0.000995
16.922204 0.000335 0.000142 0.000744 0.000108 0.000949 0.000100 0.000995
17.158090 0.000335 0.000142 0.000744 0.000108 0.000949 0.000100 0.000995
17.397264 0.000335 0.000142 0.000744 0.000108 0.000949 0.000100 0.000995
17.639773 0.000335 0.000142 0.000744 0.000108 0.000949 0.000100 0.000995
17.885662 0.000335 0.000142 0.000744 0.000108 0.000949 0.000100 0.000995
18.134978 0.000335 0.000142 0.000744 0.000108 0.000949 0.000100 0.000995
18.387770 0.000335 0.000142 0.000744 0.000108 0.000949 0.000100 0.000995
18.644085 0.000335 0.000142 0.000744 0.000108 0.000949 0.000100 0.000995
18.903974 0.000335 0.000142 0.000744 0.000108 0.000949 0.000100 0.000995
19.167485 0.000335 0.000142 0.000744 0.000108 0.000949 0.000100 0.000995
19.434669 0.000335 0.000142 0.000744 0.000108 0.000949 0.000100 0.000995
19.705578 0.000335 0.000142 0.000744 0.000108 0.000949 0.000100 0.000995
19.980263 0.000335 0.000142 0.000744 0.000108 0.000949 0.000100 0.000995
20.258777 0.000335 0.000142 0.000744 0.000108 0.000949 0.000100 0.000995
20.541173 0.000335 0.000142 0.000744 0.000108 0.000949 0.000100 0.000995
20.827506 0.000335 0.000142 0.000744 0.000108 0.000949 0.000100 0.000995
21.117830 0.000335 0.000142 0.000744 0.000108 0.000949 0.000100 0.000995
21.412202 0.000335 0.000142 0.000744 0.000108 0.000949 0.000100 0.000995
21.710676 0.000335 0.000142 0.000744 0.000108 0.000949 0.000100 0.000995
22.013311 0.000335 0.000142 0.000744 0.000108 0.000949 0.000100 0.000995
22.320165 0.000335 0.000142 0.000744 0.000108 0.000949 0.000100 0.000995
22.631296 0.000335 0.000142 0.000744 0.000108 0.000949 0.000100 0.000995
22.946764 0.000335 0.000142 0.000744 0.000108 0.000949 0.000100 0.000995
23.266629 0.000335 0.000142 0.000744 0.000108 0.000949 0.000100 0.000995
23.590953 0.000335 0.000142 0.000744 0.000108 0.000949 0.000100 0.000995
23.919798 0.000335 0.000142 0.000744 0.000108 0.000949 0.000100 0.000995
24.253227 0.000335 0.000142 0.000744 0.000108 0.000949 0.000100 0.000995
24.591304 0.000335 0.000142 0.000744 0.000108 0.000949 0.000100 0.000995
24.934094 0.000335 0.000142 0.000744 0.000108 0.000949 0.000100 0.000995
25.281661 0.000335 0.000142 0.000744 0.000108 0.000949 0.000100 0.000995
25.634074 0.000335 0.000142 0.000744 0.000108 0.000949 0.000100 0.000995
25.991399 0.000335 0.000142 0.000744 0.000108 0.000949 0.000100 0.000995
26.353705 0.000335 0.000142 0.000744 0.000108 0.000949 0.000100 0.000995
26.721062 0.000335 0.000142 0.000744 0.000108 0.000949 0.000100 0.000995
27.093539 0.000335 0.000142 0.000744 0.000108 0.000949 0.000100 0.000995
27.471208 0.000335 0.000142 0.000744 0.000108 0.000949 0.000100 0.000995
27.854142 0.000335 0.000142 0.000744 0.000108 0.000949 0.000100 0.000995
28.242413 0.000335 0.000142 0.000744 0.000108 0.000949 0.000100 0.000995
28.636097 0.000335 0.000142 0.000744 0.000108 0.000949 0.000100 0.000995
29.035269 0.000335 0.000142 0.000744 0.000108 0.000949 0.000100 0.000995
29.440005 0.000335 0.000142 0.000744 0.000108 0.000949 0.000100 0.000995
29.850382 0.000335 0.000142 0.000744 0.000108 0.000949 0.000100 0.000995
30.266481 0.000335 0.000142 0.000744 0.000108 0.000949 0.000100 0.000995
30.688379 0.000335 0.000142 0.000744 0.000108 0.000949 0.000100 0.000995
31.116158 0.000335 0.000142 0.000744 0.000108 0.000949 0.000100 0.000995
31.549901 0.000335 0.000142 0.000744 0.000108 0.000949 0.000100 0.000995
31.989689 0.000335 0.000142 0.000744 0.000108 0.000949 0.000100 0.000995
32.435608 0.000335 0.000142 0.000744 0.000108 0.000949 0.000100 0.000995
32.887743 0.000335 0.000142 0.000744 0.000108 0.000949 0.000100 0.000995
33.346180 0.000335 0.000142 0.000744 0.000108 0.000949 0.000100 0.000995
33.811008 0.000335 0.000142 0.000744 0.000108 0.000949 0.000100 0.000995
34.282315 0.000335 0.000142 0.000744 0.000108 0.000949 0.000100 0.000995
34.760192 0.000335 0.000142 0.000744 0.000108 0.000949 0.000100 0.000995
35.244730 0.000335 0.000142 0.000744 0.000108 0.000949 0.000100 0.000995
35.736022 0.000335 0.000142 0.000744 0.000108 0.000949 0.000100 0.000995
36.234163 0.000335 0.000142 0.000744 0.000108 0.000949 0.000100 0.000995
36.739248 0.000335 0.000142 0.000744 0.000108 0.000949 0.000100 0.000995
37.251373 0.000335 0.000142 0.000744 0.000108 0.000949 0.000100 0.000995
37.770637 0.000335 0.000142 0.000744 0.000108 0.000949 0.000100 0.000995
38.297139 0.000335 0.000142 0.000744 0.000108 0.000949 0.000100 0.000995
38.830980 0.000335 0.000142 0.000744 0.000108 0.000949 0.000100 0.000995
39.372263 0.000335 0.000142 0.000744 0.000108 0.000949 0.000100 0.000995
39.921091 0.000335 0.000142 0.000744 0.000108 0.000949 0.000100 0.000995
40.477570 0.000335 0.000142 0.000744 0.000108 0.000949 0.000100 0.000995
41.041805 0.000335 0.000142 0.000744 0.000108 0.000949 0.000100 0.000995
41.613906 0.000335 0.000142 0.000744 0.000108 0.000949 0.000100 0.000995
42.193981 0.000335 0.000142 0.000744 0.000108 0.000949 0.000100 0.000995
42.782142 0.000335 0.000142 0.000744 0.000108 0.000949 0.000100 0.000995
43.378502 0.000335 0.000142 0.000744 0.000108 0.000949 0.000100 0.000995
43.983175 0.000335 0.000142 0.000744 0.000108 0.000949 0.000100 0.000995
44.596276 0.000335 0.000142 0.000744 0.000108 0.000949 0.000100 0.000995
45.217924 0.000335 0.000142 0.000744 0.000108 0.000949 0.000100 0.000995
45.848238 0.000335 0.000142 0.000744 0.000108 0.000949 0.000100 0.000995
46.487337 0.000335 0.000142 0.000744 0.000108 0.000949 0.000100 0.000995
47.135345 0.000335 0.000142 0.000744 0.000108 0.000949 0.000100 0.000995
47.792386 0.000335 0.000142 0.000744 0.000108 0.000949 0.000100 0.000995
48.458586 0.000335 0.000142 0.000744 0.000108 0.000949 0.000100 0.000995
49.134073 0.000335 0.000142 0.000744 0.000108 0.000949 0.000100 0.000995
49.818975 0.000335 0.000142 0.000744 0.000108 0.000949 0.000100 0.000995
50.513425 0.000335 0.000142 0.000744 0.000108 0.000949 0.000100 0.000995
51.217554 0.000335 0.000142 0.000744 0.000108 0.000949 0.000100 0.000995
51.931499 0.000335 0.000142 0.000744 0.000108 0.000949 0.000100 0.000995
52.655396 0.000335 0.000142 0.000744 0.000108 0.000949 0.000100 0.000995
53.389384 0.000335 0.000142 0.000744 0.000108 0.000949 0.000100 0.000995
54.133603 0.000335 0.000142 0.000744 0.000108 0.000949 0.000100 0.000995
54.888196 0.000335 0.000142 0.000744 0.000108 0.000949 0.000100 0.000995
55.653308 0.000335 0.000142 0.000744 0.000108 0.000949 0.000100 0.000995
56.429085 0.000335 0.000142 0.000744 0.000108 0.000949 0.000100 0.000995
57.215676 0.000335 0.000142 0.000744 0.000108 0.000949 0.000100 0.000995
58.013231 0.000335 0.000142 0.000744 0.000108 0.000949 0.000100 0.000995
58.821904 0.000335 0.000142 0.000744 0.000108 0.000949 0.000100 0.000995
59.641849 0.000335 0.000142 0.000744 0.000108 0.000949 0.000100 0.000995
60.473224 0.000335 0.000142 0.000744 0.000108 0.000949 0.000100 0.000995
61.316188 0.000335 0.000142 0.000744 0.000108 0.000949 0.000100 0.000995
62.170903 0.000335 0.000142 0.000744 0.000108 0.000949 0.000100 0.000995
63.037532 0.000335 0.000142 0.000744 0.000108 0.000949 0.000100 0.000995
63.916241 0.000335 0.000142 0.000744 0.000108 0.000949 0.000100 0.000995
64.807198 0.000335 0.000142 0.000744 0.000108 0.000949 0.000100 0.000995
65.710575 0.000335 0.000142 0.000744 0.000108 0.000949 0.000100 0.000995
66.626545 0.000335 0.000142 0.000744 0.000108 0.000949 0.000100 0.000995
67.555283 0.000335 0.000142 0.000744 0.000108 0.000949 0.000100 0.000995
68.496967 0.000335 0.000142 0.000744 0.000108 0.000949 0.000100 0.000995
69.451778 0.000335 0.000142 0.000744 0.000108 0.000949 0.000100 0.000995
70.419898 0.000335 0.000142 0.000744 0.000108 0.000949 0.000100 0.000995
71.401513 0.000335 0.000142 0.000744 0.000108 0.000949 0.000100 0.000995
72.396811 0.000335 0.000142 0.000744 0.000108 0.000949 0.000100 0.000995
73.405984 0.000335 0.000142 0.000744 0.000108 0.000949 0.000100 0.000995
74.429223 0.000335 0.000142 0.000744 0.000108 0.000949 0.000100 0.000995
75.466726 0.000335 0.000142 0.000744 0.000108 0.000949 0.000100 0.000995
76.518692 0.000335 0.000142 0.000744 0.000108 0.000949 0.000100 0.000995
77.585321 0.000335 0.000142 0.000744 0.000108 0.000949 0.000100 0.000995
78.666818 0.000335 0.000142 0.000744 0.000108 0.000949 0.000100 0.000995
79.763391 0.000335 0.000142 0.000744 0.000108 0.000949 0.000100 0.000995
80.875249 0.000335 0.000142 0.000744 0.000108 0.000949 0.000100 0.000995
82.002606 0.000335 0.000142 0.000744 0.000108 0.000949 0.000100 0.000995
83.145678 0.000335 0.000142 0.000744 0.000108 0.000949 0.000100 0.000995
84.304684 0.000335 0.000142 0.000744 0.000108 0.000949 0.000100 0.000995
85.479845 0.000335 0.000142 0.000744 0.000108 0.000949 0.000100 0.000995
86.671388 0.000335 0.000142 0.000744 0.000108 0.000949 0.000100 0.000995
87.879540 0.000335 0.000142 0.000744 0.000108 0.000949 0.000100 0.000995
89.104533 0.000335 0.000142 0.000744 0.000108 0.000949 0.000100 0.000995
90.346602 0.000335 0.000142 0.000744 0.000108 0.000949 0.000100 0.000995
91.605985 0.000335 0.000142 0.000744 0.000108 0.000949 0.000100 0.000995
92.882923 0.000335 0.000142 0.000744 0.000108 0.000949 0.000100 0.000995
94.177660 0.000335 0.000142 0.000744 0.000108 0.000949 0.000100 0.000995
95.490446 0.000335 0.000142 0.000744 0.000108 0.000949 0.000100 0.000995
96.821531 0.000335 0.000142 0.000744 0.000108 0.000949 0.000100 0.000995
98.171170 0.000335 0.000142 0.000744 0.000108 0.000949 0.000100 0.000995
99.539623 0.000335 0.000142 0.000744 0.000108 0.000949 0.000100 0.000995
100.927151 0.000335 0.000142 0.000744 0.000108 0.000949 0.000100 0.000995
102.334021 0.000335 0.000142 0.000744 0.000108 0.000949 0.000100 0.000995
103.760502 0.000335 0.000142 0.000744 0.000108 0.000949 0.000100 0.000995
105.206867 0.000335 0.000142 0.000744 0.000108 0.000949 0.000100 0.000995
106.673394 0.000335 0.000142 0.000744 0.000108 0.000949 0.000100 0.000995
108.160363 0.000335 0.000142 0.000744 0.000108 0.000949 0.000100 0.000995
109.668060 0.000335 0.000142 0.000744 0.000108 0.000949 0.000100 0.000995
111.196773 0.000335 0.000142 0.000744 0.000108 0.000949 0.000100 0.000995
112.746796 0.000335 0.000142 0.000744 0.000108 0.000949 0.000100 0.000995
114.318425 0.000335 0.000142 0.000744 0.000108 0.000949 0.000100 0.000995
115.911962 0.000335 0.000142 0.000744 0.000108 0.000949 0.000100 0.000995
117.527712 0.000335 0.000142 0.000744 0.000108 0.000949 0.000100 0.000995
119.165984 0.000335 0.000142 0.000744 0.000108 0.000949 0.000100 0.000995
120.827094 0.000335 0.000142 0.000744 0.000108 0.000949 0.000100 0.000995
122.511358 0.000335 0.000142 0.000744 0.000108 0.000949 0.000100 0.000995
124.219100 0.000335 0.000142 0.000744 0.000108 0.000949 0.000100 0.000995
125.950646 0.000335 0.000142 0.000744 0.000108 0.000949 0.000100 0.000995
127.706330 0.000335 0.000142 0.000744 0.000108 0.000949 0.000100 0.000995
129.486487 0.000335 0.000142 0.000744 0.000108 0.000949 0.000100 0.000995
131.291459 0.000335 0.000142 0.000744 0.000108 0.000949 0.000100 0.000995
133.121590 0.000335 0.000142 0.000744 0.000108 0.000949 0.000100 0.000995
134.977233 0.000335 0.000142 0.000744 0.000108 0.000949 0.000100 0.000995
136.858742 0.000335 0.000142 0.000744 0.000108 0.000949 0.000100 0.000995
138.766479 0.000335 0.000142 0.000744 0.000108 0.000949 0.000100 0.000995
140.700809 0.000335 0.000142 0.000744 0.000108 0.000949 0.000100 0.000995
142.662102 0.000335 0.000142 0.000744 0.000108 0.000949 0.000100 0.000995
144.650734 0.000335 0.000142 0.000744 0.000108 0.000949 0.000100 0.000995
146.667087 0.000335 0.000142 0.000744 0.000108 0.000949 0.000100 0.000995
148.711546 0.000335 0.000142 0.000744 0.000108 0.000949 0.000100 0.000995
150.784505 0.000335 0.000142 0.000744 0.000108 0.000949 0.000100 0.000995
152.886359 0.000335 0.000142 0.000744 0.000108 0.000949 0.000100 0.000995
155.017512 0.000335 0.000142 0.000744 0.000108 0.000949 0.000100 0.000995
157.178372 0.000335 0.000142 0.000744 0.000108 0.000949 0.000100 0.000995
159.369353 0.000335 0.000142 0.000744 0.000108 0.000949 0.000100 0.000995
161.590875 0.000335 0.000142 0.000744 0.000108 0.000949 0.000100 0.000995
163.843365 0.000335 0.000142 0.000744 0.000108 0.000949 0.000100 0.000995
166.127252 0.000335 0.000142 0.000744 0.000108 0.000949 0.000100 0.000995
168.442976 0.000335 0.000142 0.000744 0.000108 0.000949 0.000100 0.000995
170.790980 0.000335 0.000142 0.000744 0.000108 0.000949 0.000100 0.000995
173.171713 0.000335 0.000142 0.000744 0.000108 0.000949 0.000100 0.000995
175.585633 0.000335 0.000142 0.000744 0.000108 0.000949 0.000100 0.000995
178.033202 0.000335 0.000142 0.000744 0.000108 0.000949 0.000100 0.000995
180.514888 0.000335 0.000142 0.000744 0.000108 0.000949 0.000100 0.000995
183.031168 0.000335 0.000142 0.000744 0.000108 0.000949 0.000100 0.000995
185.582523 0.000335 0.000142 0.000744 0.000108 0.000949 0.000100 0.000995
188.169442 0.000335 0.000142 0.000744 0.000108 0.000949 0.000100 0.000995
190.792422 0.000335 0.000142 0.000744 0.000108 0.000949 0.000100 0.000995
193.451965 0.000335 0.000142 0.000744 0.000108 0.000949 0.000100 0.000995
196.148581 0.000335 0.000142 0.000744 0.000108 0.000949 0.000100 0.000995
198.882786 0.000335 0.000142 0.000744 0.000108 0.000949 0.000100 0.000995
201.655104 0.000335 0.000142 0.000744 0.000108 0.000949 0.000100 0.000995
204.466067 0.000335 0.000142 0.000744 0.000108 0.000949 0.000100 0.000995
207.316213 0.000335 0.000142 0.000744 0.000108 0.000949 0.000100 0.000995
210.206088 0.000335 0.000142 0.000744 0.000108 0.000949 0.000100 0.000995
213.136247 0.000335 0.000142 0.000744 0.000108 0.000949 0.000100 0.000995
216.107251 0.000335 0.000142 0.000744 0.000108 0.000949 0.000100 0.000995
219.119669 0.000335 0.000142 0.000744 0.000108 0.000949 0.000100 0.000995
222.174078 0.000335 0.000142 0.000744 0.000108 0.000949 0.000100 0.000995
225.271064 0.000335 0.000142 0.000744 0.000108 0.000949 0.000100 0.000995
228.411221 0.000335 0.000142 0.000744 0.000108 0.000949 0.000100 0.000995
231.595149 0.000335 0.000142 0.000744 0.000108 0.000949 0.000100 0.000995
234.823460 0.000335 0.000142 0.000744 0.000108 0.000949 0.000100 0.000995
238.096772 0.000335 0.000142 0.000744 0.000108 0.000949 0.000100 0.000995
241.415712 0.000335 0.000142 0.000744 0.000108 0.000949 0.000100 0.000995
244.780916 0.000335 0.000142 0.000744 0.000108 0.000949 0.000100 0.000995
248.193029 0.000335 0.000142 0.000744 0.000108 0.000949 0.000100 0.000995
251.652705 0.000335 0.000142 0.000744 0.000108 0.000949 0.000100 0.000995
255.160607 0.000335 0.000142 0.000744 0.000108 0.000949 0.000100 0.000995
258.717408 0.000335 0.000142 0.000744 0.000108 0.000949 0.000100 0.000995
262.323788 0.000335 0.000142 0.000744 0.000108 0.000949 0.000100 0.000995
265.980440 0.000335 0.000142 0.000744 0.000108 0.000949 0.000100 0.000995
269.688063 0.000335 0.000142 0.000744 0.000108 0.000949 0.000100 0.000995
273.447368 0.000335 0.000142 0.000744 0.000108 0.000949 0.000100 0.000995
277.259076 0.000335 0.000142 0.000744 0.000108 0.000949 0.000100 0.000995
281.123917 0.000335 0.000142 0.000744 0.000108 0.000949 0.000100 0.000995
285.042632 0.000335 0.000142 0.000744 0.000108 0.000949 0.000100 0.000995
289.015972 0.000335 0.000142 0.000744 0.000108 0.000949 0.000100 0.000995
293.044698 0.000335 0.000142 0.000744 0.000108 0.000949 0.000100 0.000995
297.129582 0.000335 0.000142 0.000744 0.000108 0.000949 0.000100 0.000995
301.271407 0.000335 0.000142 0.000744 0.000108 0.000949 0.000100 0.000995
305.470967 0.000335 0.000142 0.000744 0.000108 0.000949 0.000100 0.000995
309.729067 0.000335 0.000142 0.000744 0.000108 0.000949 0.000100 0.000995
314.046522 0.000335 0.000142 0.000744 0.000108 0.000949 0.000100 0.000995
318.424160 0.000335 0.000142 0.000744 0.000108 0.000949 0.000100 0.000995
322.862820 0.000335 0.000142 0.000744 0.000108 0.000949 0.000100 0.000995
327.363353 0.000335 0.000142 0.000744 0.000108 0.000949 0.000100 0.000995
331.926620 0.000335 0.000142 0.000744 0.000108 0.000949 0.000100 0.000995
336.553498 0.000335 0.000142 0.000744 0.000108 0.000949 0.000100 0.000995
341.244871 0.000335 0.000142 0.000744 0.000108 0.000949 0.000100 0.000995
346.001639 0.000335 0.000142 0.000744 0.000108 0.000949 0.000100 0.000995
350.824714 0.000335 0.000142 0.000744 0.000108 0.000949 0.000100 0.000995
355.715021 0.000335 0.000142 0.000744 0.000108 0.000949 0.000100 0.000995
360.673495 0.000335 0.000142 0.000744 0.000108 0.000949 0.000100 0.000995
365.701088 0.000335 0.000142 0.000744 0.000108 0.000949 0.000100 0.000995
370.798763 0.000335 0.000142 0.000744 0.000108 0.000949 0.000100 0.000995
375.967497 0.000335 0.000142 0.000744 0.000108 0.000949 0.000100 0.000995
381.208280 0.000335 0.000142 0.000744 0.000108 0.000949 0.000100 0.000995
386.522116 0.000335 0.000142 0.000744 0.000108 0.000949 0.000100 0.000995
391.910025 0.000335 0.000142 0.000744 0.000108 0.000949 0.000100 0.000995
397.373038 0.000335 0.000142 0.000744 0.000108 0.000949 0.000100 0.000995
402.912203 0.000335 0.000142 0.000744 0.000108 0.000949 0.000100 0.000995
408.528580 0.000335 0.000142 0.000744 0.000108 0.000949 0.000100 0.000995
414.223247 0.000335 0.000142 0.000744 0.000108 0.000949 0.000100 0.000995
419.997295 0.000335 0.000142 0.000744 0.000108 0.000949 0.000100 0.000995
425.851829 0.000335 0.000142 0.000744 0.000108 0.000949 0.000100 0.000995
431.787973 0.000335 0.000142 0.000744 0.000108 0.000949 0.000100 0.000995
437.806863 0.000335 0.000142 0.000744 0.000108 0.000949 0.000100 0.000995
443.909653 0.000335 0.000142 0.000744 0.000108 0.000949 0.000100 0.000995
450.097513 0.000335 0.000142 0.000744 0.000108 0.000949 0.000100 0.000995
456.371628 0.000335 0.000142 0.000744 0.000108 0.000949 0.000100 0.000995
462.733201 0.000335 0.000142 0.000744 0.000108 0.000949 0.000100 0.000995
469.183451 0.000335 0.000142 0.000744 0.000108 0.000949 0.000100 0.000995
475.723614 0.000335 0.000142 0.000744 0.000108 0.000949 0.000100 0.000995
482.354943 0.000335 0.000142 0.000744 0.000108 0.000949 0.000100 0.000995
489.078709 0.000335 0.000142 0.000744 0.000108 0.000949 0.000100 0.000995
495.896201 0.000335 0.000142 0.000744 0.000108 0.000949 0.000100 0.000995
502.808725 0.000335 0.000142 0.000744 0.000108 0.000949 0.000100 0.000995
509.817606 0.000335 0.000142 0.000744 0.000108 0.000949 0.000100 0.000995
516.924187 0.000335 0.000142 0.000744 0.000108 0.000949 0.000100 0.000995
524.129830 0.000335 0.000142 0.000744 0.000108 0.000949 0.000100 0.000995
531.435916 0.000335 0.000142 0.000744 0.000108 0.000949 0.000100 0.000995
538.843844 0.000335 0.000142 0.000744 0.000108 0.000949 0.000100 0.000995
546.355035 0.000335 0.000142 0.000744 0.000108 0.000949 0.000100 0.000995
553.970928 0.000335 0.000142 0.000744 0.000108 0.000949 0.000100 0.000995
561.692982 0.000335 0.000142 0.000744 0.000108 0.000949 0.000100 0.000995
569.522678 0.000335 0.000142 0.000744 0.000108 0.000949 0.000100 0.000995
577.461515 0.000335 0.000142 0.000744 0.000108 0.000949 0.000100 0.000995
585.511016 0.000335 0.000142 0.000744 0.000108 0.000949 0.000100 0.000995
593.672722 0.000335 0.000142 0.000744 0.000108 0.000949 0.000100 0.000995
601.948197 0.000335 0.000142 0.000744 0.000108 0.000949 0.000100 0.000995
610.339029 0.000335 0.000142 0.000744 0.000108 0.000949 0.000100 0.000995
618.846824 0.000335 0.000142 0.000744 0.000108 0.000949 0.000100 0.000995
627.473213 0.000335 0.000142 0.000744 0.000108 0.000949 0.000100 0.000995
636.219849 0.000335 0.000142 0.000744 0.000108 0.000949 0.000100 0.000995
645.088409 0.000335 0.000142 0.000744 0.000108 0.000949 0.000100 0.000995
654.080591 0.000335 0.000142 0.000744 0.000108 0.000949 0.000100 0.000995
663.198120 0.000335 0.000142 0.000744 0.000108 0.000949 0.000100 0.000995
672.442742 0.000335 0.000142 0.000744 0.000108 0.000949 0.000100 0.000995
681.816229 0.000335 0.000142 0.000744 0.000108 0.000949 0.000100 0.000995
691.320378 0.000335 0.000142 0.000744 0.000108 0.000949 0.000100 0.000995
700.957009 0.000335 0.000142 0.000744 0.000108 0.000949 0.000100 0.000995
710.727970 0.000335 0.000142 0.000744 0.000108 0.000949 0.000100 0.000995
720.635132 0.000335 0.000142 0.000744 0.000108 0.000949 0.000100 0.000995
730.680395 0.000335 0.000142 0.000744 0.000108 0.000949 0.000100 0.000995
740.865683 0.000335 0.000142 0.000744 0.000108 0.000949 0.000100 0.000995
751.192949 0.000335 0.000142 0.000744 0.000108 0.000949 0.000100 0.000995
761.664172 0.000335 0.000142 0.000744 0.000108 0.000949 0.000100 0.000995
772.281357 0.000335 0.000142 0.000744 0.000108 0.000949 0.000100 0.000995
783.046540 0.000335 0.000142 0.000744 0.000108 0.000949 0.000100 0.000995
793.961785 0.000335 0.000142 0.000744 0.000108 0.000949 0.000100 0.000995
805.029181 0.000335 0.000142 0.000744 0.000108 0.000949 0.000100 0.000995
816.250851 0.000335 0.000142 0.000744 0.000108 0.000949 0.000100 0.000995
827.628946 0.000335 0.000142 0.000744 0.000108 0.000949 0.000100 0.000995
839.165644 0.000335 0.000142 0.000744 0.000108 0.000949 0.000100 0.000995
850.863158 0.000335 0.000142 0.000744 0.000108 0.000949 0.000100 0.000995
862.723729 0.000335 0.000142 0.000744 0.000108 0.000949 0.000100 0.000995
874.749630 0.000335 0.000142 0.000744 0.000108 0.000949 0.000100 0.000995
886.943166 0.000335 0.000142 0.000744 0.000108 0.000949 0.000100 0.000995
899.306672 0.000335 0.000142 0.000744 0.000108 0.000949 0.000100 0.000995
911.842520 0.000335 0.000142 0.000744 0.000108 0.000949 0.000100 0.000995
924.553110 0.000335 0.000142 0.000744 0.000108 0.000949 0.000100 0.000995
937.440879 0.000335 0.000142 0.000744 0.000108 0.000949 0.000100 0.000995
950.508296 0.000335 0.000142 0.000744 0.000108 0.000949 0.000100 0.000995
963.757866 0.000335 0.000142 0.000744 0.000108 0.000949 0.000100 0.000995
977.192128 0.000335 0.000142 0.000744 0.000108 0.000949 0.000100 0.000995
990.813657 0.000335 0.000142 0.000744 0.000108 0.000949 0.000100 0.000995
1004.625062 0.000335 0.000142 0.000744 0.000108 0.000949 0.000100 0.000995
1018.628990 0.000335 0.000142 0.000744 0.000108 0.000949 0.000100 0.000995
1032.828126 0.000335 0.000142 0.000744 0.000108 0.000949 0.000100 0.000995
1047.225190 0.000335 0.000142 0.000744 0.000108 0.000949 0.000100 0.000995
1061.822941 0.000335 0.000142 0.000744 0.000108 0.000949 0.000100 0.000995
1076.624177 0.000335 0.000142 0.000744 0.000108 0.000949 0.000100 0.000995
1091.631734 0.000335 0.000142 0.000744 0.000108 0.000949 0.000100 0.000995
1106.848489 0.000335 0.000142 0.000744 0.000108 0.000949 0.000100 0.000995
1122.277356 0.000335 0.000142 0.000744 0.000108 0.000949 0.000100 0.000995
1137.921294 0.000335 0.000142 0.000744 0.000108 0.000949 0.000100 0.000995
1153.783300 0.000335 0.000142 0.000744 0.000108 0.000949 0.000100 0.000995
1169.866413 0.000335 0.000142 0.000744 0.000108 0.000949 0.000100 0.000995
1186.173716 0.000335 0.000142 0.000744 0.000108 0.000949 0.000100 0.000995
1202.708335 0.000335 0.000142 0.000744 0.000108 0.000949 0.000100 0.000995
1219.473437 0.000335 0.000142 0.000744 0.000108 0.000949 0.000100 0.000995
1236.472235 0.000335 0.000142 0.000744 0.000108 0.000949 0.000100 0.000995
1253.707987 0.000335 0.000142 0.000744 0.000108 0.000949 0.000100 0.000995
1271.183997 0.000335 0.000142 0.000744 0.000108 0.000949 0.000100 0.000995
1288.903612 0.000335 0.000142 0.000744 0.000108 0.000949 0.000100 0.000995
1306.870230 0.000335 0.000142 0.000744 0.000108 0.000949 0.000100 0.000995
1325.087292 0.000335 0.000142 0.000744 0.000108 0.000949 0.000100 0.000995
1343.558290 0.000335 0.000142 0.000744 0.000108 0.000949 0.000100 0.000995
1362.286764 0.000335 0.000142 0.000744 0.000108 0.000949 0.000100 0.000995
1381.276303 0.000335 0.000142 0.000744 0.000108 0.000949 0.000100 0.000995
1400.530545 0.000335 0.000142 0.000744 0.000108 0.000949 0.000100 0.000995
1420.053182 0.000335 0.000142 0.000744 0.000108 0.000949 0.000100 0.000995
1439.847953 0.000335 0.000142 0.000744 0.000108 0.000949 0.000100 0.000995
1459.918652 0.000335 0.000142 0.000744 0.000108 0.000949 0.000100 0.000995
1480.269127 0.000335 0.000142 0.000744 0.000108 0.000949 0.000100 0.000995
1500.903276 0.000335 0.000142 0.000744 0.000108 0.000949 0.000100 0.000995
1521.825053 0.000335 0.000142 0.000744 0.000108 0.000949 0.000100 0.000995
1543.038469 0.000335 0.000142 0.000744 0.000108 0.000949 0.000100 0.000995
1564.547589 0.000335 0.000142 0.000744 0.000108 0.000949 0.000100 0.000995
1586.356534 0.000335 0.000142 0.000744 0.000108 0.000949 0.000100 0.000995
1608.469483 0.000335 0.000142 0.000744 0.000108 0.000949 0.000100 0.000995
1630.890676 0.000335 0.000142 0.000744 0.000108 0.000949 0.000100 0.000995
1653.624407 0.000335 0.000142 0.000744 0.000108 0.000949 0.000100 0.000995
1676.675035 0.000335 0.000142 0.000744 0.000108 0.000949 0.000100 0.000995
1700.046975 0.000335 0.000142 0.000744 0.000108 0.000949 0.000100 0.000995
1723.744708 0.000335 0.000142 0.000744 0.000108 0.000949 0.000100 0.000995
1747.772774 0.000335 0.000142 0.000744 0.000108 0.000949 0.000100 0.000995
1772.135779 0.000335 0.000142 0.000744 0.000108 0.000949 0.000100 0.000995
1796.838391 0.000335 0.000142 0.000744 0.000108 0.000949 0.000100 0.000995
1821.885343 0.000335 0.000142 0.000744 0.000108 0.000949 0.000100 0.000995
1847.281437 0.000335 0.000142 0.000744 0.000108 0.000949 0.000100 0.000995
1873.031539 0.000335 0.000142 0.000744 0.000108 0.000949 0.000100 0.000995
1899.140582 0.000335 0.000142 0.000744 0.000108 0.000949 0.000100 0.000995
1925.613572 0.000335 0.000142 0.000744 0.000108 0.000949 0.000100 0.000995
1952.455581 0.000335 0.000142 0.000744 0.000108 0.000949 0.000100 0.000995
1979.671753 0.000335 0.000142 0.000744 0.000108 0.000949 0.000100 0.000995
2007.267304 0.000335 0.000142 0.000744 0.000108 0.000949 0.000100 0.000995
2035.247521 0.000335 0.000142 0.000744 0.000108 0.000949 0.000100 0.000995
2063.617768 0.000335 0.000142 0.000744 0.000108 0.000949 0.000100 0.000995
2092.383480 0.000335 0.000142 0.000744 0.000108 0.000949 0.000100 0.000995
2121.550171 0.000335 0.000142 0.000744 0.000108 0.000949 0.000100 0.000995
2151.123430 0.000335 0.000142 0.000744 0.000108 0.000949 0.000100 0.000995
2181.108924 0.000335 0.000142 0.000744 0.000108 0.000949 0.000100 0.000995
2211.512400 0.000335 0.000142 0.000744 0.000108 0.000949 0.000100 0.000995
2242.339683 0.000335 0.000142 0.000744 0.000108 0.000949 0.000100 0.000995
2273.596682 0.000335 0.000142 0.000744 0.000108 0.000949 0.000100 0.000995
2305.289387 0.000335 0.000142 0.000744 0.000108 0.000949 0.000100 0.000995
2337.423871 0.000335 0.000142 0.000744 0.000108 0.000949 0.000100 0.000995
2370.006292 0.000335 0.000142 0.000744 0.000108 0.000949 0.000100 0.000995
2403.042894 0.000335 0.000142 0.000744 0.000108 0.000949 0.000100 0.000995
2436.540009 0.000335 0.000142 0.000744 0.000108 0.000949 0.000100 0.000995
2470.504055 0.000335 0.000142 0.000744 0.000108 0.000949 0.000100 0.000995
2504.941542 0.000335 0.000142 0.000744 0.000108 0.000949 0.000100 0.000995
2539.859069 0.000335 0.000142 0.000744 0.000108 0.000949 0.000100 0.000995
2575.263327 0.000335 0.000142 0.000744 0.000108 0.000949 0.000100 0.000995
2611.161101 0.000335 0.000142 0.000744 0.000108 0.000949 0.000100 0.000995
2647.559271 0.000335 0.000142 0.000744 0.000108 0.000949 0.000100 0.000995
2684.464811 0.000335 0.000142 0.000744 0.000108 0.000949 0.000100 0.000995
2721.884795 0.000335 0.000142 0.000744 0.000108 0.000949 0.000100 0.000995
2759.826392 0.000335 0.000142 0.000744 0.000108 0.000949 0.000100 0.000995
2798.296876 0.000335 0.000142 0.000744 0.000108 0.000949 0.000100 0.000995
2837.303617 0.000335 0.000142 0.000744 0.000108 0.000949 0.000100 0.000995
2876.854090 0.000335 0.000142 0.000744 0.000108 0.000949 0.000100 0.000995
2916.955876 0.000335 0.000142 0.000744 0.000108 0.000949 0.000100 0.000995
2957.616659 0.000335 0.000142 0.000744 0.000108 0.000949 0.000100 0.000995
2998.844231 0.000335 0.000142 0.000744 0.000108 0.000949 0.000100 0.000995
3040.646493 0.000335 0.000142 0.000744 0.000108 0.000949 0.000100 0.000995
3083.031457 0.000335 0.000142 0.000744 0.000108 0.000949 0.000100 0.000995
3126.007243 0.000335 0.000142 0.000744 0.000108 0.000949 0.000100 0.000995
3169.582089 0.000335 0.000142 0.000744 0.000108 0.000949 0.000100 0.000995
3213.764344 0.000335 0.000142 0.000744 0.000108 0.000949 0.000100 0.000995
3258.562476 0.000335 0.000142 0.000744 0.000108 0.000949 0.000100 0.000995
3303.985070 0.000335 0.000142 0.000744 0.000108 0.000949 0.000100 0.000995
3350.040830 0.000335 0.000142 0.000744 0.000108 0.000949 0.000100 0.000995
3396.738582 0.000335 0.000142 0.000744 0.000108 0.000949 0.000100 0.000995
3444.087276 0.000335 0.000142 0.000744 0.000108 0.000949 0.000100 0.000995
3492.095985 0.000335 0.000142 0.000744 0.000108 0.000949 0.000100 0.000995
3540.773909 0.000335 0.000142 0.000744 0.000108 0.000949 0.000100 0.000995
3590.130377 0.000335 0.000142 0.000744 0.000108 0.000949 0.000100 0.000995
3640.174847 0.000335 0.000142 0.000744 0.000108 0.000949 0.000100 0.000995
3690.916911 0.000335 0.000142 0.000744 0.000108 0.000949 0.000100 0.000995
3742.366291 0.000335 0.000142 0.000744 0.000108 0.000949 0.000100 0.000995
3794.532847 0.000335 0.000142 0.000744 0.000108 0.000949 0.000100 0.000995
3847.426577 0.000335 0.000142 0.000744 0.000108 0.000949 0.000100 0.000995
3901.057617 0.000335 0.000142 0.000744 0.000108 0.000949 0.000100 0.000995
3955.436245 0.000335 0.000142 0.000744 0.000108 0.000949 0.000100 0.000995
4010.572881 0.000335 0.000142 0.000744 0.000108 0.000949 0.000100 0.000995
4066.478092 0.000335 0.000142 0.000744 0.000108 0.000949 0.000100 0.000995
4123.162591 0.000335 0.000142 0.000744 0.000108 0.000949 0.000100 0.000995
4180.637241 0.000335 0.000142 0.000744 0.000108 0.000949 0.000100 0.000995
4238.913057 0.000335 0.000142 0.000744 0.000108 0.000949 0.000100 0.000995
4298.001206 0.000335 0.000142 0.000744 0.000108 0.000949 0.000100 0.000995
4357.913012 0.000335 0.000142 0.000744 0.000108 0.000949 0.000100 0.000995
4418.659956 0.000335 0.000142 0.000744 0.000108 0.000949 0.000100 0.000995
4480.253680 0.000335 0.000142 0.000744 0.000108 0.000949 0.000100 0.000995
4542.705986 0.000335 0.000142 0.000744 0.000108 0.000949 0.000100 0.000995
4606.028844 0.000335 0.000142 0.000744 0.000108 0.000949 0.000100 0.000995
4670.234388 0.000335 0.000142 0.000744 0.000108 0.000949 0.000100 0.000995
4735.334923 0.000335 0.000142 0.000744 0.000108 0.000949 0.000100 0.000995
4801.342924 0.000335 0.000142 0.000744 0.000108 0.000949 0.000100 0.000995
4868.271040 0.000335 0.000142 0.000744 0.000108 0.000949 0.000100 0.000995
4936.132098 0.000335 0.000142 0.000744 0.000108 0.000949 0.000100 0.000995
5004.939103 0.000335 0.000142 0.000744 0.000108 0.000949 0.000100 0.000995
5074.705239 0.000335 0.000142 0.000744 0.000108 0.000949 0.000100 0.000995
5145.443878 0.000335 0.000142 0.000744 0.000108 0.000949 0.000100 0.000995
5217.168576 0.000335 0.000142 0.000744 0.000108 0.000949 0.000100 0.000995
5289.893076 0.000335 0.000142 0.000744 0.000108 0.000949 0.000100 0.000995
5363.631317 0.000335 0.000142 0.000744 0.000108 0.000949 0.000100 0.000995
5438.397428 0.000335 0.000142 0.000744 0.000108 0.000949 0.000100 0.000995
5514.205739 0.000335 0.000142 0.000744 0.000108 0.000949 0.000100 0.000995
5591.070777 0.000335 0.000142 0.000744 0.000108 0.000949 0.000100 0.000995
5669.007271 0.000335 0.000142 0.000744 0.000108 0.000949 0.000100 0.000995
5748.030158 0.000335 0.000142 0.000744 0.000108 0.000949 0.000100 0.000995
5828.154581 0.000335 0.000142 0.000744 0.000108 0.000949 0.000100 0.000995
5909.395895 0.000335 0.000142 0.000744 0.000108 0.000949 0.000100 0.000995
5991.769669 0.000335 0.000142 0.000744 0.000108 0.000949 0.000100 0.000995
6075.291689 0.000335 0.000142 0.000744 0.000108 0.000949 0.000100 0.000995
6159.977960 0.000335 0.000142 0.000744 0.000108 0.000949 0.000100 0.000995
6245.844712 0.000335 0.000142 0.000744 0.000108 0.000949 0.000100 0.000995
6332.908400 0.000335 0.000142 0.000744 0.000108 0.000949 0.000100 0.000995
6421.185709 0.000335 0.000142 0.000744 0.000108 0.000949 0.000100 0.000995
6510.693555 0.000335 0.000142 0.000744 0.000108 0.000949 0.000100 0.000995
6601.449093 0.000335 0.000142 0.000744 0.000108 0.000949 0.000100 0.000995
6693.469713 0.000335 0.000142 0.000744 0.000108 0.000949 0.000100 0.000995
6786.773051 0.000335 0.000142 0.000744 0.000108 0.000949 0.000100 0.000995
6881.376986 0.000335 0.000142 0.000744 0.000108 0.000949 0.000100 0.000995
6977.299650 0.000335 0.000142 0.000744 0.000108 0.000949 0.000100 0.000995
7074.559423 0.000335 0.000142 0.000744 0.000108 0.000949 0.000100 0.000995
7173.174944 0.000335 0.000142 0.000744 0.000108 0.000949 0.000100 0.000995
7273.165113 0.000335 0.000142 0.000744 0.000108 0.000949 0.000100 0.000995
7374.549090 0.000335 0.000142 0.000744 0.000108 0.000949 0.000100 0.000995
7477.346305 0.000335 0.000142 0.000744 0.000108 0.000949 0.000100 0.000995
7581.576458 0.000335 0.000142 0.000744 0.000108 0.000949 0.000100 0.000995
7687.259522 0.000335 0.000142 0.000744 0.000108 0.000949 0.000100 0.000995
7794.415750 0.000335 0.000142 0.000744 0.000108 0.000949 0.000100 0.000995
7903.065679 0.000335 0.000142 0.000744 0.000108 0.000949 0.000100 0.000995
8013.230128 0.000335 0.000142 0.000744 0.000108 0.000949 0.000100 0.000995
8124.930211 0.000335 0.000142 0.000744 0.000108 0.000949 0.000100 0.000995
8238.187331 0.000335 0.000142 0.000744 0.000108 0.000949 0.000100 0.000995
8353.023195 0.000335 0.000142 0.000744 0.000108 0.000949 0.000100 0.000995
8469.459808 0.000335 0.000142 0.000744 0.000108 0.000949 0.000100 0.000995
8587.519485 0.000335 0.000142 0.000744 0.000108 0.000949 0.000100 0.000995
8707.224849 0.000335 0.000142 0.000744 0.000108 0.000949 0.000100 0.000995
8828.598841 0.000335 0.000142 0.000744 0.000108 0.000949 0.000100 0.000995
8951.664721 0.000335 0.000142 0.000744 0.000108 0.000949 0.000100 0.000995
9076.446073 0.000335 0.000142 0.000744 0.000108 0.000949 0.000100 0.000995
9202.966809 0.000335 0.000142 0.000744 0.000108 0.000949 0.000100 0.000995
9331.251175 0.000335 0.000142 0.000744 0.000108 0.000949 0.000100 0.000995
9461.323756 0.000335 0.000142 0.000744 0.000108 0.000949 0.000100 0.000995
9593.209478 0.000335 0.000142 0.000744 0.000108 0.000949 0.000100 0.000995
9726.933615 0.000335 0.000142 0.000744 0.000108 0.000949 0.000100 0.000995
9862.521795 0.000335 0.000142 0.000744 0.000108 0.000949 0.000100 0.000995
10000.000000 0.000335 0.000142 0.000744 0.000108 0.000949 0.000100 0.000995
