10.000000 -0.834232 -1.544045 0.077284 -2.083056 0.571726 -2.644055 0.876878
10.139395 -0.847221 -1.558020 0.070993 -2.116219 0.562518 -2.653077 0.876377
10.280732 -0.852644 -1.569841 0.061176 -2.203288 0.557315 -2.662125 0.875864
10.424040 -0.869527 -1.590301 0.054408 -2.233132 0.553401 -2.671197 0.875350
10.569346 -0.885173 -1.601908 0.039183 -2.254792 0.549427 -2.689454 0.874823
10.716676 -0.898709 -1.609609 0.033392 -2.254792 0.545708 -2.689414 0.874288
10.866061 -0.908020 -1.619379 0.027504 -2.254792 0.544648 -2.601699 0.873740
11.017528 -0.918433 -1.626986 0.022926 -2.254792 0.543563 -2.610473 0.873186
11.171107 -0.930971 -1.636973 0.017650 -2.258746 0.542457 -2.619268 0.872627
11.326826 -0.941786 -1.652809 0.012345 -2.258746 0.541329 -2.628082 0.872054
11.484715 -0.947807 -1.658303 0.009772 -2.263551 0.539980 -2.636915 0.871472
11.644806 -0.952262 -1.664734 0.001579 -2.265589 0.535057 -2.645768 0.870880
11.807128 -0.961508 -1.686116 -0.011369 -2.272020 0.530078 -2.654638 0.870277
11.971713 -0.971070 -1.701194 -0.015225 -2.273350 0.525043 -2.663527 0.869664
12.138593 -0.977067 -1.705428 -0.022926 -2.272020 0.519950 -2.672433 0.869041
12.307798 -0.985354 -1.716709 -0.032030 -2.278449 0.514799 -2.681356 0.868407
12.479362 -0.990227 -1.721493 -0.033896 -2.278449 0.509590 -2.690296 0.867763
12.653318 -0.993680 -1.733146 -0.039407 -2.282692 0.504321 -2.699252 0.867107
12.829698 -1.003671 -1.742005 -0.044934 -2.287858 0.498992 -2.708225 0.866439
13.008537 -1.017089 -1.753723 -0.050478 -2.295211 0.495697 -2.717213 0.865761
13.189869 -1.024046 -1.769693 -0.056038 -2.296096 0.494297 -2.726216 0.865070
13.373729 -1.030517 -1.803797 -0.061613 -2.299815 0.492868 -2.735234 0.864367
13.560151 -1.036671 -1.822598 -0.076425 -2.310887 0.491402 -2.744266 0.863653
13.749172 -1.042605 -1.829302 -0.091555 -2.311054 0.486130 -2.753313 0.862925
13.940828 -1.050301 -1.843103 -0.099045 -2.315822 0.480086 -2.762373 0.862185
14.135156 -1.056451 -1.865058 -0.104480 -2.318516 0.478569 -2.771448 0.861429
14.332192 -1.063804 -1.903077 -0.108781 -2.339041 0.475730 -2.780535 0.860666
14.531975 -1.072072 -1.949259 -0.114124 -2.339701 0.475627 -2.789635 0.859886
14.734543 -1.077565 -1.966681 -0.125222 -2.340106 0.475523 -2.798748 0.859092
14.939935 -1.083940 -2.004677 -0.137228 -2.345555 0.471539 -2.807873 0.858282
15.148189 -1.088858 -2.030034 -0.140911 -2.351019 0.466675 -2.817010 0.857463
15.359347 -1.100659 -2.054750 -0.158021 -2.356759 0.466303 -2.826159 0.856624
15.573448 -1.105878 -2.065561 -0.171134 -2.365722 0.465921 -2.835319 0.855775
15.790533 -1.113125 -2.080609 -0.177928 -2.367026 0.465534 -2.844491 0.854909
16.010645 -1.120441 -2.096468 -0.195522 -2.375777 0.460892 -2.853674 0.854026
16.233824 -1.124809 -2.098050 -0.201154 -2.377359 0.454458 -2.862868 0.853129
16.460115 -1.143095 -2.114726 -0.210101 -2.381302 0.450923 -2.872072 0.852215
16.689560 -1.142835 -2.133725 -0.214684 -2.381302 0.450723 -2.881288 0.851284
16.922204 -1.156679 -2.140331 -0.218208 -2.381726 0.450520 -2.890513 0.850337
17.158090 -1.160819 -2.153195 -0.223945 -2.381726 0.443971 -2.899749 0.849373
17.397264 -1.168997 -2.158453 -0.229706 -2.381726 0.436592 -2.908994 0.848391
17.639773 -1.174113 -2.167301 -0.235493 -2.386365 0.429077 -2.918250 0.847391
17.885662 -1.198188 -2.172385 -0.244426 -2.386606 0.423197 -2.927516 0.846374
18.134978 -1.200139 -2.174466 -0.252020 -2.386606 0.415363 -2.936791 0.845337
18.387770 -1.199460 -2.177153 -0.266075 -2.389697 0.407384 -2.946077 0.844280
18.644085 -1.205687 -2.182966 -0.274203 -2.395251 0.397619 -2.955372 0.843207
18.903974 -1.207588 -2.183570 -0.278194 -2.400740 0.389391 -2.964676 0.842113
19.167485 -1.227049 -2.185695 -0.285956 -2.406161 0.382557 -2.973991 0.840999
19.434669 -1.230845 -2.185878 -0.291839 -2.411513 0.373974 -2.983315 0.839864
19.705578 -1.233307 -2.186238 -0.297017 -2.413271 0.365234 -2.992649 0.838708
19.980263 -1.236484 -2.189749 -0.299259 -2.413271 0.356332 -3.001992 0.837530
20.258777 -1.261462 -2.192481 -0.308641 -2.413477 0.347265 -3.011346 0.836331
20.541173 -1.278110 -2.194441 -0.311289 -2.432183 0.338032 -3.020709 0.835109
20.827506 -1.302148 -2.204059 -0.315036 -2.437155 0.330092 -3.030083 0.833865
21.117830 -1.297294 -2.208364 -0.317273 -2.441340 0.326939 -3.039467 0.832598
21.412202 -1.311892 -2.212313 -0.324557 -2.441340 0.323718 -3.048861 0.831306
21.710676 -1.309640 -2.213409 -0.331413 -2.446193 0.320425 -3.058266 0.829991
22.013311 -1.315816 -2.214189 -0.338544 -2.445319 0.317061 -3.067682 0.828651
22.320165 -1.321993 -2.214497 -0.343306 -2.452736 0.313624 -3.077109 0.827285
22.631296 -1.324554 -2.216900 -0.352933 -2.458427 0.310111 -3.075563 0.825894
22.946764 -1.339675 -2.222123 -0.358889 -2.467524 0.306520 -3.084744 0.824476
23.266629 -1.346460 -2.229822 -0.367230 -2.473790 0.303229 -3.093932 0.823031
23.590953 -1.351810 -2.232409 -0.373012 -2.478739 0.302074 -3.103127 0.821559
23.919798 -1.364773 -2.234598 -0.381454 -2.483302 0.300905 -3.112330 0.820059
24.253227 -1.365194 -2.236297 -0.387564 -2.487724 0.299722 -3.121541 0.818530
24.591304 -1.375227 -2.239210 -0.393756 -2.489796 0.298523 -3.130760 0.816972
24.934094 -1.388545 -2.241471 -0.419007 -2.493536 0.297309 -3.139988 0.815384
25.281661 -1.409156 -2.243894 -0.449107 -2.497167 0.296081 -3.149225 0.813764
25.634074 -1.423004 -2.246606 -0.459292 -2.500689 0.294837 -3.158472 0.812116
25.991399 -1.456426 -2.252071 -0.463731 -2.504098 0.293577 -3.167729 0.810435
26.353705 -1.462272 -2.254333 -0.468203 -2.507394 0.292302 -3.176996 0.808721
26.721062 -1.473717 -2.257499 -0.478395 -2.510575 0.291011 -3.186274 0.806973
27.093539 -1.484262 -2.258746 -0.484454 -2.514579 0.289705 -3.195564 0.805192
27.471208 -1.507607 -2.262003 -0.491575 -2.516587 0.288382 -3.204865 0.803376
27.854142 -1.511286 -2.262491 -0.497963 -2.519416 0.276225 -3.214180 0.801525
28.242413 -1.520198 -2.268256 -0.505205 -2.522124 0.271028 -3.223508 0.799637
28.636097 -1.527679 -2.268310 -0.510911 -2.524710 0.270314 -3.232850 0.797712
29.035269 -1.540074 -2.270397 -0.517387 -2.525262 0.269590 -3.242207 0.795750
29.440005 -1.552108 -2.270618 -0.523950 -2.527297 0.268854 -3.251579 0.793749
29.850382 -1.577332 -2.274266 -0.530557 -2.530131 0.268113 -3.260968 0.791708
30.266481 -1.599081 -2.280723 -0.566197 -2.533827 0.215678 -3.270373 0.789627
30.688379 -1.614167 -2.281913 -0.573740 -2.535796 0.210023 -3.279797 0.787505
31.116158 -1.636957 -2.285912 -0.579969 -2.537639 0.204246 -3.289239 0.785341
31.549901 -1.651893 -2.286587 -0.588732 -2.542239 0.198345 -3.298701 0.783132
31.989689 -1.669728 -2.288578 -0.604777 -2.546657 0.173722 -3.308184 0.780882
32.435608 -1.695396 -2.291580 -0.617918 -2.556770 0.170552 -3.317689 0.778586
32.887743 -1.713329 -2.292883 -0.630795 -2.563213 0.167353 -3.327217 0.776243
33.346180 -1.723360 -2.295638 -0.637182 -2.565010 0.164124 -3.336768 0.773855
33.811008 -1.741150 -2.295820 -0.651728 -2.565010 0.149475 -3.072543 0.771417
34.282315 -1.752175 -2.299052 -0.657578 -2.565010 0.147014 -3.079791 0.768931
34.760192 -1.790310 -2.302006 -0.671522 -2.569670 0.144526 -3.087021 0.766395
35.244730 -1.815187 -2.302006 -0.689634 -2.579096 0.142011 -3.094232 0.763807
35.736022 -1.829758 -2.301399 -0.703868 -2.584275 0.121244 -3.101425 0.657995
36.234163 -1.860314 -2.304784 -0.723305 -2.595064 0.116174 -3.108601 0.595710
36.739248 -1.873059 -2.309837 -0.729205 -2.604673 0.111038 -3.115758 0.593073
37.251373 -1.886533 -2.310887 -0.755278 -2.612306 0.105837 -3.122898 0.590381
37.770637 -1.896457 -2.312224 -0.761165 -2.617582 0.100568 -3.130020 0.587633
38.297139 -1.911273 -2.314719 -0.769810 -2.610278 0.095232 -3.093787 0.584824
38.830980 -1.927725 -2.315892 -0.785249 -2.615454 0.089827 -3.100362 0.581958
39.372263 -1.944789 -2.315892 -0.791310 -2.616074 0.084352 -3.106915 0.579031
39.921091 -1.945800 -2.315892 -0.797217 -2.619159 0.078807 -3.113446 0.576042
40.477570 -1.966487 -2.318892 -0.812751 -2.622120 0.073136 -3.119955 0.554257
41.041805 -1.973093 -2.324686 -0.826455 -2.620991 0.058951 -3.126443 0.504297
41.613906 -1.980971 -2.328607 -0.833031 -2.615755 0.049988 -3.128388 0.503709
42.193981 -1.980971 -2.330727 -0.839632 -2.612801 0.040843 -3.135583 0.503114
42.782142 -2.019332 -2.337332 -0.851071 -2.605662 0.018198 -3.142762 0.439899
43.378502 -2.024860 -2.339701 -0.858240 -2.604148 0.013514 -3.149926 0.439103
43.983175 -2.029495 -2.340133 -0.864048 -2.605522 0.008803 -3.157074 0.438301
44.596276 -2.035832 -2.341463 -0.871969 -2.610324 0.002383 -3.164207 0.437487
45.217924 -2.039940 -2.340106 -0.877306 -2.609349 -0.007716 -3.171326 0.436667
45.848238 -2.039940 -2.340133 -0.884204 -2.610841 -0.018014 -3.178430 0.435828
46.487337 -2.052842 -2.342477 -0.901734 -2.615359 -0.028512 -3.185519 0.434985
47.135345 -2.057625 -2.342679 -0.909149 -2.619761 -0.039215 -3.192595 0.434128
47.792386 -2.068002 -2.342679 -0.931212 -2.624045 -0.072883 -3.199657 0.433259
48.458586 -2.073806 -2.345700 -0.936338 -2.628597 -0.083617 -3.206705 0.432376
49.134073 -2.079216 -2.346585 -0.951503 -2.638968 -0.089801 -3.213740 0.431485
49.818975 -2.082487 -2.346844 -0.954808 -2.640647 -0.094145 -3.003596 0.430584
50.513425 -2.083925 -2.346844 -0.982523 -2.643517 -0.117046 -2.979559 0.429669
51.217554 -2.087637 -2.347583 -0.987657 -2.645405 -0.128608 -2.985262 0.428741
51.931499 -2.087820 -2.350785 -0.985616 -2.647117 -0.140384 -2.990934 0.427798
52.655396 -2.094720 -2.354648 -0.997875 -2.650461 -0.152377 -2.996575 0.426849
53.389384 -2.098575 -2.356278 -1.008981 -2.650070 -0.168591 -3.002186 0.425882
54.133603 -2.105590 -2.359881 -1.022650 -2.646360 -0.184964 -3.007766 0.424907
54.888196 -2.111507 -2.365722 -1.029920 -2.650388 -0.190106 -3.013317 0.423914
55.653308 -2.117888 -2.366630 -1.034853 -2.653536 -0.202572 -3.018837 0.422914
56.429085 -2.122307 -2.365722 -1.043768 -2.653453 -0.215689 -3.024326 0.421895
57.215676 -2.127857 -2.366630 -1.054460 -2.653089 -0.229038 -3.029786 0.420865
58.013231 -2.132618 -2.366630 -1.066636 -2.655685 -0.242620 -3.035216 0.419825
58.821904 -2.138608 -2.366138 -1.072279 -2.656936 -0.253451 -3.040615 0.418765
59.641849 -2.139483 -2.370306 -1.077143 -2.657654 -0.258851 -3.045985 0.417697
60.473224 -2.141845 -2.375197 -1.082603 -2.658345 -0.267975 -3.051325 0.416610
61.316188 -2.144224 -2.375777 -1.087291 -2.662999 -0.273344 -3.056635 0.415514
62.170903 -2.146439 -2.377016 -1.094199 -2.673836 -0.295241 -3.061916 0.414398
63.037532 -2.152377 -2.381205 -1.099670 -2.669447 -0.296724 -3.067168 0.413270
63.916241 -2.158662 -2.381302 -1.108549 -2.667666 -0.298226 -3.072390 0.412128
64.807198 -2.158662 -2.384159 -1.114194 -2.666945 -0.299748 -3.077583 0.410971
65.710575 -2.158662 -2.383604 -1.120172 -2.663832 -0.301289 -3.082747 0.409799
66.626545 -2.161215 -2.386017 -1.130016 -2.663258 -0.305300 -3.087882 0.408611
67.555283 -2.161215 -2.386606 -1.134503 -2.664078 -0.322169 -3.092988 0.407410
68.496967 -2.167301 -2.393199 -1.140369 -2.664950 -0.355662 -3.098066 0.406189
69.451778 -2.167907 -2.394453 -1.145069 -2.665879 -0.360084 -3.103115 0.405282
70.419898 -2.169143 -2.396519 -1.152705 -2.666870 -0.374222 -3.108136 0.404457
71.401513 -2.172214 -2.402184 -1.157033 -2.667927 -0.391297 -3.113129 0.403621
72.396811 -2.173380 -2.405291 -1.163557 -2.669055 -0.396407 -3.118094 0.402768
73.405984 -2.175819 -2.409756 -1.168896 -2.682755 -0.401516 -3.123030 0.401915
74.429223 -2.176391 -2.410552 -1.177490 -2.681097 -0.406625 -3.023917 0.401044
75.466726 -2.177231 -2.413292 -1.183120 -2.672888 -0.411734 -3.043486 0.400162
76.518692 -2.180835 -2.415650 -1.188678 -2.674322 -0.416845 -3.062157 0.399268
77.585321 -2.182336 -2.418742 -1.201813 -2.678178 -0.421958 -3.079908 0.398361
78.666818 -2.182966 -2.421368 -1.209178 -2.678561 -0.427074 -3.096721 0.397443
79.763391 -2.183570 -2.425549 -1.214783 -2.682001 -0.440040 -3.112578 0.396512
80.875249 -2.185695 -2.427613 -1.224175 -2.685434 -0.446145 -3.127462 0.395568
82.002606 -2.185695 -2.427657 -1.227336 -2.688892 -0.451822 -3.141361 0.394612
83.145678 -2.185878 -2.429535 -1.238358 -2.710011 -0.457490 -3.154263 0.393642
84.304684 -2.186238 -2.428577 -1.247347 -2.704698 -0.463148 -3.166159 0.392660
85.479845 -2.187895 -2.429742 -1.250175 -2.699061 -0.468797 -3.175543 0.391664
86.671388 -2.189276 -2.429742 -1.254535 -2.702434 -0.474435 -3.181081 0.390655
87.879540 -2.190440 -2.430477 -1.258872 -2.705789 -0.480062 -3.191002 0.389632
89.104533 -2.191069 -2.432000 -1.264902 -2.705860 -0.495322 -3.199906 0.388596
90.346602 -2.192481 -2.433030 -1.276139 -2.712444 -0.500935 -3.207792 0.387545
91.605985 -2.192829 -2.439420 -1.280773 -2.727325 -0.506537 -3.214663 0.386480
92.882923 -2.192914 -2.433521 -1.296306 -2.720375 -0.518557 -3.220526 0.385401
94.177660 -2.193638 -2.441340 -1.300809 -2.738376 -0.524401 -3.224823 0.384307
95.490446 -2.193638 -2.436297 -1.305295 -2.749674 -0.530243 -3.227673 0.383199
96.821531 -2.193638 -2.437722 -1.309753 -2.752798 -0.536082 -3.229570 0.382075
98.171170 -2.196504 -2.442632 -1.315008 -2.743452 -0.555265 -3.230537 -0.103366
99.539623 -2.198371 -2.442722 -1.318654 -2.744760 -0.562673 -3.230596 -0.110340
100.927151 -2.198498 -2.442230 -1.328458 -2.752731 -0.570154 -3.229775 -0.117343
102.334021 -2.199817 -2.446854 -1.331950 -2.758763 -0.577710 -3.228102 -0.124377
103.760502 -2.200560 -2.442722 -1.340239 -2.758846 -0.586162 -3.225611 -0.133065
105.206867 -2.199817 -2.445569 -1.345010 -2.759105 -0.593018 -3.222334 -0.139875
106.673394 -2.201347 -2.447276 -1.349093 -2.774730 -0.600860 -3.218310 -0.146711
108.160363 -2.204059 -2.447276 -1.353212 -2.788359 -0.608746 -3.213577 -0.153574
109.668060 -2.205551 -2.450243 -1.363550 -2.786275 -0.623043 -3.208175 -0.160464
111.196773 -2.208364 -2.450243 -1.369209 -2.795591 -0.637641 -3.202147 -0.167382
112.746796 -2.208018 -2.447276 -1.376357 -2.805693 -0.643089 -3.195537 -0.174534
114.318425 -2.205551 -2.448653 -1.389781 -2.800891 -0.649086 -3.188390 -0.181843
115.911962 -2.205551 -2.452196 -1.394179 -2.810624 -0.661071 -3.193286 -0.189191
117.527712 -2.208364 -2.455814 -1.400784 -2.817975 -0.673133 -3.194848 -0.196579
119.165984 -2.208363 -2.457699 -1.405322 -2.816730 -0.680697 -3.198930 -0.204009
120.827094 -2.209200 -2.459588 -1.409916 -2.815161 -0.685992 -3.202164 -0.211482
122.511358 -2.211019 -2.465013 -1.414565 -2.821137 -0.691269 -3.204561 -0.217331
124.219100 -2.212270 -2.467303 -1.419269 -2.845765 -0.696530 -3.206137 -0.223002
125.950646 -2.212270 -2.471863 -1.424026 -2.842695 -0.702070 -3.206910 -0.228713
127.706330 -2.212270 -2.467678 -1.428837 -2.841755 -0.711237 -3.206900 -0.234465
129.486487 -2.212238 -2.462627 -1.433699 -2.838974 -0.720532 -3.206130 -0.240259
131.291459 -2.212875 -2.468052 -1.438613 -2.840097 -0.729960 -3.204626 -0.246093
133.121590 -2.213170 -2.473442 -1.451258 -2.845897 -0.739524 -3.202413 -0.251968
134.977233 -2.213169 -2.476923 -1.462975 -2.851348 -0.749228 -3.206547 -0.257885
136.858742 -2.213178 -2.482095 -1.470624 -2.866035 -0.756699 -3.210259 -0.263844
138.766479 -2.213409 -2.487246 -1.481013 -2.875929 -0.764355 -3.213298 -0.269844
140.700809 -2.214168 -2.489364 -1.486089 -2.878552 -0.777217 -3.215670 -0.275887
142.662102 -2.213564 -2.490633 -1.491200 -2.880962 -0.789525 -3.217383 -0.281972
144.650734 -2.214168 -2.481074 -1.500911 -2.873448 -0.799990 -3.218448 -0.288099
146.667087 -2.214236 -2.476552 -1.508879 -2.876862 -0.810619 -3.218875 -0.294269
148.711546 -2.214497 -2.478930 -1.523147 -2.886959 -0.821417 -3.218680 -0.300481
150.784505 -2.214677 -2.477125 -1.530317 -2.886422 -0.832388 -3.240633 -0.306737
152.886359 -2.214851 -2.478389 -1.535005 -2.889989 -0.843537 -3.263378 -0.313037
155.017512 -2.214874 -2.483708 -1.544489 -2.891232 -0.854867 -3.285278 -0.319380
157.178372 -2.214874 -2.473024 -1.547965 -2.901496 -0.866385 -3.306300 -0.325767
159.369353 -2.215081 -2.475137 -1.556278 -2.909626 -0.878093 -3.326413 -0.332199
161.590875 -2.215081 -2.476349 -1.574101 -2.922428 -0.889997 -3.345587 -0.338675
163.843365 -2.215598 -2.476349 -1.599855 -2.924723 -0.913158 -3.363792 -0.345196
166.127252 -2.215801 -2.476887 -1.603310 -2.926985 -0.924746 -3.381002 -0.351762
168.442976 -2.217552 -2.482217 -1.611452 -2.929213 -0.942242 -3.397191 -0.358374
170.790980 -2.218643 -2.483615 -1.615031 -2.947866 -0.951885 -3.412333 -0.365032
173.171713 -2.218572 -2.482873 -1.618685 -2.942055 -0.967532 -3.426408 -0.371736
175.585633 -2.218316 -2.482873 -1.624834 -2.935698 -0.974910 -3.439394 -0.378487
178.033202 -2.219469 -2.482873 -1.639823 -2.937793 -0.982322 -3.451273 -0.385285
180.514888 -2.219469 -2.482873 -1.654367 -2.939854 -0.992055 -3.462031 -0.392131
183.031168 -2.222240 -2.482873 -1.677810 -2.947780 -1.002518 -3.471654 -0.399025
185.582523 -2.223578 -2.483934 -1.685592 -2.943876 -1.013158 -3.480131 -0.405968
188.169442 -2.223309 -2.490177 -1.698041 -2.958266 -1.023978 -3.487457 -0.412960
190.792422 -2.223649 -2.488176 -1.738842 -2.963980 -1.034985 -3.493626 -0.420002
193.451965 -2.223824 -2.491202 -1.766007 -2.965462 -1.046181 -3.498637 -0.427093
196.148581 -2.223824 -2.500009 -1.779320 -2.960316 -1.057572 -3.502494 -0.434236
198.882786 -2.223824 -2.501507 -1.787961 -2.953344 -1.069162 -3.505202 -0.441430
201.655104 -2.223649 -2.500236 -1.796105 -2.940546 -1.080956 -3.449906 -0.448676
204.466067 -2.223578 -2.504328 -1.813439 -2.943241 -1.092958 -3.464771 -0.455975
207.316213 -2.223309 -2.504328 -1.825195 -2.951547 -1.105174 -3.374883 -0.463327
210.206088 -2.222819 -2.505562 -1.837148 -2.959606 -1.115833 -3.390166 -0.470733
213.136247 -2.222819 -2.504437 -1.847853 -2.958550 -1.119479 -3.404332 -0.478193
216.107251 -2.223309 -2.515795 -1.854183 -2.963585 -1.128190 -3.417363 -0.485710
219.119669 -2.223309 -2.504328 -1.860505 -2.947748 -1.146873 -3.395258 -0.493282
222.174078 -2.223649 -2.496902 -1.871922 -2.942809 -1.152466 -3.407614 -0.500912
225.271064 -2.223824 -2.506529 -1.883354 -2.938177 -1.151721 -3.419098 -0.508600
228.411221 -2.224900 -2.507204 -1.899220 -2.933850 -1.150978 -3.429691 -0.516346
231.595149 -2.226561 -2.482873 -1.907359 -2.928444 -1.167425 -3.439377 -0.524153
234.823460 -2.226561 -2.479771 -1.919127 -2.926098 -1.170988 -3.448142 -0.532020
238.096772 -2.225304 -2.479771 -1.930779 -2.944934 -1.181021 -3.455975 -0.539949
241.415712 -2.227909 -2.482873 -1.935144 -2.971528 -1.186760 -3.462865 -0.547941
244.780916 -2.230182 -2.482873 -1.940959 -2.973554 -1.192516 -3.468805 -0.555996
248.193029 -2.231840 -2.483697 -1.956546 -2.970827 -1.198290 -3.473789 -0.564116
251.652705 -2.231841 -2.475137 -1.963932 -2.937277 -1.204083 -3.477816 -0.572303
255.160607 -2.231840 -2.471863 -1.970689 -2.940277 -1.209896 -3.480884 -0.580556
258.717408 -2.230670 -2.467303 -1.973093 -2.941770 -1.215731 -3.480174 -0.588878
262.323788 -2.231886 -2.467303 -1.975191 -2.945581 -1.224029 -3.477013 -0.597270
265.980440 -2.233611 -2.471863 -1.980971 -2.949085 -1.234909 -3.472812 -0.605733
269.688063 -2.233750 -2.476349 -1.994190 -2.949979 -1.240965 -3.467606 -0.613346
273.447368 -2.233633 -2.475137 -1.994190 -2.952549 -1.244181 -3.461467 -0.618612
277.259076 -2.234601 -2.467303 -1.997953 -2.937678 -1.254514 -3.459685 -0.623939
281.123917 -2.235683 -2.469156 -1.998914 -2.932333 -1.259637 -3.446352 -0.629327
285.042632 -2.235711 -2.469701 -2.000488 -2.926820 -1.264811 -3.437539 -0.634778
289.015972 -2.237777 -2.467303 -2.003748 -2.940721 -1.274077 -3.427942 -0.640292
293.044698 -2.237777 -2.459778 -2.010660 -2.945166 -1.299133 -3.417615 -0.645869
297.129582 -2.237777 -2.470647 -2.010660 -2.949483 -1.301474 -3.406612 -0.651512
301.271407 -2.236297 -2.471863 -2.019519 -2.936951 -1.303907 -3.394990 -0.657220
305.470967 -2.235925 -2.467303 -2.019519 -2.900043 -1.306809 -3.382806 -0.662995
309.729067 -2.235925 -2.471863 -2.025136 -2.908489 -1.309492 -3.388690 -0.668836
314.046522 -2.235711 -2.471863 -2.026472 -2.902640 -1.312262 -3.406164 -0.674746
318.424160 -2.235682 -2.467452 -2.029495 -2.902748 -1.315116 -3.410711 -0.680725
322.862820 -2.233839 -2.458683 -2.027832 -2.900286 -1.318054 -3.400233 -0.686773
327.363353 -2.233839 -2.462207 -2.029495 -2.896577 -1.321074 -3.389268 -0.692891
331.926620 -2.233839 -2.454099 -2.026919 -2.896373 -1.326231 -3.377861 -0.699082
336.553498 -2.233633 -2.450243 -2.026919 -2.883881 -1.332783 -3.366060 -0.705344
341.244871 -2.233750 -2.451656 -2.026919 -2.884951 -1.349312 -3.353915 -0.711681
346.001639 -2.233750 -2.450243 -2.026919 -2.886930 -1.368728 -3.276804 -0.718091
350.824714 -2.233839 -2.450243 -2.026919 -2.887853 -1.373674 -3.279350 -0.724577
355.715021 -2.233750 -2.448882 -2.030244 -2.885145 -1.378220 -3.281208 -0.731139
360.673495 -2.234601 -2.452196 -2.035832 -2.889443 -1.383054 -3.282386 -0.737778
365.701088 -2.235711 -2.457699 -2.039030 -2.897611 -1.387950 -3.282893 -0.744496
370.798763 -2.237777 -2.463763 -2.043295 -2.898634 -1.418413 -3.282740 -0.751293
375.967497 -2.237777 -2.466221 -2.043295 -2.901403 -1.419907 -3.306851 -0.758170
381.208280 -2.237777 -2.462846 -2.043295 -2.900725 -1.421415 -3.335883 -0.765129
386.522116 -2.237777 -2.465725 -2.046271 -2.898841 -1.422938 -3.364278 -0.772171
391.910025 -2.238170 -2.466221 -2.047585 -2.900201 -1.424475 -3.391997 -0.779296
397.373038 -2.238170 -2.467303 -2.052850 -2.901539 -1.426027 -3.419000 -0.786505
402.912203 -2.239059 -2.467303 -2.053718 -2.905022 -1.448509 -3.445245 -0.793801
408.528580 -2.238170 -2.465611 -2.054536 -2.912992 -1.478239 -3.470691 -0.801184
414.223247 -2.239588 -2.467303 -2.054887 -2.916069 -1.497646 -3.495300 -0.849248
419.997295 -2.239151 -2.463372 -2.054887 -2.917143 -1.522746 -3.519029 -0.855838
425.851829 -2.239151 -2.465611 -2.055502 -2.918206 -1.532195 -3.535233 -0.862498
431.787973 -2.239151 -2.466221 -2.060557 -2.919260 -1.543263 -3.529198 -0.869229
437.806863 -2.239151 -2.457838 -2.060557 -2.909693 -1.553424 -3.522255 -0.876033
443.909653 -2.239876 -2.457699 -2.060557 -2.916536 -1.563328 -3.514442 -0.882910
450.097513 -2.242310 -2.457699 -2.060557 -2.922357 -1.569075 -3.505799 -0.889860
456.371628 -2.242154 -2.454112 -2.060557 -2.914806 -1.585089 -3.496368 -1.101186
462.733201 -2.241039 -2.448570 -2.060768 -2.910583 -1.596052 -3.486193 -1.100701
469.183451 -2.242154 -2.448882 -2.061839 -2.912307 -1.611202 -3.475323 -1.100281
475.723614 -2.242154 -2.447276 -2.068002 -2.916637 -1.626314 -3.463807 -1.099929
482.354943 -2.242310 -2.448882 -2.069107 -2.914065 -1.634951 -3.467543 -1.099645
489.078709 -2.241039 -2.447276 -2.069107 -2.915197 -1.642057 -3.492543 -1.099430
495.896201 -2.240858 -2.445569 -2.068002 -2.919123 -1.654119 -3.516721 -1.099286
502.808725 -2.239672 -2.440709 -2.068002 -2.917417 -1.666414 -3.540036 -1.099211
509.817606 -2.239588 -2.440709 -2.068002 -2.922011 -1.677344 -3.562449 -1.099206
516.924187 -2.239151 -2.438950 -2.069107 -2.923619 -1.683643 -3.583919 -1.099271
524.129830 -2.240858 -2.442632 -2.071634 -2.937418 -1.702670 -3.604409 -1.099405
531.435916 -2.241471 -2.442632 -2.073433 -2.938323 -1.718006 -3.623881 -1.099608
538.843844 -2.241471 -2.438950 -2.073433 -2.936660 -1.731530 -3.642298 -1.099879
546.355035 -2.240858 -2.435325 -2.073661 -2.927589 -1.745312 -3.659623 -1.100217
553.970928 -2.240858 -2.435325 -2.074017 -2.928549 -1.759357 -3.675823 -1.100620
561.692982 -2.239672 -2.433030 -2.073806 -2.928966 -1.767654 -3.690866 -1.101088
569.522678 -2.239588 -2.432777 -2.073806 -2.926737 -1.741271 -3.704720 -1.101619
577.461515 -2.239151 -2.435063 -2.074714 -2.927708 -1.748612 -3.717356 -1.102212
585.511016 -2.239059 -2.433030 -2.074714 -2.923833 -1.755991 -3.728749 -1.102865
593.672722 -2.237777 -2.431826 -2.074017 -2.913089 -1.763403 -3.735193 -1.103576
601.948197 -2.236297 -2.430418 -2.075699 -2.914236 -1.770847 -3.727157 -1.104343
610.339029 -2.236145 -2.430418 -2.075699 -2.915356 -1.778318 -3.717945 -1.105166
618.846824 -2.235925 -2.429742 -2.076854 -2.916474 -1.785814 -3.707602 -1.106043
627.473213 -2.236399 -2.429742 -2.078142 -2.921789 -1.793332 -3.696174 -1.106970
636.219849 -2.236297 -2.428577 -2.078142 -2.917838 -1.800869 -3.683714 -1.107948
645.088409 -2.238170 -2.429535 -2.079673 -2.918922 -1.842852 -3.670275 -1.108975
654.080591 -2.239194 -2.428525 -2.082487 -2.902787 -1.847844 -3.655920 -1.110048
663.198120 -2.239672 -2.428526 -2.083287 -2.902787 -1.847844 -3.640710 -1.111166
672.442742 -2.239151 -2.428357 -2.082066 -2.898421 -1.847844 -3.434359 -1.112327
681.816229 -2.239588 -2.428526 -2.082066 -2.899841 -1.849602 -3.446082 -1.113530
691.320378 -2.239059 -2.425191 -2.082066 -2.882716 -1.855463 -3.394630 -1.114774
700.957009 -2.239059 -2.425549 -2.079673 -2.874032 -1.869169 -3.394291 -1.116057
710.727970 -2.239058 -2.427788 -2.079673 -2.871561 -1.862490 -3.393224 -1.117377
720.635132 -2.238959 -2.428357 -2.083287 -2.871320 -1.873455 -3.391442 -1.118734
730.680395 -2.239672 -2.425549 -2.085319 -2.857364 -1.889224 -3.388961 -1.120126
740.865683 -2.239588 -2.428357 -2.086022 -2.871320 -1.891794 -3.385798 -1.121553
751.192949 -2.239672 -2.425910 -2.086022 -2.841194 -1.899220 -3.381971 -1.123012
761.664172 -2.239588 -2.428357 -2.087394 -2.835706 -1.903115 -3.374911 -1.124503
772.281357 -2.239059 -2.424279 -2.086372 -2.830787 -1.901816 -3.374268 -1.126025
783.046540 -2.239588 -2.424001 -2.086372 -2.835724 -1.907359 -3.372968 -1.127578
793.961785 -2.239588 -2.424279 -2.086372 -2.838615 -1.907359 -3.371023 -1.129160
805.029181 -2.239151 -2.424279 -2.085791 -2.840657 -1.907359 -3.368448 -1.130770
816.250851 -2.239424 -2.423612 -2.085791 -2.842675 -1.907359 -3.365257 -1.132409
827.628946 -2.239588 -2.423612 -2.085791 -2.844670 -1.907359 -3.361470 -1.134076
839.165644 -2.239588 -2.422157 -2.085791 -2.828371 -1.907359 -3.357105 -1.135769
850.863158 -2.239151 -2.423612 -2.086022 -2.823747 -1.907359 -3.352185 -1.137488
862.723729 -2.239151 -2.422157 -2.086372 -2.804490 -1.907359 -3.346732 -1.139234
874.749630 -2.239588 -2.422156 -2.086022 -2.806326 -1.907359 -3.319769 -1.141006
886.943166 -2.239672 -2.422156 -2.086372 -2.801308 -1.902127 -3.312678 -1.142803
899.306672 -2.239672 -2.423612 -2.086372 -2.812356 -1.907359 -3.305167 -1.144626
911.842520 -2.239672 -2.423612 -2.087299 -2.828371 -1.907536 -3.297267 -1.299843
924.553110 -2.239151 -2.422156 -2.086372 -2.813656 -1.907359 -3.289013 -1.303369
937.440879 -2.239059 -2.420677 -2.087394 -2.791663 -1.907359 -3.280437 -1.306933
950.508296 -2.239588 -2.421287 -2.087394 -2.794233 -1.907359 -3.271574 -1.310533
963.757866 -2.239588 -2.420677 -2.087394 -2.785867 -1.907359 -3.166203 -1.314170
977.192128 -2.239588 -2.419718 -2.087299 -2.788500 -1.901816 -3.124084 -1.317843
990.813657 -2.240858 -2.420677 -2.087637 -2.794545 -1.901816 -3.140001 -1.321553
1004.625062 -2.241471 -2.419718 -2.087688 -2.804232 -1.901816 -3.155763 -1.325298
1018.628990 -2.242154 -2.421287 -2.087688 -2.806663 -1.901816 -3.171353 -1.329081
1032.828126 -2.241471 -2.422157 -2.087638 -2.799447 -1.901816 -3.186752 -1.332900
1047.225190 -2.242154 -2.422157 -2.087688 -2.812134 -1.901816 -3.201941 -1.336754
1061.822941 -2.242310 -2.424002 -2.087688 -2.828371 -1.901816 -3.216901 -1.340646
1076.624177 -2.242867 -2.423613 -2.087688 -2.828371 -1.901816 -3.231615 -1.344573
1091.631734 -2.242310 -2.423613 -2.087688 -2.828371 -1.899220 -3.247845 -1.348537
1106.848489 -2.243265 -2.424002 -2.087688 -2.837399 -1.899220 -3.277361 -1.352536
1122.277356 -2.243265 -2.423613 -2.087821 -2.839211 -1.899220 -3.293171 -1.356573
1137.921294 -2.243265 -2.425191 -2.087821 -2.841018 -1.899220 -3.300908 -1.360646
1153.783300 -2.243264 -2.425191 -2.087821 -2.842819 -1.899220 -3.307957 -1.364755
1169.866413 -2.242310 -2.423613 -2.087688 -2.829527 -1.890410 -3.316220 -1.368901
1186.173716 -2.242154 -2.423613 -2.087638 -2.828371 -1.882438 -3.341696 -1.373083
1202.708335 -2.241472 -2.423613 -2.087637 -2.824682 -1.882438 -3.366950 -1.377303
1219.473437 -2.240858 -2.423612 -2.087299 -2.826883 -1.882438 -3.391952 -1.381557
1236.472235 -2.239672 -2.422157 -2.087299 -2.828371 -1.890410 -3.416672 -1.385850
1253.707987 -2.239672 -2.423613 -2.087299 -2.804485 -1.891123 -3.441081 -1.390178
1271.183997 -2.239672 -2.423613 -2.087299 -2.806913 -1.896804 -3.465144 -1.394544
1288.903612 -2.239672 -2.423613 -2.087300 -2.809315 -1.896804 -3.488832 -1.398946
1306.870230 -2.239856 -2.424001 -2.087300 -2.827299 -1.899220 -3.512111 -1.403387
1325.087292 -2.239672 -2.423613 -2.086022 -2.828371 -1.890410 -3.534946 -1.407862
1343.558290 -2.239672 -2.423613 -2.086022 -2.838723 -1.890410 -3.557305 -1.412375
1362.286764 -2.239672 -2.423613 -2.086022 -2.856150 -1.890409 -3.579152 -1.416925
1381.276303 -2.240858 -2.423613 -2.086372 -2.871320 -1.896804 -3.600451 -1.493473
1400.530545 -2.239672 -2.423613 -2.086372 -2.871320 -1.896804 -3.621168 -1.493473
1420.053182 -2.239672 -2.423613 -2.086372 -2.885752 -1.896804 -3.641267 -1.493473
1439.847953 -2.239672 -2.423613 -2.086372 -2.889791 -1.896804 -3.660711 -1.493473
1459.918652 -2.239589 -2.422157 -2.086372 -2.894490 -1.896804 -3.679463 -1.510872
1480.269127 -2.239589 -2.423612 -2.087300 -2.894490 -1.896804 -3.697490 -1.510872
1500.903276 -2.239856 -2.424001 -2.087688 -2.902787 -1.899220 -3.714752 -1.510872
1521.825053 -2.239855 -2.425550 -2.087688 -2.909638 -1.899220 -3.731216 -1.510872
1543.038469 -2.239855 -2.428358 -2.087688 -2.923833 -1.899220 -3.746845 -1.510872
1564.547589 -2.239856 -2.428357 -2.087688 -2.923833 -1.899220 -3.761605 -1.510872
1586.356534 -2.239856 -2.428357 -2.087688 -2.913564 -1.899220 -3.775567 -1.510872
1608.469483 -2.239856 -2.428526 -2.087688 -2.923833 -1.899220 -3.794976 -1.510872
1630.890676 -2.239672 -2.425550 -2.087637 -2.906690 -1.899220 -3.813464 -1.510872
1653.624407 -2.239856 -2.425549 -2.087637 -2.906690 -1.899220 -3.830990 -1.510872
1676.675035 -2.240858 -2.425549 -2.087688 -2.903105 -1.901816 -3.847513 -1.510872
1700.046975 -2.240858 -2.425549 -2.087688 -2.906690 -1.901816 -3.862995 -1.510872
1723.744708 -2.240858 -2.425550 -2.087688 -2.906690 -1.901816 -3.877400 -1.510872
1747.772774 -2.240858 -2.425549 -2.087688 -2.916996 -1.901816 -3.890687 -1.510872
1772.135779 -2.240859 -2.426567 -2.087688 -2.923834 -1.901816 -3.902821 -1.510872
1796.838391 -2.240858 -2.428357 -2.087688 -2.924913 -1.901816 -3.913770 -1.510872
1821.885343 -2.240858 -2.428526 -2.087688 -2.948613 -1.901816 -3.923500 -1.510872
1847.281437 -2.240858 -2.428525 -2.087688 -2.958065 -1.901816 -3.931984 -1.510872
1873.031539 -2.239672 -2.428526 -2.087637 -2.951163 -1.899220 -3.937398 -1.510872
1899.140582 -2.239589 -2.428357 -2.087394 -2.951163 -1.899220 -3.933611 -1.510872
1925.613572 -2.239588 -2.425550 -2.087394 -2.923833 -1.899220 -3.928475 -1.510872
1952.455581 -2.239588 -2.425550 -2.087394 -2.923834 -1.899220 -3.922004 -1.510872
1979.671753 -2.239589 -2.425550 -2.087394 -2.923834 -1.899220 -3.914216 -1.510872
2007.267304 -2.239588 -2.425191 -2.087394 -2.902787 -1.899220 -3.904860 -1.510872
2035.247521 -2.239588 -2.425192 -2.087394 -2.906690 -1.899220 -3.914281 -1.510872
2063.617768 -2.239151 -2.424279 -2.087299 -2.902787 -1.896803 -3.922468 -1.510872
2092.383480 -2.239151 -2.425191 -2.087299 -2.895325 -1.896803 -3.929400 -1.510872
2121.550171 -2.239059 -2.424278 -2.086372 -2.896689 -1.890409 -3.935047 -1.510872
2151.123430 -2.239058 -2.424278 -2.086372 -2.894490 -1.890409 -3.937528 -1.510872
2181.108924 -2.239058 -2.424278 -2.086371 -2.894489 -1.890409 -3.929903 -1.510872
2211.512400 -2.239058 -2.424279 -2.086372 -2.894489 -1.890409 -3.920970 -1.510872
2242.339683 -2.239058 -2.424279 -2.086372 -2.894490 -1.890409 -3.910751 -1.510872
2273.596682 -2.238169 -2.424278 -2.086372 -2.894489 -1.890409 -3.899283 -1.510872
2305.289387 -2.238170 -2.424279 -2.086372 -2.902787 -1.890409 -3.886602 -1.510872
2337.423871 -2.237777 -2.424001 -2.086022 -2.902787 -1.882437 -3.872749 -1.510872
2370.006292 -2.237777 -2.424001 -2.086021 -2.902787 -1.882438 -3.857777 -1.510872
2403.042894 -2.236731 -2.423612 -2.085319 -2.901094 -1.877382 -3.841736 -1.510872
2436.540009 -2.236731 -2.423612 -2.085319 -2.902787 -1.877381 -3.824684 -1.510872
2470.504055 -2.236731 -2.423612 -2.085318 -2.902787 -1.877382 -3.806682 -1.510872
2504.941542 -2.236731 -2.423612 -2.085319 -2.902787 -1.877382 -3.803937 -1.510871
2539.859069 -2.236731 -2.423612 -2.085319 -2.902787 -1.877381 -3.819665 -1.510872
2575.263327 -2.236732 -2.423612 -2.085319 -2.902787 -1.877382 -3.834479 -1.510872
2611.161101 -2.236731 -2.423612 -2.085318 -2.902787 -1.877381 -3.848338 -1.510872
2647.559271 -2.236731 -2.423612 -2.085318 -2.902787 -1.877381 -3.846330 -1.510872
2684.464811 -2.236731 -2.423612 -2.085319 -2.902787 -1.877382 -3.850430 -1.510872
2721.884795 -2.236297 -2.421287 -2.085319 -2.894490 -1.877381 -3.865926 -1.510872
2759.826392 -2.236297 -2.421287 -2.085319 -2.894518 -1.877382 -3.880409 -1.510872
2798.296876 -2.236297 -2.421286 -2.085318 -2.895892 -1.877382 -3.893840 -1.510872
2837.303617 -2.236144 -2.420677 -2.085318 -2.897249 -1.877381 -3.906184 -1.510872
2876.854090 -2.235711 -2.417230 -2.083718 -2.894489 -1.869169 -3.911701 -1.510872
2916.955876 -2.235711 -2.417230 -2.083717 -2.894490 -1.869168 -3.920965 -1.510872
2957.616659 -2.235710 -2.417230 -2.083718 -2.894489 -1.869169 -3.924836 -1.510872
2998.844231 -2.235711 -2.417230 -2.083718 -2.894489 -1.869169 -3.927480 -1.510872
3040.646493 -2.235711 -2.417230 -2.083718 -2.894489 -1.869169 -3.928881 -1.510871
3083.031457 -2.235711 -2.417230 -2.083718 -2.894696 -1.869168 -3.929028 -1.510872
3126.007243 -2.235683 -2.416894 -2.083477 -2.896068 -1.847843 -3.927915 -1.510871
3169.582089 -2.235682 -2.416895 -2.083477 -2.897422 -1.847843 -3.925540 -1.510871
3213.764344 -2.234838 -2.416137 -2.083287 -2.895143 -1.847843 -3.921898 -1.510872
3258.562476 -2.234838 -2.416136 -2.083287 -2.896499 -1.847844 -3.917004 -1.510872
3303.985070 -2.234837 -2.416137 -2.083287 -2.897842 -1.847843 -3.910863 -1.510872
3350.040830 -2.234601 -2.416103 -2.082925 -2.897633 -1.847471 -3.903486 -1.510872
3396.738582 -2.234601 -2.414981 -2.082925 -2.898965 -1.847471 -3.894901 -1.510872
3444.087276 -2.234601 -2.414981 -2.082925 -2.900280 -1.847471 -3.885126 -1.510872
3492.095985 -2.234601 -2.414981 -2.082925 -2.901580 -1.847472 -3.874185 -1.510872
3540.773909 -2.234601 -2.414982 -2.082924 -2.902787 -1.847472 -3.862126 -1.510872
3590.130377 -2.234055 -2.414692 -2.082486 -2.902786 -1.847471 -3.863177 -1.510871
3640.174847 -2.234056 -2.414692 -2.082487 -2.894490 -1.847472 -3.861276 -1.510872
3690.916911 -2.234055 -2.414692 -2.082487 -2.894489 -1.847471 -3.870739 -1.510872
3742.366291 -2.234056 -2.414692 -2.082487 -2.894490 -1.847471 -3.879108 -1.510871
3794.532847 -2.234027 -2.413270 -2.082066 -2.889790 -1.836933 -3.835054 -1.495716
3847.426577 -2.233633 -2.408020 -2.079216 -2.828371 -1.829874 -3.848556 -1.495716
3901.057617 -2.233633 -2.408020 -2.079216 -2.813731 -1.829874 -3.839067 -1.495717
3955.436245 -2.233633 -2.408020 -2.079216 -2.816057 -1.829874 -3.855797 -1.495717
4010.572881 -2.233611 -2.406727 -2.079216 -2.801073 -1.827774 -3.873112 -1.495716
4066.478092 -2.233604 -2.405874 -2.079215 -2.797531 -1.827773 -3.875349 -1.495716
4123.162591 -2.233133 -2.404476 -2.078143 -2.782582 -1.812561 -3.890806 -1.495717
4180.637241 -2.232501 -2.403256 -2.077000 -2.776711 -1.803175 -3.905227 -1.495717
4238.913057 -2.232501 -2.403256 -2.077000 -2.777163 -1.803175 -3.918585 -1.495717
4298.001206 -2.232198 -2.402227 -2.075699 -2.777163 -1.802445 -3.930841 -1.495717
4357.913012 -2.231842 -2.400408 -2.074715 -2.776711 -1.789910 -3.941957 -1.495717
4418.659956 -2.230670 -2.400144 -2.074017 -2.774261 -1.788807 -3.951895 -1.495717
4480.253680 -2.230183 -2.394438 -2.073661 -2.772659 -1.782689 -3.960633 -1.495717
4542.705986 -2.230183 -2.393969 -2.073661 -2.766853 -1.782690 -3.968139 -1.495717
4606.028844 -2.230183 -2.393969 -2.073662 -2.766852 -1.782690 -3.974375 -1.495717
4670.234388 -2.230183 -2.393968 -2.073661 -2.766852 -1.782690 -3.979333 -1.495718
4735.334923 -2.230018 -2.390046 -2.073435 -2.759223 -1.775667 -3.982977 -1.493473
4801.342924 -2.229405 -2.389855 -2.072244 -2.745542 -1.753662 -2.974252 -1.428699
4868.271040 -2.229404 -2.389854 -2.072244 -2.745542 -1.753662 -2.974252 -1.428700
4936.132098 -2.229297 -2.389311 -2.072244 -2.740347 -1.753661 -2.974253 -1.428700
5004.939103 -2.228694 -2.388527 -2.071635 -2.725439 -1.740711 -2.965311 -1.428700
5074.705239 -2.228694 -2.388528 -2.071636 -2.725440 -1.740711 -2.965311 -1.428700
5145.443878 -2.228693 -2.388527 -2.071636 -2.725440 -1.740711 -2.965311 -1.428700
5217.168576 -2.228693 -2.388527 -2.071634 -2.725440 -1.740712 -2.965311 -1.428700
5289.893076 -2.228694 -2.388526 -2.071635 -2.725439 -1.740711 -2.965311 -1.428699
5363.631317 -2.228693 -2.388528 -2.071634 -2.725440 -1.740712 -2.965310 -1.428700
5438.397428 -2.228693 -2.388528 -2.071635 -2.725440 -1.740713 -2.965311 -1.428700
5514.205739 -2.228694 -2.388527 -2.071635 -2.725440 -1.740712 -2.965310 -1.428700
5591.070777 -2.228693 -2.388527 -2.071636 -2.725440 -1.740711 -2.965312 -1.428699
5669.007271 -2.228693 -2.388527 -2.071635 -2.725440 -1.740712 -2.965310 -1.428699
5748.030158 -2.228693 -2.388527 -2.071636 -2.725440 -1.740711 -2.965312 -1.428700
5828.154581 -2.228693 -2.388528 -2.071635 -2.725439 -1.740712 -2.965310 -1.428700
5909.395895 -2.228693 -2.388527 -2.071635 -2.725439 -1.740711 -2.965310 -1.428699
5991.769669 -2.228693 -2.388528 -2.071636 -2.725440 -1.740711 -2.965310 -1.428700
6075.291689 -2.228693 -2.388527 -2.071635 -2.725439 -1.740711 -2.965310 -1.428700
6159.977960 -2.228693 -2.388527 -2.071636 -2.725440 -1.740711 -2.965310 -1.428700
6245.844712 -2.228694 -2.388528 -2.071636 -2.725439 -1.740712 -2.965310 -1.428700
6332.908400 -2.228694 -2.388527 -2.071636 -2.725439 -1.740711 -2.965312 -1.428699
6421.185709 -2.228694 -2.388527 -2.071635 -2.725440 -1.740711 -2.965310 -1.428699
6510.693555 -2.228693 -2.388528 -2.071635 -2.725440 -1.740712 -2.965311 -1.428700
6601.449093 -2.228694 -2.388527 -2.071635 -2.725440 -1.740712 -2.965312 -1.428700
6693.469713 -2.228693 -2.388527 -2.071634 -2.725439 -1.740711 -2.965311 -1.428700
6786.773051 -2.228693 -2.388527 -2.071634 -2.725440 -1.740712 -2.965312 -1.428700
6881.376986 -2.228693 -2.388527 -2.071635 -2.725439 -1.740713 -2.965310 -1.428700
6977.299650 -2.228694 -2.388527 -2.071635 -2.725440 -1.740711 -2.965312 -1.428700
7074.559423 -2.228693 -2.388527 -2.071635 -2.725439 -1.740711 -2.965311 -1.428700
7173.174944 -2.228694 -2.388528 -2.071634 -2.725439 -1.740711 -2.965312 -1.428700
7273.165113 -2.228694 -2.388528 -2.071636 -2.725440 -1.740711 -2.965310 -1.428700
7374.549090 -2.228693 -2.388528 -2.071636 -2.725439 -1.740711 -2.965310 -1.428701
7477.346305 -2.228693 -2.388527 -2.071635 -2.725440 -1.740712 -2.965310 -1.428700
7581.576458 -2.228694 -2.388527 -2.071636 -2.725439 -1.740711 -2.965310 -1.428699
7687.259522 -2.228694 -2.388528 -2.071635 -2.725440 -1.740712 -2.965310 -1.428700
7794.415750 -2.228693 -2.388527 -2.071635 -2.725439 -1.740712 -2.965311 -1.428700
7903.065679 -2.228693 -2.388527 -2.071636 -2.725440 -1.740712 -2.965310 -1.428699
8013.230128 -2.228693 -2.388527 -2.071636 -2.725440 -1.740712 -2.965312 -1.428699
8124.930211 -2.228693 -2.388527 -2.071634 -2.725439 -1.740712 -2.965310 -1.428699
8238.187331 -2.228693 -2.388527 -2.071635 -2.725440 -1.740711 -2.965310 -1.428700
8353.023195 -2.228694 -2.388526 -2.071636 -2.725439 -1.740711 -2.965310 -1.428698
8469.459808 -2.228693 -2.388528 -2.071635 -2.725440 -1.740711 -2.965310 -1.428699
8587.519485 -2.228693 -2.388527 -2.071635 -2.725439 -1.740712 -2.965310 -1.428699
8707.224849 -2.228693 -2.388527 -2.071636 -2.725440 -1.740712 -2.965311 -1.428699
8828.598841 -2.228693 -2.388528 -2.071635 -2.725439 -1.740712 -2.965311 -1.428700
8951.664721 -2.228693 -2.388527 -2.071634 -2.725439 -1.740712 -2.965312 -1.428699
9076.446073 -2.228693 -2.388527 -2.071635 -2.725439 -1.740711 -2.965311 -1.428699
9202.966809 -2.228693 -2.388528 -2.071637 -2.725439 -1.740711 -2.965309 -1.428700
9331.251175 -2.228693 -2.388527 -2.071636 -2.725440 -1.740711 -2.965309 -1.428699
9461.323756 -2.228694 -2.388527 -2.071635 -2.725439 -1.740713 -2.965311 -1.428698
9593.209478 -2.228693 -2.388528 -2.071637 -2.725440 -1.740712 -2.965310 -1.428699
9726.933615 -2.228694 -2.388527 -2.071637 -2.725441 -1.740711 -2.965310 -1.428699
9862.521795 -2.228693 -2.388527 -2.071637 -2.725440 -1.740712 -2.965311 -1.428700
10000.000000 -2.228694 -2.388527 -2.071635 -2.725439 -1.740712 -2.965310 -1.428699
