10.000000 0.000000 0.000000 0.000000 0.000000 0.000000 0.000000 0.000000
10.139395 0.000000 0.000000 0.000000 0.000000 0.000000 0.000000 0.000000
10.280732 0.000000 0.000000 0.000000 0.000000 0.000000 0.000000 0.000000
10.424040 0.000000 0.000000 0.000000 0.000000 0.000000 0.000000 0.000000
10.569346 0.000000 0.000000 0.000000 0.000000 0.000000 0.000000 0.000000
10.716676 0.000000 0.000000 0.000000 0.000000 0.000000 0.000000 0.000000
10.866061 0.000000 0.000000 0.000000 0.000000 0.000000 0.000000 0.000000
11.017528 0.000000 0.000000 0.000000 0.000000 0.000000 0.000000 0.000000
11.171107 0.000000 0.000000 0.000000 0.000000 0.000000 0.000000 0.000000
11.326826 0.000000 0.000000 0.000000 0.000000 0.000000 0.000000 0.000000
11.484715 0.000000 0.000000 0.000000 0.000000 0.000000 0.000000 0.000000
11.644806 0.000000 0.000000 0.000000 0.000000 0.000000 0.000000 0.000000
11.807128 0.000000 0.000000 0.000000 0.000000 0.000000 0.000000 0.000000
11.971713 0.000000 0.000000 0.000000 0.000000 0.000000 0.000000 0.000000
12.138593 0.000000 0.000000 0.000000 0.000000 0.000000 0.000000 0.000000
12.307798 0.000000 0.000000 0.000000 0.000000 0.000000 0.000000 0.000000
12.479362 0.000000 0.000000 0.000000 0.000000 0.000000 0.000000 0.000000
12.653318 0.000000 0.000000 0.000000 0.000000 0.000000 0.000000 0.000000
12.829698 0.000000 0.000000 0.000000 0.000000 0.000000 0.000000 0.000000
13.008537 0.000000 0.000000 0.000000 0.000000 0.000000 0.000000 0.000000
13.189869 0.000000 0.000000 0.000000 0.000000 0.000000 0.000000 0.000000
13.373729 0.000000 0.000000 0.000000 0.000000 0.000000 0.000000 0.000000
13.560151 0.000000 0.000000 0.000000 0.000000 0.000000 0.000000 0.000000
13.749172 0.000000 0.000000 0.000000 0.000000 0.000000 0.000000 0.000000
13.940828 0.000000 0.000000 0.000000 0.000000 0.000000 0.000000 0.000000
14.135156 0.000000 0.000000 0.000000 0.000000 0.000000 0.000000 0.000000
14.332192 0.000000 0.000000 0.000000 0.000000 0.000000 0.000000 0.000000
14.531975 0.000000 0.000000 0.000000 0.000000 0.000000 0.000000 0.000000
14.734543 0.000000 0.000000 0.000000 0.000000 0.000000 0.000000 0.000000
14.939935 0.000000 0.000000 0.000000 0.000000 0.000000 0.000000 0.000000
15.148189 0.000000 0.000000 0.000000 0.000000 0.000000 0.000000 0.000000
15.359347 0.000000 0.000000 0.000000 0.000000 0.000000 0.000000 0.000000
15.573448 1104.980691 791.044732 1385.744367 577.365479 1733.939100 459.381974 2053.190517
15.790533 1103.797991 791.753358 1383.464933 578.587862 1727.838209 461.587247 2052.158503
16.010645 1105.053407 793.079356 1381.105619 579.835061 1721.630202 463.812554 2051.111573
16.233824 1105.559951 796.093812 1380.419630 581.117344 1715.312718 466.058033 2050.049504
16.460115 1106.908240 798.724427 1377.955546 582.398638 1709.387089 468.287747 2048.880880
16.689560 1107.805184 800.482306 1376.524703 583.695101 1707.760938 470.532387 2044.609473
16.922204 1108.056854 801.528456 1374.791582 585.006702 1707.382177 472.797436 2041.615284
17.158090 1105.538244 803.341243 1373.243896 586.333590 1706.998052 475.083033 2040.166281
17.397264 1105.763428 805.513739 1372.568300 587.674504 1706.537825 477.357964 2038.646048
17.639773 1109.008251 807.092639 1370.198178 589.674812 1706.046239 479.642634 2037.085902
17.885662 1107.550628 807.073590 1369.501325 591.958150 1705.547655 481.948094 2035.502787
18.134978 1110.867150 807.054275 1369.713819 594.264360 1705.041973 484.274484 2033.896347
18.387770 1112.186563 807.787003 1369.375635 596.603812 1704.477807 486.595336 2032.234475
18.644085 1112.147975 809.136567 1370.587070 598.973025 1703.380058 488.920395 2030.527784
18.903974 1113.068194 810.003701 1370.055721 601.140242 1699.189512 491.266630 2028.795837
19.167485 1112.948260 811.885428 1368.032904 603.782114 1694.929975 493.634185 2033.678501
19.434669 1113.728565 813.214740 1369.449568 606.223943 1693.064427 496.001511 2032.063839
19.705578 1115.440624 816.353062 1370.865346 608.691526 1692.288229 498.367076 2030.394562
19.980263 1115.734180 817.085842 1371.690012 610.882448 1691.500849 500.754207 2028.700614
20.258777 1115.337645 818.532246 1370.024753 611.581640 1690.702118 503.163050 2026.981608
20.541173 1116.937219 819.135380 1370.725332 612.322995 1691.772089 505.577280 2025.221629
20.827506 1114.468065 819.517323 1371.905347 613.134853 1695.071833 507.983271 2023.406959
21.117830 1113.349227 820.713642 1369.016288 613.956933 1697.390487 510.411221 2021.565330
21.412202 1114.774856 820.050995 1366.080720 614.789349 1696.550650 512.861280 2019.696315
21.710676 1115.355527 820.270999 1364.989895 615.638085 1691.336557 515.320609 2017.793019
22.013311 1114.813815 821.365851 1364.546802 616.517854 1689.325733 517.757288 2015.838840
22.320165 1112.161935 824.055861 1364.097386 617.408607 1689.269090 520.216280 2013.855485
22.631296 1110.507907 824.819778 1363.641554 618.487382 1689.211656 522.697738 2011.842487
22.946764 1112.416978 825.449734 1363.184049 620.309483 1689.139709 525.191336 2009.798046
23.266629 1111.562679 826.945998 1362.893738 622.124705 1688.935330 527.607700 2007.710278
23.590953 1112.338155 828.911760 1363.335591 623.947119 1688.728077 530.046499 2005.591189
23.919798 1113.173804 829.091055 1363.783456 624.902683 1688.517910 532.507890 2003.440272
24.253227 1114.364507 829.272809 1365.442020 625.870077 1687.843104 534.992030 2001.257012
24.591304 1116.323442 829.614505 1365.364720 626.941963 1683.186999 537.450742 1999.041131
24.934094 1118.066222 831.157405 1364.381235 628.409930 1678.129809 539.930580 1996.791859
25.281661 1118.905701 833.405614 1363.662874 630.273234 1676.749192 542.433411 1994.508645
25.634074 1120.011735 834.248011 1364.062867 632.156904 1674.584415 544.959393 1992.190932
25.991399 1118.366620 836.193220 1365.633204 634.040736 1673.068626 547.465801 1989.850093
26.353705 1118.818131 838.010878 1365.796374 635.941131 1672.078518 549.987084 1987.476161
26.721062 1118.473467 839.587766 1365.940584 637.862236 1671.074009 552.531766 1985.066240
27.093539 1118.394800 839.510057 1366.129508 639.804231 1671.887016 555.100009 1982.619734
27.471208 1117.866339 838.869978 1367.362041 641.751676 1670.875486 557.654616 1980.155630
27.854142 1118.160410 839.173739 1366.262887 643.713761 1669.849736 560.217439 1977.662218
28.242413 1118.458501 839.763005 1367.436519 645.697110 1674.325494 562.804071 1975.130835
28.636097 1119.268245 841.162618 1368.625483 647.701905 1673.506502 565.414678 1972.560849
29.035269 1118.470766 842.893413 1367.788465 649.724250 1672.188420 568.013814 1969.975036
29.440005 1118.771018 845.126671 1366.620679 651.765390 1670.852998 570.611028 1967.366951
29.850382 1118.279601 846.359043 1365.435595 653.828477 1668.852282 573.232431 1964.718975
30.266481 1117.770299 848.122713 1364.232940 655.913696 1663.515355 575.878193 1962.030440
30.688379 1118.645531 849.886591 1363.082994 658.002493 1662.158927 578.497029 1959.324305
31.116158 1118.969167 851.645844 1362.468351 660.090544 1660.962842 580.881308 1956.605922
31.549901 1119.542960 853.425917 1362.559639 662.200978 1659.749205 582.691579 1953.845784
31.989689 1119.200675 854.255217 1362.652194 664.333986 1658.517743 584.521360 1951.043185
32.435608 1119.509084 856.540391 1362.673684 666.303534 1657.252913 586.361776 1948.217699
32.887743 1119.733339 858.781076 1362.540242 668.071206 1655.936680 588.202630 1945.392247
33.346180 1120.653484 859.434583 1361.187557 669.858756 1655.184478 590.063282 1944.688710
33.811008 1120.880041 861.925510 1361.487500 671.666366 1654.034764 591.943898 1964.103787
34.282315 1120.801355 863.568734 1361.640667 673.489007 1651.858398 593.838618 1983.706012
34.760192 1120.515815 865.916369 1359.861277 675.309736 1650.399671 595.727815 2003.854955
35.244730 1120.631587 866.142372 1359.023809 677.430120 1649.517917 597.637248 2024.079985
35.736022 1119.746771 867.453216 1358.764020 680.159864 1650.381288 599.567090 2044.382662
36.234163 1120.823369 868.674060 1358.421366 682.908344 1648.789464 601.515371 2064.801783
36.739248 1120.755955 869.028726 1357.621980 685.557390 1647.206256 603.451247 2085.874365
37.251373 1120.873580 870.611834 1357.157951 688.232952 1645.599424 605.407788 2107.025523
37.770637 1120.879979 872.374223 1356.726147 690.737281 1643.968590 607.385167 2128.256906
38.297139 1120.886468 873.244730 1354.814504 693.032433 1642.313370 609.383558 2149.570145
38.830980 1121.882426 875.111783 1352.839024 695.302752 1640.670291 611.367032 2171.564916
39.372263 1121.726132 876.357163 1350.831159 697.593556 1639.005359 613.368944 2193.684895
39.921091 1123.168948 876.452456 1349.814167 699.908637 1635.826617 615.392113 2215.887777
40.477570 1123.983806 875.734073 1349.589761 702.248197 1632.423272 617.436714 2238.175284
41.041805 1123.805070 877.847073 1346.524904 704.567814 1629.839411 619.469042 2261.090764
41.613906 1123.186350 879.960167 1345.343619 706.900960 1627.137128 621.514534 2284.223958
42.193981 1120.540727 881.384170 1344.144807 709.258793 1623.424598 623.581688 2307.442835
42.782142 1121.619466 883.856823 1343.140118 710.339924 1619.651629 625.670685 2330.749218
43.378502 1121.619424 885.083183 1342.216642 710.737361 1615.988706 627.758215 2354.625688
43.983175 1121.658302 886.300889 1341.376302 711.203497 1613.731441 629.856328 2378.823059
44.596276 1120.810631 887.533864 1341.558993 711.675819 1611.439482 631.976576 2403.108974
45.217924 1120.693490 888.782279 1342.616186 712.732690 1609.112242 634.119141 2427.485361
45.848238 1121.233286 890.783029 1341.839518 714.842031 1610.673077 636.256094 2452.365893
46.487337 1121.353485 892.779242 1341.858041 717.764981 1609.679586 638.391863 2477.682448
47.135345 1120.891672 892.512098 1340.644545 720.903300 1607.168966 640.550132 2503.090482
47.792386 1122.448130 893.691295 1339.052587 724.071477 1603.917134 642.731087 2528.592033
48.458586 1123.955014 894.923763 1336.741297 727.227786 1600.319296 644.912080 2554.513288
49.134073 1125.382726 896.135293 1335.517035 730.354769 1599.322624 647.083602 2580.986421
49.818975 1126.067203 897.907781 1334.988451 732.464222 1603.406731 649.277979 2607.554175
50.513425 1126.074659 898.604180 1334.452285 733.345476 1599.457482 651.495397 2634.218703
51.217554 1126.619798 899.845775 1333.869248 734.275759 1595.486894 653.719459 2661.215953
51.931499 1128.447436 901.062338 1332.690260 735.313127 1591.561373 655.925106 2688.896752
52.655396 1128.595443 902.294185 1331.612389 737.860032 1587.571223 658.153951 2716.675450
53.389384 1129.096467 904.039451 1331.768121 740.769726 1583.515187 660.406185 2744.554319
54.133603 1129.282640 905.065899 1331.027943 743.701372 1579.416833 662.672428 2772.669475
54.888196 1128.949084 906.509641 1329.648696 746.624213 1576.104881 664.910386 2801.610606
55.653308 1128.255170 907.742382 1326.762242 749.576159 1572.980886 667.171875 2830.653060
56.429085 1127.634651 909.883616 1325.038344 752.557433 1570.348416 669.457089 2859.799233
57.215676 1127.069352 911.597981 1323.932239 755.566494 1569.546712 671.764493 2889.075435
58.013231 1126.494787 912.699912 1322.068807 758.063275 1567.064288 674.032766 2919.331055
58.821904 1127.296995 912.743900 1319.843140 759.386899 1564.543238 676.324891 2949.691580
59.641849 1126.843963 914.614841 1318.255475 762.213691 1561.982893 678.641062 2980.159536
60.473224 1126.325698 916.507963 1317.410953 765.192922 1558.035527 680.981476 3010.737409
61.316188 1125.863106 918.331690 1315.394878 768.111316 1555.426871 683.284890 3042.266787
62.170903 1125.639915 919.237662 1314.863818 771.048726 1551.773440 685.605461 3074.001092
63.037532 1125.479147 921.848203 1313.179323 774.015701 1547.540985 687.950388 3105.846714
63.916241 1124.929323 923.576568 1311.160322 777.012466 1543.237680 690.319869 3140.249725
64.807198 1124.535679 925.282224 1309.917736 779.941075 1539.295899 692.658735 3179.628695
65.710575 1124.127062 926.995252 1308.621526 782.869591 1535.671537 695.005394 3219.617351
66.626545 1123.712597 928.728931 1307.256311 785.827785 1531.987898 697.376701 3259.662591
67.555283 1124.027090 931.007538 1306.110392 788.815888 1528.243846 699.515973 3299.769889
68.496967 1124.167948 932.436213 1304.666936 791.746774 1524.652620 701.358349 3341.619175
69.451778 1124.146463 933.865718 1302.469411 794.352422 1521.125006 703.204979 3384.464479
70.419898 1123.558553 934.901860 1300.622627 796.470196 1516.723531 705.072411 3427.360208
71.401513 1122.734967 936.850791 1298.414035 798.611758 1513.755155 706.960839 3470.312561
72.396811 1122.164436 938.350619 1296.919015 800.724482 1510.352224 708.845380 3514.785522
73.405984 1121.681886 939.762895 1297.568012 802.809902 1506.990055 710.726855 3560.705837
74.429223 1121.192398 940.242833 1296.654112 804.918875 1504.942265 712.629484 3606.669364
75.466726 1120.922395 942.640208 1295.713204 807.051620 1501.341644 714.553462 3652.683114
76.518692 1121.054966 944.856984 1295.876518 809.167646 1496.689105 716.479654 3699.941774
77.585321 1120.436677 945.639298 1293.958157 811.240908 1493.259735 718.395788 3749.174514
78.666818 1120.312156 946.732993 1292.010147 813.337674 1491.133099 720.333429 3798.442062
79.763391 1119.842592 948.100158 1290.394625 815.458164 1488.973717 722.292771 3847.752342
80.875249 1120.091252 948.910973 1289.041635 817.574973 1486.770151 724.264002 3897.968476
82.002606 1119.115378 949.887444 1287.719108 819.905882 1483.941755 726.227250 3950.769023
83.145678 1119.161254 951.246842 1286.144861 822.740811 1480.361350 728.212459 4003.594667
84.304684 1120.562041 950.866002 1284.734820 823.819314 1476.296554 730.219832 4056.454355
85.479845 1121.000792 952.789730 1281.834272 825.934471 1472.193121 732.241717 4109.809137
86.671388 1120.984137 954.532367 1279.718057 827.974134 1468.235535 734.229234 4166.452517
87.879540 1119.813561 955.949717 1279.658799 830.037112 1464.211861 736.238979 4223.109846
89.104533 1118.625418 957.157521 1279.003466 832.123625 1460.120778 738.271152 4279.791211
90.346602 1117.669499 958.250546 1277.399554 834.233894 1455.960931 740.325957 4336.506318
91.605985 1117.166096 959.287898 1275.888498 836.253321 1452.688709 742.334872 4397.258430
92.882923 1117.461587 961.331314 1274.354714 838.295056 1450.200223 744.365730 4458.042268
94.177660 1116.414055 962.250187 1272.797663 840.360186 1452.946723 746.419256 4518.838685
95.490446 1116.620468 963.001691 1271.216960 842.563848 1450.127755 748.495655 4579.658601
96.821531 1116.097225 964.145076 1270.619717 844.459763 1447.073235 750.534808 4644.291862
98.171170 1115.957606 964.770468 1268.430458 847.154705 1451.608162 752.587143 4709.514980
99.539623 1115.407543 966.378879 1266.424540 849.422064 1448.835196 754.909611 4774.737694
100.927151 1115.534241 967.355031 1264.437518 851.824349 1446.018146 758.237316 4839.972266
102.334021 1114.794727 968.754529 1262.487258 854.163275 1443.205040 761.541160 4908.725689
103.760502 1113.912263 970.032668 1260.295795 856.783447 1440.364971 764.856350 4978.725719
105.206867 1113.282109 971.986092 1258.193214 859.431987 1437.133237 768.203145 5048.710676
106.673394 1112.108086 972.874172 1256.057731 861.904594 1433.657799 771.581770 5118.694315
108.160363 1111.011992 972.228695 1254.396221 863.924803 1430.234638 774.908451 5191.819912
109.668060 1110.335300 973.233916 1252.953938 865.974140 1426.827539 778.211910 5266.959214
111.196773 1110.376581 972.952603 1251.284043 868.047103 1423.364621 781.547162 5342.066947
112.746796 1111.067632 973.435564 1249.238443 870.143921 1419.844807 784.914435 5417.158518
114.318425 1109.641943 973.670852 1247.879541 872.319380 1416.743243 788.300414 5494.921480
115.911962 1108.023641 974.236100 1246.549402 874.579144 1412.921124 791.703815 5575.587971
117.527712 1107.428673 975.340240 1244.593298 876.864776 1409.425849 795.139784 5656.204432
119.165984 1107.424247 975.272464 1243.694583 879.466349 1405.872980 798.608556 5736.788096
120.827094 1107.161712 976.576167 1242.041678 881.563860 1402.332863 802.068246 5819.466175
122.511358 1107.173078 977.026598 1240.344537 883.621083 1398.870562 805.481200 5906.071823
124.219100 1106.819910 977.666109 1238.863846 885.664059 1396.799359 808.433796 5992.606918
125.950646 1106.608524 978.821377 1237.343712 887.861889 1394.877909 810.951175 6079.090703
127.706330 1106.086441 979.913221 1235.093482 889.586643 1392.967333 813.470774 6166.975020
129.486487 1106.323919 980.479795 1233.929611 891.066130 1391.174457 815.927194 6259.961741
131.291459 1105.539155 981.085553 1232.480959 893.195069 1388.154932 818.410328 6352.855161
133.121590 1105.320293 981.843058 1230.393402 895.489980 1387.506185 820.920406 6445.676732
134.977233 1105.145170 982.976596 1228.099613 895.431194 1385.642622 823.446681 6539.073874
136.858742 1103.591961 983.977635 1225.902701 898.812193 1383.884571 825.885375 6638.914414
138.766479 1103.841768 984.455663 1225.598266 899.587228 1382.099730 828.350733 6738.636522
140.700809 1103.131861 984.998879 1223.274092 901.656084 1379.389147 830.842988 6838.264072
142.662102 1103.453340 985.527230 1222.546237 904.497555 1375.759290 833.362373 6937.819819
144.650734 1102.683791 985.969616 1220.383905 906.689485 1371.722724 835.782393 7044.690631
146.667087 1101.930082 986.926035 1217.908078 907.933723 1367.627719 838.223470 7151.738724
148.711546 1101.082910 987.688993 1216.137105 909.340326 1363.463075 840.691339 7258.667319
150.784505 1100.561409 988.565545 1214.431852 911.601147 1361.850711 843.186233 7365.501669
152.886359 1099.473815 988.790475 1213.662941 913.756315 1358.773179 845.595490 7479.152329
155.017512 1098.692967 988.713212 1211.653838 913.052236 1355.354304 848.007957 7594.058786
157.178372 1098.423538 989.032685 1210.182669 916.516192 1351.878944 850.447065 7708.818418
159.369353 1097.055309 990.498409 1210.131809 916.770374 1348.345993 852.913051 7823.459195
161.590875 1096.469154 991.846725 1207.677573 918.950492 1344.946089 855.308057 7944.283467
163.843365 1097.146761 993.396396 1205.843504 921.046302 1350.579243 854.977500 8067.613899
166.127252 1096.305826 994.433627 1203.981016 921.506778 1347.412993 850.959081 8190.767683
168.442976 1095.511131 994.936696 1202.089620 921.973438 1343.182122 846.865180 8313.775747
170.790980 1095.161929 996.459651 1202.403964 922.617160 1346.932444 846.392579 8442.185264
173.171713 1094.484483 997.439940 1200.205795 923.079019 1343.079805 848.708526 8574.539564
175.585633 1093.454752 998.803363 1197.972867 925.078885 1338.331462 851.050321 8706.684812
178.033202 1092.409677 999.686051 1196.551418 927.091068 1333.347318 853.418198 8838.655140
180.514888 1092.292766 1000.089973 1194.973656 927.937911 1331.230139 856.203983 8975.082164
183.031168 1092.175988 1000.791661 1193.128503 928.853885 1327.347795 859.516965 9117.100789
185.582523 1091.239131 1000.999408 1192.969420 929.709320 1323.399704 862.863141 9258.875211
188.169442 1091.334824 1001.329397 1189.236449 930.454873 1319.384516 866.242764 9400.443034
190.792422 1090.441761 1000.969452 1188.252221 931.221494 1315.376632 869.532105 9545.340072
193.451965 1089.068909 1001.829713 1186.384224 932.023204 1313.498471 872.580190 9697.700204
196.148581 1088.086670 1001.993941 1184.730027 932.835386 1309.528477 875.659931 9849.778176
198.882786 1087.790761 1003.244127 1182.836935 933.658168 1315.296918 878.771582 10001.615339
201.655104 1087.825666 1003.683110 1180.225493 934.207088 1314.143892 881.848886 10155.455941
204.466067 1087.288674 1003.445352 1178.165616 934.898845 1311.407072 884.659369 10318.881723
207.316213 1086.878581 1003.367068 1177.930298 936.342874 1312.826986 887.499942 10481.984382
210.206088 1086.049747 1004.188158 1176.159305 936.309836 1309.824389 890.370859 10644.809308
213.136247 1085.232960 1003.994181 1175.094240 937.024446 1311.401556 893.185973 10808.091842
216.107251 1084.884964 1004.513531 1175.728682 937.661822 1317.317698 889.957622 10983.350674
219.119669 1083.780051 1004.884060 1175.770488 937.319860 1320.492517 886.672268 11158.242316
222.174078 1083.516609 1004.769397 1175.010406 938.218446 1318.311349 883.328643 11332.816508
225.271064 1083.036507 1005.229909 1173.741128 939.621923 1324.741209 879.925437 11507.120392
228.411221 1082.156544 1004.788216 1172.207070 941.021962 1320.966918 877.794556 11693.974354
231.595149 1081.814173 1004.776649 1170.057987 941.023351 1317.644590 879.562269 11881.472723
234.823460 1081.109292 1005.021408 1168.973072 941.406312 1322.759988 881.351002 12068.610911
238.096772 1079.842321 1005.064868 1167.491481 941.714654 1322.092943 883.160970 12255.440461
241.415712 1079.082209 1005.366319 1165.968076 942.561317 1321.772606 884.866822 12453.809349
244.780916 1078.056765 1006.397014 1164.292555 943.098686 1324.917759 886.560517 12654.786035
248.193029 1077.662173 1006.431628 1162.557029 943.643233 1328.601362 888.274524 12855.356618
251.652705 1076.841315 1005.854822 1161.418321 944.195050 1332.325913 890.009053 13055.577366
255.160607 1075.941104 1005.787551 1160.776585 943.713101 1336.325418 891.651748 13266.107780
258.717408 1075.026211 1006.583023 1160.567971 944.569948 1340.486358 893.257390 13481.496041
262.323788 1074.303840 1006.437408 1160.146920 946.606901 1344.692153 894.882472 13696.428815
265.980440 1073.857054 1006.154069 1159.719843 948.392816 1348.943186 896.527199 13910.967449
269.688063 1073.260094 1005.512050 1159.328964 949.967746 1353.474081 898.099210 14134.343476
273.447368 1072.506863 1005.006686 1158.969358 949.921255 1358.255968 899.609852 14365.145209
277.259076 1071.470619 1005.367750 1157.516482 950.010263 1363.087384 901.138966 14595.438269
281.123917 1070.926689 1005.847368 1157.316863 951.341716 1367.968725 902.686750 14825.289466
285.042632 1069.711585 1005.918768 1155.591658 951.957896 1373.119785 904.181807 15062.234540
289.015972 1069.064444 1006.767665 1153.981498 952.019334 1382.446899 905.590291 15309.524829
293.044698 1068.822952 1007.334884 1153.417447 950.756854 1391.857626 907.016174 15556.249096
297.129582 1068.284600 1006.785615 1151.600584 950.083187 1401.335009 908.459649 15802.480027
301.271407 1067.150707 1006.502621 1150.232400 950.745649 1411.276833 909.871524 16053.760160
305.470967 1066.594469 1006.644199 1149.725904 950.430128 1422.319095 911.095780 16318.697467
309.729067 1067.158602 1006.175481 1147.901285 951.316166 1433.428434 910.222574 16583.006751
314.046522 1065.827230 1005.778719 1145.132700 950.971301 1444.605405 909.336340 16846.767033
318.424160 1065.885412 1005.521451 1144.747121 952.200821 1456.088705 908.457568 17113.194466
322.862820 1065.633599 1005.337463 1144.335206 953.260798 1468.281554 907.685382 17397.027976
327.363353 1065.353441 1004.331232 1143.103220 952.096903 1475.101813 906.901760 17680.166265
331.926620 1064.284608 1003.639424 1141.027297 952.140830 1481.985097 906.106524 17962.695187
336.553498 1063.690681 1003.940404 1139.927315 952.429022 1488.929935 905.302288 18245.131036
341.244871 1063.667685 1004.108033 1139.128995 952.680513 1495.840816 904.630692 18549.208996
346.001639 1063.002641 1004.288970 1137.645914 953.344246 1502.815583 903.949226 18852.518711
350.824714 1061.679381 1004.205633 1136.403361 954.417457 1509.854678 903.257735 19155.153422
355.715021 1060.508946 1003.467781 1133.921804 955.504397 1516.958545 902.556064 19457.201270
360.673495 1059.226176 1002.588124 1133.592733 954.842618 1524.024904 901.982306 19780.288614
365.701088 1058.734799 1001.488183 1133.348139 956.288548 1531.143724 901.417417 20105.218811
370.798763 1058.636703 1001.225747 1132.348393 956.787269 1538.328141 900.844293 20429.402455
375.967497 1057.607151 1001.434111 1131.547348 956.840579 1545.578609 900.262807 20752.935204
381.208280 1056.693463 1000.488297 1131.473510 956.902060 1552.795050 899.793613 21095.697180
386.522116 1056.136143 1000.467097 1132.064978 956.966750 1560.046285 899.355929 21443.810995
391.910025 1055.579483 1000.814628 1131.552857 957.032336 1567.364346 898.911926 21791.100115
397.373038 1054.745463 1000.749984 1130.994289 957.098833 1574.749696 898.461510 22137.668341
402.912203 1054.083105 999.773532 1131.493146 957.173228 1587.199809 898.103923 22501.271864
408.528580 1053.579081 998.982322 1130.958729 957.252757 1600.779137 897.799641 22874.253680
414.223247 1053.147308 999.061844 1129.925231 957.199227 1614.431140 897.491011 23246.325347
419.997295 1053.260404 998.750811 1129.975143 955.614866 1628.156573 897.177971 23617.599501
425.851829 1052.589806 998.728495 1130.275625 955.209918 1642.864524 896.937472 24003.279492
431.787973 1052.481796 997.986794 1129.029794 954.920670 1658.542903 896.770489 24373.086224
437.806863 1051.830829 997.725181 1129.278220 954.627301 1674.289937 896.601147 24693.748495
443.909653 1050.607702 997.504687 1130.253056 954.329749 1690.106682 896.429411 25014.684071
450.097513 1049.734503 996.617432 1130.794194 954.120107 1706.773991 896.310244 25342.765953
456.371628 1049.068366 996.011273 1131.661748 954.450723 1724.816724 896.282586 25682.549317
462.733201 1047.878384 995.858468 1132.093846 954.318155 1742.920272 896.254543 26022.539629
469.183451 1046.278744 995.452143 1131.324542 952.485642 1761.086174 896.226107 26362.792777
475.723614 1044.379123 994.315466 1132.513303 952.301003 1775.480190 896.231552 26708.109191
482.354943 1043.683255 993.814036 1132.076102 952.111446 1786.387641 896.344304 27068.394289
489.078709 1043.056891 992.901586 1132.882146 950.586353 1797.379555 896.458614 27428.870145
495.896201 1042.005486 992.107428 1132.768676 949.902038 1808.456479 896.574502 27789.597071
502.808725 1040.950315 990.839249 1133.122330 948.124501 1819.638810 896.707505 28153.003233
509.817606 1040.445002 990.475489 1133.345870 947.767088 1831.061332 896.963475 28535.013470
516.924187 1039.238327 989.825230 1132.117378 946.806920 1842.570780 897.222939 28917.196631
524.129830 1038.313004 989.297647 1132.631853 945.612641 1854.167722 897.485944 29299.617757
531.435916 1037.779831 988.128398 1132.448557 944.527868 1865.852727 897.752535 29682.339518
538.843844 1037.482774 987.568862 1133.876334 943.992869 1877.808978 898.155457 30087.033758
546.355035 1036.376329 987.299252 1134.140316 942.951252 1889.857458 898.565853 30492.214007
553.970928 1035.608007 986.364516 1133.598647 943.521475 1901.995962 898.981778 30897.617722
561.692982 1035.174289 985.702159 1132.965578 943.338282 1914.225083 899.403305 31303.312401
569.522678 1033.823140 985.043438 1134.674187 943.069785 1926.723272 899.951469 31729.330285
577.461515 1033.353734 984.477312 1135.610930 941.662330 1939.343456 900.527466 32158.869838
585.511016 1032.564980 982.875685 1135.395430 939.608079 1952.056255 901.111116 32588.616907
593.672722 1032.207265 982.048253 1134.832054 939.073330 1964.862286 901.702516 33018.644135
601.948197 1030.905323 981.113844 1135.769686 938.055419 1977.921711 902.414623 33467.039344
610.339029 1030.590877 980.344442 1135.687380 936.142297 1991.135836 903.178852 33922.373966
618.846824 1030.065672 978.729715 1134.750255 935.979615 2004.445217 903.953075 34377.898670
627.473213 1028.602688 977.410983 1134.630287 935.834679 2017.850496 904.737413 34833.691584
636.219849 1027.873789 976.278416 1134.599700 935.706375 2031.492466 905.639759 35305.563990
645.088409 1028.690318 974.984889 1135.189630 935.588955 2045.326269 906.626905 35788.206728
654.080591 1028.281904 973.701781 1138.156096 934.319485 2059.258025 907.626716 36271.020611
663.198120 1028.709452 972.385737 1139.640817 932.842699 2073.288401 906.382205 36754.089593
672.442742 1027.523801 971.306435 1140.962990 932.010136 2087.536077 904.531516 37250.586666
681.816229 1027.187666 970.009393 1140.357449 931.494069 2102.017988 902.716723 37762.130577
691.320378 1027.363735 968.648442 1140.785588 930.936213 2116.600604 900.872900 38273.825176
700.957009 1027.363365 967.716130 1142.188144 930.005862 2131.284623 898.999514 38785.760615
710.727970 1027.152727 966.204489 1145.193953 928.976781 2146.162186 897.137562 39308.078693
720.635132 1027.351731 964.714042 1145.912164 928.681110 2161.321191 895.327596 39850.199064
730.680395 1027.041381 963.830095 1149.151510 926.971738 2176.583713 893.488656 40392.448164
740.865683 1026.937149 962.201867 1150.236593 926.029177 2191.950483 891.620210 40934.922727
751.192949 1026.518475 961.134382 1151.956952 923.825154 2207.482589 889.747487 41484.308342
761.664172 1026.254090 959.961369 1154.456963 921.831652 2223.348377 887.942888 42058.765148
772.281357 1025.539302 958.378045 1156.915932 921.554722 2239.320556 886.109382 42633.327267
783.046540 1025.253521 957.385640 1159.046396 920.168814 2255.399895 884.246436 43208.098409
793.961785 1025.359428 956.061103 1161.409374 918.267032 2271.611748 882.363386 43785.849749
805.029181 1025.665367 954.900511 1163.489726 916.695197 2288.214862 880.564612 44394.490191
816.250851 1024.847449 953.492613 1165.595285 915.574364 2304.927309 878.737004 45003.211138
827.628946 1024.691680 951.850885 1167.726319 913.598610 2319.353017 876.880031 45612.123685
839.165644 1023.665173 950.269366 1169.934275 912.240949 2331.582247 874.993150 46221.334644
850.863158 1024.037355 949.006759 1173.838513 911.122362 2343.618971 873.194494 46864.353374
862.723729 1023.574609 947.257690 1175.781226 909.991933 2355.745225 871.373181 47509.169001
874.749630 1023.001708 946.345254 1179.743769 908.844311 2367.977112 869.522584 48154.157934
886.943166 1023.016061 944.659131 1183.889951 907.577328 2380.315328 867.642162 48799.434453
899.306672 1022.490040 943.160968 1187.583010 906.579534 2392.509684 865.834037 49475.661942
911.842520 1021.970828 941.757949 1189.232615 905.481393 2404.756258 864.019363 50158.601208
924.553110 1022.232787 940.498324 1189.568487 904.005897 2417.110191 862.175494 50841.694742
937.440879 1022.421258 938.918581 1190.443524 901.558193 2429.572196 860.301888 51525.064711
950.508296 1021.225814 937.481998 1190.534224 899.713940 2445.398028 858.484579 52236.062610
963.757866 1021.241155 936.064916 1190.685415 897.711194 2466.856761 856.676857 52959.251054
977.192128 1022.107846 934.587200 1190.753057 896.395564 2488.425691 854.840034 53682.574138
990.813657 1022.985869 932.636560 1191.034291 894.517702 2510.106055 852.973567 54406.162343
1004.625062 1023.266118 930.390776 1192.139479 892.599098 2532.047544 850.899467 55153.554455
1018.628990 1023.215389 928.887634 1194.420128 890.727000 2554.217504 847.595160 55919.218171
1032.828126 1023.124744 927.441992 1196.728130 888.737907 2576.501736 844.472885 56684.996475
1047.225190 1023.567566 926.013428 1199.063769 886.733756 2598.901516 842.606210 57451.028602
1061.822941 1024.107004 924.617888 1201.314727 884.776472 2621.496477 840.765654 58236.503632
1076.624177 1023.767606 923.273434 1203.689408 882.892175 2644.311441 838.969616 59046.974005
1091.631734 1023.970846 921.674510 1207.153666 881.208840 2667.245187 836.718958 59857.538667
1106.848489 1024.163493 919.970397 1209.145169 879.442248 2690.299016 834.251899 60668.346058
1122.277356 1023.137246 919.151715 1212.277141 877.579337 2713.499267 831.823346 61493.660387
1137.921294 1023.267188 917.183294 1214.680300 875.802132 2736.879252 829.539164 62351.378741
1153.783300 1023.347268 915.560009 1216.018061 873.996465 2760.382964 827.216702 63209.171022
1169.866413 1022.985430 913.981923 1217.407130 871.548726 2784.011717 824.855190 64067.195343
1186.173716 1023.518025 912.782492 1217.900409 869.476789 2807.761195 822.502223 64934.176085
1202.708335 1023.379395 911.185624 1219.709280 867.317756 2831.611877 820.339763 65841.699739
1219.473437 1022.957527 909.211899 1221.540630 865.123126 2855.591639 818.141323 66749.277079
1236.472235 1023.966899 907.389197 1223.394709 862.892204 2879.701796 815.906190 67657.076372
1253.707987 1024.612216 905.825022 1225.260114 860.957542 2903.936217 813.646907 68567.624848
1271.183997 1024.494320 904.309170 1228.007843 858.683646 2928.148842 811.628919 69527.633358
1288.903612 1024.940566 902.769589 1229.056844 856.604804 2952.496253 809.577665 70487.675617
1306.870230 1024.742364 901.642968 1230.214620 854.538538 2976.979750 807.492498 71447.930536
1325.087292 1024.692946 900.578507 1230.647244 852.162730 3001.600639 805.372752 72408.570013
1343.558290 1025.031881 899.049078 1232.448388 849.728297 3026.078291 803.501067 73419.327888
1362.286764 1024.274079 897.098037 1233.117683 847.264810 3051.883103 801.624868 74434.644279
1381.276303 1023.849602 895.343895 1233.662302 845.629284 3079.191891 799.718021 75450.165020
1400.530545 1023.703423 894.040952 1233.776051 843.627260 3106.636258 797.779940 76466.072704
1420.053182 1024.760193 892.448628 1234.792810 841.005381 3134.265000 796.067812 77527.408419
1439.847953 1024.594746 890.896736 1234.895699 839.069704 3162.045121 794.398336 78600.944668
1459.918652 1024.373983 889.250338 1236.434588 837.331769 3189.965483 792.701999 79674.678123
1480.269127 1024.150095 887.430925 1236.884565 835.404489 3218.027718 790.978302 80748.802580
1500.903276 1023.876013 886.099777 1236.469931 833.611743 3246.187769 789.455792 81863.003113
1521.825053 1024.285391 884.364972 1238.294809 830.432848 3274.469402 788.029157 82997.849837
1543.038469 1023.796262 882.553639 1241.021048 827.830278 3302.898021 785.164692 84132.887949
1564.547589 1024.127938 880.811865 1241.212440 825.419726 3331.475243 782.170756 85268.322978
1586.356534 1023.745252 879.159126 1240.543419 823.215084 3360.088702 779.388429 86437.772877
1608.469483 1024.569477 877.587722 1243.698550 821.111565 3388.752914 776.795877 87637.174010
1630.890676 1023.949735 876.148485 1244.038138 818.973208 3417.571233 775.251992 88836.762189
1653.624407 1024.107123 874.642584 1244.382364 816.799328 3446.545246 775.130911 90036.755228
1676.675035 1024.074758 873.161158 1244.705478 814.633789 3475.525773 775.301898 91263.941503
1700.046975 1023.780498 871.847840 1244.993937 812.499824 3504.439220 774.738619 92531.303505
1723.744708 1022.680056 870.062422 1245.286348 810.330375 3533.514156 772.098328 93798.849817
1747.772774 1022.443225 868.469644 1247.888804 808.124739 3562.752130 769.411983 95066.811117
1772.135779 1022.160732 867.135819 1251.783329 805.914201 3592.005278 766.733561 96354.328372
1796.838391 1022.250472 865.966126 1252.942238 803.906940 3621.021749 764.158292 97693.230201
1821.885343 1021.591342 864.712196 1253.268114 802.290302 3650.207197 761.538233 99032.315319
1847.281437 1020.956377 863.281520 1253.598446 800.647797 3679.563126 758.872417 100371.827873
1873.031539 1019.443914 862.078982 1253.916165 798.993766 3708.986880 756.189537 101722.383578
1899.140582 1018.934651 860.896910 1256.115012 797.404349 3737.949699 753.642473 103136.586776
1925.613572 1018.607887 859.620615 1260.168131 795.465236 3767.088896 751.051084 104550.974046
1952.455581 1018.718156 858.324590 1261.316902 793.284355 3796.405929 748.414412 105965.803639
1979.671753 1018.253927 857.005131 1261.441406 791.794839 3825.891443 745.734017 107382.223442
2007.267304 1017.216523 854.951081 1261.447363 789.759805 3854.636745 744.262712 108875.683812
2035.247521 1017.275040 853.457411 1261.453404 787.339387 3883.565511 743.012284 110369.330898
2063.617768 1016.653426 851.919761 1262.873537 784.877609 3912.679153 741.742274 111863.437725
2092.383480 1015.784514 850.685612 1265.168649 782.373607 3941.979094 740.452336 113358.266778
2121.550171 1015.379458 849.037365 1265.625777 780.767522 3970.472531 739.504529 114925.550419
2151.123430 1014.726310 847.102778 1266.073847 778.876240 3999.023304 738.590985 116502.620608
2181.108924 1014.272001 845.327318 1266.940389 777.706989 4027.765431 737.565083 118080.170562
2211.512400 1013.946844 844.119827 1266.988320 775.686774 4056.700295 734.586237 119658.477642
2242.339683 1014.066955 842.181372 1267.369024 773.208010 4084.836660 731.834577 121301.975136
2273.596682 1013.633299 841.254294 1269.379143 772.143163 4112.843162 729.127107 122966.850181
2305.289387 1013.029711 839.644115 1273.406525 769.915451 4124.134965 726.371593 124632.227666
2337.423871 1012.928846 838.008332 1273.980726 767.650085 4135.208676 723.566954 126298.400548
2370.006292 1012.668666 836.411022 1275.069934 765.419177 4145.808394 720.966516 128021.551143
2403.042894 1012.154663 835.986360 1277.257249 762.974761 4156.165889 718.475269 129778.844398
2436.540009 1011.251867 834.055982 1278.262342 760.488249 4166.641474 715.940444 131536.665438
2470.504055 1010.321719 832.923908 1277.674525 757.958748 4177.236262 713.361089 133295.323580
2504.941542 1009.385550 831.855229 1280.271387 755.484573 4187.492539 710.956390 135101.722706
2539.859069 1009.316669 830.789019 1284.234387 753.070082 4197.395026 708.737174 136956.293122
2575.263327 1009.313038 829.413940 1288.240181 750.614005 4207.411753 706.479906 138811.419333
2611.161101 1008.878509 828.017361 1292.040698 748.115459 4217.543818 704.183786 140667.427825
2647.559271 1008.396178 827.344547 1292.522162 745.646274 4227.465432 702.025911 142560.834472
2684.464811 1007.237445 826.417070 1294.196036 743.262004 4236.930830 700.143411 144517.801456
2721.884795 1006.666302 824.122462 1295.836687 740.836665 4246.506628 698.229488 146475.354871
2759.826392 1006.209905 822.906218 1296.958487 738.369384 4256.193912 696.283515 148433.839234
2798.296876 1005.873757 821.188796 1298.076429 735.905873 4265.790610 694.430957 150418.183573
2837.303617 1005.804040 819.869448 1300.048064 733.925677 4297.017435 692.959672 152482.942568
2876.854090 1006.084093 818.851619 1303.286610 732.262151 4351.266732 691.464682 154548.321195
2916.955876 1005.205694 817.263273 1304.199377 730.571569 4376.545116 689.945545 156614.682912
2957.616659 1003.993741 815.578777 1307.356304 728.865934 4384.971053 688.464569 158694.074142
2998.844231 1002.811543 813.634904 1309.541665 727.238214 4392.514872 687.489827 160872.313034
3040.646493 1002.709116 811.842737 1309.182386 725.227609 4400.150642 686.500084 163051.207226
3083.031457 1001.742645 810.241245 1308.817997 722.624140 4407.879346 684.792724 165231.140090
3126.007243 1000.761750 808.576100 1308.448426 719.974769 4415.701972 682.288392 167412.480645
3169.582089 999.755594 806.700474 1307.997764 717.473712 4422.645538 679.997697 169707.590980
3213.764344 998.734131 805.124139 1308.599241 714.933420 4429.652140 677.673190 172006.000723
3258.562476 997.697361 803.885470 1309.553924 712.348468 4436.745112 675.308111 174305.508099
3303.985070 996.645039 802.419302 1308.803243 709.717871 4443.925398 672.901577 176606.502292
3350.040830 995.945687 801.156456 1307.970814 707.210178 4450.431435 670.682833 179011.597224
3396.738582 994.789615 799.890026 1308.343068 704.689098 4456.881166 668.467273 181435.850295
3444.087276 993.412960 798.509245 1307.582473 702.123633 4463.411287 666.213307 183861.263246
3492.095985 992.513577 797.154832 1306.810824 699.512800 4470.022694 663.920108 186288.246493
3540.773909 992.017836 795.269060 1306.123954 697.224304 4476.134666 661.787626 188808.359336
3590.130377 991.715532 792.706263 1305.282213 695.271024 4482.094565 659.697701 191365.130369
3640.174847 991.408920 790.939581 1305.316559 693.284897 4488.129461 657.571862 193475.305431
3690.916911 990.096636 789.578307 1306.580760 691.165782 4494.240206 655.409350 194497.209502
3742.366291 989.823295 787.557429 1308.503122 688.566678 4499.998957 652.877791 195506.247845
3794.532847 989.676584 785.406557 1310.384446 686.007016 4505.530324 649.686994 196508.958067
3847.426577 989.379160 783.253061 1311.967466 683.539894 4512.414050 646.435639 197520.448419
3901.057617 988.227898 781.330888 1311.437746 682.409547 4523.114600 644.683450 198540.777058
3955.436245 986.495932 779.435486 1310.890668 681.440944 4589.063949 642.781376 199552.849804
4010.572881 985.190931 777.578066 1312.698118 679.588286 4676.183796 639.985787 200553.666520
4066.478092 986.139334 775.690213 1313.045249 677.660043 4762.891308 637.138705 201563.360429
4123.162591 984.704572 773.955049 1313.051659 675.699304 4849.224775 634.238888 202581.990835
4180.637241 984.042299 772.770570 1312.562386 673.305187 4931.775630 631.369476 203597.129971
4238.913057 982.978373 771.364175 1314.485451 670.145629 5007.188660 628.619255 204595.991381
4298.001206 981.964455 769.043070 1314.506396 668.415736 5082.510571 625.818358 205603.821847
4357.913012 980.802239 767.105919 1313.998154 666.786591 5157.759471 622.965560 206620.681840
4418.659956 979.693366 765.154637 1313.477733 665.154948 5184.091947 620.110437 207638.942093
4480.253680 978.187537 763.297698 1312.930349 663.593455 5198.643666 617.405500 208635.833238
4542.705986 977.228669 761.575700 1312.375102 662.006436 5213.356758 614.650704 209641.780553
4606.028844 976.312158 759.709046 1311.811875 660.066691 5228.232669 611.844844 210656.845689
4670.234388 975.152841 758.298076 1311.239570 657.649318 5243.146179 609.004712 211678.304004
4735.334923 974.001955 757.145584 1312.161642 655.365940 5256.596437 606.344932 212673.253699
4801.342924 972.833637 755.975232 1313.532062 653.156013 5270.199137 603.636111 213677.342385
4868.271040 971.898586 754.786714 1314.920126 650.678367 5283.955697 600.877062 214690.632898
4936.132098 971.522565 753.579714 1316.326046 648.272393 5297.867546 598.066558 215713.188371
5004.939103 968.786655 752.436169 1317.616098 646.003220 5310.384862 595.437811 216708.465522
5074.705239 967.991546 750.862132 1318.914732 643.705170 5322.952755 592.774797 217710.761154
5145.443878 967.328955 748.766003 1320.230163 641.366680 5335.665613 590.062392 218722.338789
5217.168576 966.656664 746.875916 1321.562594 638.986854 5348.524829 587.299387 219743.262748
5289.893076 965.588760 744.944170 1322.798241 636.719207 5360.285932 584.684250 220741.822426
5363.631317 964.247528 743.287149 1324.023718 634.447349 5371.898483 582.066839 221742.428402
5438.397428 963.081865 741.756799 1325.265120 632.179216 5383.647332 579.400869 222752.393180
5514.205739 961.957713 740.201886 1326.522641 630.295091 5395.533832 576.685155 223771.782269
5591.070777 961.300746 738.697431 1327.702281 628.212774 5406.589602 574.084226 224773.808721
5669.007271 959.786404 736.674191 1328.362250 626.301503 5417.327553 571.512174 225772.863023
5748.030158 958.193549 733.940166 1329.506991 623.832023 5428.193497 568.892396 226781.349995
5828.154581 956.472815 732.950253 1330.666684 621.318099 5439.188743 566.223725 227799.336330
5909.395895 954.241517 731.155256 1331.770386 619.266889 5449.590172 563.637580 228805.028903
5991.769669 952.925514 728.670158 1332.831247 616.959856 5459.533415 561.110613 229802.700888
6075.291689 951.339405 727.043374 1332.861775 614.611823 5469.596805 558.536748 230809.876913
6159.977960 949.445684 725.409794 1332.209877 612.221865 5479.781605 555.914838 231826.624851
6245.844712 947.755186 723.819379 1331.541903 609.544880 5489.579167 553.344033 232836.197327
6332.908400 945.957925 722.355591 1330.855234 607.184271 5498.805091 550.861842 233832.684585
6421.185709 944.578043 720.868364 1330.158632 604.956363 5508.143842 548.333578 234838.745174
6510.693555 943.608545 719.357267 1329.451946 602.688990 5517.596631 545.758114 235854.448144
6601.449093 942.628872 717.853978 1328.733326 600.436347 5526.839734 543.203183 236868.128070
6693.469713 941.644907 716.403292 1328.000231 598.275514 5535.422010 540.765432 237863.653376
6786.773051 940.627263 714.929378 1327.256505 596.034984 5544.110355 538.282427 238868.819630
6881.376986 938.537219 713.431810 1326.501985 593.705680 5552.905930 535.753062 239883.697048
6977.299650 937.359443 711.928167 1325.737033 591.366860 5561.642446 533.214517 240901.725061
7074.559423 936.256935 710.550081 1324.963585 589.148289 5569.650201 530.820841 241896.533450
7173.174944 935.137731 709.341700 1324.178894 586.890229 5577.757842 528.382727 242901.049112
7273.165113 934.001558 708.114370 1323.382790 584.591788 5585.966485 525.899087 243915.343420
7374.549090 932.849308 706.871033 1322.575521 582.259367 5594.242368 523.377418 244937.972563
7477.346305 931.519152 705.691205 1321.767152 580.215390 5601.739684 521.027429 245932.328544
7581.576458 930.160846 704.492913 1320.947009 578.270606 5609.331277 518.633810 246936.457190
7687.259522 928.781577 703.319519 1320.114914 576.292012 5617.018218 516.195493 247950.431024
7794.415750 927.380988 702.039634 1319.270684 574.278877 5624.801584 513.711370 248974.322879
7903.065679 926.029690 700.862127 1318.703761 572.380921 5631.922880 511.384453 249972.110979
8013.230128 924.821253 699.632803 1319.468657 570.465278 5639.057783 509.034911 250976.133364
8124.930211 923.278631 698.025599 1320.243763 568.516342 5646.282936 506.641492 251990.066877
8238.187331 921.382576 696.678364 1321.029208 566.533393 5653.599377 504.203110 253013.985494
8353.023195 919.450123 695.315087 1321.729949 564.643051 5660.413846 501.891083 254017.013170
8469.459808 918.108285 693.514823 1322.413017 562.756222 5667.146074 499.585177 255021.224731
8587.519485 917.142528 691.684679 1323.105247 560.836611 5673.963990 497.236210 256035.413074
8707.224849 915.510570 690.061595 1323.806756 558.883510 5680.868590 494.843115 257059.653312
8828.598841 913.811097 688.499564 1324.441774 557.001013 5687.408158 492.546404 258068.219616
8951.664721 912.539450 686.954789 1325.044284 555.142668 5693.786504 490.283675 259072.928150
9076.446073 911.359246 685.635065 1325.654913 553.252045 5700.246474 487.978692 260087.679128
9202.966809 909.988057 684.634168 1326.273767 551.328449 5706.789025 485.630408 261112.548791
9331.251175 908.648057 683.655776 1326.843098 549.454021 5713.083286 483.349422 262126.959413
9461.323756 907.378067 682.421771 1327.366613 547.623825 5719.151542 481.129391 263132.482924
9593.209478 906.088557 680.768844 1327.897216 545.761851 5725.297819 478.867907 264148.114818
9726.933615 904.432994 679.708843 1328.434998 543.867413 5731.523043 476.563942 265173.932456
9862.521795 902.829574 678.538199 1328.938858 542.001268 5737.599325 474.299068 266194.499290
10000.000000 901.793489 677.154438 1329.199561 540.198885 5743.396581 472.121244 267201.164006
