10.000000 -0.002526 -0.015128 0.013502 -0.019386 0.019398 -0.020095 0.024675
10.139395 -0.002526 -0.015128 0.013502 -0.019386 0.019398 -0.020095 0.024757
10.280732 -0.002526 -0.015128 0.013502 -0.019386 0.019398 -0.020095 0.024840
10.424040 -0.002520 -0.015128 0.013502 -0.019386 0.019399 -0.020095 0.024925
10.569346 -0.002514 -0.015109 0.013502 -0.019386 0.019399 -0.020095 0.025011
10.716676 -0.002507 -0.015107 0.013502 -0.019386 0.019400 -0.020095 0.025098
10.866061 -0.002500 -0.015095 0.013502 -0.019386 0.019400 -0.020095 0.025187
11.017528 -0.002493 -0.015095 0.013502 -0.019385 0.019401 -0.020094 0.025277
11.171107 -0.002486 -0.015090 0.013502 -0.019385 0.019401 -0.020094 0.025368
11.326826 -0.002478 -0.015089 0.013502 -0.019385 0.019402 -0.020094 0.025460
11.484715 -0.002433 -0.015082 0.013507 -0.019385 0.019402 -0.020094 0.025554
11.644806 -0.002384 -0.015064 0.013580 -0.019385 0.019403 -0.020094 0.025649
11.807128 -0.002384 -0.015059 0.013584 -0.019385 0.019404 -0.020094 0.025746
11.971713 -0.002383 -0.015059 0.013603 -0.019385 0.019404 -0.020094 0.025844
12.138593 -0.002383 -0.015059 0.013605 -0.019385 0.019405 -0.020094 0.025943
12.307798 -0.002383 -0.015059 0.013618 -0.019384 0.019405 -0.020094 0.026044
12.479362 -0.002383 -0.015059 0.013642 -0.019384 0.019406 -0.020094 0.026147
12.653318 -0.002383 -0.015059 0.013667 -0.019384 0.019407 -0.020094 0.026250
12.829698 -0.002383 -0.015059 0.013693 -0.019384 0.019491 -0.020094 0.026356
13.008537 -0.002383 -0.015059 0.013701 -0.019384 0.019502 -0.020094 0.026463
13.189869 -0.002383 -0.015059 0.013702 -0.019384 0.019502 -0.020094 0.026571
13.373729 -0.002377 -0.015035 0.013702 -0.019383 0.019502 -0.020094 0.026681
13.560151 -0.002368 -0.014974 0.013702 -0.019383 0.019502 -0.020094 0.026793
13.749172 -0.002358 -0.014912 0.013702 -0.019383 0.019502 -0.020094 0.026906
13.940828 -0.002356 -0.014848 0.013703 -0.019383 0.019502 -0.020094 0.027021
14.135156 -0.002354 -0.014828 0.013703 -0.019383 0.019502 -0.020094 0.027137
14.332192 -0.002351 -0.014828 0.013703 -0.019382 0.019502 -0.020094 0.027256
14.531975 -0.002349 -0.014828 0.013704 -0.019382 0.019502 -0.020094 0.027375
14.734543 -0.002347 -0.014828 0.013704 -0.019382 0.019502 -0.020094 0.027497
14.939935 -0.002338 -0.014828 0.013704 -0.019382 0.019502 -0.020094 0.027621
15.148189 -0.002323 -0.014828 0.013756 -0.019382 0.019513 -0.020094 0.027746
15.359347 -0.002306 -0.014828 0.013820 -0.019381 0.019513 -0.020094 0.027873
15.573448 -0.002301 -0.014828 0.013856 -0.019381 0.019513 -0.020094 0.028002
15.790533 -0.002300 -0.014828 0.013857 -0.019381 0.019514 -0.020094 0.028133
16.010645 -0.002256 -0.014827 0.013858 -0.019381 0.019514 -0.020094 0.028265
16.233824 -0.002239 -0.014827 0.013858 -0.019380 0.019514 -0.020094 0.028400
16.460115 -0.002229 -0.014827 0.013859 -0.019380 0.019525 -0.020094 0.028536
16.689560 -0.002223 -0.014827 0.013860 -0.019380 0.019525 -0.020093 0.028675
16.922204 -0.002222 -0.014827 0.013861 -0.019379 0.019577 -0.020093 0.028815
17.158090 -0.002221 -0.014827 0.013875 -0.019379 0.019586 -0.020093 0.028958
17.397264 -0.002220 -0.014826 0.013948 -0.019379 0.019587 -0.020093 0.029102
17.639773 -0.002201 -0.014826 0.013950 -0.019378 0.019588 -0.020093 0.029249
17.885662 -0.002179 -0.014826 0.014000 -0.019378 0.019589 -0.020093 0.029398
18.134978 -0.002156 -0.014815 0.014024 -0.019374 0.019591 -0.020093 0.029549
18.387770 -0.002134 -0.014815 0.014025 -0.019367 0.019592 -0.020093 0.029702
18.644085 -0.002110 -0.014815 0.014042 -0.019359 0.019594 -0.020093 0.029857
18.903974 -0.002086 -0.014815 0.014054 -0.019351 0.019595 -0.020093 0.030015
19.167485 -0.002062 -0.014771 0.014056 -0.019344 0.019597 -0.020093 0.030175
19.434669 -0.002061 -0.014735 0.014058 -0.019336 0.019598 -0.020093 0.030337
19.705578 -0.002060 -0.014734 0.014113 -0.019328 0.019600 -0.020093 0.030501
19.980263 -0.002028 -0.014715 0.014214 -0.019324 0.019602 -0.020093 0.030668
20.258777 -0.002018 -0.014714 0.014302 -0.019324 0.019604 -0.020092 0.030837
20.541173 -0.001987 -0.014713 0.014311 -0.019324 0.019605 -0.020092 0.031009
20.827506 -0.001949 -0.014711 0.014320 -0.019324 0.019607 -0.020092 0.031183
21.117830 -0.001931 -0.014710 0.014324 -0.019324 0.019609 -0.020092 0.031359
21.412202 -0.001912 -0.014687 0.014339 -0.019324 0.019684 -0.020092 0.031538
21.710676 -0.001893 -0.014684 0.014406 -0.019324 0.019684 -0.020092 0.031720
22.013311 -0.001873 -0.014683 0.014406 -0.019324 0.019684 -0.020092 0.031904
22.320165 -0.001853 -0.014642 0.014406 -0.019323 0.019684 -0.020092 0.032091
22.631296 -0.001833 -0.014614 0.014406 -0.019323 0.019684 -0.020092 0.032281
22.946764 -0.001812 -0.014613 0.014410 -0.019323 0.019701 -0.020091 0.032473
23.266629 -0.001791 -0.014612 0.014410 -0.019313 0.019701 -0.020091 0.032668
23.590953 -0.001769 -0.014612 0.014412 -0.019298 0.019701 -0.020091 0.032866
23.919798 -0.001747 -0.014611 0.014424 -0.019292 0.019701 -0.020091 0.033067
24.253227 -0.001725 -0.014610 0.014453 -0.019291 0.019701 -0.020091 0.033270
24.591304 -0.001713 -0.014590 0.014465 -0.019291 0.019701 -0.020091 0.033477
24.934094 -0.001678 -0.014590 0.014479 -0.019290 0.019711 -0.020091 0.033686
25.281661 -0.001654 -0.014589 0.014485 -0.019290 0.019765 -0.020090 0.033898
25.634074 -0.001630 -0.014589 0.014518 -0.019289 0.019765 -0.020090 0.034114
25.991399 -0.001605 -0.014588 0.014518 -0.019285 0.019765 -0.020090 0.034332
26.353705 -0.001580 -0.014588 0.014518 -0.019284 0.019765 -0.020090 0.034554
26.721062 -0.001548 -0.014587 0.014528 -0.019283 0.019765 -0.020090 0.034778
27.093539 -0.001527 -0.014586 0.014576 -0.019282 0.019765 -0.020090 0.035006
27.471208 -0.001520 -0.014586 0.014595 -0.019281 0.019771 -0.020089 0.035237
27.854142 -0.001510 -0.014585 0.014601 -0.019280 0.019786 -0.020089 0.035472
28.242413 -0.001489 -0.014585 0.014601 -0.019279 0.019797 -0.020089 0.035709
28.636097 -0.001476 -0.014565 0.014605 -0.019278 0.019799 -0.020089 0.035950
29.035269 -0.001440 -0.014551 0.014621 -0.019277 0.019834 -0.020088 0.036195
29.440005 -0.001402 -0.014549 0.014706 -0.019276 0.019851 -0.020088 0.036442
29.850382 -0.001335 -0.014547 0.014799 -0.019275 0.019876 -0.020088 0.036694
30.266481 -0.001326 -0.014546 0.014874 -0.019274 0.020035 -0.020088 0.036949
30.688379 -0.001264 -0.014528 0.014875 -0.019272 0.020238 -0.020087 0.037207
31.116158 -0.001231 -0.014498 0.014926 -0.019271 0.020445 -0.020087 0.037469
31.549901 -0.001205 -0.014494 0.014931 -0.019270 0.020654 -0.020087 0.037735
31.989689 -0.001172 -0.014446 0.014937 -0.019269 0.020867 -0.020086 0.038005
32.435608 -0.001145 -0.014420 0.014943 -0.019267 0.021083 -0.020086 0.038278
32.887743 -0.001118 -0.014370 0.014943 -0.019265 0.021303 -0.020086 0.038555
33.346180 -0.001090 -0.014364 0.014943 -0.019247 0.021525 -0.020086 0.038836
33.811008 -0.001085 -0.014358 0.014943 -0.019229 0.021751 -0.020085 0.039121
34.282315 -0.001085 -0.014352 0.014969 -0.019211 0.021981 -0.020085 0.039410
34.760192 -0.001068 -0.014346 0.015003 -0.019192 0.022214 -0.020084 0.039703
35.244730 -0.001064 -0.014339 0.015010 -0.019172 0.022451 -0.020084 0.040000
35.736022 -0.001061 -0.014310 0.015054 -0.019152 0.022691 -0.020084 0.040302
36.234163 -0.000983 -0.014273 0.015100 -0.019152 0.022790 -0.020083 0.040607
36.739248 -0.000934 -0.014235 0.015108 -0.019152 0.022894 -0.020083 0.040917
37.251373 -0.000909 -0.014197 0.015161 -0.019152 0.023142 -0.020082 0.041231
37.770637 -0.000840 -0.014158 0.015176 -0.019152 0.023251 -0.020082 0.041549
38.297139 -0.000786 -0.014118 0.015252 -0.019152 0.023371 -0.020081 0.041872
38.830980 -0.000755 -0.014115 0.015286 -0.019152 0.023684 -0.020081 0.042199
39.372263 -0.000722 -0.014114 0.015286 -0.019152 0.023959 -0.020080 0.042531
39.921091 -0.000685 -0.014113 0.015286 -0.019152 0.024238 -0.020080 0.042867
40.477570 -0.000652 -0.014027 0.015287 -0.019152 0.024522 -0.020079 0.043208
41.041805 -0.000612 -0.013966 0.015287 -0.019152 0.024730 -0.020079 0.043554
41.613906 -0.000581 -0.013962 0.015287 -0.019152 0.024829 -0.020078 0.043904
42.193981 -0.000544 -0.013959 0.015296 -0.019152 0.024929 -0.020077 0.044260
42.782142 -0.000507 -0.013955 0.015336 -0.019152 0.025031 -0.020077 0.044620
43.378502 -0.000441 -0.013941 0.015453 -0.019152 0.025135 -0.020076 0.044985
43.983175 -0.000387 -0.013906 0.015626 -0.019152 0.025241 -0.020075 0.045355
44.596276 -0.000237 -0.013890 0.015652 -0.019147 0.025348 -0.020075 0.045731
45.217924 -0.000212 -0.013886 0.015791 -0.019125 0.025457 -0.020074 0.046111
45.848238 -0.000205 -0.013882 0.015849 -0.019102 0.025567 -0.020073 0.046496
46.487337 -0.000198 -0.013860 0.015853 -0.019079 0.025680 -0.020072 0.046887
47.135345 -0.000150 -0.013813 0.015854 -0.019055 0.025794 -0.020071 0.047284
47.792386 -0.000146 -0.013806 0.015855 -0.019031 0.025910 -0.020071 0.047685
48.458586 -0.000002 -0.013801 0.015856 -0.019013 0.026028 -0.020070 0.048092
49.134073 0.000007 -0.013796 0.015856 -0.019012 0.026315 -0.020069 0.048505
49.818975 0.000081 -0.013754 0.015857 -0.019011 0.026739 -0.020068 0.048923
50.513425 0.000215 -0.013713 0.015858 -0.019010 0.027169 -0.020067 0.049347
51.217554 0.000282 -0.013709 0.015887 -0.019009 0.027606 -0.020066 0.049776
51.931499 0.000291 -0.013705 0.015893 -0.019008 0.028050 -0.020065 0.050212
52.655396 0.000406 -0.013700 0.015924 -0.019006 0.028501 -0.020063 0.050653
53.389384 0.000522 -0.013696 0.016057 -0.019005 0.028733 -0.020062 0.051100
54.133603 0.000588 -0.013691 0.016108 -0.019004 0.029161 -0.020061 0.051553
54.888196 0.000609 -0.013686 0.016239 -0.019003 0.029642 -0.020060 0.052013
55.653308 0.000612 -0.013598 0.016357 -0.019001 0.030045 -0.020058 0.052478
56.429085 0.000614 -0.013571 0.016500 -0.019000 0.030293 -0.020057 0.052950
57.215676 0.000760 -0.013567 0.016594 -0.018999 0.030546 -0.020056 0.053428
58.013231 0.000760 -0.013563 0.016627 -0.018997 0.030801 -0.020054 0.053912
58.821904 0.000760 -0.013557 0.016662 -0.018996 0.031061 -0.020053 0.054403
59.641849 0.000760 -0.013504 0.016706 -0.018994 0.031324 -0.020051 0.054900
60.473224 0.000830 -0.013494 0.016734 -0.018992 0.031592 -0.020050 0.055404
61.316188 0.001012 -0.013485 0.016744 -0.018991 0.031862 -0.020048 0.055915
62.170903 0.001065 -0.013474 0.016745 -0.018989 0.032137 -0.020046 0.056432
63.037532 0.001075 -0.013438 0.016746 -0.018987 0.032416 -0.020044 0.056956
63.916241 0.001187 -0.013437 0.016777 -0.018985 0.032753 -0.020042 0.057488
64.807198 0.001343 -0.013408 0.016883 -0.018983 0.033157 -0.020040 0.058026
65.710575 0.001421 -0.013328 0.016884 -0.018981 0.033568 -0.020038 0.058571
66.626545 0.001522 -0.013258 0.016900 -0.018979 0.033932 -0.020036 0.059123
67.555283 0.001578 -0.013205 0.016973 -0.018976 0.034169 -0.020034 0.059683
68.496967 0.001663 -0.013161 0.017024 -0.018960 0.034409 -0.020032 0.060250
69.451778 0.001781 -0.013152 0.017025 -0.018941 0.034652 -0.020030 0.060824
70.419898 0.001846 -0.013144 0.017104 -0.018922 0.034899 -0.020027 0.061406
71.401513 0.001853 -0.013119 0.017168 -0.018903 0.035149 -0.020025 0.061995
72.396811 0.001977 -0.013110 0.017170 -0.018882 0.035432 -0.020022 0.062592
73.405984 0.002048 -0.013100 0.017230 -0.018862 0.035758 -0.020019 0.063197
74.429223 0.002217 -0.013084 0.017235 -0.018841 0.036088 -0.020017 0.063809
75.466726 0.002347 -0.013021 0.017259 -0.018828 0.036423 -0.020014 0.064430
76.518692 0.002463 -0.013009 0.017435 -0.018821 0.036763 -0.020011 0.065058
77.585321 0.002509 -0.012996 0.017532 -0.018806 0.037108 -0.020007 0.065695
78.666818 0.002620 -0.012984 0.017532 -0.018773 0.037457 -0.020004 0.066339
79.763391 0.002698 -0.012949 0.017685 -0.018740 0.037811 -0.020001 0.066992
80.875249 0.002878 -0.012886 0.017827 -0.018729 0.038170 -0.019997 0.067653
82.002606 0.002954 -0.012829 0.017846 -0.018728 0.038535 -0.019994 0.068323
83.145678 0.003061 -0.012806 0.017927 -0.018727 0.038904 -0.019990 0.069001
84.304684 0.003078 -0.012783 0.017939 -0.018726 0.039278 -0.019986 0.069688
85.479845 0.003219 -0.012759 0.017951 -0.018725 0.039923 -0.019982 0.070383
86.671388 0.003279 -0.012735 0.018039 -0.018724 0.040578 -0.019978 0.071087
87.879540 0.003344 -0.012709 0.018067 -0.018716 0.041242 -0.019974 0.071800
89.104533 0.003402 -0.012679 0.018092 -0.018679 0.041916 -0.019969 0.072522
90.346602 0.003450 -0.012656 0.018097 -0.018640 0.042600 -0.019964 0.073253
91.605985 0.003528 -0.012629 0.018154 -0.018610 0.043294 -0.019959 0.073993
92.882923 0.003579 -0.012601 0.018163 -0.018605 0.043998 -0.019954 0.074742
94.177660 0.003632 -0.012572 0.018171 -0.018601 0.044713 -0.019949 0.075500
95.490446 0.003752 -0.012542 0.018266 -0.018596 0.045438 -0.019944 0.076268
96.821531 0.003815 -0.012511 0.018271 -0.018591 0.046174 -0.019938 0.077046
98.171170 0.003839 -0.012479 0.018275 -0.018586 0.046920 -0.019932 0.077832
99.539623 0.003969 -0.012447 0.018290 -0.018580 0.047678 -0.019926 0.078629
100.927151 0.004050 -0.012413 0.018343 -0.018575 0.048446 -0.019920 0.079435
102.334021 0.004195 -0.012330 0.018419 -0.018569 0.049225 -0.019914 0.080251
103.760502 0.004324 -0.012299 0.018573 -0.018564 0.050016 -0.019907 0.081077
105.206867 0.004350 -0.012287 0.018704 -0.018558 0.050818 -0.019900 0.081913
106.673394 0.004494 -0.012262 0.018813 -0.018551 0.051632 -0.019893 0.082759
108.160363 0.004602 -0.012231 0.018958 -0.018534 0.052457 -0.019885 0.083616
109.668060 0.004662 -0.012191 0.019124 -0.018495 0.053294 -0.019878 0.084482
111.196773 0.004742 -0.012151 0.019161 -0.018455 0.054143 -0.019869 0.085359
112.746796 0.004853 -0.012123 0.019181 -0.018417 0.055005 -0.019861 0.086247
114.318425 0.004949 -0.012103 0.019296 -0.018402 0.055878 -0.019852 0.087145
115.911962 0.005072 -0.012033 0.019433 -0.018385 0.056764 -0.019843 0.088053
117.527712 0.005128 -0.011976 0.019529 -0.018368 0.057662 -0.019834 0.088973
119.165984 0.005246 -0.011953 0.019709 -0.018351 0.058434 -0.019824 0.089903
120.827094 0.005462 -0.011881 0.019886 -0.018333 0.059215 -0.019814 0.090844
122.511358 0.005554 -0.011815 0.020010 -0.018315 0.060008 -0.019804 0.091796
124.219100 0.005687 -0.011775 0.020167 -0.018296 0.060812 -0.019793 0.092759
125.950646 0.005805 -0.011712 0.020193 -0.018277 0.061628 -0.019782 0.093734
127.706330 0.005976 -0.011675 0.020459 -0.018257 0.062454 -0.019773 0.094719
129.486487 0.006174 -0.011658 0.020605 -0.018228 0.063293 -0.019770 0.095716
131.291459 0.006371 -0.011591 0.021027 -0.018197 0.064143 -0.019768 0.096724
133.121590 0.006543 -0.011504 0.021364 -0.018164 0.065005 -0.019760 0.097744
134.977233 0.006704 -0.011392 0.021647 -0.018138 0.065879 -0.019747 0.098776
136.858742 0.006863 -0.011373 0.021812 -0.018133 0.066765 -0.019734 0.099819
138.766479 0.006990 -0.011359 0.022015 -0.018125 0.067663 -0.019720 0.101111
140.700809 0.007073 -0.011344 0.022368 -0.018101 0.068574 -0.019706 0.102434
142.662102 0.007136 -0.011329 0.022847 -0.018076 0.069497 -0.019692 0.103770
144.650734 0.007308 -0.011299 0.023337 -0.018050 0.070433 -0.019677 0.105122
146.667087 0.007529 -0.011227 0.023751 -0.018024 0.071381 -0.019661 0.106487
148.711546 0.007704 -0.011178 0.024128 -0.017997 0.072343 -0.019645 0.107868
150.784505 0.007853 -0.011099 0.024360 -0.017969 0.073317 -0.019628 0.109263
152.886359 0.008080 -0.011077 0.024906 -0.017941 0.074305 -0.019611 0.110672
155.017512 0.008124 -0.011002 0.025293 -0.017913 0.075306 -0.019593 0.112097
157.178372 0.008292 -0.010835 0.025659 -0.017891 0.076321 -0.019574 0.113536
159.369353 0.008421 -0.010727 0.026322 -0.017879 0.077349 -0.019554 0.114991
161.590875 0.008569 -0.010632 0.026792 -0.017835 0.078391 -0.019534 0.116460
163.843365 0.008750 -0.010567 0.027096 -0.017786 0.079446 -0.019514 0.117945
166.127252 0.008854 -0.010557 0.027296 -0.017752 0.080516 -0.019492 0.119445
168.442976 0.008969 -0.010506 0.027620 -0.017720 0.081600 -0.019477 0.120960
170.790980 0.009156 -0.010432 0.028220 -0.017687 0.082699 -0.019471 0.122490
173.171713 0.009440 -0.010390 0.028708 -0.017653 0.083859 -0.019464 0.124036
175.585633 0.009672 -0.010280 0.029251 -0.017612 0.085058 -0.019457 0.125597
178.033202 0.009866 -0.010174 0.029853 -0.017569 0.086272 -0.019450 0.127174
180.514888 0.010005 -0.010136 0.030322 -0.017510 0.087501 -0.019443 0.128767
183.031168 0.010055 -0.010001 0.030791 -0.017489 0.088744 -0.019435 0.130375
185.582523 0.010130 -0.009979 0.031197 -0.017468 0.090003 -0.019427 0.131998
188.169442 0.010301 -0.009966 0.031579 -0.017427 0.091277 -0.019418 0.133638
190.792422 0.010568 -0.009950 0.031972 -0.017385 0.092567 -0.019410 0.135293
193.451965 0.010771 -0.009870 0.032378 -0.017341 0.093871 -0.019400 0.136964
196.148581 0.011120 -0.009767 0.032900 -0.017296 0.095192 -0.019391 0.138651
198.882786 0.011347 -0.009729 0.033532 -0.017249 0.096528 -0.019381 0.140354
201.655104 0.011370 -0.009627 0.034151 -0.017201 0.097879 -0.019371 0.142073
204.466067 0.011508 -0.009487 0.034813 -0.017168 0.099247 -0.019360 0.143808
207.316213 0.011592 -0.009333 0.035389 -0.017134 0.100631 -0.019349 0.145558
210.206088 0.011679 -0.009249 0.036164 -0.017099 0.102030 -0.019337 0.147325
213.136247 0.011768 -0.009151 0.036867 -0.017063 0.103446 -0.019325 0.149108
216.107251 0.011955 -0.008959 0.037660 -0.017025 0.104879 -0.019312 0.150907
219.119669 0.012439 -0.008813 0.038267 -0.016987 0.106327 -0.019299 0.152723
222.174078 0.012901 -0.008667 0.038882 -0.016947 0.107792 -0.019285 0.154554
225.271064 0.013211 -0.008551 0.039495 -0.016907 0.109274 -0.019271 0.156401
228.411221 0.013430 -0.008424 0.040262 -0.016864 0.110773 -0.019256 0.158265
231.595149 0.013520 -0.008197 0.041127 -0.016821 0.112288 -0.019241 0.160145
234.823460 0.013856 -0.008075 0.041876 -0.016754 0.113821 -0.019225 0.162041
238.096772 0.014174 -0.007888 0.042791 -0.016667 0.115370 -0.019208 0.163953
241.415712 0.014480 -0.007776 0.043890 -0.016590 0.116937 -0.019190 0.165881
244.780916 0.014899 -0.007620 0.044862 -0.016511 0.118520 -0.019172 0.167826
248.193029 0.015165 -0.007461 0.045846 -0.016430 0.120121 -0.019153 0.169786
251.652705 0.015230 -0.007341 0.046849 -0.016342 0.121740 -0.019133 0.171763
255.160607 0.015332 -0.007289 0.047874 -0.016227 0.123376 -0.019113 0.173756
258.717408 0.015456 -0.007040 0.048898 -0.016109 0.125029 -0.019091 0.175765
262.323788 0.015808 -0.006937 0.049464 -0.015987 0.126700 -0.019069 0.177790
265.980440 0.016045 -0.006749 0.050569 -0.015861 0.128389 -0.019046 0.179831
269.688063 0.016322 -0.006608 0.051566 -0.015748 0.130095 -0.019023 0.181888
273.447368 0.016453 -0.006387 0.052806 -0.015658 0.131820 -0.019004 0.183961
277.259076 0.016716 -0.006062 0.053829 -0.015566 0.133562 -0.018985 0.186050
281.123917 0.016949 -0.006011 0.054779 -0.015471 0.135322 -0.018965 0.188155
285.042632 0.017017 -0.005947 0.055493 -0.015389 0.137100 -0.018945 0.190275
289.015972 0.017204 -0.005894 0.056304 -0.015306 0.138897 -0.018924 0.192412
293.044698 0.017316 -0.005598 0.057127 -0.015219 0.140711 -0.018903 0.194564
297.129582 0.017406 -0.005391 0.058119 -0.015130 0.142544 -0.018881 0.196732
301.271407 0.017689 -0.005225 0.059231 -0.015037 0.144395 -0.018859 0.198915
305.470967 0.017863 -0.004986 0.060359 -0.014931 0.146264 -0.018836 0.201114
309.729067 0.018137 -0.004787 0.061382 -0.014810 0.148152 -0.018812 0.203328
314.046522 0.018573 -0.004737 0.062664 -0.014686 0.150057 -0.018788 0.205558
318.424160 0.019033 -0.004567 0.063891 -0.014565 0.151982 -0.018763 0.207803
322.862820 0.019383 -0.004398 0.065382 -0.014459 0.153924 -0.018737 0.210063
327.363353 0.019600 -0.004117 0.066907 -0.014335 0.155886 -0.018711 0.212338
331.926620 0.020047 -0.003983 0.068396 -0.014175 0.157865 -0.018684 0.214628
336.553498 0.020441 -0.003874 0.069648 -0.014020 0.159863 -0.018656 0.216933
341.244871 0.020678 -0.003761 0.070968 -0.013878 0.161880 -0.018628 0.219253
346.001639 0.020848 -0.003644 0.072063 -0.013732 0.163915 -0.018598 0.221588
350.824714 0.021062 -0.003536 0.073606 -0.013583 0.165969 -0.018568 0.223937
355.715021 0.021234 -0.003360 0.075045 -0.013430 0.168041 -0.018537 0.226300
360.673495 0.021361 -0.003155 0.076632 -0.013274 0.170132 -0.018512 0.228678
365.701088 0.021915 -0.003078 0.077884 -0.013115 0.172241 -0.018487 0.231070
370.798763 0.022148 -0.002835 0.079432 -0.012952 0.174368 -0.018461 0.233476
375.967497 0.022436 -0.002430 0.080952 -0.012785 0.176514 -0.018434 0.235895
381.208280 0.022802 -0.002156 0.082366 -0.012629 0.178679 -0.018406 0.238329
386.522116 0.023322 -0.001943 0.083882 -0.012494 0.180862 -0.018377 0.240776
391.910025 0.023828 -0.001870 0.085319 -0.012307 0.183063 -0.018347 0.243236
397.373038 0.024382 -0.001625 0.086988 -0.012139 0.185283 -0.018315 0.245710
402.912203 0.024895 -0.001377 0.088941 -0.011966 0.187521 -0.018283 0.248197
408.528580 0.025268 -0.001027 0.090646 -0.011788 0.189777 -0.018249 0.250697
414.223247 0.025992 -0.000628 0.092207 -0.011550 0.192051 -0.018214 0.253209
419.997295 0.026515 -0.000343 0.093451 -0.011348 0.194343 -0.018178 0.255734
425.851829 0.026983 -0.000001 0.094705 -0.011176 0.196654 -0.018141 0.258272
431.787973 0.027663 0.000416 0.096210 -0.010978 0.198982 -0.018102 0.260821
437.806863 0.028307 0.000863 0.097530 -0.010784 0.201329 -0.018061 0.263383
443.909653 0.028740 0.001317 0.099284 -0.010583 0.203693 -0.018019 0.265957
450.097513 0.029466 0.001453 0.101368 -0.010377 0.205904 -0.017976 0.268542
456.371628 0.030160 0.001773 0.102609 -0.010164 0.207876 -0.017931 0.271138
462.733201 0.031008 0.002045 0.104544 -0.009944 0.209858 -0.017884 0.273746
469.183451 0.031870 0.002324 0.106293 -0.009710 0.212287 -0.017836 0.276365
475.723614 0.032739 0.002622 0.108642 -0.009468 0.214853 -0.017785 0.278994
482.354943 0.033425 0.002852 0.110601 -0.009237 0.217435 -0.017733 0.281634
489.078709 0.034083 0.003188 0.113074 -0.009066 0.220034 -0.017679 0.284285
495.896201 0.035017 0.003574 0.115285 -0.008934 0.222648 -0.017623 0.286945
502.808725 0.036196 0.003927 0.117434 -0.008799 0.225279 -0.017566 0.289616
509.817606 0.036791 0.004197 0.119302 -0.008575 0.227924 -0.017506 0.292296
516.924187 0.038184 0.004593 0.121217 -0.008298 0.230585 -0.017443 0.294985
524.129830 0.039538 0.005050 0.123596 -0.008014 0.233260 -0.017379 0.297683
531.435916 0.040224 0.005366 0.126006 -0.007721 0.235949 -0.017313 0.300391
538.843844 0.041246 0.005682 0.128189 -0.007506 0.238601 -0.017244 0.303107
546.355035 0.042790 0.006216 0.130693 -0.007324 0.241218 -0.017172 0.305831
553.970928 0.043726 0.006458 0.132676 -0.007131 0.243851 -0.017098 0.308564
561.692982 0.044910 0.006796 0.135039 -0.006837 0.246500 -0.017022 0.311304
569.522678 0.045761 0.007378 0.137784 -0.006381 0.249164 -0.016943 0.314370
577.461515 0.047194 0.007773 0.140747 -0.006139 0.251843 -0.016861 0.317500
585.511016 0.048364 0.008325 0.143569 -0.006113 0.254536 -0.016776 0.320639
593.672722 0.049436 0.008694 0.145653 -0.006086 0.257245 -0.016680 0.323787
601.948197 0.050632 0.009213 0.149022 -0.006060 0.259968 -0.016571 0.326944
610.339029 0.052393 0.009378 0.151799 -0.005979 0.262706 -0.016459 0.329789
618.846824 0.053763 0.009743 0.154563 -0.005704 0.265490 -0.016358 0.332420
627.473213 0.054876 0.010089 0.157276 -0.005324 0.268172 -0.016271 0.335058
636.219849 0.056137 0.010390 0.159571 -0.004934 0.270870 -0.016181 0.337702
645.088409 0.057412 0.011065 0.162454 -0.004677 0.273483 -0.016090 0.340351
654.080591 0.058700 0.011406 0.164796 -0.004516 0.276123 -0.015990 0.343006
663.198120 0.060200 0.011961 0.167369 -0.004321 0.279417 -0.015876 0.345666
672.442742 0.061750 0.012527 0.169772 -0.004182 0.282628 -0.015759 0.348338
681.816229 0.062975 0.013058 0.172051 -0.004008 0.285511 -0.015639 0.351511
691.320378 0.064463 0.013505 0.174349 -0.003830 0.288401 -0.015514 0.354689
700.957009 0.065881 0.014018 0.176137 -0.003398 0.291296 -0.015386 0.357871
710.727970 0.067270 0.014902 0.178639 -0.003194 0.295034 -0.015254 0.361055
720.635132 0.068844 0.015270 0.181357 -0.003158 0.297935 -0.015118 0.364243
730.680395 0.070679 0.016157 0.183933 -0.002642 0.300840 -0.014977 0.367433
740.865683 0.071723 0.016619 0.187309 -0.002376 0.303750 -0.014833 0.370624
751.192949 0.073451 0.017131 0.189954 -0.002032 0.306962 -0.014684 0.373818
761.664172 0.074852 0.017926 0.193106 -0.001877 0.310526 -0.014531 0.377012
772.281357 0.076325 0.018520 0.196477 -0.001691 0.313438 -0.014374 0.380207
783.046540 0.077824 0.019329 0.199107 -0.001375 0.316372 -0.014212 0.383402
793.961785 0.079656 0.020220 0.202678 -0.001014 0.319886 -0.014046 0.386596
805.029181 0.081774 0.020737 0.205806 -0.000640 0.324495 -0.013875 0.389790
816.250851 0.083597 0.021489 0.209532 -0.000266 0.328259 -0.013700 0.392983
827.628946 0.086169 0.022048 0.212080 0.000121 0.332438 -0.013520 0.396174
839.165644 0.087023 0.022628 0.215078 0.000525 0.338200 -0.013335 0.399362
850.863158 0.088496 0.023517 0.217814 0.000787 0.344044 -0.013145 0.402549
862.723729 0.089871 0.024037 0.220560 0.001054 0.349909 -0.012951 0.407937
874.749630 0.091188 0.024965 0.224157 0.001463 0.353144 -0.012752 0.413816
886.943166 0.093875 0.026162 0.227888 0.001714 0.356075 -0.012548 0.418694
899.306672 0.096599 0.027101 0.231061 0.001969 0.362334 -0.012339 0.425305
911.842520 0.098464 0.027697 0.234839 0.002227 0.365701 -0.012126 0.431864
924.553110 0.100394 0.028169 0.239040 0.002697 0.371266 -0.011907 0.438367
937.440879 0.102304 0.028840 0.242365 0.003018 0.376788 -0.011684 0.444810
950.508296 0.104281 0.029503 0.246058 0.003343 0.380033 -0.011455 0.451189
963.757866 0.106296 0.030488 0.250027 0.003673 0.383085 -0.011222 0.457500
977.192128 0.108350 0.031490 0.254205 0.004007 0.386136 -0.010984 0.463739
990.813657 0.110995 0.032510 0.257144 0.004347 0.389183 -0.010742 0.469903
1004.625062 0.114466 0.033546 0.259961 0.004680 0.392227 -0.010494 0.475988
1018.628990 0.118002 0.034600 0.262789 0.005004 0.395268 -0.010242 0.481993
1032.828126 0.121053 0.035973 0.265629 0.005337 0.398875 -0.009986 0.487913
1047.225190 0.122673 0.036893 0.268479 0.005679 0.404594 -0.009724 0.493746
1061.822941 0.125166 0.037900 0.271340 0.006029 0.410074 -0.009459 0.499490
1076.624177 0.128889 0.038986 0.274731 0.006389 0.412933 -0.009189 0.505142
1091.631734 0.132261 0.040223 0.277939 0.006757 0.416363 -0.008914 0.510701
1106.848489 0.134640 0.041232 0.281995 0.007134 0.421607 -0.008636 0.516164
1122.277356 0.138366 0.042094 0.284887 0.007521 0.426785 -0.008353 0.521523
1137.921294 0.141707 0.043344 0.287881 0.007626 0.431893 -0.008067 0.526680
1153.783300 0.143911 0.044562 0.290779 0.007902 0.436930 -0.007777 0.531740
1169.866413 0.146478 0.046077 0.293684 0.008369 0.441893 -0.007483 0.536703
1186.173716 0.148433 0.047175 0.296457 0.008845 0.446780 -0.007186 0.541808
1202.708335 0.151009 0.048183 0.299396 0.009301 0.451590 -0.006885 0.546868
1219.473437 0.152945 0.049040 0.302904 0.009576 0.456322 -0.006582 0.551630
1236.472235 0.154898 0.050467 0.307947 0.010117 0.459612 -0.006275 0.556290
1253.707987 0.156867 0.051676 0.311650 0.010772 0.464182 -0.005966 0.560846
1271.183997 0.158853 0.053141 0.314639 0.011196 0.468670 -0.005654 0.565300
1288.903612 0.161155 0.054549 0.317585 0.011612 0.472771 -0.005340 0.569651
1306.870230 0.164683 0.055842 0.320691 0.012032 0.475487 -0.005024 0.573900
1325.087292 0.166806 0.057055 0.323729 0.012454 0.478193 -0.004706 0.578855
1343.558290 0.170221 0.058337 0.326774 0.012603 0.482343 -0.004386 0.584626
1362.286764 0.172466 0.059524 0.329825 0.012839 0.484926 -0.004065 0.590296
1381.276303 0.175051 0.060871 0.334260 0.013386 0.487501 -0.003743 0.595862
1400.530545 0.177207 0.062423 0.339464 0.013653 0.490941 -0.003420 0.601325
1420.053182 0.180387 0.064052 0.342209 0.013811 0.497436 -0.003096 0.606683
1439.847953 0.182687 0.066028 0.345320 0.014098 0.500024 -0.002771 0.611935
1459.918652 0.186075 0.067525 0.349419 0.014530 0.502601 -0.002447 0.617081
1480.269127 0.189989 0.069250 0.353486 0.014659 0.505394 -0.002335 0.622121
1500.903276 0.192609 0.070736 0.357729 0.014725 0.510309 -0.002238 0.626908
1521.825053 0.195064 0.072080 0.361579 0.014790 0.513160 -0.002139 0.631302
1543.038469 0.198371 0.073531 0.366541 0.014855 0.516002 -0.002039 0.635624
1564.547589 0.201426 0.075261 0.369399 0.015110 0.518831 -0.001999 0.639875
1586.356534 0.205185 0.076428 0.373421 0.015499 0.521650 -0.001971 0.644053
1608.469483 0.208384 0.077535 0.376508 0.015889 0.525229 -0.001943 0.648160
1630.890676 0.212021 0.078908 0.379978 0.016281 0.529926 -0.001914 0.652194
1653.624407 0.214059 0.080216 0.384134 0.016675 0.534541 -0.001885 0.656157
1676.675035 0.216105 0.081979 0.388060 0.017070 0.537788 -0.001725 0.660047
1700.046975 0.218996 0.083100 0.391068 0.017467 0.540501 -0.001372 0.663867
1723.744708 0.221178 0.084265 0.393789 0.017787 0.543200 -0.001188 0.667615
1747.772774 0.225382 0.085757 0.396554 0.018000 0.545884 -0.001075 0.671292
1772.135779 0.230090 0.086415 0.399254 0.018211 0.548552 -0.000961 0.674898
1796.838391 0.234202 0.087973 0.401888 0.019027 0.551205 -0.000846 0.678434
1821.885343 0.238393 0.089238 0.406038 0.019466 0.553842 -0.000730 0.681901
1847.281437 0.240221 0.090421 0.408840 0.019868 0.556563 -0.000612 0.685298
1873.031539 0.242023 0.091751 0.411593 0.020160 0.559836 -0.000493 0.688627
1899.140582 0.246099 0.092912 0.414459 0.020353 0.561659 -0.000373 0.691887
1925.613572 0.249913 0.094454 0.416954 0.020542 0.564231 -0.000251 0.695080
1952.455581 0.252928 0.095801 0.419562 0.020830 0.566435 -0.000129 0.698207
1979.671753 0.257112 0.097003 0.422150 0.020956 0.568086 -0.000005 0.701267
2007.267304 0.260120 0.098493 0.425144 0.021086 0.569685 0.000120 0.704262
2035.247521 0.262328 0.099667 0.428090 0.021260 0.571233 0.000246 0.707192
2063.617768 0.265213 0.101154 0.430774 0.021431 0.572735 0.000374 0.710058
2092.383480 0.267345 0.102443 0.434078 0.021597 0.575828 0.000502 0.712861
2121.550171 0.272784 0.103698 0.437420 0.021761 0.578242 0.000631 0.715602
2151.123430 0.276143 0.105033 0.439987 0.022031 0.580322 0.000762 0.718282
2181.108924 0.280685 0.106470 0.442928 0.022119 0.582481 0.000893 0.720901
2211.512400 0.283315 0.107813 0.445149 0.022229 0.584019 0.001026 0.723460
2242.339683 0.289784 0.109120 0.447470 0.022379 0.585508 0.001159 0.725961
2273.596682 0.293364 0.110863 0.449547 0.022716 0.586949 0.001293 0.728404
2305.289387 0.297590 0.112666 0.453372 0.023060 0.591854 0.001429 0.730789
2337.423871 0.302463 0.114197 0.454213 0.023401 0.595066 0.001565 0.733119
2370.006292 0.305491 0.115647 0.456733 0.023692 0.597466 0.001690 0.735208
2403.042894 0.310279 0.117106 0.459235 0.023889 0.599334 0.001734 0.737112
2436.540009 0.313438 0.118422 0.463699 0.024085 0.600500 0.001777 0.738955
2470.504055 0.318207 0.119037 0.468888 0.024280 0.603875 0.001819 0.740738
2504.941542 0.322537 0.120096 0.471711 0.024474 0.606898 0.001860 0.742463
2539.859069 0.324720 0.121798 0.474521 0.024666 0.609466 0.001901 0.744132
2575.263327 0.329408 0.123278 0.476784 0.024858 0.612478 0.001940 0.745746
2611.161101 0.332412 0.125383 0.479950 0.025049 0.614648 0.001978 0.747307
2647.559271 0.337229 0.126483 0.482868 0.025238 0.616758 0.002016 0.748815
2684.464811 0.340509 0.127325 0.485622 0.025425 0.618809 0.002052 0.750274
2721.884795 0.342266 0.128152 0.489122 0.025612 0.620804 0.002088 0.751684
2759.826392 0.345718 0.128964 0.492927 0.025796 0.622748 0.002123 0.753046
2798.296876 0.347716 0.129761 0.496653 0.025980 0.624963 0.002157 0.754363
2837.303617 0.349952 0.130647 0.498423 0.026161 0.627728 0.002190 0.755635
2876.854090 0.351998 0.131312 0.501582 0.026341 0.630454 0.002222 0.756864
2916.955876 0.356038 0.133090 0.506623 0.026519 0.633142 0.002254 0.758556
2957.616659 0.358189 0.133951 0.509112 0.026695 0.635237 0.002284 0.760487
2998.844231 0.363234 0.134372 0.511274 0.026870 0.637233 0.002314 0.762349
3040.646493 0.366419 0.134879 0.512707 0.026979 0.639211 0.002343 0.764144
3083.031457 0.368971 0.135874 0.515994 0.027061 0.641501 0.002371 0.765874
3126.007243 0.371419 0.136850 0.518541 0.027143 0.643190 0.002399 0.767542
3169.582089 0.373594 0.137808 0.521018 0.027224 0.645032 0.002426 0.769148
3213.764344 0.375077 0.138983 0.523880 0.027304 0.646936 0.002452 0.770696
3258.562476 0.377874 0.139741 0.525936 0.027384 0.648140 0.002477 0.772187
3303.985070 0.379978 0.140574 0.529316 0.027463 0.649910 0.002502 0.773623
3350.040830 0.382200 0.141459 0.530807 0.027542 0.651345 0.002525 0.775006
3396.738582 0.385103 0.142326 0.534806 0.027620 0.653523 0.002549 0.776337
3444.087276 0.386874 0.143175 0.537455 0.027698 0.655105 0.002571 0.777618
3492.095985 0.388150 0.144006 0.541976 0.027775 0.656164 0.002593 0.778851
3540.773909 0.390132 0.144818 0.545635 0.027851 0.657528 0.002615 0.780038
3590.130377 0.392089 0.145774 0.548742 0.027927 0.660181 0.002635 0.781181
3640.174847 0.393720 0.147308 0.551172 0.028002 0.661410 0.002655 0.782280
3690.916911 0.396190 0.148135 0.553971 0.028076 0.661973 0.002675 0.783337
3742.366291 0.397813 0.148763 0.556973 0.028150 0.664020 0.002694 0.784354
3794.532847 0.399532 0.149761 0.559977 0.028224 0.667600 0.002712 0.785332
3847.426577 0.401506 0.150366 0.563459 0.028297 0.669372 0.002730 0.786273
3901.057617 0.403607 0.150963 0.566422 0.028369 0.671111 0.002748 0.787178
3955.436245 0.406014 0.151552 0.568285 0.028463 0.672995 0.002764 0.788048
4010.572881 0.408150 0.152133 0.571062 0.028596 0.675149 0.002781 0.788884
4066.478092 0.412026 0.152700 0.573123 0.028727 0.677504 0.002797 0.789688
4123.162591 0.413803 0.153272 0.576132 0.028856 0.679270 0.002812 0.790461
4180.637241 0.414823 0.153830 0.578931 0.028984 0.680959 0.002827 0.791204
4238.913057 0.416105 0.154380 0.581246 0.029110 0.682791 0.002841 0.791918
4298.001206 0.418400 0.155113 0.583960 0.029235 0.684473 0.002855 0.792605
4357.913012 0.421163 0.155929 0.585873 0.029388 0.685922 0.002869 0.793264
4418.659956 0.422228 0.156734 0.587572 0.029676 0.688464 0.002882 0.793898
4480.253680 0.423278 0.157402 0.589594 0.029959 0.689710 0.002895 0.794507
4542.705986 0.424521 0.157698 0.591938 0.030239 0.691174 0.002907 0.795092
4606.028844 0.427796 0.157990 0.592846 0.030513 0.692697 0.002919 0.795654
4670.234388 0.431031 0.158415 0.595211 0.030784 0.694283 0.002931 0.796195
4735.334923 0.432517 0.158744 0.597470 0.031050 0.696018 0.002942 0.796713
4801.342924 0.432902 0.158993 0.600605 0.031311 0.697719 0.002953 0.797212
4868.271040 0.433440 0.159468 0.604221 0.031568 0.699386 0.002963 0.797690
4936.132098 0.433911 0.159937 0.607952 0.031714 0.701021 0.002973 0.798150
5004.939103 0.435873 0.160398 0.611678 0.031808 0.701989 0.002983 0.798592
5074.705239 0.438080 0.160852 0.614879 0.031900 0.703112 0.002993 0.799016
5145.443878 0.439750 0.161299 0.615891 0.031990 0.704904 0.003002 0.799423
5217.168576 0.441458 0.161739 0.616335 0.032078 0.706773 0.003011 0.799815
5289.893076 0.443378 0.162172 0.616767 0.032164 0.710172 0.003020 0.800190
5363.631317 0.443695 0.162598 0.618916 0.032248 0.712655 0.003028 0.800551
5438.397428 0.443939 0.163018 0.622467 0.032330 0.715053 0.003036 0.800897
5514.205739 0.444131 0.163229 0.623153 0.032410 0.717417 0.003044 0.801230
5591.070777 0.445796 0.163395 0.624270 0.032489 0.720555 0.003052 0.801549
5669.007271 0.448068 0.163556 0.626104 0.032565 0.721819 0.003059 0.801856
5748.030158 0.449175 0.163713 0.627237 0.032640 0.723654 0.003066 0.802150
5828.154581 0.450873 0.163776 0.629392 0.032714 0.725992 0.003073 0.802432
5909.395895 0.451135 0.163988 0.631306 0.032915 0.727982 0.003080 0.802704
5991.769669 0.451631 0.164274 0.632378 0.033166 0.729462 0.003086 0.802964
6075.291689 0.451970 0.164552 0.633033 0.033413 0.730247 0.003093 0.803214
6159.977960 0.452953 0.164821 0.633332 0.033656 0.730994 0.003099 0.803454
6245.844712 0.454014 0.165178 0.633624 0.033894 0.731723 0.003105 0.803684
6332.908400 0.455440 0.165419 0.636375 0.034128 0.732428 0.003110 0.803905
6421.185709 0.457314 0.165578 0.636859 0.034358 0.734372 0.003116 0.804118
6510.693555 0.459150 0.165815 0.637598 0.034583 0.736520 0.003121 0.804321
6601.449093 0.460072 0.166044 0.638258 0.034804 0.738597 0.003126 0.804517
6693.469713 0.460141 0.166266 0.639940 0.035021 0.740594 0.003131 0.804704
6786.773051 0.460207 0.166482 0.640768 0.035234 0.742117 0.003136 0.804885
6881.376986 0.461447 0.166690 0.641573 0.035442 0.743340 0.003140 0.805057
6977.299650 0.462760 0.166892 0.642355 0.035647 0.744540 0.003145 0.805223
7074.559423 0.464096 0.167087 0.643114 0.035847 0.745718 0.003149 0.805383
7173.174944 0.465535 0.167224 0.644375 0.036044 0.746873 0.003154 0.805535
7273.165113 0.466946 0.167355 0.646015 0.036237 0.748007 0.003158 0.805682
7374.549090 0.468329 0.167481 0.647167 0.036425 0.749763 0.003161 0.805823
7477.346305 0.469404 0.167561 0.648144 0.036610 0.751766 0.003165 0.805958
7581.576458 0.470669 0.167599 0.649971 0.036791 0.753710 0.003169 0.806088
7687.259522 0.472275 0.167636 0.651780 0.036969 0.755594 0.003173 0.806212
7794.415750 0.472751 0.167671 0.653569 0.037142 0.756735 0.003176 0.806331
7903.065679 0.473220 0.167749 0.655340 0.037313 0.757726 0.003179 0.806446
8013.230128 0.473809 0.167890 0.656841 0.037479 0.758683 0.003182 0.806556
8124.930211 0.474135 0.168028 0.657710 0.037642 0.759181 0.003186 0.806661
8238.187331 0.474581 0.168161 0.658894 0.037801 0.759320 0.003189 0.806762
8353.023195 0.475020 0.168289 0.659846 0.037958 0.760426 0.003191 0.806860
8469.459808 0.475083 0.168413 0.660252 0.038110 0.761927 0.003194 0.806953
8587.519485 0.475222 0.168533 0.660807 0.038260 0.762217 0.003197 0.807042
8707.224849 0.475500 0.168678 0.661430 0.038406 0.762753 0.003200 0.807128
8828.598841 0.475552 0.168762 0.661802 0.038549 0.764169 0.003202 0.807210
8951.664721 0.475602 0.168870 0.662364 0.038688 0.765251 0.003205 0.807289
9076.446073 0.475650 0.168975 0.662816 0.038825 0.766138 0.003207 0.807365
9202.966809 0.476073 0.169076 0.663937 0.038931 0.767579 0.003209 0.807438
9331.251175 0.477159 0.169174 0.664008 0.039014 0.768984 0.003211 0.807508
9461.323756 0.477642 0.169269 0.664113 0.039095 0.770099 0.003214 0.807575
9593.209478 0.477665 0.169361 0.664527 0.039173 0.770674 0.003216 0.807639
9726.933615 0.477687 0.169450 0.664931 0.039249 0.771237 0.003218 0.807701
9862.521795 0.477708 0.169535 0.665493 0.039323 0.771787 0.003220 0.807760
10000.000000 0.477729 0.169618 0.666820 0.039395 0.772326 0.003221 0.807817
