10.000000 0.302789 0.088830 0.487118 0.018042 0.625779 0.001421 0.664093
10.139395 0.303166 0.089110 0.488758 0.018105 0.627458 0.001428 0.665259
10.280732 0.303823 0.089252 0.490378 0.018167 0.628878 0.001435 0.666383
10.424040 0.304464 0.089361 0.491689 0.018228 0.629739 0.001441 0.667467
10.569346 0.305089 0.089465 0.492561 0.018288 0.631182 0.001448 0.668511
10.716676 0.305698 0.089565 0.493102 0.018346 0.632585 0.001454 0.669518
10.866061 0.306292 0.089661 0.494224 0.018403 0.633948 0.001460 0.670489
11.017528 0.306872 0.089754 0.495017 0.018459 0.635274 0.001466 0.671424
11.171107 0.307437 0.089843 0.495785 0.018514 0.636479 0.001472 0.672325
11.326826 0.307988 0.089928 0.496716 0.018568 0.637082 0.001477 0.673193
11.484715 0.308595 0.090011 0.498043 0.018620 0.637901 0.001482 0.674029
11.644806 0.309205 0.090090 0.499355 0.018672 0.639141 0.001488 0.674835
11.807128 0.309605 0.090288 0.500652 0.018722 0.639904 0.001493 0.675611
11.971713 0.310140 0.090512 0.501935 0.018771 0.640586 0.001497 0.676358
12.138593 0.310661 0.090732 0.502907 0.018819 0.641243 0.001502 0.677077
12.307798 0.311168 0.090949 0.503635 0.018866 0.641875 0.001507 0.677770
12.479362 0.311663 0.091163 0.504341 0.018912 0.642483 0.001511 0.678437
12.653318 0.312145 0.091304 0.505024 0.018957 0.643069 0.001515 0.679080
12.829698 0.312614 0.091495 0.505481 0.019001 0.643633 0.001519 0.679698
13.008537 0.313072 0.091581 0.505860 0.019044 0.644176 0.001523 0.680293
13.189869 0.313517 0.091665 0.506948 0.019086 0.644698 0.001527 0.680866
13.373729 0.313951 0.091746 0.507550 0.019128 0.645201 0.001531 0.681418
13.560151 0.314374 0.091824 0.508132 0.019168 0.645685 0.001535 0.681948
13.749172 0.314786 0.091900 0.508696 0.019207 0.646150 0.001538 0.682459
13.940828 0.315187 0.091973 0.509268 0.019246 0.646598 0.001541 0.682951
14.135156 0.315577 0.092044 0.510486 0.019283 0.647029 0.001545 0.683424
14.332192 0.315957 0.092112 0.511690 0.019320 0.647444 0.001548 0.683879
14.531975 0.316243 0.092179 0.512882 0.019356 0.647843 0.001551 0.684317
14.734543 0.316412 0.092243 0.514060 0.019391 0.648443 0.001554 0.684738
14.939935 0.316574 0.092304 0.515225 0.019425 0.649154 0.001557 0.685143
15.148189 0.316782 0.092364 0.516377 0.019459 0.649844 0.001560 0.685533
15.359347 0.317090 0.092422 0.517517 0.019492 0.650322 0.001562 0.685908
15.573448 0.317390 0.092573 0.518644 0.019524 0.650648 0.001565 0.686269
15.790533 0.317682 0.092736 0.519758 0.019555 0.650961 0.001567 0.686616
16.010645 0.317966 0.092859 0.520859 0.019585 0.651263 0.001570 0.686950
16.233824 0.318243 0.092891 0.521791 0.019615 0.651553 0.001572 0.687271
16.460115 0.318601 0.092921 0.522336 0.019644 0.651832 0.001574 0.687580
16.689560 0.318916 0.092950 0.523479 0.019673 0.652100 0.001577 0.687877
16.922204 0.319029 0.092978 0.524392 0.019701 0.652358 0.001579 0.688163
17.158090 0.319277 0.093151 0.525513 0.019728 0.652606 0.001581 0.688438
17.397264 0.319518 0.093324 0.526249 0.019754 0.653043 0.001583 0.688702
17.639773 0.319752 0.093366 0.526829 0.019780 0.653918 0.001585 0.688956
17.885662 0.319980 0.093406 0.527776 0.019805 0.654776 0.001587 0.689200
18.134978 0.320202 0.093445 0.528454 0.019830 0.655615 0.001588 0.689435
18.387770 0.320418 0.093483 0.529019 0.019854 0.656437 0.001590 0.689661
18.644085 0.320628 0.093519 0.529572 0.019878 0.657242 0.001592 0.689878
18.903974 0.320832 0.093554 0.530114 0.019901 0.658029 0.001593 0.690087
19.167485 0.321031 0.093624 0.530643 0.019923 0.658800 0.001595 0.690288
19.434669 0.321224 0.093696 0.531275 0.019945 0.659282 0.001596 0.690481
19.705578 0.321412 0.093766 0.531668 0.019966 0.659669 0.001598 0.690667
19.980263 0.321595 0.093834 0.532672 0.019987 0.660045 0.001599 0.690845
20.258777 0.321772 0.093900 0.533287 0.020007 0.660409 0.001601 0.691017
20.541173 0.321945 0.093965 0.533452 0.020027 0.660762 0.001602 0.691182
20.827506 0.322113 0.094028 0.533611 0.020047 0.661104 0.001603 0.691341
21.117830 0.322276 0.094089 0.534080 0.020066 0.661436 0.001605 0.691493
21.412202 0.322435 0.094149 0.534490 0.020084 0.661758 0.001606 0.691640
21.710676 0.322590 0.094207 0.534925 0.020102 0.662070 0.001607 0.691781
22.013311 0.322740 0.094263 0.535350 0.020120 0.662372 0.001608 0.691916
22.320165 0.322899 0.094319 0.535767 0.020137 0.662665 0.001609 0.692046
22.631296 0.323288 0.094372 0.536174 0.020154 0.662950 0.001610 0.692171
22.946764 0.323362 0.094424 0.536573 0.020170 0.663225 0.001611 0.692292
23.266629 0.323433 0.094475 0.536963 0.020186 0.663492 0.001612 0.692407
23.590953 0.323502 0.094525 0.537344 0.020201 0.663751 0.001613 0.692519
23.919798 0.323568 0.094573 0.537716 0.020217 0.664002 0.001614 0.692625
24.253227 0.323714 0.094620 0.538081 0.020231 0.664245 0.001615 0.692728
24.591304 0.323993 0.094665 0.538540 0.020246 0.664480 0.001616 0.692827
24.934094 0.324265 0.094710 0.539145 0.020260 0.664709 0.001617 0.692922
25.281661 0.324532 0.094753 0.539222 0.020274 0.664930 0.001617 0.693013
25.634074 0.324793 0.094795 0.539589 0.020287 0.665144 0.001618 0.693101
25.991399 0.325049 0.094836 0.540273 0.020300 0.665352 0.001619 0.693185
26.353705 0.325299 0.094875 0.540709 0.020313 0.665554 0.001620 0.693266
26.721062 0.325544 0.094914 0.540993 0.020325 0.665749 0.001620 0.693344
27.093539 0.325767 0.094952 0.541433 0.020338 0.665938 0.001621 0.693419
27.471208 0.325870 0.094989 0.541490 0.020349 0.666121 0.001622 0.693491
27.854142 0.325970 0.095024 0.541551 0.020361 0.666299 0.001622 0.693560
28.242413 0.326068 0.095059 0.542066 0.020372 0.666471 0.001623 0.693626
28.636097 0.326162 0.095093 0.542509 0.020383 0.666638 0.001623 0.693690
29.035269 0.326300 0.095126 0.543171 0.020394 0.666800 0.001624 0.693752
29.440005 0.326491 0.095158 0.543825 0.020404 0.667042 0.001624 0.693811
29.850382 0.326678 0.095189 0.544422 0.020415 0.667411 0.001625 0.693867
30.266481 0.326861 0.095219 0.544454 0.020425 0.667773 0.001626 0.693922
30.688379 0.327040 0.095249 0.544485 0.020434 0.668126 0.001626 0.693974
31.116158 0.327216 0.095277 0.544515 0.020444 0.668471 0.001626 0.694024
31.549901 0.327272 0.095305 0.544543 0.020453 0.668808 0.001627 0.694073
31.989689 0.327326 0.095332 0.544570 0.020462 0.669138 0.001627 0.694119
32.435608 0.327424 0.095359 0.544597 0.020471 0.669460 0.001628 0.694164
32.887743 0.327579 0.095384 0.544622 0.020479 0.669775 0.001628 0.694207
33.346180 0.327730 0.095409 0.544974 0.020488 0.670082 0.001629 0.694248
33.811008 0.327878 0.095434 0.545368 0.020496 0.670383 0.001629 0.694288
34.282315 0.327999 0.095457 0.545756 0.020504 0.670563 0.001629 0.694326
34.760192 0.328033 0.095480 0.546136 0.020512 0.670770 0.001630 0.694363
35.244730 0.328066 0.095503 0.546510 0.020519 0.671050 0.001630 0.694398
35.736022 0.328098 0.095525 0.546878 0.020526 0.671325 0.001630 0.694432
36.234163 0.328129 0.095546 0.547239 0.020534 0.671391 0.001631 0.694464
36.739248 0.328159 0.095566 0.547594 0.020541 0.671439 0.001631 0.694495
37.251373 0.328241 0.095586 0.547942 0.020547 0.671486 0.001631 0.694525
37.770637 0.328379 0.095606 0.548285 0.020554 0.671531 0.001632 0.694554
38.297139 0.328513 0.095625 0.548621 0.020561 0.671575 0.001632 0.694582
38.830980 0.328645 0.095643 0.548952 0.020567 0.671617 0.001632 0.694609
39.372263 0.328773 0.095661 0.549276 0.020573 0.671657 0.001632 0.694634
39.921091 0.328899 0.095679 0.549318 0.020579 0.671696 0.001633 0.694659
40.477570 0.329022 0.095696 0.549336 0.020585 0.671734 0.001633 0.694682
41.041805 0.329142 0.095712 0.549617 0.020591 0.672111 0.001633 0.694705
41.613906 0.329259 0.095728 0.550018 0.020596 0.672553 0.001633 0.694727
42.193981 0.329374 0.095744 0.550412 0.020602 0.672987 0.001634 0.694748
42.782142 0.329486 0.095759 0.550801 0.020607 0.673414 0.001634 0.694768
43.378502 0.329596 0.095774 0.551185 0.020612 0.673833 0.001634 0.694788
43.983175 0.329703 0.095788 0.551563 0.020617 0.674246 0.001634 0.694806
44.596276 0.329808 0.095802 0.551935 0.020622 0.674651 0.001635 0.694824
45.217924 0.329911 0.095816 0.552225 0.020627 0.675049 0.001635 0.694841
45.848238 0.330011 0.095829 0.552491 0.020631 0.675271 0.001635 0.694858
46.487337 0.330109 0.095842 0.552753 0.020636 0.675285 0.001635 0.694874
47.135345 0.330205 0.095855 0.553011 0.020640 0.675299 0.001635 0.694889
47.792386 0.330299 0.095867 0.553264 0.020645 0.675311 0.001635 0.694904
48.458586 0.330390 0.095879 0.553512 0.020649 0.675538 0.001636 0.694918
49.134073 0.330480 0.095890 0.553756 0.020653 0.675551 0.001636 0.694931
49.818975 0.330567 0.095901 0.553995 0.020657 0.675562 0.001636 0.694944
50.513425 0.330653 0.095912 0.554231 0.020661 0.675573 0.001636 0.694957
51.217554 0.330736 0.095923 0.554462 0.020665 0.675584 0.001636 0.694969
51.931499 0.330818 0.095933 0.554688 0.020668 0.675594 0.001636 0.694980
52.655396 0.330898 0.095943 0.554911 0.020672 0.675604 0.001636 0.694992
53.389384 0.330976 0.095953 0.555130 0.020676 0.675614 0.001637 0.695002
54.133603 0.331053 0.095962 0.555345 0.020679 0.675623 0.001637 0.695012
54.888196 0.331127 0.095973 0.555556 0.020682 0.675632 0.001637 0.695022
55.653308 0.331200 0.095990 0.555763 0.020686 0.675640 0.001637 0.695032
56.429085 0.331272 0.096006 0.555967 0.020689 0.675648 0.001637 0.695041
57.215676 0.331341 0.096027 0.556166 0.020692 0.675656 0.001637 0.695050
58.013231 0.331410 0.096048 0.556363 0.020695 0.675663 0.001637 0.695058
58.821904 0.331476 0.096069 0.556555 0.020698 0.675670 0.001637 0.695066
59.641849 0.331541 0.096089 0.556744 0.020701 0.675677 0.001637 0.695074
60.473224 0.331605 0.096109 0.556930 0.020704 0.675684 0.001637 0.695081
61.316188 0.331667 0.096128 0.557112 0.020706 0.675690 0.001638 0.695088
62.170903 0.331728 0.096147 0.557292 0.020709 0.675696 0.001638 0.695095
63.037532 0.331787 0.096165 0.557467 0.020711 0.675702 0.001638 0.695102
63.916241 0.331846 0.096183 0.557640 0.020714 0.675708 0.001638 0.695108
64.807198 0.331902 0.096200 0.557810 0.020716 0.675713 0.001638 0.695114
65.710575 0.331958 0.096218 0.557976 0.020719 0.675718 0.001638 0.695120
66.626545 0.332012 0.096234 0.558139 0.020721 0.675723 0.001638 0.695126
67.555283 0.332065 0.096251 0.558300 0.020723 0.675728 0.001638 0.695131
68.496967 0.332117 0.096267 0.558457 0.020726 0.675733 0.001638 0.695137
69.451778 0.332168 0.096283 0.558612 0.020728 0.675737 0.001638 0.695142
70.419898 0.332217 0.096298 0.558839 0.020730 0.675741 0.001638 0.695146
71.401513 0.332265 0.096313 0.559131 0.020732 0.675745 0.001638 0.695151
72.396811 0.332313 0.096328 0.559419 0.020734 0.675749 0.001638 0.695155
73.405984 0.332359 0.096342 0.559703 0.020736 0.675753 0.001638 0.695160
74.429223 0.332404 0.096356 0.559841 0.020738 0.675757 0.001638 0.695164
75.466726 0.332448 0.096370 0.559888 0.020740 0.675760 0.001639 0.695168
76.518692 0.332491 0.096384 0.559933 0.020742 0.675764 0.001639 0.695172
77.585321 0.332533 0.096397 0.559977 0.020743 0.675767 0.001639 0.695175
78.666818 0.332575 0.096410 0.560021 0.020745 0.675770 0.001639 0.695179
79.763391 0.332615 0.096422 0.560063 0.020747 0.675773 0.001639 0.695182
80.875249 0.332654 0.096435 0.560138 0.020748 0.675776 0.001639 0.695185
82.002606 0.332693 0.096447 0.560262 0.020750 0.675778 0.001639 0.695188
83.145678 0.332730 0.096459 0.560384 0.020752 0.675785 0.001639 0.695191
84.304684 0.332767 0.096470 0.560503 0.020753 0.676068 0.001639 0.695194
85.479845 0.332803 0.096482 0.560621 0.020755 0.676347 0.001639 0.695197
86.671388 0.332838 0.096493 0.560736 0.020756 0.676623 0.001639 0.695200
87.879540 0.332872 0.096503 0.560849 0.020757 0.676894 0.001639 0.695202
89.104533 0.332906 0.096514 0.560960 0.020759 0.677162 0.001639 0.695205
90.346602 0.332938 0.096524 0.561069 0.020760 0.677399 0.001639 0.695207
91.605985 0.332970 0.096534 0.561176 0.020761 0.677402 0.001639 0.695209
92.882923 0.332998 0.096544 0.561281 0.020763 0.677404 0.001639 0.695211
94.177660 0.333024 0.096554 0.561384 0.020764 0.677406 0.001639 0.695213
95.490446 0.333049 0.096563 0.561485 0.020765 0.677408 0.001639 0.695215
96.821531 0.333074 0.096573 0.561584 0.020766 0.677410 0.001639 0.695217
98.171170 0.333098 0.096582 0.561681 0.020767 0.677412 0.001639 0.695219
99.539623 0.333122 0.096591 0.561777 0.020768 0.677414 0.001639 0.695221
100.927151 0.333145 0.096599 0.561871 0.020770 0.677415 0.001639 0.695223
102.334021 0.333167 0.096608 0.561963 0.020771 0.677417 0.001639 0.695224
103.760502 0.333189 0.096616 0.562054 0.020772 0.677419 0.001639 0.695226
105.206867 0.333211 0.096624 0.562142 0.020773 0.677420 0.001639 0.695227
106.673394 0.333231 0.096632 0.562230 0.020774 0.677422 0.001639 0.695229
108.160363 0.333252 0.096640 0.562315 0.020775 0.677423 0.001639 0.695230
109.668060 0.333272 0.096647 0.562399 0.020775 0.677424 0.001639 0.695232
111.196773 0.333291 0.096655 0.562482 0.020776 0.677426 0.001639 0.695233
112.746796 0.333310 0.096662 0.562563 0.020777 0.677427 0.001639 0.695234
114.318425 0.333329 0.096669 0.562642 0.020778 0.677428 0.001640 0.695235
115.911962 0.333347 0.096676 0.562720 0.020779 0.677429 0.001640 0.695237
117.527712 0.333364 0.096683 0.562796 0.020780 0.677430 0.001640 0.695238
119.165984 0.333382 0.096690 0.562872 0.020781 0.677431 0.001640 0.695239
120.827094 0.333399 0.096696 0.562945 0.020781 0.677432 0.001640 0.695240
122.511358 0.333415 0.096702 0.563018 0.020782 0.677433 0.001640 0.695241
124.219100 0.333431 0.096709 0.563089 0.020783 0.677434 0.001640 0.695242
125.950646 0.333447 0.096715 0.563158 0.020784 0.677435 0.001640 0.695243
127.706330 0.333462 0.096721 0.563227 0.020784 0.677436 0.001640 0.695243
129.486487 0.333477 0.096726 0.563294 0.020785 0.677437 0.001640 0.695244
131.291459 0.333492 0.096732 0.563360 0.020786 0.677438 0.001640 0.695245
133.121590 0.333506 0.096738 0.563424 0.020786 0.677439 0.001640 0.695246
134.977233 0.333520 0.096743 0.563488 0.020787 0.677439 0.001640 0.695247
136.858742 0.333533 0.096748 0.563550 0.020787 0.677440 0.001640 0.695247
138.766479 0.333547 0.096754 0.563611 0.020788 0.677441 0.001640 0.695248
140.700809 0.333560 0.096759 0.563671 0.020789 0.677441 0.001640 0.695249
142.662102 0.333572 0.096764 0.563730 0.020789 0.677442 0.001640 0.695249
144.650734 0.333585 0.096768 0.563788 0.020790 0.677443 0.001640 0.695250
146.667087 0.333597 0.096773 0.563845 0.020790 0.677443 0.001640 0.695250
148.711546 0.333609 0.096778 0.563901 0.020791 0.677555 0.001640 0.695251
150.784505 0.333620 0.096782 0.563955 0.020791 0.677696 0.001640 0.695252
152.886359 0.333631 0.096787 0.564009 0.020792 0.677835 0.001640 0.695252
155.017512 0.333642 0.096791 0.564062 0.020792 0.677971 0.001640 0.695253
157.178372 0.333653 0.096795 0.564113 0.020793 0.678049 0.001640 0.695253
159.369353 0.333663 0.096800 0.564164 0.020793 0.678068 0.001640 0.695253
161.590875 0.333674 0.096804 0.564214 0.020794 0.678187 0.001640 0.695254
163.843365 0.333684 0.096808 0.564263 0.020794 0.678304 0.001640 0.695254
166.127252 0.333693 0.096811 0.564311 0.020795 0.678420 0.001640 0.695255
168.442976 0.333703 0.096815 0.564358 0.020795 0.678534 0.001640 0.695255
170.790980 0.333712 0.096819 0.564404 0.020795 0.678646 0.001640 0.695255
173.171713 0.333721 0.096823 0.564449 0.020796 0.678756 0.001640 0.695256
175.585633 0.333730 0.096826 0.564494 0.020796 0.678865 0.001640 0.695256
178.033202 0.333739 0.096830 0.564512 0.020797 0.678923 0.001640 0.695257
180.514888 0.333747 0.096833 0.564524 0.020797 0.678925 0.001640 0.695257
183.031168 0.333755 0.096836 0.564535 0.020797 0.678927 0.001640 0.695257
185.582523 0.333763 0.096840 0.564547 0.020798 0.678929 0.001640 0.695257
188.169442 0.333771 0.096843 0.564558 0.020798 0.678931 0.001640 0.695258
190.792422 0.333779 0.096846 0.564568 0.020798 0.678933 0.001640 0.695258
193.451965 0.333786 0.096849 0.564579 0.020799 0.678935 0.001640 0.695258
196.148581 0.333794 0.096852 0.564589 0.020799 0.678937 0.001640 0.695259
198.882786 0.333801 0.096855 0.564599 0.020799 0.678938 0.001640 0.695259
201.655104 0.333808 0.096858 0.564609 0.020800 0.678940 0.001640 0.695259
204.466067 0.333814 0.096860 0.564619 0.020800 0.678942 0.001640 0.695259
207.316213 0.333821 0.096863 0.564628 0.020800 0.678943 0.001640 0.695259
210.206088 0.333828 0.096866 0.564637 0.020800 0.678945 0.001640 0.695260
213.136247 0.333834 0.096868 0.564646 0.020801 0.678946 0.001640 0.695260
216.107251 0.333840 0.096871 0.564655 0.020801 0.678948 0.001640 0.695260
219.119669 0.333846 0.096873 0.564663 0.020801 0.678949 0.001640 0.695260
222.174078 0.333852 0.096876 0.564671 0.020801 0.678950 0.001640 0.695260
225.271064 0.333858 0.096878 0.564679 0.020802 0.678951 0.001640 0.695261
228.411221 0.333863 0.096881 0.564687 0.020802 0.678953 0.001640 0.695261
231.595149 0.333869 0.096883 0.564695 0.020802 0.678954 0.001640 0.695261
234.823460 0.333874 0.096885 0.564702 0.020802 0.678955 0.001640 0.695261
238.096772 0.333879 0.096887 0.564710 0.020803 0.678956 0.001640 0.695261
241.415712 0.333884 0.096889 0.564717 0.020803 0.678957 0.001640 0.695261
244.780916 0.333889 0.096891 0.564724 0.020803 0.678958 0.001640 0.695261
248.193029 0.333894 0.096894 0.564731 0.020803 0.678959 0.001640 0.695262
251.652705 0.333899 0.096896 0.564738 0.020803 0.678960 0.001640 0.695262
255.160607 0.333904 0.096897 0.564744 0.020804 0.678961 0.001640 0.695262
258.717408 0.333908 0.096899 0.564750 0.020804 0.678962 0.001640 0.695262
262.323788 0.333913 0.096901 0.564757 0.020804 0.678963 0.001640 0.695262
265.980440 0.333917 0.096903 0.564763 0.020804 0.678964 0.001640 0.695262
269.688063 0.333921 0.096905 0.564769 0.020804 0.678965 0.001640 0.695262
273.447368 0.333925 0.096907 0.564774 0.020805 0.678965 0.001640 0.695262
277.259076 0.333929 0.096908 0.564780 0.020805 0.678966 0.001640 0.695262
281.123917 0.333933 0.096910 0.564786 0.020805 0.678967 0.001640 0.695263
285.042632 0.333937 0.096912 0.564791 0.020805 0.678968 0.001640 0.695263
289.015972 0.333941 0.096913 0.564796 0.020805 0.678968 0.001640 0.695263
293.044698 0.333944 0.096915 0.564801 0.020805 0.678969 0.001640 0.695263
297.129582 0.333948 0.096916 0.564806 0.020805 0.678970 0.001640 0.695263
301.271407 0.333951 0.096918 0.564811 0.020806 0.678997 0.001640 0.695263
305.470967 0.333955 0.096919 0.564816 0.020806 0.679084 0.001640 0.695263
309.729067 0.333958 0.096921 0.564821 0.020806 0.679168 0.001640 0.695263
314.046522 0.333961 0.096922 0.564825 0.020806 0.679252 0.001640 0.695263
318.424160 0.333964 0.096923 0.564830 0.020806 0.679334 0.001640 0.695263
322.862820 0.333968 0.096925 0.564834 0.020806 0.679388 0.001640 0.695263
327.363353 0.333971 0.096926 0.564838 0.020806 0.679389 0.001640 0.695263
331.926620 0.333973 0.096927 0.564842 0.020807 0.679389 0.001640 0.695263
336.553498 0.333976 0.096928 0.564847 0.020807 0.679390 0.001640 0.695263
341.244871 0.333979 0.096930 0.564850 0.020807 0.679390 0.001640 0.695263
346.001639 0.333982 0.096931 0.564854 0.020807 0.679391 0.001640 0.695264
350.824714 0.334009 0.096932 0.564858 0.020807 0.679391 0.001640 0.695264
355.715021 0.334040 0.096933 0.564862 0.020807 0.679391 0.001640 0.695264
360.673495 0.334071 0.096934 0.564865 0.020807 0.679392 0.001640 0.695264
365.701088 0.334102 0.096935 0.564869 0.020807 0.679392 0.001640 0.695264
370.798763 0.334132 0.096936 0.564872 0.020807 0.679392 0.001640 0.695264
375.967497 0.334161 0.096937 0.564876 0.020807 0.679393 0.001640 0.695264
381.208280 0.334191 0.096938 0.564879 0.020808 0.679393 0.001640 0.695264
386.522116 0.334215 0.096939 0.564882 0.020808 0.679393 0.001640 0.695264
391.910025 0.334218 0.096940 0.564885 0.020808 0.679394 0.001640 0.695264
397.373038 0.334221 0.096941 0.564888 0.020808 0.679394 0.001640 0.695264
402.912203 0.334223 0.096942 0.564891 0.020808 0.679394 0.001640 0.695264
408.528580 0.334226 0.096943 0.564894 0.020808 0.679394 0.001640 0.695264
414.223247 0.334228 0.096944 0.564897 0.020808 0.679395 0.001640 0.695264
419.997295 0.334231 0.096945 0.564900 0.020808 0.679395 0.001640 0.695264
425.851829 0.334233 0.096946 0.564902 0.020808 0.679395 0.001640 0.695264
431.787973 0.334236 0.096947 0.564905 0.020808 0.679395 0.001640 0.695264
437.806863 0.334238 0.096948 0.564908 0.020808 0.679396 0.001640 0.695264
443.909653 0.334240 0.096948 0.564910 0.020808 0.679396 0.001640 0.695264
450.097513 0.334243 0.096949 0.564913 0.020808 0.679425 0.001640 0.695264
456.371628 0.334245 0.096950 0.564915 0.020809 0.679484 0.001640 0.695264
462.733201 0.334247 0.096951 0.564917 0.020809 0.679484 0.001640 0.695264
469.183451 0.334249 0.096951 0.564920 0.020809 0.679484 0.001640 0.695264
475.723614 0.334251 0.096952 0.564922 0.020809 0.679484 0.001640 0.695264
482.354943 0.334253 0.096953 0.564924 0.020809 0.679484 0.001640 0.695264
489.078709 0.334255 0.096953 0.564926 0.020809 0.679484 0.001640 0.695264
495.896201 0.334257 0.096954 0.564928 0.020809 0.679484 0.001640 0.695264
502.808725 0.334259 0.096955 0.564930 0.020809 0.679484 0.001640 0.695264
509.817606 0.334261 0.096955 0.564932 0.020809 0.679484 0.001640 0.695264
516.924187 0.334262 0.096956 0.564934 0.020809 0.679484 0.001640 0.695264
524.129830 0.334264 0.096957 0.564936 0.020809 0.679484 0.001640 0.695264
531.435916 0.334266 0.096957 0.564938 0.020809 0.679484 0.001640 0.695264
538.843844 0.334267 0.096958 0.564940 0.020809 0.679484 0.001640 0.695264
546.355035 0.334269 0.096958 0.564941 0.020809 0.679484 0.001640 0.695264
553.970928 0.334271 0.096959 0.564943 0.020809 0.679484 0.001640 0.695264
561.692982 0.334272 0.096959 0.564945 0.020809 0.679484 0.001640 0.695264
569.522678 0.334274 0.096960 0.564946 0.020809 0.679484 0.001640 0.695264
577.461515 0.334275 0.096960 0.564948 0.020809 0.679484 0.001640 0.695264
585.511016 0.334277 0.096961 0.564950 0.020809 0.679484 0.001640 0.695264
593.672722 0.334278 0.096961 0.564951 0.020810 0.679484 0.001640 0.695264
601.948197 0.334279 0.096962 0.564953 0.020810 0.679484 0.001640 0.695264
610.339029 0.334281 0.096962 0.564954 0.020810 0.679484 0.001640 0.695265
618.846824 0.334282 0.096963 0.564955 0.020810 0.679484 0.001640 0.695265
627.473213 0.334283 0.096963 0.564957 0.020810 0.679484 0.001640 0.695265
636.219849 0.334285 0.096964 0.564958 0.020810 0.679484 0.001640 0.695265
645.088409 0.334286 0.096964 0.564959 0.020810 0.679484 0.001640 0.695265
654.080591 0.334287 0.096965 0.564961 0.020810 0.679484 0.001640 0.695265
663.198120 0.334288 0.096965 0.564962 0.020810 0.679484 0.001640 0.695265
672.442742 0.334289 0.096965 0.564963 0.020810 0.679484 0.001640 0.695265
681.816229 0.334290 0.096966 0.564964 0.020810 0.679484 0.001640 0.695265
691.320378 0.334291 0.096966 0.564966 0.020810 0.679484 0.001640 0.695265
700.957009 0.334293 0.096967 0.564967 0.020810 0.679484 0.001640 0.695265
710.727970 0.334294 0.096967 0.564968 0.020810 0.679484 0.001640 0.695265
720.635132 0.334295 0.096967 0.564969 0.020810 0.679484 0.001640 0.695265
730.680395 0.334296 0.096968 0.564970 0.020810 0.679484 0.001640 0.695265
740.865683 0.334297 0.096968 0.564971 0.020810 0.679484 0.001640 0.695265
751.192949 0.334297 0.096968 0.564972 0.020810 0.679484 0.001640 0.695265
761.664172 0.334298 0.096969 0.564973 0.020810 0.679484 0.001640 0.695265
772.281357 0.334299 0.096969 0.564974 0.020810 0.679484 0.001640 0.695265
783.046540 0.334300 0.096969 0.564975 0.020810 0.679484 0.001640 0.695265
793.961785 0.334301 0.096970 0.564976 0.020810 0.679484 0.001640 0.695265
805.029181 0.334302 0.096970 0.564977 0.020810 0.679484 0.001640 0.695265
816.250851 0.334303 0.096970 0.564978 0.020810 0.679484 0.001640 0.695265
827.628946 0.334304 0.096971 0.564979 0.020810 0.679484 0.001640 0.695265
839.165644 0.334304 0.096971 0.564979 0.020810 0.679484 0.001640 0.695265
850.863158 0.334305 0.096971 0.564980 0.020810 0.679484 0.001640 0.695265
862.723729 0.334306 0.096971 0.564981 0.020810 0.679484 0.001640 0.695265
874.749630 0.334307 0.096972 0.564982 0.020810 0.679484 0.001640 0.695265
886.943166 0.334307 0.096972 0.564982 0.020810 0.679484 0.001640 0.695265
899.306672 0.334308 0.096972 0.564983 0.020810 0.679484 0.001640 0.695265
911.842520 0.334309 0.096972 0.564984 0.020810 0.679484 0.001640 0.695265
924.553110 0.334309 0.096973 0.564985 0.020810 0.679484 0.001640 0.695265
937.440879 0.334310 0.096973 0.564985 0.020810 0.679484 0.001640 0.695265
950.508296 0.334311 0.096973 0.564986 0.020810 0.679484 0.001640 0.695265
963.757866 0.334311 0.096973 0.564987 0.020810 0.679484 0.001640 0.695265
977.192128 0.334312 0.096974 0.564987 0.020810 0.679484 0.001640 0.695265
990.813657 0.334312 0.096974 0.564988 0.020810 0.679484 0.001640 0.695265
1004.625062 0.334313 0.096974 0.564989 0.020810 0.679484 0.001640 0.695265
1018.628990 0.334314 0.096974 0.564989 0.020810 0.679484 0.001640 0.695265
1032.828126 0.334314 0.096974 0.564990 0.020810 0.679484 0.001640 0.695265
1047.225190 0.334315 0.096975 0.564990 0.020811 0.679495 0.001640 0.695265
1061.822941 0.334315 0.096975 0.564991 0.020811 0.679513 0.001640 0.695265
1076.624177 0.334316 0.096975 0.564991 0.020811 0.679531 0.001640 0.695265
1091.631734 0.334316 0.096975 0.564992 0.020811 0.679549 0.001640 0.695265
1106.848489 0.334317 0.096975 0.564992 0.020811 0.679563 0.001640 0.695265
1122.277356 0.334317 0.096976 0.564993 0.020811 0.679564 0.001640 0.695265
1137.921294 0.334318 0.096976 0.564993 0.020811 0.679564 0.001640 0.695265
1153.783300 0.334318 0.096976 0.564994 0.020811 0.679564 0.001640 0.695265
1169.866413 0.334319 0.096976 0.564994 0.020811 0.679564 0.001640 0.695265
1186.173716 0.334319 0.096976 0.564995 0.020811 0.679564 0.001640 0.695265
1202.708335 0.334319 0.096976 0.564995 0.020811 0.679564 0.001640 0.695265
1219.473437 0.334320 0.096977 0.564996 0.020811 0.679564 0.001640 0.695265
1236.472235 0.334320 0.096977 0.564996 0.020811 0.679564 0.001640 0.695265
1253.707987 0.334321 0.096977 0.564997 0.020811 0.679564 0.001640 0.695265
1271.183997 0.334321 0.096977 0.564997 0.020811 0.679564 0.001640 0.695265
1288.903612 0.334321 0.096977 0.564997 0.020811 0.679564 0.001640 0.695265
1306.870230 0.334322 0.096977 0.564998 0.020811 0.679564 0.001640 0.695265
1325.087292 0.334322 0.096977 0.564998 0.020811 0.679564 0.001640 0.695265
1343.558290 0.334323 0.096978 0.564999 0.020811 0.679565 0.001640 0.695265
1362.286764 0.334323 0.096978 0.564999 0.020811 0.679565 0.001640 0.695265
1381.276303 0.334323 0.096978 0.564999 0.020811 0.679565 0.001640 0.695265
1400.530545 0.334324 0.096978 0.565000 0.020811 0.679565 0.001640 0.695265
1420.053182 0.334324 0.096978 0.565000 0.020811 0.679565 0.001640 0.695265
1439.847953 0.334324 0.096978 0.565000 0.020811 0.679565 0.001640 0.695265
1459.918652 0.334325 0.096978 0.565001 0.020811 0.679565 0.001640 0.695265
1480.269127 0.334325 0.096978 0.565001 0.020811 0.679565 0.001640 0.695265
1500.903276 0.334325 0.096979 0.565001 0.020811 0.679565 0.001640 0.695265
1521.825053 0.334325 0.096979 0.565002 0.020811 0.679565 0.001640 0.695265
1543.038469 0.334326 0.096979 0.565002 0.020811 0.679565 0.001640 0.695265
1564.547589 0.334326 0.096979 0.565002 0.020811 0.679565 0.001640 0.695265
1586.356534 0.334326 0.096979 0.565002 0.020811 0.679565 0.001640 0.695265
1608.469483 0.334327 0.096979 0.565003 0.020811 0.679565 0.001640 0.695265
1630.890676 0.334327 0.096979 0.565003 0.020811 0.679565 0.001640 0.695265
1653.624407 0.334327 0.096979 0.565003 0.020811 0.679565 0.001640 0.695265
1676.675035 0.334327 0.096979 0.565003 0.020811 0.679565 0.001640 0.695265
1700.046975 0.334328 0.096979 0.565004 0.020811 0.679565 0.001640 0.695265
1723.744708 0.334328 0.096980 0.565004 0.020811 0.679565 0.001640 0.695265
1747.772774 0.334328 0.096980 0.565004 0.020811 0.679565 0.001640 0.695265
1772.135779 0.334328 0.096980 0.565004 0.020811 0.679565 0.001640 0.695265
1796.838391 0.334328 0.096980 0.565005 0.020811 0.679565 0.001640 0.695265
1821.885343 0.334329 0.096980 0.565005 0.020811 0.679566 0.001640 0.695265
1847.281437 0.334329 0.096980 0.565005 0.020811 0.679566 0.001640 0.695265
1873.031539 0.334329 0.096980 0.565005 0.020811 0.679566 0.001640 0.695265
1899.140582 0.334329 0.096980 0.565005 0.020811 0.679566 0.001640 0.695265
1925.613572 0.334329 0.096980 0.565006 0.020811 0.679566 0.001640 0.695265
1952.455581 0.334330 0.096980 0.565006 0.020811 0.679566 0.001640 0.695265
1979.671753 0.334330 0.096980 0.565006 0.020811 0.679566 0.001640 0.695265
2007.267304 0.334330 0.096980 0.565006 0.020811 0.679566 0.001640 0.695265
2035.247521 0.334330 0.096980 0.565006 0.020811 0.679566 0.001640 0.695265
2063.617768 0.334330 0.096980 0.565007 0.020811 0.679566 0.001640 0.695265
2092.383480 0.334331 0.096981 0.565007 0.020811 0.679566 0.001640 0.695265
2121.550171 0.334331 0.096981 0.565007 0.020811 0.679566 0.001640 0.695265
2151.123430 0.334331 0.096981 0.565007 0.020811 0.679566 0.001640 0.695265
2181.108924 0.334331 0.096981 0.565007 0.020811 0.679566 0.001640 0.695265
2211.512400 0.334331 0.096981 0.565007 0.020811 0.679566 0.001640 0.695265
2242.339683 0.334331 0.096981 0.565008 0.020811 0.679566 0.001640 0.695265
2273.596682 0.334331 0.096981 0.565008 0.020811 0.679566 0.001640 0.695265
2305.289387 0.334332 0.096981 0.565008 0.020811 0.679566 0.001640 0.695265
2337.423871 0.334332 0.096981 0.565008 0.020811 0.679566 0.001640 0.695265
2370.006292 0.334332 0.096981 0.565008 0.020811 0.679566 0.001640 0.695265
2403.042894 0.334332 0.096981 0.565008 0.020811 0.679566 0.001640 0.695265
2436.540009 0.334332 0.096981 0.565008 0.020811 0.679566 0.001640 0.695265
2470.504055 0.334332 0.096981 0.565009 0.020811 0.679566 0.001640 0.695265
2504.941542 0.334332 0.096981 0.565009 0.020811 0.679566 0.001640 0.695265
2539.859069 0.334333 0.096981 0.565009 0.020811 0.679566 0.001640 0.695265
2575.263327 0.334333 0.096981 0.565009 0.020811 0.679566 0.001640 0.695265
2611.161101 0.334333 0.096981 0.565009 0.020811 0.679566 0.001640 0.695265
2647.559271 0.334333 0.096981 0.565009 0.020811 0.679566 0.001640 0.695265
2684.464811 0.334333 0.096982 0.565009 0.020811 0.679566 0.001640 0.695265
2721.884795 0.334333 0.096982 0.565009 0.020811 0.679566 0.001640 0.695265
2759.826392 0.334333 0.096982 0.565010 0.020811 0.679566 0.001640 0.695265
2798.296876 0.334333 0.096982 0.565010 0.020811 0.679566 0.001640 0.695265
2837.303617 0.334333 0.096982 0.565010 0.020811 0.679566 0.001640 0.695265
2876.854090 0.334334 0.096982 0.565010 0.020811 0.679566 0.001640 0.695265
2916.955876 0.334334 0.096982 0.565010 0.020811 0.679566 0.001640 0.695265
2957.616659 0.334334 0.096982 0.565010 0.020811 0.679566 0.001640 0.695265
2998.844231 0.334334 0.096982 0.565010 0.020811 0.679566 0.001640 0.695265
3040.646493 0.334334 0.096982 0.565010 0.020811 0.679566 0.001640 0.695265
3083.031457 0.334334 0.096982 0.565010 0.020811 0.679566 0.001640 0.695265
3126.007243 0.334334 0.096982 0.565010 0.020811 0.679566 0.001640 0.695265
3169.582089 0.334334 0.096982 0.565010 0.020811 0.679566 0.001640 0.695265
3213.764344 0.334334 0.096982 0.565011 0.020811 0.679566 0.001640 0.695265
3258.562476 0.334334 0.096982 0.565011 0.020811 0.679566 0.001640 0.695265
3303.985070 0.334334 0.096982 0.565011 0.020811 0.679566 0.001640 0.695265
3350.040830 0.334334 0.096982 0.565011 0.020811 0.679566 0.001640 0.695265
3396.738582 0.334335 0.096982 0.565011 0.020811 0.679566 0.001640 0.695265
3444.087276 0.334335 0.096982 0.565011 0.020811 0.679566 0.001640 0.695265
3492.095985 0.334335 0.096982 0.565011 0.020811 0.679566 0.001640 0.695265
3540.773909 0.334335 0.096982 0.565011 0.020811 0.679566 0.001640 0.695265
3590.130377 0.334335 0.096982 0.565011 0.020811 0.679566 0.001640 0.695265
3640.174847 0.334335 0.096982 0.565011 0.020811 0.679566 0.001640 0.695265
3690.916911 0.334335 0.096982 0.565011 0.020811 0.679566 0.001640 0.695265
3742.366291 0.334335 0.096982 0.565011 0.020811 0.679566 0.001640 0.695265
3794.532847 0.334335 0.096982 0.565011 0.020811 0.679566 0.001640 0.695268
3847.426577 0.334335 0.096982 0.565011 0.020811 0.679566 0.001640 0.695273
3901.057617 0.334335 0.096982 0.565012 0.020811 0.679566 0.001640 0.695278
3955.436245 0.334335 0.096982 0.565012 0.020811 0.679566 0.001640 0.695283
4010.572881 0.334335 0.096982 0.565012 0.020811 0.679566 0.001640 0.695287
4066.478092 0.334335 0.096982 0.565012 0.020811 0.679566 0.001640 0.695292
4123.162591 0.334335 0.096982 0.565012 0.020811 0.679566 0.001640 0.695297
4180.637241 0.334335 0.096982 0.565012 0.020811 0.679566 0.001640 0.695301
4238.913057 0.334336 0.096983 0.565012 0.020811 0.679566 0.001640 0.695306
4298.001206 0.334336 0.096983 0.565012 0.020811 0.679566 0.001640 0.695310
4357.913012 0.334336 0.096983 0.565012 0.020811 0.679566 0.001640 0.695315
4418.659956 0.334336 0.096983 0.565012 0.020811 0.679566 0.001640 0.695319
4480.253680 0.334336 0.096983 0.565012 0.020811 0.679566 0.001640 0.695323
4542.705986 0.334336 0.096983 0.565012 0.020811 0.679566 0.001640 0.695328
4606.028844 0.334336 0.096983 0.565012 0.020811 0.679566 0.001640 0.695332
4670.234388 0.334336 0.096983 0.565012 0.020811 0.679566 0.001640 0.695336
4735.334923 0.334336 0.096983 0.565012 0.020811 0.679566 0.001640 0.695340
4801.342924 0.334336 0.096983 0.565012 0.020811 0.679566 0.001640 0.695344
4868.271040 0.334336 0.096983 0.565012 0.020811 0.679566 0.001640 0.695348
4936.132098 0.334336 0.096983 0.565012 0.020811 0.679566 0.001640 0.695352
5004.939103 0.334336 0.096983 0.565012 0.020811 0.679566 0.001640 0.695355
5074.705239 0.334336 0.096983 0.565012 0.020811 0.679566 0.001640 0.695359
5145.443878 0.334336 0.096983 0.565012 0.020811 0.679566 0.001640 0.695363
5217.168576 0.334336 0.096983 0.565012 0.020811 0.679566 0.001640 0.695366
5289.893076 0.334336 0.096983 0.565013 0.020811 0.679566 0.001640 0.695370
5363.631317 0.334336 0.096983 0.565013 0.020811 0.679566 0.001640 0.695374
5438.397428 0.334336 0.096983 0.565013 0.020811 0.679566 0.001640 0.695377
5514.205739 0.334336 0.096983 0.565013 0.020811 0.679566 0.001640 0.695380
5591.070777 0.334336 0.096983 0.565013 0.020811 0.679567 0.001640 0.695384
5669.007271 0.334336 0.096983 0.565013 0.020811 0.679567 0.001640 0.695387
5748.030158 0.334336 0.096983 0.565013 0.020811 0.679567 0.001640 0.695390
5828.154581 0.334336 0.096983 0.565013 0.020811 0.679567 0.001640 0.695394
5909.395895 0.334336 0.096983 0.565013 0.020811 0.679567 0.001640 0.695397
5991.769669 0.334337 0.096983 0.565013 0.020811 0.679567 0.001640 0.695400
6075.291689 0.334337 0.096983 0.565013 0.020811 0.679567 0.001640 0.695403
6159.977960 0.334337 0.096983 0.565013 0.020811 0.679567 0.001640 0.695406
6245.844712 0.334337 0.096983 0.565013 0.020811 0.679567 0.001640 0.695409
6332.908400 0.334337 0.096983 0.565013 0.020811 0.679567 0.001640 0.695412
6421.185709 0.334337 0.096983 0.565013 0.020811 0.679567 0.001640 0.695415
6510.693555 0.334337 0.096983 0.565013 0.020811 0.679567 0.001640 0.695418
6601.449093 0.334337 0.096983 0.565013 0.020811 0.679567 0.001640 0.695421
6693.469713 0.334337 0.096983 0.565013 0.020811 0.679567 0.001640 0.695423
6786.773051 0.334337 0.096983 0.565013 0.020811 0.679567 0.001640 0.695426
6881.376986 0.334337 0.096983 0.565013 0.020811 0.679567 0.001640 0.695429
6977.299650 0.334337 0.096983 0.565013 0.020811 0.679567 0.001640 0.695431
7074.559423 0.334337 0.096983 0.565013 0.020811 0.679567 0.001640 0.695434
7173.174944 0.334337 0.096983 0.565013 0.020811 0.679567 0.001640 0.695437
7273.165113 0.334337 0.096983 0.565013 0.020811 0.679567 0.001640 0.695439
7374.549090 0.334337 0.096983 0.565013 0.020811 0.679567 0.001640 0.695442
7477.346305 0.334337 0.096983 0.565013 0.020811 0.679567 0.001640 0.695444
7581.576458 0.334337 0.096983 0.565013 0.020811 0.679567 0.001640 0.695447
7687.259522 0.334337 0.096983 0.565013 0.020811 0.679567 0.001640 0.695449
7794.415750 0.334337 0.096983 0.565013 0.020811 0.679567 0.001640 0.695451
7903.065679 0.334337 0.096983 0.565013 0.020811 0.679567 0.001640 0.695454
8013.230128 0.334337 0.096983 0.565013 0.020811 0.679567 0.001640 0.695456
8124.930211 0.334337 0.096983 0.565013 0.020811 0.679567 0.001640 0.695458
8238.187331 0.334337 0.096983 0.565013 0.020811 0.679567 0.001640 0.695460
8353.023195 0.334337 0.096983 0.565013 0.020811 0.679567 0.001640 0.695463
8469.459808 0.334337 0.096983 0.565013 0.020811 0.679567 0.001640 0.695465
8587.519485 0.334337 0.096983 0.565013 0.020811 0.679567 0.001640 0.695467
8707.224849 0.334337 0.096983 0.565013 0.020811 0.679567 0.001640 0.695469
8828.598841 0.334337 0.096983 0.565013 0.020811 0.679567 0.001640 0.695471
8951.664721 0.334337 0.096983 0.565013 0.020811 0.679567 0.001640 0.695473
9076.446073 0.334337 0.096983 0.565013 0.020811 0.679567 0.001640 0.695475
9202.966809 0.334337 0.096983 0.565013 0.020811 0.679567 0.001640 0.695477
9331.251175 0.334337 0.096983 0.565013 0.020811 0.679567 0.001640 0.695479
9461.323756 0.334337 0.096983 0.565013 0.020811 0.679567 0.001640 0.695481
9593.209478 0.334337 0.096983 0.565013 0.020811 0.679567 0.001640 0.695483
9726.933615 0.334337 0.096983 0.565013 0.020811 0.679567 0.001640 0.695485
9862.521795 0.334337 0.096983 0.565013 0.020811 0.679567 0.001640 0.695487
10000.000000 0.334337 0.096983 0.565013 0.020811 0.679567 0.001640 0.695488
