0.001000 59514493955530324705280.000000 1902913782680713216.000000 185723106531548277573156864.000000 27453579071909020.000000 5828232791324529441588117504.000000 -238002679356796606751965184.000000 51343863511902543836805595136.000000
0.001038 51784408629602712289280.000000 1739857900858739968.000000 173607690239305055769460736.000000 13337661408735882.000000 5554932716642681839647981568.000000 -25718447817142228129140441088.000000 46697878471381478756679942144.000000
0.001077 48894394541063920418816.000000 1771814662234195200.000000 157852163502270104664539136.000000 13309081198938320.000000 5174089577127139370036363264.000000 -15938612995997684149447032832.000000 44259889715082539477277605888.000000
0.001117 52668268623164543598592.000000 1919147354716715264.000000 164981172548659404462882816.000000 23958917038377036.000000 5046175637550553861069996032.000000 -3382708779832823196871032832.000000 41949175180823033674274439168.000000
0.001159 47577788262519620501504.000000 1874285361554989056.000000 150931730500392791457136640.000000 14274075283386456.000000 4652472042019313516168609792.000000 -11236121089861090598056886272.000000 39759089736742711191094165504.000000
0.001203 47715516479966726324224.000000 1933479528736875776.000000 146737575981072472692752384.000000 15441238343337686.000000 4411727989783962863018180608.000000 -10660884429701722234811318272.000000 37683338433899365429650915328.000000
0.001248 45624343758148963663872.000000 1834817568022254080.000000 138754074492288065375043584.000000 15309028025567916.000000 4052624003506659210362355712.000000 -23717655143216776809650585600.000000 35715951095749648412852617216.000000
0.001296 45668954755648639205376.000000 1995641402383279360.000000 128375270965704394901815296.000000 15854310463834490.000000 3904634025629043332785111040.000000 -7501741317759996824840568832.000000 33851270052361100548338876416.000000
0.001344 50459743075694316355584.000000 2195760907864832256.000000 132114111238335252595212288.000000 36351969859945496.000000 3968901830873402418432835584.000000 -885853833596363699262586880.000000 32083935136398065225938501632.000000
0.001395 45315627742785857126400.000000 2129277476188133888.000000 123595038268503781921521664.000000 25181547421738980.000000 3782785895023871022805811200.000000 -2490275841328320154819362816.000000 30408863673314075288918818816.000000
0.001448 43610227457429784756224.000000 2103883315169858816.000000 117540598742448279537057792.000000 18543179667011720.000000 3251492329469475120327163904.000000 -7367789608282795658356719616.000000 28821239702283145003598348288.000000
0.001502 45333880976322443870208.000000 2265047742599961600.000000 115016356889455901225779200.000000 29936248043289920.000000 3136621099243081770033217536.000000 -4829860446033536567105028096.000000 27316497245361186461857087488.000000
0.001559 42636756232675669311488.000000 2170322285510429184.000000 107805526595393838821408768.000000 24916204562628648.000000 3041467145285781229326565376.000000 -1914937336083206172636610560.000000 25890310451172988157851336704.000000
0.001617 44775935999713680031744.000000 2387754526599858176.000000 105799372173969728624132096.000000 40043571596121288.000000 3121595717839676585786998784.000000 -1760987860784202915080306688.000000 24538578012237456825007472640.000000
0.001678 43716889697936742547456.000000 2451578305701447168.000000 101766189764154623168348160.000000 41222671577143616.000000 2975210429040410479153905664.000000 -1618255185236173103529197568.000000 23257413514554684968674525184.000000
0.001742 40944862195084894928896.000000 2273932800208057856.000000 95025094955180381582655488.000000 27281345592879384.000000 2519667413549061355018911744.000000 -6543510115800692561060823040.000000 22043132430934113262118109184.000000
0.001807 40754488563373285834752.000000 2436835268089101824.000000 94155169936087106774368256.000000 34407399778422088.000000 2385413581563435061402927104.000000 -2207480108885154229399846912.000000 20892243594382093021674995712.000000
0.001875 40297043007450831126528.000000 2468776125310847488.000000 90428950202442759601651712.000000 35378754360806368.000000 2258311335522410205632528384.000000 -566571993747984953592774656.000000 19801437493685417096037531648.000000
0.001946 39302145873062643367936.000000 2382546700096232960.000000 84664751458048734515953664.000000 34513824129645016.000000 2137982910820262586716520448.000000 -827133305279358287134851072.000000 18767577948975415796254638080.000000
0.002019 38792501146362434289664.000000 2533913379172214784.000000 81460012507865572706353152.000000 37404488053027296.000000 2000925589738531208577417216.000000 -2600383211872897306900561920.000000 17787691665925845591133257728.000000
0.002095 42635194078607485960192.000000 2938800649986691072.000000 80196759849798870321070080.000000 51936132558227440.000000 1907145444475028812899287040.000000 323450169694077.250000 16858961012953814858102472704.000000
0.002174 39927535286358240133120.000000 2948747302183070720.000000 76406936241526734751531008.000000 51486356202366800.000000 1814115010262134041551568896.000000 -1588928467143216285454696448.000000 15978715838674892205521371136.000000
0.002256 39117241276334371504128.000000 3027563814962962432.000000 72688731260830982049103872.000000 52567538494261000.000000 1717453487744133598879416320.000000 -371809579556806705169825792.000000 15144424760985036739928129536.000000
0.002341 38323539049767575224320.000000 3108486970751263744.000000 70255354435389561101090816.000000 53669011102900400.000000 1651360645411792482977447936.000000 -345253559912403518558830592.000000 14353688757659726750800674816.000000
0.002430 36493001674363118813184.000000 2680063822393998848.000000 66017468557138951564951552.000000 42585818404773816.000000 1539306690798108225449230336.000000 -1050204379878202285655851008.000000 13604234225262899263537414144.000000
0.002521 36373860847418492321792.000000 2739821526810519040.000000 64559178880780446338121728.000000 44103882088571120.000000 1457287163633323467243257856.000000 -988414399669600273716740096.000000 12893906087802820401163141120.000000
0.002616 36255098906666411753472.000000 2838340485335409152.000000 61896227690204199494090752.000000 45676051710115328.000000 1379638177953678857282256896.000000 -517134831425060384691716096.000000 12220661610072045439625986048.000000
0.002715 34758833775402175954944.000000 2812107877201114112.000000 58195195969219974225985536.000000 39209862928297944.000000 1306126298410189804586139648.000000 -642912717946400773790236672.000000 11582565016116992672347979776.000000
0.002817 35591495639502254243840.000000 2940466412838112256.000000 56895318595978662237962240.000000 48990504069457184.000000 1298983281638840621504397312.000000 -570580467218093975881646080.000000 10977781356412884477016014848.000000
0.002923 35191966833293918208000.000000 3014741484052018176.000000 54775178284691008226590720.000000 50736849780697312.000000 1170644748752665071461597184.000000 -216116285952039415636295680.000000 10404571635932652651241537536.000000
0.003033 35783809847735506436096.000000 3183482686694504448.000000 54105684647331992541593600.000000 62066254286151552.000000 1108268509010013846352429056.000000 -199045550538090468333322240.000000 9861287447311621521779195904.000000
0.003148 35666919694662342017024.000000 3276135494755243520.000000 50949113983007776802078720.000000 63367556311171576.000000 1108277086562714722580299776.000000 -73022278330105492026687488.000000 9346366688969449272455987200.000000
0.003266 35550399105556725891072.000000 3371484265700908544.000000 50085733845731404851183616.000000 64698089020336792.000000 993309630691915446844653568.000000 -494087320975422272001015808.000000 8846602357219099650916614144.000000
0.003389 31219895798902674161664.000000 3028218971353672192.000000 46659887174024704680787968.000000 47006220534047056.000000 996543786526930289475715072.000000 -313813664930212022677667840.000000 8373510380169421544207941632.000000
0.003517 33260548825908720435200.000000 3409959457163366912.000000 45705104045472023966646272.000000 60447785256922568.000000 892388041810365460619722752.000000 -273517116614233017687212032.000000 7925713296067749588626309120.000000
0.003650 35382650932924839362560.000000 3582088872278610944.000000 44990167544543060181385216.000000 75853012113383200.000000 851124417388129899419533312.000000 -69418354415240189665345536.000000 7501858746611516033334247424.000000
0.003787 36209204305063195967488.000000 3781444436307073024.000000 43252071484073065370877952.000000 80092377830975936.000000 811768518411441728091324416.000000 572109519727852.375000 7100666647286666533630115840.000000
0.003930 34973285314273656963072.000000 3680600024027895296.000000 41493232145779478411345920.000000 80388556327791568.000000 774232158771997454203092992.000000 -96922443287807258148208640.000000 6720925421808691721627762688.000000
0.004078 34087442679144439087104.000000 3684524605241031168.000000 39542697638431986674565120.000000 73281094613589616.000000 738431207758344094811684864.000000 -22019986615666725290508288.000000 6361488174217427524060708864.000000
0.004232 35908063419048296185856.000000 4121301600513417728.000000 38511653566721831257243648.000000 91366762680197488.000000 704285430725278660024074240.000000 900199177091328.500000 6021269390938617309932027904.000000
0.004391 35808211024821855715328.000000 4241242798389761024.000000 37043372209032270551449600.000000 94123819616980640.000000 671718325756614895437086720.000000 931949129064215.375000 5699241590298896354051620864.000000
0.004557 34518084054126075838464.000000 4066785138355020288.000000 35631060082811092722515968.000000 90289539544610528.000000 640656890380404562258296832.000000 683713668249216.125000 5394432173111998203807399936.000000
0.004728 31784526869532776595456.000000 3893731502991209984.000000 32706823876828722278432768.000000 79995816359905552.000000 611031523328295943379353600.000000 -40866431180758736336584704.000000 5105920584215206768871997440.000000
0.004906 32033229814466690940928.000000 4159216814457915392.000000 32965888999677797536366592.000000 93659770647049856.000000 582775835930646519000072192.000000 -38349526388533932844908544.000000 4832835469739980921824608256.000000
0.005091 31637490575419256078336.000000 4211241320508728320.000000 31083557252974334456102912.000000 95777065961038976.000000 555464268281329966641053696.000000 -2669925608770402412134400.000000 4574352065734168162271756288.000000
0.005283 31832564601254821494784.000000 4493476754289722368.000000 29774960327622909755392000.000000 101410663996690944.000000 526719367018833354120232960.000000 788477371661698.750000 4329689692877357484422987776.000000
0.005482 30860596003355194556416.000000 4353990305998099968.000000 28914328671205055434588160.000000 100156219769564064.000000 501104737564812030370643968.000000 -1961103116346390004891648.000000 4098109418370550251810455552.000000
0.005689 32224540745123688873984.000000 4637244472171527168.000000 28645593816573118347476992.000000 115898494889918608.000000 478831063569803250317131776.000000 1174826415186752.250000 3878911805169648848127131648.000000
0.005903 29321712559706446233600.000000 4604129359687184384.000000 27142657719614361368002560.000000 104735841080787280.000000 457547066100351394390212608.000000 -8328618671422233928269824.000000 3671434821955458377592078336.000000
0.006126 28529474639033291243520.000000 4679443806263354368.000000 25890729351400693451194368.000000 107103582297186800.000000 437208774466425112630394880.000000 -54663383584180988280832.000000 3475051823119080841893904384.000000
0.006356 29363577951640767954944.000000 4700791685918911488.000000 25112286716464277443575808.000000 117257301288496688.000000 417774171576731218598690816.000000 942283064861980.375000 3289169669384998300543877120.000000
0.006596 29000791810122570530816.000000 4722276540280660992.000000 24052654832070852077420544.000000 120712342169488496.000000 399022001590775351225614336.000000 976471478599480.625000 3113226931117627802321420288.000000
0.006844 28642502730332021719040.000000 4743732559815238656.000000 23233756226643468222464000.000000 124269130605987408.000000 380568306532928273680171008.000000 1011900147907367.375000 2946692193951271184867786752.000000
0.007102 28288646236269088604160.000000 4819892086500849664.000000 21106277666800022771990528.000000 127930405280645984.000000 362967807184986757138481152.000000 1048614039111733.125000 2789062454382390482667831296.000000
0.007370 28295891050503499415552.000000 4953123158345221120.000000 22069988462683199453003776.000000 141111196264946160.000000 346181059598220802173960192.000000 1446211330879934.250000 2639861603534665808284221440.000000
0.007648 27593976404009944088576.000000 5081535523805675520.000000 21262856873954523530395648.000000 143996862292332768.000000 330170440698490329147375616.000000 1489791504155600.500000 2498638986207769418553884672.000000
0.007936 27253051613127955709952.000000 5217631452972993536.000000 19758770910137626503675904.000000 146941052151448768.000000 314900071069358578317918208.000000 1534684618602345.750000 2364968037689260183939710976.000000
0.008235 26916350873500299296768.000000 5357368960041415680.000000 19284481060299749829115904.000000 149943938775574304.000000 300335726317778051599958016.000000 1580930238062897.500000 2238445002900628662638346240.000000
0.008545 26583803828382491213824.000000 5444407093715258368.000000 18385955766628787026919424.000000 153010250093930688.000000 286444766377214922293510144.000000 1628569053378621.250000 2118687711950247459561668608.000000
0.008867 26255373175198391992320.000000 5520398853935128576.000000 17735716496398850885419008.000000 156139466684828000.000000 273196059305910459917402112.000000 1677643107398646.500000 2005334423415485515488559104.000000
0.009201 25930981897665880522752.000000 5545401783610615808.000000 17267249644436294765379584.000000 159331523119300032.000000 260326240224223483805040640.000000 1728195539296153.500000 1898042739838502280189968384.000000
0.009548 25610603883497850404864.000000 5567969462217381888.000000 16642824148657143252254720.000000 162590145775613184.000000 246833911597227319526162432.000000 1780270887155051.250000 1796488568960969411913580544.000000
0.009908 25294185249170847170560.000000 5590729096923262976.000000 16040955565602296330977280.000000 166139927921832064.000000 234040780385912320742653952.000000 1833914990654615.250000 1700365143772309087496175616.000000
0.010281 24981678459021896450048.000000 5707361883813053440.000000 15356575358572070640287744.000000 171035218039669824.000000 221910611948739679058132992.000000 1889175073572115.000000 1609382100958963012774920192.000000
0.010669 24673023323139636985856.000000 5859215863411683328.000000 14901659119961036147392512.000000 175871277947989120.000000 210409053800657184427606016.000000 1946099778129652.000000 1523264598671087835035992064.000000
0.011071 24368182253505560444928.000000 5999090543101859840.000000 14362688810763826294161408.000000 179007579718529024.000000 199503532126766404552622080.000000 2004739254515699.500000 1441752490500481528377638912.000000
0.011488 24067106852824227512320.000000 6082803669991415808.000000 13783941385063210351067136.000000 185386472670432896.000000 189163158020273010466881536.000000 2065145085738433.500000 1364599537421542364853305344.000000
0.011921 23769743337966914240512.000000 6167681481594673152.000000 13296336863106247786758144.000000 191992564660350144.000000 179358646223962764868583424.000000 2127370487942847.000000 1291572665705191134870896640.000000
0.012370 23439188931032654020608.000000 6253739995174364160.000000 12825964168832513032060928.000000 197296594904524768.000000 170062229419911987951828992.000000 2191470208283067.000000 1222451263868686243924541440.000000
0.012836 23186000999253656207360.000000 6340995457015241728.000000 11996729005727726555889664.000000 201300939179026144.000000 161247578077156149762719744.000000 2257500620964695.000000 1157026513339980180734607360.000000
0.013320 22899519128594129354752.000000 6535302171536871424.000000 11946194590760045171965952.000000 205386467169832128.000000 152889726798588564970930176.000000 2325519868240388.000000 1095100760842656436304478208.000000
0.013822 22616580803409446174720.000000 6736810748563402752.000000 11512254070845800150204416.000000 209554823363322432.000000 144965004568721816647892992.000000 2395587823048604.500000 1036486920382981556267909120.000000
0.014343 22337132021253322833920.000000 6944522832381487104.000000 11104930300409241430654976.000000 213807678587341024.000000 137450965760206211454599168.000000 2467766086628030.500000 981007908555863906962112512.000000
0.014883 22061138699308670910464.000000 7158628710377171968.000000 10712001189364587879727104.000000 218146741704296288.000000 130326329029852980307820544.000000 2542118211692225.000000 928496108993044741846204416.000000
0.015444 21788550199136751714304.000000 7379324471069314048.000000 10308812075443056581541888.000000 222573754344893440.000000 123570915818182571141890048.000000 2618709616008644.500000 878792867494551985779113984.000000
0.016026 21519328659238247464960.000000 7479004282224333824.000000 9935754871122087007748096.000000 227090493382298496.000000 117165593244291650325315584.000000 2697607605306259.000000 831748011781977083629010944.000000
0.016630 20987890892824167579648.000000 7495891503584173056.000000 9465577938273551545008128.000000 231698767920315040.000000 111092218774697401559023616.000000 2778881663482011.000000 787219398832057375789154304.000000
0.017256 20464910556775671922688.000000 7512815200725675008.000000 9022315780372971477008384.000000 236400428418374656.000000 105333590918946369075937280.000000 2862603221072813.000000 745072484769038733771014144.000000
0.017907 20234896921366016032768.000000 7529776280829369344.000000 8653646496479222568058880.000000 241197359024657536.000000 99873399731730230972252160.000000 2948845918804498.000000 705179919661527970005123072.000000
0.018581 20007455693818713604096.000000 7628066464889093120.000000 8274178447293727824150528.000000 246091482728812960.000000 94696179983888855794188288.000000 3037685590564669.000000 667421161864490854700285952.000000
0.019281 19782557782247456374784.000000 7863227433191647232.000000 7821080329497213591879680.000000 251084758209429632.000000 89787267772147279348105216.000000 3129200356349965.500000 631682114716183273452601344.000000
0.020008 19560174454403810459648.000000 8105631022628987904.000000 7564422047130988738248704.000000 256179187712733568.000000 85132759342719687634976768.000000 3223470680060714.000000 597854781794592439828217856.000000
0.020762 19340277236684289998848.000000 8355499800802630656.000000 7235677420933368250368000.000000 261376808678802976.000000 80719471542281799638974464.000000 3320579399918063.500000 565836940477369560451776512.000000
0.021544 19122837910431543066624.000000 8613063162860144640.000000 6959604241898936417124352.000000 268216060496607840.000000 76534903674546339400646656.000000 3420611897662408.000000 535531833722644482909798400.000000
0.022356 18907828642657574322176.000000 8878557488590718976.000000 6612268197610461855744000.000000 278205282911298432.000000 72567203803043937728331776.000000 3523656071705156.000000 506847877625822363703574528.000000
0.023199 18695221959274583293952.000000 9152226385079846912.000000 6438628541884772850335744.000000 288566008355653184.000000 68805133237227752119074816.000000 3629802472977527.000000 479698384796243246840807424.000000
0.024073 18310194728992851886080.000000 9434320932471840768.000000 6099038089656551253999616.000000 299312012810616448.000000 65718914396526885988204544.000000 3739144384544156.500000 454001302714348027940700160.000000
0.024980 17889070524269812776960.000000 9725099824516063232.000000 5956615222498123732484096.000000 310457580241984896.000000 62781352623436530465112064.000000 3851777833628547.000000 429678965761527146187063296.000000
0.025921 17783632162624473399296.000000 10024829697997690880.000000 5702313146755897026936832.000000 322017520686237312.000000 59974874049564761806340096.000000 3967801771180007.500000 406657860897426458609188864.000000
0.026898 17678787991225090703360.000000 10333785294102587392.000000 5458312630457490493931520.000000 334007189563296960.000000 57293631311523683571335168.000000 4087318088827355.000000 384868405530467080735817728.000000
0.027911 17574533821497998311424.000000 10652249756598956032.000000 5100000760686959470313472.000000 346442507804823360.000000 54732037889947908169531392.000000 4210431748327512.500000 364244737308908762429390848.000000
0.028963 17344694833627898314752.000000 10980514846402717696.000000 4903321897455111741898752.000000 359339981589111680.000000 52284756432297202882183168.000000 4337250828636908.000000 344724515404239419798978560.000000
0.030055 17026979001895359610880.000000 11318881206034245632.000000 4687527586335234669412352.000000 372716724422201024.000000 49946687673371205979602944.000000 4467886679275883.500000 326248732056957874908168192.000000
0.031187 16715054671393368047616.000000 11490406666254725120.000000 4559421138835143005306880.000000 386590478553623424.000000 47712959804639326098161664.000000 4602453927268867.000000 308761534512160179912441856.000000
0.032362 16408815752789438234624.000000 11567309034909063168.000000 4250003861260180226310144.000000 396582936302572160.000000 45578918323090107989491712.000000 4741070671540172.000000 292210056273318452081459200.000000
0.033582 16108158082263522738176.000000 11714033282151301120.000000 4046800796065720138989568.000000 404210590809751936.000000 43540116344012013417005056.000000 4883858543483542.000000 276544257473449201399496704.000000
0.034847 15823545916188388229120.000000 12077441427765358592.000000 3860340004264425962864640.000000 411984767302773632.000000 41592305334058699248893952.000000 5030942783782422.000000 261716773741042832903241728.000000
0.036160 15657666745930516267008.000000 12452104171895865344.000000 3706774211115411673448448.000000 419908272944723520.000000 39731426276034821778046976.000000 5182452394660795.000000 247682773137401184096616448.000000
0.037523 15493495439420196651008.000000 12811064948355737600.000000 3529123502741661564272640.000000 427983958667859392.000000 37953601205071077626085376.000000 5338520229283556.000000 234399820813492441151700992.000000
0.038937 15331013591039781896192.000000 12952831367985952768.000000 3374325115055252474691584.000000 436214740999172864.000000 36255125136144892153561088.000000 5499283116693461.000000 221827750800969865906618368.000000
0.040404 15170202960198065192960.000000 13096164568158556160.000000 3229765358888729471614976.000000 444603584904688832.000000 34632458348706326904832000.000000 5664881951361291.000000 209928544756876474987839488.000000
0.041927 15011045497700307959808.000000 13241081031234136064.000000 3099142327252033816494080.000000 453153512643104512.000000 33082219011773191432437760.000000 5835461853244214.000000 198666217097180607582044160.000000
0.043507 14820969053665936539648.000000 13387598609741275136.000000 2951085260561616027516928.000000 461867602121435200.000000 31601176147949351663042560.000000 6011172262881011.000000 188006706331942349610942464.000000
0.045146 14581132951687526350848.000000 13535734881039212544.000000 2820089913395473270439936.000000 470748989959629632.000000 30186242898363058499878912.000000 6226908095458008.000000 177917772217159939314941952.000000
0.046847 14345128348062920474624.000000 13685507333924673536.000000 2682350676217201610981376.000000 479800874622708096.000000 28834470098512487194296320.000000 6452625872042625.000000 168368898361515253423931392.000000
0.048612 14112893012399605415936.000000 13836934447744507904.000000 2574851824642272679428096.000000 489026511795882624.000000 27543040134179114767613952.000000 6686516087043078.000000 159331200053154615683710976.000000
0.050444 13884365708655272656896.000000 13990033614924855296.000000 2488460841264929776336896.000000 506146710967664064.000000 26309261073035327336087552.000000 6928873913661233.000000 150777337050798260154793984.000000
0.052345 13659486171897329090560.000000 14144823684593408000.000000 2370372062469572085678080.000000 524142168386701952.000000 25130561061452655802449920.000000 7180005136931969.000000 142681430988676854135652352.000000
0.054317 13358981615863094837248.000000 14465705019096158208.000000 2288442021239782975209472.000000 542776125086874176.000000 24004482965919003328905216.000000 7440226524888448.000000 135018987217544835508469760.000000
0.056364 13159908210754875031552.000000 14900888735995222016.000000 2163200793923048284618752.000000 562071138244791680.000000 22928679256856736005357568.000000 7709866220343053.000000 127766820838161892084023296.000000
0.058488 13006145794572585795584.000000 15349119084473587712.000000 2060421463479605945958400.000000 582050554721669504.000000 21900907119702237771726848.000000 7989264143783030.000000 120902986660464331486920704.000000
0.060692 12795273610384281436160.000000 15810784063757795328.000000 1969659086234000325345280.000000 602738537917745408.000000 20919023785645301336899584.000000 8278772404813590.000000 114406712937374351825567744.000000
0.062979 12587761934590283874304.000000 16105029425440163840.000000 1890576330809624385028096.000000 624160096033110016.000000 19980982065377162024714240.000000 8578755753556596.000000 108258338611248727712595968.000000
0.065352 12383556022216228339712.000000 16240666243428759552.000000 1803803008875962241646592.000000 633253968920787712.000000 19084826090045133564149760.000000 8889592005644151.000000 102439253943733355743805440.000000
0.067815 12182601997114729824256.000000 16377366001844766720.000000 1735443269713148499722240.000000 641451533205865728.000000 18228687235225700261691392.000000 9211672515994826.000000 96931844296115468533497856.000000
0.070370 11984846836196360323072.000000 16800527196684871680.000000 1653378021763009579319296.000000 649754914689357312.000000 17410780230251522742550528.000000 9545402657552626.000000 91719436935700967021608960.000000
0.073022 11790238356774347341824.000000 17322236557246312448.000000 1573805738583074847850496.000000 658165455395483904.000000 16629399439974878045798400.000000 9891202309909224.000000 86786250667396466718277632.000000
0.075774 11598725202076437053440.000000 17860276168208009216.000000 1517097090459190442328064.000000 666684528822002304.000000 15882915313560168100265984.000000 10249506380572846.000000 82117348173655716025860096.000000
0.078629 11410256829004101189632.000000 18414914153732616192.000000 1463629699664665397690368.000000 675313512166971520.000000 15169770989536448054558720.000000 10620765321013222.000000 77698590892016405275738112.000000
0.081592 11224783493388065308672.000000 18986836385282768896.000000 1412029735013467830616064.000000 684053803757335808.000000 14488479054399624611627008.000000 11005445682551062.000000 73516596310599693924040704.000000
0.084666 11042256236940812615680.000000 19576437322689343488.000000 1349979506123210181574656.000000 692906827035259648.000000 13837504858777348877582336.000000 11404030685671360.000000 69558697543301799197278208.000000
0.087857 10862626875792959733760.000000 20184409122405711872.000000 1282418425655564278169600.000000 701874012243100672.000000 13136927189549791320211456.000000 11817020788489262.000000 65812905071013698931261440.000000
0.091167 10685847987304624291840.000000 20811316330405875712.000000 1221584170846697621028864.000000 710956810388999808.000000 12471759306365014722478080.000000 12244934310791728.000000 62267870522019546237239296.000000
0.094603 10511872896438905077760.000000 21412090404913913856.000000 1169883819196654647508992.000000 720156691974726016.000000 11840212372846914010349568.000000 12688308044667836.000000 58912852393255242901225472.000000
0.098168 10340655665099866898432.000000 21950669641284861952.000000 1122972257081324866633728.000000 732063661942828800.000000 11240587908479494924533760.000000 13147697905584590.000000 55737683604304307597344768.000000
0.101867 10172151079037101408256.000000 22578693506851741696.000000 1073276876871683683647488.000000 754371343484625280.000000 10671273226042396557443072.000000 13623679604049412.000000 52732740782211336132100096.000000
0.105705 10006314636603268530176.000000 22870360485025886208.000000 1022776428885870597111808.000000 777352533045747456.000000 10130737095640532568244224.000000 14116849323410254.000000 49888915193405876287307776.000000
0.109688 9843102537053265461248.000000 23131862230943473664.000000 972306040133848695570432.000000 801027131710754176.000000 9617525633221793461305344.000000 14627824442175546.000000 47197585225185700593270784.000000
0.113822 9634253608641607237632.000000 23396188728887123968.000000 925178592689400657739776.000000 825415598521183872.000000 9130258392266454520037376.000000 15157244267006118.000000 44650590342754725210882048.000000
0.118111 9524379598013518053376.000000 23663362248904843264.000000 878415551699357525868544.000000 850538964031011328.000000 8667624654377274058997760.000000 15705770792134438.000000 42240206434511070322229248.000000
0.122561 9368784558453147303936.000000 23933404805432356864.000000 839468531306675950321664.000000 876418843996607488.000000 8228379908547662829322240.000000 16274089484379198.000000 39959122478433671695040512.000000
0.127180 9215645439349768585216.000000 24206338130268770304.000000 802601507953491327320064.000000 903077453232908288.000000 7811342506430688653213696.000000 16862910098673800.000000 37800418454825962974478336.000000
0.131972 9064921775773394665472.000000 24482183643089346560.000000 770998634166689548206080.000000 930537619694560256.000000 7415390486662576559095808.000000 17472967505329882.000000 35757544439712360741994496.000000
0.136945 8916573737384886140928.000000 24760962422514864128.000000 741913145622672191782912.000000 958822798586768000.000000 7039458561320139861524480.000000 18105022562738476.000000 33824300816652681653256192.000000
0.142105 8792751348682315530240.000000 25235731006564904960.000000 713917379102097434214400.000000 987957086650641792.000000 6682535252319156308017152.000000 18759863005267944.000000 31994819545808999104380928.000000
0.147460 8689907032107432017920.000000 25978491929785982976.000000 686970523053514031104000.000000 1013851560848342144.000000 6343660174241828752588800.000000 19438304370111284.000000 30263546435222627130802176.000000
0.153017 8588128578932362444800.000000 26523154565456658432.000000 661033294644542202445824.000000 1034196014731377152.000000 6021921453302749776052224.000000 20141190934722248.000000 28625224359148057547243520.000000
0.158783 8487401716610151481344.000000 27012044052980584448.000000 636067882455716690132992.000000 1054943117037914112.000000 5716453277182038779101184.000000 20869396711056172.000000 27074877374338394016972800.000000
0.164766 8387712285947209973760.000000 27264108640450490368.000000 610105361338073566150656.000000 1076100509219141376.000000 5426433568516871064387584.000000 21623826447457156.000000 25607795684920086478454784.000000
0.170975 8289046239393990311936.000000 27431597172777021440.000000 580508751073115186921472.000000 1104753541973730688.000000 5151081775661422800273408.000000 22405416673168108.000000 24219521411476549168791552.000000
0.177417 8191389639244410519552.000000 27534529926525153280.000000 552349997916886843523072.000000 1126280655122827264.000000 4889656775712558112833536.000000 23215136775988788.000000 22905835120946966974955520.000000
0.184103 7923199037803979603968.000000 27637840622900305920.000000 525533151054625635303424.000000 1142112731819450112.000000 4641454882570677105197056.000000 24053990107860152.000000 21697800765621126018629632.000000
0.191040 7682073721956187766784.000000 28293866049317883904.000000 499990086384349219913728.000000 1164990226193787392.000000 4405807956001754080870400.000000 24923015128948368.000000 20559776090481027608215552.000000
0.198239 7555423744332661784576.000000 28556717053850554368.000000 475738113441671405371392.000000 1188318120372967424.000000 4182081606639566024867840.000000 25823286583227164.000000 19480817124224053859581952.000000
0.205709 7430750317098476503040.000000 28821745554721067008.000000 452707627769912652464128.000000 1212104821835524608.000000 3969673490758607717793792.000000 26755916710330376.000000 18457869811004200663908352.000000
0.213460 7308020468680702820352.000000 28938970945297428480.000000 433750623525721937543168.000000 1236358867884024064.000000 3768011692066155433820160.000000 27722056498571092.000000 17488037857822611328729088.000000
0.221504 7286831982400993492992.000000 29037253600062668800.000000 418652664387836372320256.000000 1270883581787233024.000000 3576553184503216878911488.000000 28722896967355920.000000 16568574587750536267694080.000000
0.229851 7070039955362631647232.000000 29629946356771385344.000000 397207951486225775329280.000000 1312335133479214848.000000 3394782373144478707875840.000000 29759670491916240.000000 15696875213790583522852864.000000
0.238512 6951170331157288976384.000000 29903731715597869056.000000 378192485183090507907072.000000 1355112439791067392.000000 3222209708685880249548800.000000 30833652164146164.000000 14870469511609999371010048.000000
0.247499 6835895226177427603456.000000 30179714418892754944.000000 364195349495198869618688.000000 1399256031236990208.000000 3058370371822774848061440.000000 31946161198915340.000000 14087014870659455311151104.000000
0.256826 6722406379808217890816.000000 30909038256178417664.000000 352007586789256979283968.000000 1444807543386195968.000000 2902823024150078524751872.000000 33098562371440276.000000 13344289704039039411159040.000000
0.266503 6610673780207719022592.000000 31660865805733785600.000000 337721083985460153286656.000000 1491809737106239488.000000 2755148622096409869418496.000000 34292267499711520.000000 12640187198718647558209536.000000
0.276546 6500667881872821321728.000000 32307809378199810048.000000 325207066670860299403264.000000 1540306518520346624.000000 2614949290898556478029824.000000 35528736969616132.000000 11972709388276722472845312.000000
0.286967 6431232296842636034048.000000 32903143867223519232.000000 310634231571822306918400.000000 1590342958373739264.000000 2481847255283688995291136.000000 36809481301299648.000000 11339961531904464831643648.000000
0.297780 6393408701666114404352.000000 32960321036081283072.000000 294716999596105489448960.000000 1622892133597532160.000000 2355483824263473519394816.000000 38136062752327528.000000 10740146783430442651484160.000000
0.309001 6346360472588485918720.000000 33017407895566643200.000000 279968369077309031841792.000000 1669985710777691136.000000 2235518427157921479524352.000000 39510096972012912.000000 10171561135712437536817152.000000
0.320645 6231872683404550995968.000000 33074396518796742656.000000 267742220177542081413120.000000 1730072404113871360.000000 2121627698357857299726336.000000 40933254694082216.000000 9632588626054632334950400.000000
0.332727 6116312933375253938176.000000 33427886997086339072.000000 256984034160934928777216.000000 1781429601153899520.000000 2013504608260811546165248.000000 42407263473998992.000000 9121696789123207272595456.000000
0.345265 6002825504413606477824.000000 34502603733380030464.000000 247152309185288960212992.000000 1786848259073692672.000000 1910857638138823237959680.000000 43933909469794520.000000 8637432344696516463558656.000000
0.358275 5891372010666410901504.000000 35611789056225406976.000000 237785970563636378206208.000000 1802218646265786112.000000 1813409996644730053591040.000000 45515039269128480.000000 8178417108020648040464384.000000
0.371776 5844612883742067785728.000000 36756545329476755456.000000 227327543559163375255552.000000 1851488639753262848.000000 1723478751266925541588992.000000 47152561758777448.000000 7743344111346223054585856.000000
0.385785 5724744172130979020800.000000 37938000196421705728.000000 217161652300315403223040.000000 1861631592179713536.000000 1642635419452927853461504.000000 48848450036767768.000000 7330973925707247003893760.000000
0.400322 5607063892332616089600.000000 39157330442291052544.000000 208242620492514481668096.000000 1870755851754031360.000000 1565530487473944091688960.000000 50604743374678960.000000 6940131172607642996572160.000000
0.415407 5578374365362265260032.000000 39363705955222536192.000000 200124569120306418941952.000000 1894653207663346688.000000 1491991784414426060292096.000000 52423549219432504.000000 6569701215817466105561088.000000
0.431060 5495877129127073939456.000000 39423179731690913792.000000 194268705188359237009408.000000 1927525310596432384.000000 1421855065627475335708672.000000 54307045238247336.000000 6218627023960391697825792.000000
0.447304 5320894160874698178560.000000 39631289707153768448.000000 187594430757975822958592.000000 1960966960913690880.000000 1354963647930434987229184.000000 56257481411376152.000000 5885906195108737042087936.000000
0.464159 5174828296053580627968.000000 39720776734441857024.000000 180700055844727883300864.000000 1994987981472825600.000000 1291168061592061278683136.000000 58277182164517624.000000 5570588134977317411749888.000000
0.481649 5068582118284923502592.000000 40427535060087717888.000000 172566190840467555352576.000000 2029598354126096128.000000 1230325718338367532302336.000000 60368548542607232.000000 5271771380819057625268224.000000
0.499799 4973816831735613095936.000000 41743183835942297600.000000 164317060897981530636288.000000 2064808268974552320.000000 1172300594631179631591424.000000 62534060428400176.000000 4988601063472648331198464.000000
0.518632 4887411713352707080192.000000 43016513604601790464.000000 158289967058483790479360.000000 2100628028167749120.000000 1116962929525639780237312.000000 64776278797638208.000000 4720266500454863752658944.000000
0.538175 4806808408806710575104.000000 43272242985261424640.000000 152481006358176372621312.000000 2137068169368894464.000000 1064188936431697427169280.000000 67097848014098856.000000 4465998913303808867041280.000000
0.558455 4727275503806960369664.000000 44831840323111452672.000000 146882289006124541673472.000000 2174139350778506240.000000 1013860528138354780274688.000000 69501498161946568.000000 4225069262781265024647168.000000
0.579498 4656761695657400467456.000000 45690730364466479104.000000 141486210773394646892544.000000 2211852473874567936.000000 965865054495077862211584.000000 71990047413139792.000000 3996786195831301158731776.000000
0.601335 4613604052305558110208.000000 45891345184730398720.000000 136285442662508787662848.000000 2250218565088978432.000000 919207707512716243501056.000000 74566404426572784.000000 3780494098526839857217536.000000
0.623994 4570822179944504754176.000000 46546262691095060480.000000 131272920951908038868992.000000 2289248876825654016.000000 870774034289979440496640.000000 77233570781248320.000000 3575571249543513926270976.000000
0.647508 4419490072469915041792.000000 46555245496704180224.000000 125758920730649139609600.000000 2328954826893191680.000000 824858900675571075776512.000000 79994643432883424.000000 3381428068951823422062592.000000
0.671907 4345043292055963435008.000000 47292997239349829632.000000 119827017650439953842176.000000 2369348049818123776.000000 781331999386783967084544.000000 82852817198437008.000000 3197505457422962763235328.000000
0.697226 4271562542771756597248.000000 47760922009462816768.000000 115105662849916294135808.000000 2410440354753764864.000000 740069757017341275668480.000000 85811387261629072.000000 3023273221163758976499712.000000
0.723499 4261391859496151678976.000000 49275295442656264192.000000 111132663179020075008000.000000 2452243761969129984.000000 706097375544382928715776.000000 88873751694353184.000000 2858228578167946047651840.000000
0.750762 4142369813734564036608.000000 49309600719013429248.000000 107636083686328649121792.000000 2494770492988290560.000000 673821158742532319870976.000000 92043413992799696.000000 2701894741575271679262720.000000
0.779052 4124958718792020525056.000000 49890474634890002432.000000 101905151332551084736512.000000 2538032964209111552.000000 642971330842025428779008.000000 95323985621004016.000000 2553819576162695287668736.000000
0.808408 4067419771647808241664.000000 51492445357497548800.000000 96649753441684699480064.000000 2582043817267515392.000000 610023072718940698312704.000000 98719188558310928.000000 2413574324189367665426432.000000
0.838870 3970505310861447921664.000000 53143987054729510912.000000 92936805512312854151168.000000 2626815885554998272.000000 577784045994282248568832.000000 102232857843438560.000000 2280752397014136103370752.000000
0.870480 3850065574644328431616.000000 53452718259471687680.000000 88426701615594693722112.000000 2711766121640374272.000000 547194478547112659255296.000000 105868944109580592.000000 2154968229092214458810368.000000
0.903282 3782903396043469094912.000000 53550703728954974208.000000 84886552761290308190208.000000 2809733800031656960.000000 518171229117389624836096.000000 109631516104124816.000000 2035856191128523803459584.000000
0.937319 3670418253130420453376.000000 53646867703401799680.000000 81890831716072137162752.000000 2911204680915052544.000000 490635335433138944868352.000000 113524763184304880.000000 1923069559334299194359808.000000
0.972639 3651092883405238435840.000000 54918894600604098560.000000 78692858469286240321536.000000 3016301226350885376.000000 464511804200753247027200.000000 117552997780776208.000000 1816279537891928050761728.000000
1.009290 3583367043849049341952.000000 56685844686511841280.000000 75257007026392394629120.000000 3125149956255067648.000000 439729411636295934935040.000000 121720657820699408.000000 1715174331880240452730880.000000
1.047322 3500073687394833924096.000000 58508288097339047936.000000 72559027502700071747584.000000 3237881564475583488.000000 416220514007596379668480.000000 126032309099634368.000000 1619458268056685941620736.000000
1.086787 3459132324543556222976.000000 60072980609830141952.000000 69868388315630242103296.000000 3354631036582590976.000000 393920867684818857492480.000000 130492647592724032.000000 1528850961026834650628096.000000
1.127740 3403926419973935202304.000000 61320970599367909376.000000 67643170271859696467968.000000 3475537769282869248.000000 372769458222251286462464.000000 135106501692440528.000000 1443086522458821554601984.000000
1.170235 3378207342827934842880.000000 61488593295138955264.000000 65112481130981330255872.000000 3560629078251107840.000000 352708338017440542752768.000000 139878834361286288.000000 1361912811121451110236160.000000
1.214332 3276681647973740314624.000000 61654376321621278720.000000 62563058376933944328192.000000 3626078698560930304.000000 333682472117564050767872.000000 144814745186272256.000000 1285090721641320132116480.000000
1.260090 3204847857304343150592.000000 63499062284516171776.000000 60107927859316226260992.000000 3692722720620210176.000000 315639591763862353870848.000000 149919472319659936.000000 1212393509980425796190208.000000
1.307573 3155390232951089266688.000000 64673925681299431424.000000 57743652126933339078656.000000 3760582454238190080.000000 298530055285576269037568.000000 155198394292088000.000000 1143606153741607075053568.000000
1.356845 3096767613316583391232.000000 66058780890428186624.000000 55466920313662304419840.000000 3829679559676621824.000000 282306715974800974544896.000000 160657031679673216.000000 1078524745505877151186944.000000
1.407973 3070310090361694322688.000000 68179318146342617088.000000 53274543493623331160064.000000 3900036054997659136.000000 266924796591825246748672.000000 166301048609273024.000000 1016955917498629192941568.000000
1.461028 3026550490599270121472.000000 70423380371848077312.000000 51163450205661061709824.000000 3971674320098643968.000000 252341770168087290576896.000000 172136254080838336.000000 958716295970920723382272.000000
1.516083 2993199832798594596864.000000 72708908273605943296.000000 49130682140826873626624.000000 4044617099289087488.000000 238517246791131156447232.000000 178168603088719808.000000 903631983764145078009856.000000
1.573212 2969169053700324327424.000000 74940371957784117248.000000 47173389986825240576000.000000 4118887506644008960.000000 227504334517877799387136.000000 184404197517610144.000000 851538069607024110338048.000000
1.632493 2898414079800768987136.000000 75787201593629523968.000000 45288829423549920837632.000000 4149941722848692224.000000 217050568423158002483200.000000 190849286793044416.000000 802278162768276276379648.000000
1.694009 2856722301124224221184.000000 75863025319540719616.000000 43474357264103841464320.000000 4154741715206583808.000000 207051086185438988206080.000000 197510268259162208.000000 755703951759973342511104.000000
1.757842 2815527390061221380096.000000 76572270218194534400.000000 41736684136659123437568.000000 4159541712901628416.000000 197486614339798131802112.000000 204393687260215520.000000 711674785854099875168256.000000
1.824081 2788893575350973890560.000000 76816017573105434624.000000 40045588896553375891456.000000 4164341458237729792.000000 188338699345051841986560.000000 211506236895119104.000000 670057278238899577028608.000000
1.892816 2769088813308586229760.000000 77406429474892693504.000000 38426479179655544832000.000000 4169140662952846336.000000 179589672618582060564480.000000 218854757420044384.000000 630724929702735957196800.000000
1.964141 2749226816511700631552.000000 79088523470290288640.000000 36867824065403420672000.000000 4173939037490648576.000000 171222617051258924564480.000000 226446235263386720.000000 593557771790156625346560.000000
2.038154 2743212661614718746624.000000 80064523750362120192.000000 35242123797719127425024.000000 4185241095931719680.000000 163221334939292567339008.000000 234287801624867680.000000 558442028430452743733248.000000
2.114955 2735077459209793568768.000000 81539230156724781056.000000 33719313938596359045120.000000 4291614084217773056.000000 155570317272680908193792.000000 242386730621764896.000000 525269795089804030902272.000000
2.194651 2689261542374214991872.000000 81574618988502089728.000000 32533080256375578165248.000000 4400040355896899584.000000 148254714322491623342080.000000 250750436947314432.000000 493938734548059777138688.000000
2.277350 2660244780357118853120.000000 81601866727638646784.000000 31195129372354289860608.000000 4510518362602863104.000000 141260307471800685559808.000000 259386473003838880.000000 464351788447098459914240.000000
2.363165 2628043570058202447872.000000 81620691579993374720.000000 30104543902909543219200.000000 4623043493834276864.000000 134573482237167551905792.000000 268302525470218624.000000 436416903802339566026752.000000
2.452213 2613238958002226069504.000000 83584478704097705984.000000 28832853111564809535488.000000 4737607889919919104.000000 128181202430300956655616.000000 277506411263680448.000000 410046773710264989646848.000000
2.544617 2588304076863286280192.000000 86030487636788576256.000000 27610273382073238552576.000000 4854200251319860224.000000 122070985411252155580416.000000 287006072851231200.000000 385158591524833786331136.000000
2.640503 2519856505382800195584.000000 86928768012296650752.000000 26434988022735013150720.000000 4968850481075127296.000000 116230878386943298633728.000000 296809572868264960.000000 361673817812894518083584.000000
2.740003 2481744902067594461184.000000 87110152787950125056.000000 25224238899108815831040.000000 5030145138805880832.000000 110649435710677055438848.000000 306925087995909952.000000 339517959434267323793408.000000
2.843251 2420185713951789023232.000000 87084304298214539264.000000 24162028872352833470464.000000 5091912241506647040.000000 105315697140194055553024.000000 317360902050596544.000000 318620360125904414834688.000000
2.950391 2397532335842928885760.000000 87050224326319554560.000000 23175740523000033705984.000000 5154140516912408576.000000 100219167013792473153536.000000 328125398235633792.000000 298914002001189960417280.000000
3.061567 2377386680168793767936.000000 87023774824477065216.000000 22194950911539177062400.000000 5216817768463266816.000000 95349794305727275204608.000000 339227050504672448.000000 280335317405719007854592.000000
3.176933 2351761014154139533312.000000 88186130707314114560.000000 21390219845880663506944.000000 5279930835833218048.000000 90697953523807576653824.000000 350674413983662656.000000 262824010599349979447296.000000
3.296646 2328622178946521497600.000000 89307995495543357440.000000 20633978179762079662080.000000 5343465554552654848.000000 86254426413768839790592.000000 362476114399943168.000000 246322888761291743166464.000000
3.420870 2305300134406711410688.000000 89184744161461256192.000000 19675870025732447010816.000000 5407406714795403264.000000 82010384436581246173184.000000 374640836462394048.000000 230777701840540772859904.000000
3.549775 2289633156612926472192.000000 89566536951320281088.000000 18816317583037468508160.000000 5534891356055950336.000000 77957371986291162349568.000000 387177311138983616.000000 216136990798146057535488.000000
3.683537 2258061407823511158784.000000 92255512326181699584.000000 18300562934418091540480.000000 5640084580511668224.000000 74087290317498845495296.000000 400094301776020416.000000 202351943810549825929216.000000
3.822340 2234121542427968012288.000000 90860655957481619456.000000 17773556934772319584256.000000 5672140374515706880.000000 70392382152909407649792.000000 413400589003181312.000000 189376260024941636747264.000000
3.966373 2209952135490801238016.000000 90577286781862117376.000000 16885079545788709732352.000000 5704340312565984256.000000 66865216942758413991936.000000 427104954369336832.000000 177166020477924952506368.000000
4.115834 2185541002269516103680.000000 89738327546722222080.000000 16022626009078176940032.000000 5736682207920530432.000000 63498676749134343438336.000000 441216162654427904.000000 165679565808150450798592.000000
4.270926 2160875768580996595712.000000 89542555633877843968.000000 15520771901199371730944.000000 5798594756755088384.000000 60285942729462484303872.000000 455742942802471936.000000 154877380411840144605184.000000
4.431863 2134605958678376349696.000000 89468980497152786432.000000 14833895359160539676672.000000 5896159827402310656.000000 57220482194581777022976.000000 470693967424117184.000000 144721982707410875187200.000000
4.598864 2110291185556350304256.000000 89371168070377177088.000000 14176770300161839595520.000000 6049159148805090304.000000 54176727534278736347136.000000 486077830817538304.000000 135177821191784431091712.000000
4.772158 2079323667839421251584.000000 90045119524694327296.000000 13548119668691874873344.000000 6204523111228828672.000000 51189845034437049319424.000000 501903025459124480.000000 126211175986445542227968.000000
4.951983 2059421888019822804992.000000 91623656082051694592.000000 13075822246268627845120.000000 6362188068697332736.000000 48424050006923640045568.000000 518177916918815232.000000 117790065585992903950336.000000
5.138583 2034754246388407336960.000000 91777317099976687616.000000 12546152386203756789760.000000 6522083150296735744.000000 45873800291953288413184.000000 534910717159106240.000000 109884158535834366115840.000000
5.332215 2006841824281748570112.000000 93097785555443875840.000000 12070354833272180047872.000000 6684130040954759168.000000 43103692031443830046720.000000 552109456179182080.000000 102464689778856546009088.000000
5.533143 1964685941190390448128.000000 94407799971554033664.000000 11692401411960137056256.000000 6848242777113951232.000000 40677438460694691315712.000000 569781951973696128.000000 95504381423434137075712.000000
5.741642 1925117811934222352384.000000 95554964343169449984.000000 11280143263398251986944.000000 7014327559513769984.000000 38375319676043353128960.000000 587935778779199104.000000 88977367697020961161216.000000
5.957999 1880110256654379122688.000000 94840819596230524928.000000 10767039985166825029632.000000 7182282585360813056.000000 36133191300648540307456.000000 606578233589295104.000000 82859123860899901734912.000000
6.182508 1847318552607801737216.000000 95224755020266651648.000000 10419741363720012431360.000000 7351997902216869888.000000 33920375755513985499136.000000 625716300927773056.000000 77126398872431036989440.000000
6.415476 1792812375310162198528.000000 96048372939603640320.000000 10086138274218497802240.000000 7523355285966641152.000000 32004082315572749008896.000000 645356615876705024.000000 71757151591424988282880.000000
6.657224 1748593299976644198400.000000 95577054762678370304.000000 9738495825240857247744.000000 7696228145243501568.000000 30295360149171917029376.000000 665505425367014528.000000 66730490337080050188288.000000
6.908081 1699255194713705414656.000000 94822100058970963968.000000 9315311816865245822976.000000 7870481454682059776.000000 28531472222410013409280.000000 686168547750147840.000000 62026615611308663373824.000000
7.168391 1666538452446692769792.000000 94043145630587355136.000000 8860744556150316335104.000000 8045971719341376512.000000 26860423139710182883328.000000 707351330680878592.000000 57670911497675238014976.000000
7.438510 1657453546438770819072.000000 93240211931667939328.000000 8478456063978631069696.000000 8222546972586607616.000000 25277786799223896801280.000000 729058607354572160.000000 53781299964367310159872.000000
7.718807 1603392914586572423168.000000 95082454042733281280.000000 8102886654401135509504.000000 8400046809638627328.000000 23779335625138354782208.000000 751294651157301760.000000 50129692759963279032320.000000
8.009667 1565679573063123075072.000000 95620549570672197632.000000 7679538990020636442624.000000 8578302458893827072.000000 22361031470138041303040.000000 774063128801351808.000000 46703137168508007219200.000000
8.311487 1515812110975508414464.000000 94751847115631329280.000000 7324027076712116256768.000000 8611100285085418496.000000 21079948494002762809344.000000 797367052036663936.000000 43489301563769498894336.000000
8.624680 1467046224231378714624.000000 93864204969415950336.000000 6985125117597298196480.000000 8639966266190953472.000000 19958440679674845593600.000000 821208728045314560.000000 40476447940187357446144.000000
8.949674 1414548412830211112960.000000 92957658482709348352.000000 6691192574834439618560.000000 8666449291590045696.000000 18890388857303234248704.000000 845589708646122880.000000 37653405767699387121664.000000
9.286915 1372599925538023014400.000000 92032273101950566400.000000 6363728553421946486784.000000 8690466414862581760.000000 17873487314681216368640.000000 870510738455385216.000000 35009547094503729397760.000000
9.636864 1342532291642504249344.000000 91088145631951355904.000000 6048526796292148428800.000000 8859902647008411648.000000 16905525736227393765376.000000 895971702171610368.000000 32534762825433420398592.000000
10.000000 1314989732965692211200.000000 90125405449057222656.000000 5768696428747691130880.000000 8846985091603440640.000000 15968215348175655927808.000000 921971571173202176.000000 30219440107185988698112.000000
