0.0048275273783080375 0.6477204436984874 3.42897944735661 2.8376622959846696
-0.0027790669828566855 0.14663148730823397 3.4039028424052886 2.8407621011883366
-0.009707591349329935 0.01013253656234775 3.3429928213816518 2.6666150379729965
0.003563137730611583 0.4831593169312768 3.5536336003216067 2.4000612814616504
0.0071455157680193 0.32076687581285185 3.3756453312435157 1.1508816164709483
0.008334221221011434 0.14599611780459 3.107608992712764 2.1742070067146333
-0.009053634311612857 0.6599923825682379 3.5685014191602016 1.9964755369759142
0.009331707500609512 0.44277203883863947 3.511469303800186 1.1405352901442802
0.00920649257288622 0.39717652239640194 3.002292321569522 1.0662101747859882
0.008762335936714237 0.633242503624344 3.3692919209545087 1.237077505334849
0.005849088652438523 0.11327767000547878 3.308094146758356 1.4219818516530613
-0.00645925457756554 0.3668112278040321 3.150147305664568 1.1624694742102504
-0.0025090983278494125 0.21424043944124863 3.4071415679923245 2.6164324483707224
-0.0008157656925660856 0.12002169276665733 3.530019933183026 2.595268198306359
-0.002884780401634225 0.34031936620480124 3.5553073803857687 2.354852752226534
-0.005624907108111525 0.6842085156940929 3.2046800903975465 1.2278717571904698
0.008758936548906504 0.20064595540033758 3.255140601340564 2.7450984410858705
0.0037133444325258185 0.29363824879740885 3.132233854570909 2.6567128348870788
-0.008047647192895229 0.12428133589579504 3.1136384237453982 2.788221074548696
0.003181606921330774 0.006024783461414884 3.5123679796260547 1.7371460850393101
0.004955357682146557 0.2542533940369699 3.5617834597408695 2.1251411812350685
-0.004377980634535207 0.4836653975172508 3.5564045835115428 1.4718827077770746
0.006285115673519792 0.07371893262778342 3.470637299299634 2.8067119910582923
0.004944647519028611 0.2423198488929935 3.5341967424549083 2.0529041028364903
0.002487582333823936 0.6785863957910949 3.5258088554642075 1.0497839123632715
-0.0021424003754660186 0.33759289783372926 3.482036397950584 1.2856628390843126
0.0027888413548795036 0.0185271055100346 3.2326635244791926 2.838752501313421
-0.007389644557042829 0.4572678059278585 3.5307201862507935 1.831177800405923
-0.004821381355115102 0.01031854092633755 2.9718513878601516 1.6404125653177557
-0.009959449297440935 0.5990933171537732 3.482124036886063 1.88346936843742
-0.0013149181286767082 0.44960615082741906 3.4611349948847545 2.739846200500262
-0.0010608263451183722 0.031428875967386735 3.067024760528399 1.802335380733344
-0.005378797117064999 0.38898517968384816 3.2677669275401557 1.633437267903083
0.00043232489636641034 0.17918860439936862 3.149351282546411 1.0070079271578118
-0.004949664623595997 0.06593508243862406 3.5657565587353846 2.1473496105192127
-0.00645925457756554 0.3668112278040321 3.150147305664568 1.1624694742102504
-0.00213675582147063 0.34299777952164096 3.47904791896341 1.1427455782703955
-0.004260035100643496 0.19304226782263412 3.5061282518356895 1.8265806878417696
0.006470623416668241 0.06633431249824416 3.3591054420753377 2.824685803299279
0.003685544800310772 0.27550760855548767 3.1120248299984326 2.752875836311058
-0.005680557622998846 0.42291566350730836 3.289521623704919 1.568790461184859
-0.004488317390644814 0.38861944698593365 3.2437966344713662 2.164241258064035
-0.00610634622040319 0.39113519160159704 3.507215887773105 2.027717305298906
-0.00741398546885693 0.049405230124227484 3.3648512410420874 1.1781040507314584
-0.007904101252545521 0.3047517943109181 3.21276376820879 1.0927848006196639
0.005471528429214897 0.17891635987074606 3.422519483562225 2.7768231958981073
-0.002179248637140551 0.5198742843717503 3.5699516277854904 2.753985191842115
-0.009629995186252531 0.0655560441339143 3.384740717543561 1.1054534829953884
-0.009191801799568043 0.6088850092329932 3.455830708199584 1.1511151872560323
0.005449460428135837 0.21314176828173415 3.3367567090210493 2.5770330437298137
0.006356095844723122 0.4071332855133548 2.9932300184801743 1.2365878147997194
0.003016708177229119 0.17721953264928475 3.1673990465792943 1.182972519062457
0.0074856126221594255 0.3048718049399793 3.4468400098455083 1.0208943286536314
0.009043662095351502 0.6780475470322247 3.2322611873317433 1.6114515149414466
-0.006242492142933734 0.04939976392789991 3.339525280030904 1.2301618493651238
0.0018175764770428648 0.41171130379652443 3.0622530231422758 1.7693427566315598
-0.007428247464638854 0.016473876865785553 2.9946044123134983 1.8459107082650772
0.005462256189750075 0.3924477318319335 3.5038932398909304 2.2567534013569226
0.007639501505342154 0.36171370371626843 3.5446342858735154 2.0674110651550093
-0.004186052411336303 0.010927171561282728 3.3924492231524455 1.6344112531637556
0.006292002599011924 0.11565268960383984 3.4658878865680998 2.692192134799245
-0.007990376759717362 0.5423837159968261 2.9964103034096516 1.1014051193530676
0.005926952496915788 0.15921270088416253 3.546966283413402 1.656852254186823
0.004001583243647658 0.3515200958906881 3.2850914301685554 1.069554391137012
-0.006206497214475982 0.37054300359894643 3.548758070888364 1.1685137275457411
0.002797570732195837 0.006880597495681262 3.226975564562981 2.8458091457230843
0.0020516051987815994 0.6021718182450029 3.4331953489994764 1.43439899884155
-0.006364832336019529 0.0995363046317862 3.3642458683840912 1.3177242053994715
0.0005423157204114378 0.3158839303191866 3.105300568584433 1.433755478299572
-0.008756738408145837 0.03653584357421891 3.4260721946532255 1.101041248292332
-0.004622104107051002 0.054411947119157256 3.3497070291627282 2.9592936547974142
-0.004479158732148641 0.4213652263822601 3.515104213617859 1.4565486187612413
-0.0012119187322098407 0.07922041539286709 3.5170666344372066 1.3201765776911618
0.007963469350998413 0.6145454683495503 3.4329964380510125 2.973305790070077
0.0030558719784941155 0.6735368071292266 3.373461395834937 1.156483895878503
-0.006947388571539405 0.5969695366829837 3.32320759559966 1.6035291628394752
0.009620487031911578 0.41201474853514203 3.187878099773286 1.0679880194487357
-0.006855811766444063 0.4924303583175041 3.3184145103127323 1.7355137876398
-0.008226227885634669 0.6174265515729027 3.5156962551609685 1.9028375203345007
-0.009273652589969072 0.10987020156071797 3.02021519523586 2.8942694409551355
0.006745138842577138 0.6366946228372671 3.4528972059024134 1.0328041337329141
0.008809746378943589 0.021897969145269522 3.2973498302276196 2.7403927197498694
-0.001571468122302016 0.025793982726277705 3.417018764009592 2.8411813648671083
-0.008637986883908525 0.3369082508869513 3.333223960720686 2.049293634219356
-0.008558881550794392 0.5297134097569961 3.39443393692369 1.2222605628251808
-0.00856441869227304 0.14668591752470583 3.2976080203566465 2.6027951344856306
0.004092793167938464 0.4439397014698185 3.0994593144648266 1.6824670078200268
-0.004379786178091402 0.27750658126906486 3.555537089278877 2.994420948359366
0.003241721882834554 0.311436021408563 3.5603993021098237 1.6767961788285215
-0.009111673230183331 0.6805746929839942 3.5020083489546896 2.258668274942935
0.0060557860737542775 0.3585338064029325 3.301510497560253 1.2030860130665453
0.003971697640542813 0.5883939951630531 3.4797137082630885 1.06203014220792
0.008974799838575217 0.2819073132468287 3.4400355885127105 2.961537662265868
-0.00403888906055169 0.44615177823757257 3.5041031066373187 1.5682755692848014
0.009689874523397396 0.447000607521001 3.166541981106704 1.0113408585572767
-0.00954816000566303 0.6409447698577262 3.5603852973713783 2.1690959179467004
0.008550872545124403 0.28488585380199316 3.34497941852183 2.9096670590071723
0.005944934668923922 0.33766372899923786 3.0404236175441675 1.3865811559858636
-0.002992418325306472 0.14133484033705426 3.1699314410640653 1.6560852251097118
-0.002338429393610322 0.5219789339395976 3.5714179987632897 2.7020618514609565
0.008712851104683386 0.2722856160175767 3.5438764887538077 1.105574755827719
0.009822834530113766 0.5322387643662038 3.5526528897288747 1.4160603284262332
-0.008319326355130476 0.5508417231567188 3.3709135867366644 1.6623036095836876
-0.009392292063173354 0.6276252649862706 3.4550060274900205 1.1471318346382782
-0.005563581133722098 0.634564604630943 3.1953074366389047 1.25464042040486
-0.008803432814193412 0.6494292043155416 3.560190476237815 1.9375425120678742
0.004191648250715977 0.19541389334230078 3.0452210620739257 2.4878454485869237
-0.0014970298624479945 0.09767542772921567 3.200657163381728 1.7288545906135313
0.0053684700659892915 0.5552265045799142 3.4382948085565195 2.865680787136992
0.005139264415940215 0.00763957280306049 3.4296993769954103 1.510334027017507
-0.00044688501329227717 0.671640353868168 3.4497416745274454 1.7007359952824872
-0.004992328853914241 0.5121888232715749 3.3427855377795677 2.1945838914037883
-0.0036441705607820236 0.21100133791824358 3.2993397895020014 1.5541100558173393
-0.006345516514516864 0.24577177876559175 3.5654368184907206 1.6987889371379454
0.003632633026113781 0.27484693500559415 3.100697531951494 2.7925129069828163
-0.00504065135502647 0.4422942640269396 3.275679876874333 1.6601121739025215
0.006720608115131711 0.3822981620442307 3.3109959859674087 1.2729913405967417
0.009840516934892832 0.6731702064113512 3.420846423048456 1.1177526730682092
0.0006548923419231283 0.6933417524244947 3.422927095793657 1.0644888379503104
-0.009509941978335013 0.07658923980056837 3.38012505388274 1.1024961709198864
-0.007175008878267438 0.5055581790590228 3.3781179152670715 1.5977860514442466
0.0004260435189519622 0.17916577193652788 3.1494447651669093 1.0051939296172339
-0.008207256374686235 0.13667127083963826 3.089925581752437 2.755394970206936
-0.002199167288841273 0.13791613757524912 3.38841094113485 2.65865248200868
0.0029058839080451644 0.028886458905274297 3.1990807194632005 2.043516938782581
0.00733436581742433 0.015954663430442145 3.457557440725733 2.727121647289888
0.008919396145277293 0.6557515626657934 3.4039388713100105 1.281870216492284
-0.007930997797147154 0.19610481373735061 3.4644518144184313 1.123110664671536
-0.0019107743948429548 0.5842275770353293 3.4975373911192564 2.021529253648648
-0.007396376312064702 0.02261473730405278 3.5550978610928547 2.0062366841546875
0.004664061678636996 0.6208261445683212 3.4472552997569568 1.619880158544932
-0.006483846036277505 0.49916829562559056 3.0702415438938844 1.2946355001378032
-0.0022767272782440893 0.4413029876213606 3.5015850027089743 2.6162755121576224
0.0071523511136197425 0.06892210357283327 3.3404695334117203 2.857592886232173
0.0007048961436810514 0.1019232375344854 3.133590373253087 1.310706477387878
0.005968521594251192 0.1956217130102838 3.0633034806459922 2.615661858980049
-0.0012293879842872415 0.6902226125079403 3.4232018903888237 1.0837373614084929
0.0036134296552922905 0.27584289264050726 3.1008528323501614 2.7870597136986417
0.004303376417557428 0.6978973796871791 3.3927239346598386 2.6873076674704186
0.006080671902736444 0.1330999446817347 3.165230368086162 1.2872673553298644
0.004198793375660115 0.3165356737947555 3.4865001481425506 1.978464988516758
0.0037860909849606224 0.21952015493812757 3.0865207711043587 2.9132145273898247
0.003971697640542813 0.5883939951630531 3.4797137082630885 1.06203014220792
0.005919857087524193 0.15901209128559846 3.546472893733399 1.6589413389307974
-0.00773152409351327 0.6214816442537752 3.2654399902415356 2.957539451909056
-0.003597068099768951 0.28396166834951586 3.514399180424255 2.8413547684072027
-0.0021912073196028274 0.31374183586216764 3.372508633915092 2.1163699877366087
0.008625632687908807 0.2665274523472101 3.4192382178357157 2.9336817009382035
0.003976425920209894 0.2193452513504608 3.214240498583053 1.2479013158693144
-0.003671049043332669 0.14945954530260241 3.408172645083036 2.9494475414400982
-0.008115193389447797 0.08879104921090875 3.003815997298115 2.4682573641156242
-0.0009215739082929376 0.6336923846148885 3.443810181037445 1.2872984067560358
-0.008018613453160113 0.5689008208391244 3.3617684069219833 1.7060898733733407
-0.0027955645102286726 0.5884699007756334 3.526574567772704 1.8441150652786997
0.006585485242726649 0.22407354318141423 3.29761580598805 2.864039904456415
0.008681222880999708 0.30565180833753675 3.42606584910556 2.164060923159468
-0.008620708800022237 0.5317201336338533 3.501873401847431 1.0147414042460823
0.008802451386317241 0.6636017621424296 3.4713991574846315 2.7572445536234746
-0.0036441809665334387 0.43625846767850557 3.3375101988871307 1.4610198016331246
0.0006873325806806907 0.5789744109393133 3.523530770271975 2.332310867905671
-0.006556454238019595 0.3878649225820561 3.527250867136744 1.3796970757029459
0.006348434041960728 0.679263549884175 3.135362549889894 2.13081923094534
0.004232513290314698 0.58889760265384 3.4849009550727064 1.0471125581086138
-0.004369862553671662 0.3651638400845138 2.970335104254555 1.0353477658212746
0.007901342087778075 0.3870869722043514 3.4472351590829575 2.20479758519236
-0.0006375260351363481 0.45283959725271367 3.5423319064904626 2.0595735881561197
-0.0004213461413785386 0.41499519142961827 3.4845053687933265 2.621969062726789
0.007589681364663653 0.3847088839561771 3.286473335533832 1.142544703072136
0.00629050907593209 0.3448892134500926 3.3767839123352097 1.1966064067682884
0.00923571803868176 0.027068812509652485 3.3957326463937885 2.0805307523672134
0.007181999471839907 0.4845488789297381 3.546405097456272 1.3979641526805076
0.008091583817684982 0.12397734465842339 2.9928967816179526 2.6899795126209156
8.841042039516847e-05 0.3437836790949098 3.3448693485116894 1.3419507015764982
-0.001994848527384778 0.28122251241534285 3.196855496883905 1.687276990264319
-0.005541823894493456 0.6075329859334164 3.3125754242266305 1.744983376696327
-0.008143741505245428 0.05245867240322227 2.9855153750254173 2.0173013202446457
0.0060915871912387365 0.6886387037101076 3.4772061991022785 2.5887043868805435
-0.005841548204229857 0.6538311528719486 3.327211954403854 1.264316763564366
-0.0006016037173832982 0.4515080007158722 3.5418512127007014 2.068491405532744
0.008473460246659719 0.5079004769555917 3.521674970179604 1.1303892689189787
-0.008116455791566654 0.2282924863910621 3.3537167028565524 2.509892823199278
-0.0035030611331463343 0.5379231037695565 3.545744230235312 1.415282491512605
-0.008104196660906712 0.5266277396232095 3.4457633234405507 2.8980601313275205
-0.0004323755089778404 0.27173072068962884 3.1396335137173104 1.554908164586769
-9.378137234456081e-05 0.05807116107561827 3.4280722486930277 1.0396784517345534
-0.008649098533412104 0.20219876816566607 3.368828213609531 1.692402558195508
0.005188150788365625 0.10903567288295724 3.3432409792751563 1.3694613460049712
-0.0014836918374082568 0.33348535351618264 3.1043433760276553 1.3823571069750622
0.009623328126767677 0.41669930485353535 3.223563840714574 1.1181590377746597
-0.00779591561742816 0.5854837523492258 3.5366459653828795 2.0847318484476793
0.005453505800206797 0.32575576423964764 3.296935644908498 1.2052204438508842
0.004312431562861492 0.3980298589006436 3.0935934587224296 1.6285750444028837
-0.007786191183259581 0.06058429788418351 3.408459546174202 1.1696113726268613
-0.007954138407925639 0.030448563416685115 3.3737818616757136 1.3925257097000223
-0.0058068093877690925 0.3655049564442292 3.3735700590366413 2.510823060693296
0.003128781506726642 0.0072408896835480935 3.5096164852374017 1.7341900337211251
-0.0029884075891042777 0.006862259101227952 3.0689139297463655 2.6149764590644966
-0.0013498369151293782 0.4852375471628536 3.5506683431579025 1.973527010359613
0.0019946918618321124 0.6772233097278249 3.4737557663952523 2.1878993929292014
-0.004215484603752685 0.2536464783775433 3.436984915667552 2.4597149484060474
0.009444872166091247 0.012184719961418844 3.391700860698478 2.1276051926411794
-0.004701833542793981 0.40441530544285453 3.504479722198167 1.7013743512085504
0.0008617416388444097 0.538183079993817 3.302978822568918 2.3696862817750173
-0.005934556436673444 0.5920509874233194 3.5589725557594587 2.2051677898968993
-0.007425437166466762 0.02013475654559599 3.4239169597032744 1.0341809116562943
-0.008770119680679395 0.5328754971293335 3.449647067543727 1.0909795698166462
0.0017598662323737146 0.41597398896655036 3.0373145363552787 1.7140989158260327
-0.005739600116534504 0.5252116891862632 3.4585353023444263 2.7394841774736234
-0.0021735092959617617 0.2332954371979329 3.5477149404436457 1.512555737981065
0.002637761665967007 0.04173521522430096 3.099476221291852 1.0789973529463857
0.0022280971581494914 0.10974364402645445 3.5391201710747446 1.5248860752444708
-0.007901658010883689 0.06003061162034995 3.015132708456386 1.964380532641397
-0.003987330388879003 0.2578780827806634 3.504364790073365 1.7888148038537082
-0.0024866564729408708 0.345847374204592 3.3261675375790274 1.3531359947596642
-0.00022320020016382888 0.09180790959895957 3.10074264130232 2.157778112947528
0.0068630591252330925 0.19786515174098518 3.5418457079048427 1.7982691593093532
0.007480398717563409 0.04732523918578002 3.410734562936628 1.9861497635873964
-0.0005935360953994665 0.6247556386279915 3.5173082971685847 1.727054043049984
-0.004254435494506975 0.4814765673101119 3.5440236205955538 1.4583655632617911
0.0012019787427296849 0.5209106156475635 3.274872627487389 1.1708539249596566
-0.009156788500565215 0.01790389298020245 2.986506119626487 2.0097028723612906
0.002260794329534333 0.004122257881273295 3.423918359895732 2.108301678274513
-0.0010783716134040728 0.6154762167013826 3.4410538918106464 1.8067883051412172
-0.0076651570985555514 0.006733149712967013 3.430131529036001 1.0289736244014986
-0.00037823664955898917 0.5828905116450945 3.541502512640975 2.6047386743316023
0.006137775442475324 0.6815626543799919 3.429127996469225 2.496658016099003
-0.008052526013941652 0.6131660967896235 3.4847874509891805 1.1215070572290136
-0.008562809151305608 0.5755946223273408 3.4864150672249337 1.084400681238306
-0.005875905485972294 0.10516954095311953 3.45777095730734 1.5718596236986335
0.00896853034913429 0.43040962610474076 3.198869470701121 1.048523992537079
-0.004402884181010775 0.39216866756339164 3.2718270104236042 1.0893420523953838
0.002038020955003798 0.03589902793001673 3.1611007666320363 1.0517839392917077
-0.008354766171695522 0.6448378853487104 3.5435057135219306 2.365796367343862
0.007335736215010544 0.6794127708966454 3.0866120492885676 2.25256699050955
-0.004273982203868353 0.28987356663389713 3.5229977565386776 2.5232212495678583
-0.008953737599566695 0.5794901366657266 3.4867278860053608 1.0766383364492542
0.0048609609762332836 0.2812038649280012 3.421210894988949 1.5511664391339894
-0.003961452142815937 0.35897422583224325 3.475179170013354 2.7627342533369688
-0.0017506118775487503 0.26412400906280903 3.505675479381811 1.9651402818564496
-0.002652304750908911 0.6429241397677965 3.448172061579744 1.9646629525788075
0.009413787847275229 0.6842872655349783 3.4110329962759884 1.1404074890635705
-0.004184260538081549 0.010284969670737554 3.3923684420336824 1.6329638071433672
-0.009373645679792299 0.685732219005375 3.5012428112011613 2.2782251548383443
0.005023897530314762 0.27179292676748545 3.472012402424239 1.1611553427974726
-0.00478503042651556 0.0563470029236216 2.9870259371049963 1.610761713654879
0.003632633026113781 0.27484693500559415 3.100697531951494 2.7925129069828163
-0.004283083761473933 0.217030084188443 3.4936479548036568 1.8558532255000229
-0.002319981308073796 0.6479781307049429 3.351417970686145 2.2199561418470073
-0.002370478280730993 0.14381958524614497 3.5357542541579177 1.7044483420818635
-0.005969343370840155 0.3989933101776003 3.289904441765137 1.5022359974316446
-0.0016090753216299698 0.03958449125028829 3.4262881652920156 2.8343286098393334
0.0002934428063789563 0.310269007220534 3.099684420769045 1.454952013817324
0.0018049744655966628 0.49102900854578524 3.4709992959420846 2.9894996212555207
-0.005621337081939338 0.5004953705791334 3.5506205643283866 2.5633520668578464
-0.0041070312349272935 0.23288684936911647 3.0395239480725627 1.5231897927073172
-0.0031870553900617956 0.6083096334705017 3.4392199559111987 2.351807230638521
-0.0038631362245460897 0.3584227249181468 3.4789871064425104 2.7802502017789115
-0.0016967524899902473 0.09003659990536497 3.0291146468213874 2.454195146904451
-0.005214415131658927 0.44227742471653164 3.092423235693755 2.1570570941980463
0.001364521758178994 0.22460516040104775 3.456943175894637 2.669441353958889
0.00203712790113412 0.05158234663047588 3.121361225043006 1.1297699008378672
-0.008136456655880015 0.22855707493679944 3.3535485204198086 2.509414230088833
0.0018135456748183676 0.038459036461712115 3.5647156453474524 1.6166497321864521
-0.008852278331433013 0.4677285435651011 3.3345795459262972 1.0023155004673634
0.0006210083715573701 0.08713328195141298 3.0594698006596195 2.283136326089314
0.0068309975807158765 0.12749374853561696 3.317593784176291 2.960411206967286
-0.003525236491315238 0.1376168432599807 3.4134809736081673 2.986032306312871
-0.00589400658716859 0.511693931946588 3.4367315083439243 1.5226011443246517
0.0002335581335971607 0.0053353930444342 3.0722041188508435 2.2012536703121626
0.0007168884810143132 0.10119991188563582 3.133519162385116 1.3087646056568851
0.006735615338406902 0.132192205415203 3.4360719837051557 1.3403817629051373
-0.00440261045749516 0.06691285422269166 3.3521904782492005 1.4703605098127894
0.004046090217738051 0.2797926630648172 3.509357317143861 1.2738702864622369
0.0024210486840910523 0.043536221266232834 3.1066107531986975 1.1122527715407908
-0.007981136373332644 0.09793033056532491 3.078968013800184 2.1717481325714734
-0.0044016818956089405 0.42875004400362743 3.495345383959508 1.7501000851862227
0.007060256471459347 0.3093022668026862 3.440829378903793 1.054792968837368
0.003971697640542813 0.5883939951630531 3.4797137082630885 1.06203014220792
0.0020573120448877276 0.034778949582089824 3.15426334801729 1.0518285389229693
0.0073251581359455005 0.46163752268934216 3.5620153642028476 1.4115363000285248
0.006083547356177376 0.5514624412428685 3.4047687910272213 2.487163040074329
-0.00012751248804696285 0.45304423603533406 3.158744054316408 1.9067030277415613
0.005020042240579345 0.018537841389984044 3.4269288338919544 1.5287604695663366
-0.005540893945668143 0.07075928295576955 3.2996271324867794 1.5234967347839419
-0.00663560082145943 0.5103387123803154 3.156578926189469 1.9922828716927738
-0.0033964502836004162 0.20472057456254997 3.1992857643507726 2.970428169803331
-0.008109023699187347 0.11726280369509978 3.396822930219928 2.9215732428113186
-0.006635744577617525 0.37152594014129364 3.260445739712228 1.940073219775691
-0.008387502342652583 0.06567941493661938 2.9952145720158723 2.0067713644594045
0.004095283604599072 0.01932952530590004 3.2279577586273884 2.278196791566618
0.008531930054973285 0.4367544495230936 3.1733967609164564 1.0403829502747102
-0.008316145666752029 0.5497669054340013 3.3700624662304746 1.6647430690434257
-0.0031360985380423454 0.34569716680734297 3.5194899457281603 2.741874990795549
-4.9848557673650654e-05 0.16767124878473216 3.4133712083152328 2.76662165060326
-0.0010998328902985044 0.5355808653420769 3.555363137796324 2.6334927353886144
-0.006138419673438049 0.07517764445116056 3.3564724382393605 1.1830117552825643
0.0021259020803610224 0.2891069835675077 3.1969887954143803 1.8129720882669436
-0.00411406794402136 0.30038857326703955 3.2324180574813655 1.5385223656872347
0.009242547013507182 0.424890228945556 3.1563637258224646 1.0184834574224384
0.0002468260791455585 0.4112213929833836 3.5033383372830276 1.0581074878477543
0.009324198777170029 0.11087848778078357 3.4265148096526805 1.0895751034952963
-0.008642984905785373 0.5360485248242522 3.3196966074957817 1.636786232002983
0.008504232257968659 0.29956424851063596 3.4248659172232947 2.9589241531270907
-0.004345701313265298 0.2898729658986295 3.5190859563919274 2.591248196212387
-0.006061968128854597 0.2738546036852112 3.388800507953504 2.317546296298207
-0.008486218159406743 0.6846321530172178 3.480316143424962 2.158923470395174
-0.000846097527781807 0.49212192294594004 3.287867799951115 1.886921000991593
0.006332662976758852 0.6220809639941742 3.24987104513663 1.6113607844139193
-0.007954951876404229 0.30621478667925783 3.3465463817154126 1.984322514957738
-0.005846955264980172 0.007591597882624521 3.3583443718679025 1.12421769516032
0.00015583036626084113 0.502797790484114 3.5358470502183765 2.305112922551217
0.009311671484416471 0.025139926976807586 3.3954101375588333 2.0828706036896865
0.0035418418266412012 0.2616414231614353 3.082387736916679 2.8716735816640013
-0.00022898479152302963 0.5377284897117304 3.0460521331880526 1.8189861273299206
-0.0014910187370056668 0.27612067393648027 3.527857446034784 1.9192148520242536
0.0012869237010666341 0.08872247283354306 3.5340029626337666 1.0312479286331788
0.008630525570126982 0.2815579610079755 3.343117795459882 2.927715480124345
0.004833492513897787 0.05310304517618175 3.1492314540425705 2.790478621606604
0.0018245676146228552 0.010135168152853008 3.4183871116234084 2.0117715908996447
0.0019413992407495868 0.09337513254215413 3.0588302782459396 2.292768581527889
0.004428364135951523 0.6404053152541808 3.3791796800378875 2.752855057607216
-0.0073450895856759495 0.3915775816157446 3.299227579136798 1.9520999236494214
-0.00259623833183891 0.44811604090460144 3.4973001815989138 2.601379938676735
0.0060407522806564555 0.17587167855643968 3.5649020864713523 1.7564234550059314
0.00768842752769267 0.23295855769065918 3.1968637344312807 2.6244839251656993
0.005655795074128592 0.5340121023820823 3.4181943741523306 1.1061328339729348
-0.0023269925089331317 0.5861993857596812 3.533152004698295 1.828028313437633
-0.00530509358450607 0.42437107361081455 3.301452630507459 1.71797695458409
0.009096280152312697 0.41997393515781706 3.495804068773101 1.1664506887240944
-0.007971981253030197 0.5866818904110069 3.432876316921985 1.0208265419700584
-0.009457366132841814 0.5570738460303422 3.3727198205058597 1.776068600070306
0.00209593659663458 0.15209993357583007 3.212417891597203 1.1052873274025874
-0.0021815495521533778 0.6192181251866403 3.5497781515787685 1.8251229968479101
-0.0005317908504769847 0.26278838089577794 3.130303228606476 1.5317247947381776
-0.004227559369554827 0.054892915583505876 3.34250550440722 2.901794563740531
-0.009786505375447906 0.017948784973639942 3.4160559917359388 1.184588223936553
-0.0013833401651434955 0.27444948538965963 3.5174258238522444 2.144404807976384
-0.008626522832502917 0.6143641798388284 3.5075282954649705 2.1732002334305256
0.002038020955003798 0.03589902793001673 3.1611007666320363 1.0517839392917077
0.0005482842575386636 0.5056976494585081 3.0597459897786043 1.814200046108632
0.0050729628028684595 0.6173842069058922 3.534405158702081 2.842371889987538
-0.005564416175453245 0.2500958917166029 3.4411346227006807 1.927723677033645
-0.0005068354491846492 0.386889827077707 3.503105351368693 2.2274283636877623
0.0022531347024288013 0.003994845963068205 3.429180347603596 2.127295636937445
-0.008167063938845533 0.1777265637731984 3.5042335877212087 1.0406587828660352
-0.0031132237580379207 0.6261674818911035 3.3260788727379014 2.563339887489993
-0.00551898264195007 0.687201914632433 3.2050878386242254 1.1999284085363098
0.00825930315478524 0.12296128294615882 3.5705236646477827 1.741287709483907
0.007853941442198684 0.010115447453540122 3.4141898406191395 1.9878319345517173
-0.0018976295257683799 0.46413827915854033 3.4238588534893886 1.6582254434260997
-0.004619759509092328 0.48442649947361427 3.5571391926593785 1.5025378093136512
0.0023393089295388964 0.3709554308374574 3.476254311567843 2.8623636477063217
0.005718139186466882 0.6185685492187706 3.510283343752821 2.7931328645301052
0.0005670205732467857 0.420881786768178 3.4345925340880625 2.5747316654476506
-0.005888282893673233 0.372230539325859 3.2577140134153764 2.026903902308117
-0.007857371257273508 0.4296808537361901 3.1714963113149692 1.6800209000519508
-0.007425789246412382 0.5963481950433361 3.5274961768274853 1.3033987522103163
0.009331707500609512 0.44277203883863947 3.511469303800186 1.1405352901442802
0.005597807932909815 0.16945568988922755 3.2591320400191472 2.5629413146331754
-0.007728354931223718 0.505303680252499 3.374565755703507 2.867403765480597
0.003685544800310772 0.27550760855548767 3.1120248299984326 2.752875836311058
-0.0020933123869258073 0.6775822011743242 3.260277153471688 1.5288347921174525
-0.002379468977117667 0.03769934540571529 3.038199429350473 1.8198263782455462
4.048323789135279e-05 0.25128659742149284 3.155890372580654 1.4916115318975134
0.007580557671608038 0.0632447614620251 3.3746465780317103 2.8245019579334634
0.0010997204794717273 0.10346655511344528 3.2509053083062462 2.0547674129526436
0.0018494466938418397 0.4714095158984055 3.0177690870585754 2.027126605917707
-0.00594199672963478 0.5960121549683022 3.5596632840636855 2.1923703831004753
-0.008572809777639688 0.5791524980175486 3.4632285278235595 1.0548319520380072
-0.005700278961600837 0.37479380633106996 3.452440129953628 1.1632333941838877
-0.006821798160543288 0.021613621036207564 3.533823488709163 2.1240387968837986
-0.008799546614353898 0.12029047511326177 3.1341243432138484 1.651699838428308
0.009471851561710477 0.42438475694944167 3.203533037708148 1.0450605210237198
-0.00841814055815779 0.49582656988100404 2.9786159502636833 1.1436965073429288
0.0019062832901206171 0.20969539518439959 3.176801095244727 1.1093993353495932
-0.0069807382481614985 0.007085118021031345 3.501110927441911 2.017598682657946
-0.0019176876393964051 0.6361573924647814 3.458679941151947 1.7112344137554243
-0.009430186191771488 0.6188288036704229 3.412376484105409 2.199556956776674
-0.0074501229763792795 0.41045841942258826 3.2997766358360394 1.9202065613911938
3.742556795548191e-07 0.10814284212622471 3.5221983919832907 1.0958714482033556
-0.0019683391715977095 0.14268634097883334 3.375630833477553 2.8107910394966638
-0.0012864107329846235 0.4532716069431557 3.5083594526757795 1.5543484895902506
-0.007990376759717362 0.5423837159968261 2.9964103034096516 1.1014051193530676
-0.0017026164966939998 0.0850022518265516 3.379698657214131 2.8719177059913976
0.0021242557714977713 0.6896812385362275 3.411312005270353 2.9172693268142202
-0.00808221976030278 0.060911876326622094 2.985076604643615 2.005589312354683
0.009959760514518641 0.2741326713608043 3.49856812699843 2.655256460340456
-0.008353660868335047 0.17555432176087565 3.5025030609268053 1.032639741150392
0.009620059636295314 0.26518962290772496 3.375478018048563 2.9320951038131264
-0.0004326485568423889 0.27398686694303576 3.4299728247079293 2.410428676053777
0.007333236339125157 0.2321359980881217 3.3178324464402253 2.9634878408694667
0.006900773913421153 0.6296750750518388 3.4519098837942845 1.0402244873430324
0.006988057572083839 0.3647474384322027 3.30354918107769 2.7694229006618114
0.00836728604044724 0.516476734632191 3.528416225556309 1.104932501406753
-0.008119381330576922 0.3352095219900036 3.214616768480253 1.1026269848436503
-0.008096963405047617 0.14117706958571746 3.5018669721032216 1.070596138872413
-0.0035233447424406717 0.023825331028080918 3.4022713423567756 1.61808831931958
-0.0053892843350073685 0.4992345272382694 3.0665162447974024 1.134038241964009
-0.0056268940269810705 0.5013204656905526 3.5507778713923597 2.565986120329945
-0.008905397674887853 0.573177023586128 3.4762250442125375 1.0971013250979098
-0.00718627151902124 0.5759660356844728 3.0288129541378033 1.209575837923882
0.008572302760963019 0.6918155035594299 3.4112218816630415 1.17326731090126
-0.0023691981515693034 0.26287037296956256 3.2782927958379373 1.045431177182636
-0.0006320453165576476 0.5793296575288068 3.415503303046577 1.6562817158030834
-0.0067139353714043845 0.5231909421698357 3.3339548806492614 1.7328692563254855
0.00043360063697691926 0.5196817827622413 3.4767478170519217 2.5873847102294114
-0.009574585308708992 0.5874761481145501 3.346392886523547 1.6247992833829223
-0.009312628174270657 0.027129767168114053 3.387423248509002 1.2734549598137894
0.004999044501524245 0.0859924702945829 3.2386794074033953 2.323417733834253
-0.00591959158514517 0.23532046915639798 3.450554595162191 1.8564003002308385
0.006313995995965467 0.07266142727268743 3.4707759620502436 2.806415307286396
0.009299437954332721 0.4189775483656026 3.1998931444346335 1.1002015880363205
-0.004024502739877596 0.31566368062185185 3.3475725642720575 2.415430257687979
0.005135988888508872 0.2966815887129466 3.489225282426005 1.9645625002916143
-0.0016441678930835266 0.6708549694635174 3.333035396131286 2.6453097982665703
0.004433668846920887 0.27492544015948506 3.3966289043219526 1.010595295631889
-0.0017841666601666746 0.07236609678408495 3.184353397667965 1.785397801338253
-0.006966884100074542 0.5988984744197694 3.322289603326918 1.6011960155515033
0.004398154279163812 0.3331741797164594 3.2921168442000597 1.0832809248444528
0.00648707867859013 0.2224260858052845 3.2957941781087077 2.8634809631575644
0.004138343399354124 0.5898518904448976 3.4823352197025415 1.0409744294752965
-0.004667755434966387 0.3132530278812825 3.560996292176351 2.963633490447
0.0035418418266412012 0.2616414231614353 3.082387736916679 2.8716735816640013
-0.006649109138585837 0.5147881056002901 3.484152485831361 2.489583555330337
-0.006056430105120255 0.3291161070006747 3.5114930880649244 1.2818713028100002
-0.0002546882156472842 0.0008390627274235118 3.1459806382284414 1.6950318929755563
-0.008076511115305596 0.05310180851223112 2.98498654514575 2.0172163713179074
-0.005524561169908939 0.338964528064284 3.163438329534599 1.2415706399270485
0.004279834585488126 0.2649036198811128 3.560600744756415 2.111962248065974
0.007509965029270885 0.0038294165375336586 3.3436064870138793 1.6550771218891778
-0.007418054402972621 0.5999652179020731 3.4671613268984665 1.1685551369707947
-0.00970985637759782 0.019313092939916832 2.979062047582072 1.9714305003890453
0.0060031221394058 0.6064659079354106 3.460435239280182 1.1482681248283146
0.0020184286673583444 0.007159887411650634 3.4138263616688342 2.203064476182498
-0.009895474485107155 0.3177826233174058 3.3441968311768604 2.0135065920050907
0.0010711141716147638 0.02513161491245989 3.5235220518024812 1.345187257187968
0.0017873584821285551 0.3911102513711907 3.084973857053514 1.95679717952512
0.00736207847730798 0.07499243034827796 3.4974546516527383 2.356986435625696
-0.0030927880172097744 0.44293411614088896 3.3464948390687135 2.4381121743010703
-0.005116438683756841 0.3718422921310446 3.284044833450379 1.6602183370451797
0.009357578661296334 0.11061883796915911 3.426874062182247 1.0885439118651705
0.003156921096592556 0.4234814449982348 3.0730916329016527 1.8344553725780746
0.006604051662027341 0.059463016436027596 3.4744291927457143 2.900298374224569
-0.006937856312777991 0.5109505917579862 3.4873873373965427 2.5211491213024018
0.00832700681729503 0.2800664993217887 3.413216220505767 2.829615713504866
-0.001566230036182295 0.09881218359901754 3.4715678859399066 2.9043371693947737
0.00029877242929368143 0.3097772695674319 3.099264912627275 1.4543052034168846
0.008447507393842195 0.3263309575350576 3.5103822931575843 2.5585053291589785
0.003939076233579096 0.22226635277771972 3.0806345892765257 2.9485977118536804
-0.004347780433243979 0.36826835172343786 3.5379518234201432 2.606966734166432
-0.006384869143662543 0.27760245659731286 3.4510176324193003 2.8819634914663603
-0.009156788500565215 0.01790389298020245 2.986506119626487 2.0097028723612906
-0.008679613627931671 0.45991506188166137 3.3320491896301854 1.0070830082774165
-0.001977672366501984 0.033175998089731595 3.1554909017828954 1.791492211408635
-0.006403520001548863 0.42507495759690744 3.309464241382232 1.7299141511866123
0.007446148531095506 0.5818028081798892 3.447428433035414 2.7374743197878737
0.003002291709557461 0.6926947550491636 3.5054365110335 1.058708360828163
-0.004973606263252132 0.51202662783134 3.342100660940666 2.1913414479927185
0.008899367959451381 0.12815361246642126 3.200867315673712 2.303412111432226
-0.008513777003995955 0.6775843981562912 3.477938951065936 2.1475010958991305
0.00881478706066452 0.6855532825893429 3.1323674911032375 1.9472175495937964
-0.007396376312064702 0.02261473730405278 3.5550978610928547 2.0062366841546875
0.0004376751908236245 0.36414310516605897 3.483210926771151 2.1158483433799073
-0.0028981309612259934 0.5882440162166553 3.5349256681598953 1.8073286262813308
0.007205362295885905 0.010279465929640963 3.341102764500614 1.6363531147293457
-0.00028016068446847127 0.12969046526988612 3.412785659018379 2.7426538132446
0.0029058839080451644 0.028886458905274297 3.1990807194632005 2.043516938782581
-0.009361565938350401 0.1098112644431889 3.018921206537968 2.8969824072956465
-0.003739509292903811 0.05555133232917531 3.3277698739961235 1.4203700255012157
-0.005586728531487435 0.6761666241962028 3.546754862926194 1.0853213044189918
-0.009061315999309717 0.5959836586651173 2.9983663972418513 1.020154473900876
0.004283921981131073 0.6968113679988892 3.394564088751117 2.6827263267898456
-0.001580906258319862 0.645165986511713 3.371870467918336 2.3296950410586645
0.0018327525372301024 0.17056597866611722 3.541997637467559 1.2876094277624832
0.006116365886456704 0.13408774746380758 3.1646744372667595 1.2852610425334203
0.0071049869588187785 0.40404874300534654 3.0027286393995705 1.2670475443822455
0.0038643550166344567 0.0924615395371991 3.466264206553548 2.860535421247578
-0.0077655258651066345 0.030766261107989357 3.4753011955741937 1.0889100432478864
0.005925239839342243 0.1747138759961444 3.334367262053738 2.8189561131616445
0.008572302760963019 0.6918155035594299 3.4112218816630415 1.17326731090126
0.0063423269288770765 0.43307080880712634 3.160305489394341 2.7523052128402266
-0.004973606263252132 0.51202662783134 3.342100660940666 2.1913414479927185
-0.004267139508738579 0.06996707626826038 3.3454092394656207 2.9095756396071133
0.00659527393539583 0.3813263712844908 3.3112609933928625 1.251150913590994
-0.003256412496408411 0.08641316265581778 3.5307603384785278 1.2919350528000393
0.0045864286437397785 0.38790747961163474 3.493651975208082 2.7152904706571186
0.0013534149546851212 0.08736031081838874 3.5365572801929046 1.030702162536542
0.008701292340987434 0.28519070974941296 3.437056604464825 2.999838035104356
0.0025569835443056245 0.5730999933505629 3.4076012215695743 1.2992781374650912
0.005314255104603325 0.22114701465904749 3.482590200727924 2.048428585020977
-0.002628025363290703 0.2862759714438777 3.274831018922727 1.2058790611878953
-0.008473977447640448 0.6683602726414128 3.486734769425269 2.291332034840673
-0.0023497713217564145 0.54110268823686 3.5325443017029983 1.7313058668412737
0.0051030504282132145 0.12549246523678953 3.4193659420633917 2.93772597549706
-0.0010722511879157973 0.16302775963371208 3.494901825507373 1.4054477964245216
0.00029687657743318434 0.12722821818151914 3.4834217207895155 1.0952391464145346
-0.006860841698739596 0.37688427353769083 3.2567840518411773 1.9582200341878868
-0.007803149925233169 0.2982954456900885 3.203857706487615 1.1389811030456027
-0.007629708026036864 0.011387418590879383 3.429899849294191 1.0380229334016613
0.003061686341845416 0.20470627324632157 3.298346850115013 2.9175998924768978
-0.008446525738595424 0.6390806513468665 3.4635642229134884 1.0851845691447448
-0.005953052338727769 0.23477976874717055 3.4509303198122976 1.857794826128986
0.001572554614148658 0.10309061106979767 3.565417206285278 1.6706160576487383
-0.005320250049297803 0.6713428233275359 3.1903183554687904 1.2455135134348552
-0.0007251645694370343 0.5849835256818567 3.5596443453479476 2.6547771944296574
0.004326592429128339 0.048853977714873265 3.151904720299539 2.2633754150678445
0.009555453376613558 0.44142139060926167 3.1663781881959303 1.0123679309769418
0.004361873519808316 0.3929981933359098 3.4211799934014318 2.033343657500628
-0.004107004589098403 0.024402767615919058 3.0914183191029583 2.9427291335290815
-0.0008264662236626497 0.5156800195897097 3.2114524232174153 2.399557575783403
-0.002739328032999277 0.6970817979000619 3.3435866491227157 2.1923976512549386
-0.0006399610243474558 0.15275655781327652 3.1188000046812236 2.0666523355241413
0.007509965029270885 0.0038294165375336586 3.3436064870138793 1.6550771218891778
-0.006812264961272 0.4146308467921439 3.1954407439259724 1.4672617533871157
0.0007872191268281335 0.27605962967355524 3.3100882635987645 1.1321775302705543
-0.00680898865327381 0.512115183884077 3.3115588520288455 1.7628182305761073
-0.005059275338363641 0.5153706025119456 3.343046121405733 2.185610450392272
-0.0060104807368466205 0.5124269066060771 3.556662488638602 2.561765976379803
0.004092793167938464 0.4439397014698185 3.0994593144648266 1.6824670078200268
0.008417134642193645 0.27597129391637387 3.4204775968552816 2.8353695635113674
0.0026056634733827785 0.008221115410008362 3.5259077704763366 1.678131628476631
-0.007859667739172377 0.6972297395142538 3.5433970638222934 2.8236544892605444
-0.00044688501329227717 0.671640353868168 3.4497416745274454 1.7007359952824872
0.0038385338991263583 0.19113678790263022 3.560207029145628 2.4565710342646927
-0.003033886762670822 0.44428046483720884 3.503698017722141 2.6424386390667083
0.001973706984803478 0.10691726398069809 3.531668840135224 1.5058162747691515
0.004255575435039153 0.3115652010531009 3.4882166838205664 1.9691645603180794
0.0006822663628187836 0.1574851376603598 3.186504855911637 2.261721699147763
-0.005251001278197538 0.3956689233470527 3.264044555320088 1.6459260736772734
0.002585657369108065 0.04136071334195336 3.1009760148136 1.0703619340134511
0.005345574075467271 0.4717373156482987 3.4997560776435583 1.439320591703166
-0.00968981288117967 0.6218605257871593 3.507681754418065 2.1330175106923184
0.007100249277564759 0.18122003964875075 3.365562476960378 2.65249731795203
0.0015498251283224823 0.09777254286299036 3.123916146861726 2.307823024187295
0.002474622906124947 0.025348041830785817 3.560754117054512 1.588040110355016
-0.008056139032059536 0.23430023534339467 3.3583927536849214 2.4834404814646227
-0.0004097764360947271 0.2637492444832526 3.4278256012613997 2.4143617565062963
-0.0001246413099225628 0.06329149150621609 3.1994347960232785 2.3855385802786038
-0.008381431629360211 0.17974847748105877 3.5023881061486124 1.2030675660372254
0.009395927560059145 0.1360823657414182 3.256723404020034 2.3193533903744594
0.008564809642603519 0.6814276181139394 3.141380819474008 1.9677737303969225
-0.00018824922795092087 0.029710700505989403 3.472549435362282 1.1402980057091563
-0.008900587007419074 0.6332998129598734 3.170214658363646 1.3575180580717152
-0.0030622653658476245 0.33520812154079405 3.5013785803840314 2.7090517204204008
0.0005509877448657673 0.3208769006382278 3.0898762188980777 2.1280826968133413
0.0030470651654157573 0.5116384526564228 3.420638660789309 2.812321388716997
0.0016399051484464354 0.20817515828033722 3.0399212679016756 1.6350620115023045
-0.008620708800022237 0.5317201336338533 3.501873401847431 1.0147414042460823
0.0026444296201758597 0.34025625197925 3.4459151379832687 2.8991208467890672
-0.0022767781580014692 0.445490957124767 3.5086831463242265 2.6179141959915073
-0.00200007741579676 0.36896973253970633 3.3517108232740918 2.158268316760338
-0.007313934557736883 0.38118606358570617 3.152665778326987 1.7031233596976405
0.000668822634774234 0.023240229190321704 3.0208489584386498 2.340357462685751
-0.008727035712049094 0.635774882964673 2.99774522098654 1.2054882716696491
0.0050490427381358165 0.06550166960643355 3.057538593472237 2.7113294545088324
-0.007818381312432796 0.5892585152398221 3.5100963475105433 2.147129987420098
-0.009072410654561932 0.1416601040667267 3.346076098080908 2.725615006476131
0.007931948502897978 0.3903927731896252 3.545164576588277 1.9638061803014788
-0.0022182691620355466 0.10106418635048622 3.2732864310114786 2.5695717288977735
0.008545603316538058 0.1704997770402657 3.192805538330937 2.9534085006668542
-0.005429468383246999 0.6859529554992994 3.214029854637895 1.2603323786463836
0.005137854694211792 0.12604326979973554 3.503790538073977 1.9490879697679695
0.005462256189750075 0.3924477318319335 3.5038932398909304 2.2567534013569226
-0.004598209280351089 0.23007681364760998 3.273215658516771 1.7957151657634827
0.002296003697013442 0.21668110839471033 3.5530823340395927 2.3840078298254856
-0.009015742230367219 0.29568292570565646 3.225798776419545 1.014187922221406
-0.006860133973653803 0.3749621598647167 3.2547697956547017 1.955345832503711
0.00027208960695053984 0.28172393017765984 3.431389349255505 2.8125007899725287
0.00836728604044724 0.516476734632191 3.528416225556309 1.104932501406753
-0.00016646188118860962 0.6757834331069579 3.4348366584761325 1.1813972962311319
0.007580557671608038 0.0632447614620251 3.3746465780317103 2.8245019579334634
0.004830264072582071 0.14075601113085623 3.1559407689420387 1.2121445034812428
-0.006549051143385686 0.5948191120843537 3.5580789075168293 2.0881943718595846
0.0023671754418363783 0.6476547080242658 3.484836681372898 2.7541209684356556
0.0054925730410022655 0.05016757051079701 3.0298301554906244 2.507406692472434
0.0006526956354711524 0.32074711497486663 3.480116607310019 2.3934303030325452
0.0027067508782141463 0.4209926261310194 3.4946002900763142 2.9829075659368334
0.008032233074869534 0.0381824378474262 3.333063147292527 1.0972126238994024
-0.004630751080598178 0.32822460518989527 3.06640018693375 2.296042935146363
0.006550871810500835 0.09344398177470487 3.32980789642687 1.3156080885477919
0.0007009892255211512 0.5059645823184706 3.068733758579387 1.8003259104230969
-0.009289405721887935 0.6415049069704382 3.411479399331412 2.209066696884433
0.0023542913497941005 0.06769869371474778 3.1818884401752388 1.7783074606668063
-0.007902701533081624 0.5748391847475783 3.022093950644159 1.17892487737446
-0.003772757524892801 0.3470364498691332 3.569343935394382 2.8804280778231126
0.006516833319879031 0.3526843877728484 3.1768351883228347 1.3189544612490784
0.00703284531232933 0.29831960444454314 2.9910726025596084 1.0526935494674312
-0.00499515188110424 0.503079484053616 3.456973918928374 1.8223564371017396
-0.0037942394931960843 0.4854099750710672 3.4816180466089186 1.7620320675158736
0.004940859325158198 0.188669514552762 3.205058982193101 2.549386815943696
0.0031144909278206304 0.6360940882690487 3.3702824346687947 1.2901286137795118
0.009069710019961258 0.6512957018326524 3.4043664609568656 1.1571625154972016
-0.005580944898439303 0.41057503226576203 3.2653344592915516 1.6787460307971729
-0.009805104948747347 0.5921804953723804 3.3462090694351043 1.6263975451970296
-0.003630523353260644 0.023373978743269797 2.977304771869679 1.7458876992162409
0.009663634560226295 0.428343373690788 3.184858415367298 1.0103197892322069
0.0035418418266412012 0.2616414231614353 3.082387736916679 2.8716735816640013
0.003585973578807827 0.26875761901537715 3.1058351554808765 2.784453955410867
-0.009868405940238207 0.32054619430368386 3.3446620937088944 2.0138832626425565
-0.00536214217066471 0.2586191112828853 3.54058342904733 1.844862396765304
-0.0026639344594537075 0.3171753837832634 3.551858778261794 2.4526332455580047
0.0006356135849529577 0.4789156224018287 3.093395260123001 2.033823039376064
0.00806764260068271 0.03975087791428662 3.3090000499319183 2.5582507131911685
0.006550645469760164 0.04295590806929782 3.3684990136579804 1.7811043608571464
-0.00830307979718218 0.024129806960927883 3.3318694845101184 2.443073062676277
0.009755891440090779 0.2618893652769887 3.381531563331319 2.949758793955437
-0.0039260133849473525 0.03573308766372488 3.3261302252840617 1.5279022739517276
-0.005339957389831304 0.26682796323054464 3.5533854845886244 2.7417065994132246
0.008140341023819825 0.27224096048367497 3.4131761219662415 2.8217323451812133
0.002618860883974907 0.04194302176922249 3.101567782667398 1.0808322277637687
-0.00305494721514329 0.5888372091440065 3.535213485303079 1.8120168384171635
0.004232513290314698 0.58889760265384 3.4849009550727064 1.0471125581086138
0.0070680190988412946 0.3935421789578342 3.009941341153379 1.315441006082387
-0.005571916031197221 0.29537082526894326 3.5448264467302355 2.7104552018999604
0.009821707018795334 0.6539387128563452 3.2529810898005582 1.4999745481140592
-0.00022471029862708262 0.17316060808543654 3.1629593400361324 1.0154414387807034
0.0012247545853544366 0.03592360595240829 3.0972137229322074 1.0430565227239565
-0.0017998831016974035 0.20969558894602092 3.3540228106000693 2.8040445341115143
0.007565300578113949 0.6773648584976584 3.4262544366794656 1.299029573217524
-0.005104711556804309 0.3039706601803434 3.5461443188485235 1.0926616165686172
0.004448290573852219 0.03158227492599197 3.2243344097295896 2.371101072698802
-0.0017413292414876365 0.07770673735147281 3.554559414087976 1.3715890994202031
-0.008143741505245428 0.05245867240322227 2.9855153750254173 2.0173013202446457
-0.004992328853914241 0.5121888232715749 3.3427855377795677 2.1945838914037883
-0.007401734039395558 0.427770570950081 3.187060734964733 1.4314964367498968
-0.008517701455577082 0.23220827780603415 3.280453654991002 1.9456038533108182
-0.007995683930477416 0.3280640519018092 3.567145337540955 1.154521561455253
-0.008034395263430374 0.6371753407431855 3.5184266389119827 1.077288365444285
-0.0025994557066098102 0.5432627707316486 3.3969744704200866 1.7719106064442618
0.006007521241596793 0.142551451561982 3.113948380583438 2.6217552450468364
-0.00559331344538103 0.24415126473653354 3.4312478867976215 1.8301031732665933
-0.006591407825539493 0.3309797228767916 3.283699109906312 2.062606214606776
0.004049855346108149 0.39280035132872 3.5160287758332647 2.6255254472711345
0.0017812730183090677 0.03117060932749912 3.459250860374782 1.2653633500283128
-0.008386233669062545 0.6239451654433725 3.535409600478673 2.067738521010503
0.008818788594222011 0.6866728712033254 3.1317326632508298 1.9468888491126792
-0.00448779861043925 0.4027371720470846 3.5430627540704713 1.504065508024743
-0.0003946296446110595 0.5830045672436435 3.541145471740591 2.6044836915151532
0.0023724538138711598 0.011790989104891882 3.556506973180058 1.6212272029459978
-0.001913412944479078 0.4674785079009428 3.4428556122272904 1.7459109071963237
0.007999692058680802 0.486720372417779 2.975923389040766 1.2472075283016961
0.003727822862005706 0.43846671513957214 3.4464071699663874 2.765319075617954
-0.007712913236698716 0.028706524148816248 3.329637732908243 2.427814812509693
0.000948164152487288 0.09953500777332423 3.462809419000268 1.2360766577377973
-0.008018613453160113 0.5689008208391244 3.3617684069219833 1.7060898733733407
0.0004613653100114792 0.6387657639402367 3.4488259964513417 1.2287480292994155
0.005191666017036026 0.29635870634548656 3.4887643959182597 1.9589639960117045
-0.0037289853027073234 0.011840658531149073 3.3945460480630767 1.0636718487440917
-0.00942210287418807 0.6850233110425001 3.4448367127038844 1.148157341630098
-0.009123979590025021 0.01916879983281672 2.9873106460102505 2.0081529058744274
-0.009199941416549558 0.5947644397880176 3.157749627243382 2.1998854004152815
-0.0032058816162680737 0.11364186327106729 3.526566840400859 1.346777352694168
-0.0022344346857487646 0.006533914866369006 3.4861195607225675 2.455213579508695
-0.006748619735039448 0.12124292974658624 3.4369558782084195 2.574472160967324
0.0029324858709625892 0.2155408734246395 3.299849501094287 2.89848176719199
0.0015017217853423885 0.39656683520091385 3.4784298422955193 1.800385832737601
-0.008862471854922028 0.09203758631429632 3.1115671681645165 1.6341179926568399
-0.009170668228562263 0.5843087286020755 3.4404496871665673 2.767013366899911
0.0079967841767218 0.6604155634827855 3.48082861604682 2.6539989260978176
0.0008063257040280994 0.3024923963792312 3.4810328991350867 2.434418653813056
-0.00303352257445461 0.3666374321585779 3.3530809737036678 2.1371240049492286
-0.0006909445636996249 0.22899776274612868 3.1528339515965564 1.3848360837153106
0.00838797568319786 0.3249577410640997 3.5062588344553407 2.540758032103632
-0.008196749732054042 0.2762151482726995 3.082531549360296 1.6463270195795887
-0.007656826534466308 0.69787586125863 3.51831913442977 2.8476704906386607
-0.003646060568829488 0.6873508269364749 3.2755901837659116 1.3627087227666035
0.008876514869920495 0.07508832576548036 3.165685079336394 2.1260383140468426
0.006474145901454003 0.34143760399465917 3.3821650468303712 1.1914183393639322
0.001807736536435324 0.5895214023846177 3.414843649202961 2.870403389387697
0.004701050029491841 0.4510053349285183 3.4217562626521034 1.8486364716074626
-0.007402638814365684 0.12016132051259204 3.2796207255061747 2.590690317319212
-0.005429468383246999 0.6859529554992994 3.214029854637895 1.2603323786463836
-0.005918317214160638 0.471288676451916 3.3648427961345493 2.303831319959328
-0.009111673230183331 0.6805746929839942 3.5020083489546896 2.258668274942935
0.00014822072109572492 0.44130883276274807 3.31154577606736 1.8117611441990873
0.00863974173423689 0.6511978681470385 3.400354136917282 1.182804895701696
0.004842910292503106 0.24478875970741273 3.533077300586671 2.0673951064659835
0.003927951684663022 0.3768778530371924 3.4758459004322484 2.668922557063799
-0.009345277066492217 0.0556158446971156 3.0252102773057112 2.7134580238502037
-0.0017422803650278644 0.48690668250361774 3.4488059894519285 1.6550159842036283
0.004784251879251829 0.6611200718921193 3.473384454195875 2.579883143651437
-0.00865874127981602 0.31833455915872233 3.2129325352732896 1.0907896145271458
0.003316657833100793 0.28921642658357843 3.536178894467149 2.0401068755739145
0.004985598364513842 0.12300106967073464 3.3281896143351597 2.7990891811561402
-0.0009500363413303724 0.6846849949602556 3.3303390037843177 2.770873895266775
0.008681222880999708 0.30565180833753675 3.42606584910556 2.164060923159468
-0.009396384199653864 0.2764932251784143 3.500491038351874 1.1955615644431297
0.007582211521516284 0.06132091318323166 3.366858323213301 2.8479574029958976
0.00564950233529592 0.3280118158878365 3.2109305641948995 1.4543868189204698
0.0020225991495189345 0.05171431710225549 3.1213940743893263 1.132052670435645
-0.002319981308073796 0.6479781307049429 3.351417970686145 2.2199561418470073
0.004097656676341615 0.598087933600811 3.4728698697955362 1.0369010918742967
-0.002031800977440673 0.34761519635952504 3.4796566822684913 1.1485846352133184
-0.00018618339383007568 0.40492717026966607 3.3396136181944214 2.1142450288917094
0.005586406388617354 0.16097024677797314 3.566593221292586 1.7748824044432274
-0.00531680364065779 0.6711241331938195 3.1903972314838853 1.245600771759235
-0.0023169368060532956 0.05592706233824718 3.184185367104112 1.7545478089063797
-0.001606587744894715 0.025936899436396543 3.418182014026656 2.840967852456511
0.00539607797076182 0.4198711494533677 3.4684660129539417 2.239548918378459
0.0021644480031810884 0.330340969804461 3.439495435603139 1.7886248608179742
-0.0017402469320466339 0.034860307665695034 3.463639783011066 2.4950176269742714
0.001434524997533694 0.22472297732840374 3.453176765873347 2.5101132464023728
0.005302085269040792 0.19307652076851697 3.515408055232755 2.0076592832824685
0.0008009173095050726 0.08142364790090176 3.0607911222692743 2.3141199322887345
0.006942613508098873 0.3946055219916824 3.015995022387283 1.3148410514337263
0.0062248123882616664 0.16824926238899135 3.343401582898062 2.8659277411326443
-0.004585186054383548 0.4888171315505044 3.420109985421175 2.6876899186234158
0.0011358994580320369 0.09815828634936048 3.1272173582078238 1.1605174772564122
-0.007175008878267438 0.5055581790590228 3.3781179152670715 1.5977860514442466
0.005030749906608501 0.14384855440958444 3.1657352552360667 1.26903883049197
-0.0017724272083633683 0.12486971004556177 3.4288919676306064 2.4566069590047794
-0.006491450491004301 0.23270183486061574 3.5539732615187383 1.876731990934703
0.006722740080129081 0.47488840002390564 3.1637238436009403 2.6672394322316735
-0.00497584728149849 0.4249871813008985 3.522991463942848 2.547900593603652
0.007396454924320642 0.013856118343327672 3.4323279470926202 2.8017449378037846
0.006106237944793433 0.3316623318368227 3.390286183771503 2.7285326929345737
-0.0066553971855579505 0.482049172270298 3.373012899182423 2.865436485082465
-0.00482751777547639 0.30614393186168276 3.567815129219597 1.0847085183205125
0.00643592884705744 0.6532992107517133 3.401679086537281 2.940949067495576
0.006083051558498323 0.3566030609770297 3.299313279442104 1.1888595858036863
-0.006345516514516864 0.24577177876559175 3.5654368184907206 1.6987889371379454
-0.0015127581345714966 0.4631932608955649 3.418088377116707 2.172551522339611
-0.00887116845201839 0.3461415679373726 3.494604410956061 1.944414777829175
0.0043201598779891775 0.014391536284101614 3.2142589354399296 2.3835093265097913
0.0014877230173212432 0.18378971528172333 3.2109773021345642 1.1357906069407655
0.004386431892784951 0.2000966386651446 3.056742812407106 2.4833236238356964
0.005723921252773266 0.2488959792075236 3.4165416612065482 1.0346512770697398
-0.00012262083684289483 0.5137586857429697 3.5360924604880988 2.2329524927854005
-0.0042915121852588715 0.037728127184444016 3.0949351863899226 2.9027053071982274
-0.00033344062590961836 0.02656586979967262 2.996336968237076 2.639260479997493
-0.004135704204404128 0.002762530966305826 3.087591893707954 2.872255266020417
-0.009679863629572282 0.5462197184480064 3.428738070066215 2.8116728533781883
-0.007235625309654411 0.39154264811292194 3.5376955570053275 1.3622082061033791
0.007532660644648755 0.47946771539339306 3.452578567528897 2.9625224410178976
0.001651843179170269 0.1378809471560307 3.145517896641258 1.1614441201909647
0.008259214820955537 0.28719244693761026 3.3668398710587684 2.837520760370898
-0.0005862607397922621 0.573353254209408 3.4539287857588 1.1112616836029279
0.005328844464391804 0.39149710471825433 3.503788399442613 2.2453722917359875
-0.003439849378087648 0.4401468385536748 3.5692184350005944 1.3545369478183669
0.005013826362448345 0.2539664664044438 3.0507958775866206 1.0663059620321345
0.0030218988938515608 0.3434149493359291 3.2979134412499675 2.9161213532960666
0.004168366137035422 0.590269725026247 3.4820693907538987 1.039121440361265
-0.0036006745014599394 0.11891199329732843 3.16063264329917 2.9894720842363665
0.007316673696331154 0.19616931547220834 3.541086571980987 1.800638339826192
-0.009398214316620954 0.03784349211638938 3.2878277042428223 2.595600927630058
-0.005123752383585507 0.16976318245990196 3.086692948594967 2.931547764918139
-0.001526589068419082 0.6883440836477146 3.3417229766719845 2.7890410938043577
-0.005482969066865656 0.1326730851834749 3.2791392289322867 2.5354520610811964
0.006571405647135091 0.0984716477081099 3.4523652253492814 2.913443607511408
-0.007378416351139522 0.5347737661027935 3.47698004884662 2.792824672546757
0.0038213936144933405 0.25427708445292097 3.1238252316003887 2.7380251467594903
-0.005149242522013708 0.3848983208335528 3.2753901825608396 1.6572352051826713
0.007834932498706577 0.013791236207834734 3.4146081412317715 1.9687541845574725
0.008608896013933593 0.3028720935855046 3.423677849519534 2.1655807833179423
0.008515559810694177 0.3064241682716696 3.427103093443102 2.1590258216981497
0.004991909122607075 0.6328616110903429 3.472180110841575 2.355331291039212
-0.00475205286271019 0.01565788471394869 2.9769148724031966 1.652080889667909
-0.0013759624787169193 0.10123775396097545 3.044837089409358 2.4890229797445143
-0.008732588427756663 0.6557470873125892 3.4729943773169585 2.3266119752376264
0.006671020246032826 0.6865405046776312 3.391204165158299 2.768308208227909
0.0036716214608957286 0.42561198306059733 3.11061875413772 1.6833167657610728
0.008965655791549869 0.2878223999150903 3.439766249387382 2.9781061275043057
0.007555355181562161 0.673185390839953 3.2658954012872856 1.5727987355731252
0.009187921804372851 0.29306951887337296 3.4364914654380048 2.9940463939439157
-0.008723812810552702 0.6337962841261877 2.9898800174609685 1.1864359708941854
-0.006642860903891184 0.6948182544096693 3.092607408743442 1.060271531079796
-0.001912012771430536 0.15636183303023454 3.39226383704239 2.819581649139387
0.0029274061786517926 0.5390683513420513 3.5257982057586443 2.6177801203667004
-0.008131821147514758 0.0948858280037326 3.406676566540353 2.6651578615494227
-0.005746915801707306 0.6998044122064083 3.5661453658741085 1.0511177661643698
0.006599714171387971 0.39966616911097497 2.9776489386182954 1.1891463998192375
-0.00255875253734701 0.5964525656797235 3.473329792060845 1.685954937262478
0.00864700333953219 0.6890459728292992 3.095816097214885 2.1132303985831453
-0.003968596733694307 0.4541481350701896 3.571199120541306 1.3307121929857464
-0.008857910479942818 0.027727536521632457 3.0001468086777034 2.0252417282084862
0.0030888451541151137 0.034760934574075114 3.1820837719617043 2.103533144988592
0.003676106678407786 0.30692526239981277 3.3082741449245057 1.0854656627248291
-0.008018418975873376 0.3290206554744068 3.5285428893700375 1.008175757715572
0.003659139590256006 0.3595996341683876 3.2792507913048103 1.0934050082145514
-0.00781966409514838 0.4299170579957384 3.1734688580370287 1.6818415534938536
0.005713166065275803 0.5364873354699509 3.41853908372846 1.092218122577513
-0.0034788467862938797 0.021513558157132098 3.398748455617364 1.6147656872574716
-0.009182933395034464 0.21957854949873762 3.3780608600447968 2.6160290871946357
-0.008713005593925346 0.5597856113610801 2.96977827913775 1.2126411080996362
0.0032657680383748815 0.03028480752046625 3.2553276541964364 2.941188415839614
-0.009566190645992971 0.030434469327423885 3.3563060079433593 2.4495238713558765
0.008343143000731228 0.6326773844290492 3.3605748385850083 1.1477285996358746
-0.00170904761988039 0.6622973125134215 3.3311213098956527 2.6140742805330417
-0.008707726699294635 0.4244910614842968 3.191372482278101 1.4582952077393787
-0.004999699037549765 0.686256134956283 3.539128183254252 1.1600659095249897
-0.008222907652128436 0.14974081810165987 3.490318100060317 1.0189669710132447
0.004133119771496269 0.5918765907916812 3.4822718192443136 1.0408069185495865
0.003971362861433457 0.42401182493617867 3.1032340143586428 1.6706760662143705
-0.0030422279407463257 0.15723860794746863 3.1877090693542423 1.6892579290431013
-0.008499276329106938 0.653110236416003 3.5096294416103517 1.1024732906189312
-0.0005582973638640111 0.21502636276138834 3.3438625148935786 1.9363289978608131
0.0011426015618272538 0.6219809438500262 3.499197659736075 2.522625393866524
0.006473357627281979 0.4038900503925129 2.9833939232623736 1.2135925558675658
0.008251777345374064 0.2701244600146784 3.4180376027732158 2.8184454224438853
-0.00023851285779138802 0.6924873944809031 3.536540874491914 1.1443380133269254
-0.008384986942212007 0.1067680331474816 3.0986239687711388 2.688071092538143
0.006489222864966924 0.34141511038562117 3.383031302923899 1.1914479148463615
0.0002499160648666827 0.4558196673060476 3.2987677826875372 1.8352854630801145
-0.00019436037783158435 0.632091184782875 3.4517484928316686 1.2922221727298917
-0.005021668806642258 0.2812986557475721 3.00357050045349 1.3423184718410952
-0.004184260538081549 0.010284969670737554 3.3923684420336824 1.6329638071433672
0.008630704809623737 0.4449852667815639 3.166276829750162 1.0046970910425002
-0.005113945088280325 0.4392684642982619 3.0930139568847186 2.150509088092747
-0.007289073812983786 0.6802259118127651 3.5358473584863206 2.695715543309319
0.006465211167263628 0.3146353666296606 3.54804911005427 2.040096530157822
-0.006748619735039448 0.12124292974658624 3.4369558782084195 2.574472160967324
0.007524765056074337 0.044782779022243646 3.4143155829659686 1.9767082409083803
0.001681721661030638 0.34623188489914847 3.4460841913257054 1.8430452467360796
-0.008019425227509216 0.3360144426678432 3.216086508253589 1.1007899696736712
0.004907572281389411 0.24851465530664474 3.5372505305671367 2.0700761589934373
-0.003569042478116075 0.26102037168611336 3.2967818130357838 1.8147830193325682
-0.004850990614611384 0.0034408420533419415 3.468856297385315 2.164491059334857
0.003124051938716452 0.6899337223711912 3.452580000277384 2.8241202297845454
0.009135305704965534 0.20496315372832818 3.5172066709257166 2.6293351812629635
-0.00241796618696504 0.5248068683712885 3.5654622425141618 2.6739558924995874
0.00920649257288622 0.39717652239640194 3.002292321569522 1.0662101747859882
0.004354430220975492 0.41172187025415713 3.4388902801412096 2.8732929578127067
0.00011027199576815489 0.6751714136083907 3.3719608053050414 2.8672235794677903
-0.0017085510661329698 0.45819173207402875 3.0714282168353098 2.040038604071876
-0.004159256044417529 0.23884092244580213 3.0243616690417863 1.459887454281052
0.003784156994684342 0.5919452430189628 3.470891261555112 1.085785855318069
0.002797570732195837 0.006880597495681262 3.226975564562981 2.8458091457230843
0.0019062832901206171 0.20969539518439959 3.176801095244727 1.1093993353495932
0.006405831846272769 0.379934676218737 3.407396801027302 2.0871262793087317
-0.004229705158326595 0.35083556659844584 3.499348720212179 1.5578046015349019
0.004210950841575962 0.6339402543210945 3.5111020680740643 2.723327885834503
0.002117929143744382 0.05729362833782936 3.1246609415313213 1.1316562639526058
0.009629617193866102 0.44952701338696843 3.1820965506493524 1.0226739562314646
0.008381784650507521 0.4488469147998229 3.1855263367012725 2.676260047880383
-0.004808444567670567 0.01013557680799615 2.972837177558279 1.6422536573799071
-0.0016736007492349865 0.449042251731775 3.5304591890824266 2.794105027712644
0.007090116344192078 0.24482406328621967 3.3076201519809407 2.6841673579807828
-0.0033460942526734585 0.03600399342643279 3.438906390043546 1.6515107572962
0.0023702310919795195 0.6929536513586375 3.515350605292569 1.17627147289399
0.007096701360699001 0.38903892531822865 3.4583889805919847 2.2568275180034
-0.006801966923957995 0.3519100498878539 3.56733173117018 1.6006480413754953
-0.0058479605768914245 0.5545563597175568 3.417240316573776 2.4934614349854334
-0.0043738471841175885 0.43557168849540073 3.2837593109588847 1.6096554884608807
-0.0008552073762105941 0.6072417177025415 3.5013035238551633 2.389478932231362
0.009796336579627708 0.42294334662674105 3.2102925286528943 1.0474336155413708
-0.009096347903791968 0.3414734387677139 3.2790608993767325 1.0860556774717904
-0.004535983068353863 0.1757825289788879 3.071638798243846 1.00284296163191
0.00798192480508918 0.23062878032607734 3.239286215618791 2.664639195985715
-0.005220003410063139 0.053413862094174425 3.0922054817101383 2.876658329061509
0.006305493982367256 0.6735041000962291 3.386598020646552 2.6775770752865866
4.831914813972077e-05 0.5008053842062827 3.531938886537758 2.2956657585023956
0.0071569213534988015 0.22177857637788959 3.3213810570665347 2.9361530015957022
-0.009943431991645007 0.009316085515450157 3.385484605098955 1.3326834940413201
-0.008561363261924648 0.20462468919293442 3.371108541920311 1.7024727924274308
-0.002794918479960917 0.14670393270300924 3.40384645902773 2.843300527355139
0.004501590229424847 0.6308803217144583 3.415962656987942 1.168013650517159
0.007072449825245922 0.5473632266686098 3.2097054410873325 2.942711186541785
-0.0021179427600932057 0.17082610866645453 3.392967533424176 2.9402093946788983
0.00036055315790055505 0.5058596575338631 3.5623321663330834 1.5787459837071935
-0.0024134868201376508 0.5964261091630414 3.5158051585549495 1.900050253694215
0.00528986295988668 0.5596192639682507 3.4353489524886873 2.9217809466607134
-0.0009081133196451156 0.38325244978340695 3.370466346234742 2.0966757741802047
0.0038474390560203024 0.20787699971518203 3.1692296343940662 1.1605529807788233
-0.008227039442736096 0.6587495425203999 3.4875984627389647 2.2977730065961124
0.007623624537046483 0.005240039025980803 3.4581793498396727 2.7287372813915955
0.008959284092364125 0.3382124502638455 3.4325731355664333 2.1273544038408256
0.0033804369071178484 0.030005571181172752 3.187754976791932 2.104092499655768
-0.0001142908665627421 0.4879317149750159 3.0397923526624773 1.6722728747183337
-0.005059275338363641 0.5153706025119456 3.343046121405733 2.185610450392272
0.006357377473099516 0.1436284420667213 3.551636518868173 2.259560663873189
-0.004589214175933738 0.020711835272244933 2.9756239124423454 1.6207377943514616
-0.0007754636283799242 0.08620014481293697 3.4285403223057163 2.8188659441341666
-0.009034125360330412 0.6927431325105842 3.488657618469998 2.766682853833771
0.0011133173300318126 0.6563776930685601 3.4478602789259805 1.0858448760650299
0.00041516880436046934 0.43884191379484655 3.317596008081956 2.161356301016972
0.007928319023461229 0.27260807749192256 3.462737122909447 1.531529305021565
0.004943971429343612 0.14148347858881805 3.1062161635284955 2.396757575231078
-0.0034946685972900723 0.24680466729984993 3.030076342658754 1.4084393343964638
0.0029568652948131135 0.26539259527032233 3.487620099335946 1.6553533923466839
0.003676106678407786 0.30692526239981277 3.3082741449245057 1.0854656627248291
0.008032729508637967 0.06719449059256072 3.509610901144395 2.4098505745241154
-0.008407013979877608 0.6185413730883664 3.0198508050436943 1.0865781269941535
0.0026189837154786573 0.028860395512356918 3.0457507344972212 1.094064404246036
-0.0028667191405503407 0.463468178345461 3.5252761572545204 2.760995721298148
-0.002628025363290703 0.2862759714438777 3.274831018922727 1.2058790611878953
0.007344694465978105 0.0415826275399542 3.343732618004879 1.7967891417152295
0.0021887921432395584 0.5547964352360378 3.552199005026356 2.6385417140243606
0.007833035966006166 0.6010597762300007 3.405965351513815 1.3327722233926216
-0.004649041609902644 0.6658002235020066 3.5572170142160315 2.8829801780280055
-0.007050430082161072 0.0416381009892407 3.355667028740299 1.1414345594988506
0.006457131480785137 0.1343888574810731 3.3159979018955106 2.9870998813650704
0.006313780334806656 0.34352510833514804 3.3785914562136465 1.1973414571604262
-0.005888282893673233 0.372230539325859 3.2577140134153764 2.026903902308117
-0.009992651616074006 0.5949752015323991 3.483987396571104 1.8852065156234281
0.009396695493135024 0.5043862103320056 3.5482213663312048 1.4426258742496314
-0.005290540463355607 0.353488305454729 3.467641848337559 1.072846597550345
0.003712527619140364 0.6910117740562683 3.4757477119309876 2.854606795281889
-0.0012882148741939678 0.4165088240365237 3.4626546587635536 2.568417646124687
-0.009156788500565215 0.01790389298020245 2.986506119626487 2.0097028723612906
-0.000956813534383884 0.0033723738449444873 3.0894594669825635 1.0656925443350223
0.0022824807358614993 0.18872884868380463 3.474306172465115 2.2362323028694657
-0.00642572881946041 0.04879245113414804 3.38569510688786 2.8852805691342507
-0.005690953608845786 0.26630564413981417 3.4296667599664814 1.8994749975556364
0.002771682742419193 0.017796406750327676 3.2541819671994765 2.860725963043527
-0.006914709207517191 0.3739965728396418 3.2974390949308248 1.9369121169598091
-0.004272361739118603 0.015786731124727782 3.458988184233463 1.6791404032134223
-0.005920127937976321 0.24565504570288596 3.563238707908259 1.7315039368872644
4.50869603939065e-05 0.565000566394308 3.3981523115811507 1.6938005396499596
-0.0062768537777738035 0.1315937212073583 3.3713290248076886 2.704472253578275
0.008679361399220549 0.6728601744868294 3.0868129617287514 2.0409776164647973
0.008758936548906504 0.20064595540033758 3.255140601340564 2.7450984410858705
0.005707149658290142 0.20705464705516513 3.3389329165830426 2.6039123702571323
0.007293997347605883 0.2320424929686213 3.3187003235620476 2.947534949271818
-0.006485311096862373 0.48997666884103225 3.3612637181770237 1.8031641723200085
0.0016196400838442721 0.5963854157346001 3.4370741586672313 1.4636412333552211
0.00703257097826609 0.6317585984579459 3.151039480577729 2.1411300349426337
0.0005410021705529984 0.08042788613249563 3.201603318140449 2.0130798904025857
-0.008787661922949257 0.3289631900670285 3.531325033224861 1.4920132438659546
-0.008728071648464003 0.4664610132357004 3.3388581779224604 1.0425527697353552
-0.00979717279504279 0.09467067159553191 3.1040079462313868 1.684615989383698
-0.0075140183857517525 0.5255110900482317 3.3631641705009687 1.7654129308140956
-0.0018842450657744255 0.4632516110826758 3.4238566425047297 1.6732821109986284
-0.0034831405075649944 0.1698820870289771 3.5397531030253937 1.7801651468291246
-0.004334346810560931 0.6389358554650264 3.315453463399928 2.244521280740968
0.008333884457794084 0.221124302313557 3.271178734544861 2.743107446166163
0.006296627576359454 0.16435040503018183 3.5043325604827253 2.3777954397062806
-0.009074033274888925 0.33003852660785665 3.5566478621803284 1.2021104117542913
0.006448422354042577 0.6937307850115266 3.473904893835652 1.0790850651205648
-0.005006915318471042 0.2745137130541768 3.097054620157566 1.2110887102972008
0.007404432878040209 0.6010568655619547 3.4034212648329563 2.8477808269143474
0.0003837073789223519 0.31568330336989137 3.0923945572903158 1.4515606096749365
0.004133119771496269 0.5918765907916812 3.4822718192443136 1.0408069185495865
0.002969622053930846 0.5804612678646266 3.45488403097345 1.1750491047286917
0.0035042969561488997 0.604286767124365 3.4143255018344574 2.8248844983882297
0.009496849394861628 0.2414440633689811 3.4027756147591663 2.969720895816719
0.008475881879204238 0.6324738451878984 3.4736022324948204 2.0827228245947955
0.0032152962359846098 0.021392848919428054 3.078408183808225 1.0696931084035133
-0.009919103745341983 0.6107524893045214 3.550999952872473 2.0507521850192645
0.006162191856179687 0.011068783951515448 3.3466263603582855 2.8448369491514107
-0.009956331299252576 0.5767127054149754 3.4814687220831737 1.0812860717281458
0.0021138944877453275 0.10573369343519032 3.1275799886332076 1.4286308928042741
0.0054925730410022655 0.05016757051079701 3.0298301554906244 2.507406692472434
-0.0014509791319283465 0.022825800867245283 3.1360609528286405 1.881290287494262
0.0008265816566442594 0.08089315028261829 3.161441676396718 2.2260787228199526
-0.0010559875459524451 0.5806644930602622 3.5569556468717285 2.6752331696167366
0.002457077653072205 0.0004849698279584258 3.139770003153895 2.948078091592107
0.009323483437426715 0.24137397209763967 3.4018692550378957 2.9510829894140516
0.00714810848444993 0.30208035709536146 2.970276448154998 1.1328251521640391
-0.0006391316123239132 0.1018004584905551 3.086017292691245 2.269084447712759
-0.009375831061757047 0.42659048559045604 3.1794643176091744 1.402332750121342
0.0029294014273081232 0.10095520060988267 3.4404422312239378 1.51608476774601
-0.00481750727495082 0.36544210475437006 3.3384842534163686 2.063279564117724
0.002737508955231041 0.6986907298772027 3.516709131299785 1.1956298918734691
0.0007122791115244916 0.08638309574016567 3.2122866245650106 2.046596686315432
0.004132441177053461 0.590193016507647 3.4826067856663467 1.0381911419314709
0.001244636580230116 0.11208833104279647 3.413918091279147 1.6644122772722376
-0.00843311067216523 0.3034337692313465 3.530834376223996 1.596607482799794
-0.003844597852864894 0.2272620364518867 3.2575432981777954 1.5939168392588299
-0.00793023714551988 0.005462618738213965 2.9848846854871276 1.7807722868815996
0.00482649783797617 0.19745340805599948 3.448223960418574 2.8963564457660977
0.00760319642778527 0.05428924512500005 3.361211755834268 2.945937699133655
0.00045585387389335524 0.5348597387010827 3.029038184239057 1.7419968145692357
0.005401392005600858 0.6803708637264556 3.4731692109520504 1.0630529603379137
0.005009782255120797 0.6254417659574008 3.553795413638636 2.888037104144702
-0.003624129559435688 0.12591697830929738 3.1630271515879 2.968353235842915
0.00026242185658844307 0.23329814757459832 3.485194281513812 2.574417051930964
0.007586865592469145 0.15129703649951762 3.333415539871196 1.4424666191410043
-0.002735106804050447 0.008171068646889434 2.992521308022459 2.3742740343461066
-0.002199323430140565 0.26987169657217236 3.5377040400224873 1.75489308473532
0.004835568656245706 0.26469845562645206 3.4558992515496505 1.1692602793618183
0.0012600877399201295 0.010974073694049125 3.0842762512079696 2.12604830664592
0.00020817800558304092 0.34792864188351813 3.1358054005409755 2.1682570324586314
-0.009443332583505267 0.5456572307455811 3.432391738954593 2.7763547678668132
0.005254500495932175 0.1759128940016686 3.1194690967843033 2.5837683628387826
0.009885739959345068 0.41361676057612806 3.1701008127548915 1.078753466370315
0.00025247963582751727 0.11045054574343216 3.272643537614729 1.97134660286856
0.007580557671608038 0.0632447614620251 3.3746465780317103 2.8245019579334634
-0.007901658010883689 0.06003061162034995 3.015132708456386 1.964380532641397
-0.009466190916124216 0.13891080995942792 3.130738767751106 1.7087699493976802
-0.001863997598275618 0.2783692824869756 3.5656537637015817 1.6782915619650756
-0.0013391045382810472 0.06710388332914585 3.524068380418022 1.2768618891275787
-0.004992328853914241 0.5121888232715749 3.3427855377795677 2.1945838914037883
0.006638275574809971 0.12921508371205587 3.5636947655493807 1.809174810111812
-0.009096719236761391 0.32263519580735134 3.2799131370454293 1.0630004062210476
-0.004992328853914241 0.5121888232715749 3.3427855377795677 2.1945838914037883
-0.003723701842671286 0.010505977188855764 3.3938222994845026 1.0634558008507349
-0.0021560822925235966 0.15459422900319536 3.3996538979348054 2.77533041856508
-0.007440049987012111 0.44427209872685547 3.183134910222019 1.7237867012028292
-0.008713005593925346 0.5597856113610801 2.96977827913775 1.2126411080996362
-5.2344231075569445e-05 0.5986570972741139 3.5618790746083544 2.599625298224677
0.002271742035938596 0.15305405767852528 3.2027829831416987 1.0862602001920167
0.0019724798107420517 0.6986845854179665 3.493504837976002 2.9665623145733777
0.009210616079604036 0.6770059763252372 3.402564065847953 1.1377087878774308
0.00442997193398434 0.604208398895048 3.4684983721683404 1.5993243999004103
0.008693022746795186 0.43418848137803967 3.4924947118013203 1.2434613332106113
0.0051375430798916225 0.40767073651487296 3.488803654422764 2.2856970263651952
-0.005980017062357349 0.22733828288861346 3.552651182668098 1.8708780939739154
-0.0037784303659503847 0.0187548564475441 2.970865041498386 1.7501562615396744
0.0064624643313053775 0.16445801770942692 3.34910940936356 2.725758486039135
0.00620573247573847 0.40122311595320603 3.0003089186610303 1.2448021739329245
