10.000000 0.000000 0.000000 0.000000 0.000000 0.000000 0.000000 0.000000
10.139395 0.000000 0.000000 0.000000 0.000000 0.000000 0.000000 0.000000
10.280732 0.000000 0.000000 0.000000 0.000000 0.000000 0.000000 0.000000
10.424040 0.000000 0.000000 0.000000 0.000000 0.000000 0.000000 0.000000
10.569346 0.000000 0.000000 0.000000 0.000000 0.000000 0.000000 0.000000
10.716676 0.000000 0.000000 0.000000 0.000000 0.000000 0.000000 0.000000
10.866061 0.000000 0.000000 0.000000 0.000000 0.000000 0.000000 0.000000
11.017528 0.000000 0.000000 0.000000 0.000000 0.000000 0.000000 0.000000
11.171107 0.000000 0.000000 0.000000 0.000000 0.000000 0.000000 0.000000
11.326826 0.000000 0.000000 0.000000 0.000000 0.000000 0.000000 0.000000
11.484715 0.000000 0.000000 0.000000 0.000000 0.000000 0.000000 0.000000
11.644806 0.000000 0.000000 0.000000 0.000000 0.000000 0.000000 0.000000
11.807128 0.000000 0.000000 0.000000 0.000000 0.000000 0.000000 0.000000
11.971713 0.000000 0.000000 0.000000 0.000000 0.000000 0.000000 0.000000
12.138593 0.000000 0.000000 0.000000 0.000000 0.000000 0.000000 0.000000
12.307798 0.000000 0.000000 0.000000 0.000000 0.000000 0.000000 0.000000
12.479362 0.000000 0.000000 0.000000 0.000000 0.000000 0.000000 0.000000
12.653318 0.000000 0.000000 0.000000 0.000000 0.000000 0.000000 0.000000
12.829698 0.000000 0.000000 0.000000 0.000000 0.000000 0.000000 0.000000
13.008537 0.000000 0.000000 0.000000 0.000000 0.000000 0.000000 0.000000
13.189869 0.000000 0.000000 0.000000 0.000000 0.000000 0.000000 0.000000
13.373729 0.000000 0.000000 0.000000 0.000000 0.000000 0.000000 0.000000
13.560151 0.000000 0.000000 0.000000 0.000000 0.000000 0.000000 0.000000
13.749172 0.000000 0.000000 0.000000 0.000000 0.000000 0.000000 0.000000
13.940828 0.000000 0.000000 0.000000 0.000000 0.000000 0.000000 0.000000
14.135156 0.000000 0.000000 0.000000 0.000000 0.000000 0.000000 0.000000
14.332192 0.000000 0.000000 0.000000 0.000000 0.000000 0.000000 0.000000
14.531975 0.000000 0.000000 0.000000 0.000000 0.000000 0.000000 0.000000
14.734543 0.000000 0.000000 0.000000 0.000000 0.000000 0.000000 0.000000
14.939935 0.000000 0.000000 0.000000 0.000000 0.000000 0.000000 0.000000
15.148189 0.000000 0.000000 0.000000 0.000000 0.000000 0.000000 0.000000
15.359347 0.000000 0.000000 0.000000 0.000000 0.000000 0.000000 0.000000
15.573448 0.000000 0.000000 0.000000 0.000000 0.000000 0.000000 0.000000
15.790533 0.000000 0.000000 0.000000 0.000000 0.000000 0.000000 0.000000
16.010645 0.000000 0.000000 0.000000 0.000000 0.000000 0.000000 0.000000
16.233824 0.000000 0.000000 0.000000 0.000000 0.000000 0.000000 0.000000
16.460115 0.000000 0.000000 0.000000 0.000000 0.000000 0.000000 0.000000
16.689560 0.000000 0.000000 0.000000 0.000000 0.000000 0.000000 0.000000
16.922204 0.000000 0.000000 0.000000 0.000000 0.000000 0.000000 0.000000
17.158090 0.000000 0.000000 0.000000 0.000000 0.000000 0.000000 0.000000
17.397264 0.000000 0.000000 0.000000 0.000000 0.000000 0.000000 0.000000
17.639773 0.000000 0.000000 0.000000 0.000000 0.000000 0.000000 0.000000
17.885662 0.000000 0.000000 0.000000 0.000000 0.000000 0.000000 0.000000
18.134978 0.000000 0.000000 0.000000 0.000000 0.000000 0.000000 0.000000
18.387770 0.000000 0.000000 0.000000 0.000000 0.000000 0.000000 0.000000
18.644085 0.000000 0.000000 0.000000 0.000000 0.000000 0.000000 0.000000
18.903974 495.972150 211.741159 921.326969 113.450865 1233.791300 93.821214 1485.061567
19.167485 495.089303 211.969151 917.718752 113.680383 1227.760042 94.054076 1476.667127
19.434669 494.192539 212.200072 913.798612 113.912627 1220.605845 94.289596 1468.106667
19.705578 493.281611 212.433956 909.643174 114.147626 1213.308853 94.527801 1459.375611
19.980263 492.387542 212.681992 905.614911 114.397052 1206.328425 94.779514 1451.010396
20.258777 491.484034 212.934856 901.542836 114.651136 1199.278877 95.035664 1442.560416
20.541173 490.566233 213.190939 897.395133 114.908189 1192.088499 95.294683 1433.941808
20.827506 490.041209 213.450278 893.902543 115.168239 1184.753336 95.556595 1425.149846
21.117830 489.610498 213.831278 890.489648 115.443461 1177.683792 95.834404 1416.664874
21.412202 488.571614 214.240761 887.050017 115.726104 1170.618522 96.119810 1408.180822
21.710676 487.290342 214.655155 883.294755 116.011985 1163.410960 96.408331 1399.525996
22.013311 486.262557 215.074510 879.593009 116.301133 1156.057048 96.699994 1390.695534
22.320165 485.315328 215.477670 876.331292 116.605538 1148.910674 97.008809 1382.104562
22.631296 484.038526 215.642289 872.748957 116.920984 1143.558186 97.329818 1373.608667
22.946764 483.089268 215.809075 868.900792 117.239961 1138.466773 97.654223 1364.940352
23.266629 482.124870 215.978055 864.981507 117.562501 1133.281034 97.982054 1356.094634
23.590953 480.935297 216.154511 862.008408 117.899687 1128.148519 98.326823 1347.412522
23.919798 479.853221 216.517919 858.393752 118.252473 1122.331158 98.689655 1338.927573
24.253227 479.267297 216.871918 854.713101 118.609105 1115.633248 99.056187 1330.269093
24.591304 478.293220 217.230261 850.964890 118.969616 1110.780820 99.426449 1321.431995
24.934094 477.323538 217.601195 847.221397 119.343413 1106.329535 99.812088 1312.674676
25.281661 476.375214 218.162411 843.796553 119.738422 1099.967641 100.222883 1304.223803
25.634074 475.411741 218.748658 840.741988 120.137610 1093.084051 100.637693 1295.598849
25.991399 474.918981 219.341477 837.633472 120.541014 1086.059962 101.056547 1286.794645
26.353705 475.356571 219.948472 834.514697 120.955502 1079.022496 101.487956 1277.979079
26.721062 475.781984 220.588408 830.479556 121.398032 1072.299531 101.952909 1269.585512
27.093539 476.212939 221.235374 825.650533 121.845090 1065.439539 102.422188 1261.017902
27.471208 475.819067 221.889433 820.793758 122.296711 1060.040587 102.895824 1252.271017
27.854142 474.695799 222.554164 816.888169 122.756247 1054.987041 103.377930 1243.415124
28.242413 473.622500 223.259756 813.355751 123.252091 1049.770731 103.903425 1235.101950
28.636097 472.531751 223.972914 809.336699 123.752819 1044.164045 104.433545 1226.615371
29.035269 471.785057 224.693701 805.454540 124.258467 1038.448297 104.968322 1217.950119
29.440005 470.509338 225.420453 801.499067 124.769071 1032.620574 105.507785 1209.100675
29.850382 469.246039 226.145082 797.746527 125.323240 1027.166428 106.098904 1200.862605
30.266481 469.493396 226.878773 793.933533 125.884012 1021.624038 106.696583 1192.480362
30.688379 469.356054 227.508485 790.048599 126.450063 1015.840108 107.299194 1183.920683
31.116158 468.259094 228.127084 786.089908 127.046338 1010.211969 107.906770 1175.178032
31.549901 468.100358 228.788689 782.315745 127.751605 1004.771048 108.565157 1166.956344
31.989689 466.376745 229.464649 778.521730 128.502479 999.889254 109.237628 1158.701107
32.435608 465.772132 230.098776 774.655857 129.259367 995.107190 109.915273 1150.270307
32.887743 464.293545 230.656469 771.048813 130.022307 990.234888 110.598125 1142.633752
33.346180 463.029398 231.226636 767.695231 130.837139 985.535965 111.329898 1136.082827
33.811008 461.359773 231.805843 764.360662 131.677148 980.859901 112.085075 1129.569175
34.282315 460.764956 232.391650 760.964692 132.523430 976.095784 112.845619 1122.926149
34.760192 459.992840 233.025046 757.505840 133.376026 971.241399 113.611566 1116.150156
35.244730 458.854834 233.588299 754.148091 134.277567 966.522898 114.423292 1109.575193
35.736022 458.238170 234.202966 750.751257 135.216631 960.513419 115.269935 1103.118331
36.234163 457.289536 234.824559 747.491951 136.162173 954.118697 116.122077 1096.532644
36.739248 456.263203 235.453141 744.071178 137.114238 948.437925 116.979760 1089.814525
37.251373 456.007691 236.093301 740.720566 138.110521 941.224301 117.878495 1083.230287
37.770637 455.256790 236.760497 737.474194 139.159637 935.096773 118.826350 1076.849288
38.297139 454.766109 237.406366 734.296520 140.215362 929.148879 119.779759 1070.340500
38.830980 454.268047 238.073865 730.800270 141.277749 923.825512 120.738771 1063.700321
39.372263 453.461795 238.753599 727.284397 142.377412 918.572538 121.732139 1057.122099
39.921091 452.546286 239.451182 723.752212 143.548840 913.595411 122.792201 1050.835588
40.477570 452.720633 240.156419 719.588516 144.726918 908.521066 123.857776 1044.422814
41.041805 452.486548 240.869379 715.979532 145.911705 901.924791 124.928926 1037.880194
41.613906 451.473966 241.595036 712.536428 147.124007 895.229276 126.025241 1031.323730
42.193981 451.323992 242.732962 708.801178 148.431285 889.231810 127.210190 1025.149755
42.782142 451.171876 243.808110 703.978098 149.745133 884.642502 128.400491 1018.851520
43.378502 451.017588 244.893425 700.945411 151.065630 878.939618 129.596223 1012.425487
43.983175 450.664570 245.993920 696.473784 152.400425 872.873217 130.804625 1005.906907
44.596276 449.656460 247.419396 694.030522 153.858582 868.281324 132.128781 999.862845
45.217924 449.554326 248.747987 691.820318 155.323090 863.905893 133.457981 993.696998
45.848238 449.450745 250.219939 688.596745 156.794046 859.446727 134.792328 987.405892
46.487337 449.243436 251.838779 685.094955 158.271549 854.901656 136.131922 980.985900
47.135345 448.569703 253.609318 681.967750 159.887395 850.709985 137.601696 975.044176
47.792386 447.821772 255.392775 679.073733 161.518896 846.471494 139.085227 969.027867
48.458586 447.216101 257.023553 675.500153 163.156482 842.152140 140.573454 962.889314
49.134073 446.523535 258.672677 672.150098 164.800282 835.544935 142.066509 956.624976
49.818975 445.970954 260.460404 670.033520 166.579463 829.431216 143.686919 950.761287
50.513425 444.542880 261.668650 666.870297 168.395909 823.353086 145.341480 944.911016
51.217554 444.430852 263.514742 663.946536 170.217885 817.144071 147.000091 938.941979
51.931499 444.079451 265.373456 660.777279 172.045560 810.799961 148.662930 932.850741
52.655396 443.959488 267.063045 657.792530 174.002040 805.560621 150.446720 927.080148
53.389384 443.600395 268.994376 654.709863 176.023019 799.875915 152.290346 921.411904
54.133603 443.236000 270.708230 650.937351 178.048750 794.070417 154.137158 915.628821
54.888196 442.459948 272.756290 647.027615 180.079453 788.140332 155.987391 909.727590
55.653308 442.381283 274.875489 643.887217 182.227871 782.525159 157.947806 904.065675
56.429085 442.394896 277.055753 640.066288 184.474581 777.167508 159.999855 898.595166
57.215676 442.314272 278.599283 637.086435 186.482282 771.697197 162.053981 893.014185
58.013231 442.062877 279.275831 633.405252 188.436752 767.434646 164.110491 887.319569
58.821904 442.003635 280.675891 630.960488 190.475211 763.892342 166.261248 881.782571
59.641849 442.556495 282.252444 628.582373 192.628678 760.562765 168.542435 876.525558
60.473224 443.027244 284.477807 625.544998 194.787858 755.697648 170.824321 871.162875
61.316188 443.683302 286.716555 623.530951 196.952968 751.211567 173.107306 865.691523
62.170903 444.291391 289.091435 620.767019 199.184088 748.269786 175.462617 860.296527
63.037532 444.779542 291.442769 618.275212 201.570386 745.505271 177.995184 855.269254
63.916241 445.924237 294.013937 615.522163 203.961444 742.691714 180.526782 850.141550
64.807198 447.106257 296.252807 613.346123 206.357548 739.828013 183.057926 844.910596
65.710575 447.605290 298.340969 611.462333 209.023011 736.966078 185.632481 839.675774
66.626545 448.485748 300.013993 609.805000 212.025217 734.343045 188.439941 834.895474
67.555283 448.613108 301.700865 607.433568 215.026479 731.673848 191.244460 830.020431
68.496967 449.419850 304.320518 605.375376 218.027400 728.065033 194.046693 825.048022
69.451778 450.416978 306.735835 604.093304 221.037057 723.309290 196.855507 819.992910
70.419898 450.802501 308.849702 603.214328 224.355390 719.217435 199.961619 815.478381
71.401513 451.193062 311.473469 601.731967 227.670604 715.044634 203.062525 810.875260
72.396811 452.429671 314.554458 599.989668 230.983453 710.788656 206.159040 806.181139
73.405984 453.914859 316.784886 597.721603 234.294661 706.447174 209.251939 801.393512
74.429223 454.872226 319.836295 596.448434 237.918314 702.703290 212.644979 797.099166
75.466726 456.078093 322.925181 594.837521 241.467362 700.322752 216.065225 792.789412
76.518692 457.297522 325.327288 593.288016 244.757710 697.498677 219.478734 788.395528
77.585321 458.882002 327.899476 591.558109 248.049365 693.484148 222.886457 783.915251
78.666818 460.121710 330.680585 590.178610 251.542314 689.515848 226.571970 779.848178
79.763391 461.526394 333.416417 588.903545 255.106389 685.685829 230.333121 775.855973
80.875249 462.738683 336.178590 588.056757 258.866747 683.467382 234.085007 771.787035
82.002606 464.648757 339.289437 587.432419 262.496702 680.823130 237.828769 767.639358
83.145678 466.424851 342.113624 587.444087 266.470691 678.655130 241.818833 763.826810
84.304684 468.146620 345.211214 586.475130 270.394887 676.636922 245.940163 760.179479
85.479845 470.222585 348.716202 585.648076 274.352950 674.584415 250.049596 756.463351
86.671388 472.176503 351.711302 585.347819 278.469137 672.496903 254.148479 752.676691
87.879540 473.800112 355.376927 583.979276 283.075435 670.632567 258.452853 749.148781
89.104533 475.274479 358.319320 584.787471 287.889555 668.988473 262.949815 745.876922
90.346602 478.223376 361.707329 584.994426 292.571693 667.317326 267.432268 742.544735
91.605985 481.194928 365.369502 584.704717 297.144441 665.618599 271.901767 739.150762
92.882923 483.753864 369.074758 585.514529 302.086369 664.534295 276.526917 735.940346
94.177660 486.269064 372.941039 586.101770 307.305244 663.972018 281.408409 734.130826
95.490446 488.105615 377.152511 586.362026 312.507893 663.401418 286.255408 732.807503
96.821531 490.104642 380.981364 586.532406 317.696088 662.822361 290.965917 730.716208
98.171170 493.553139 384.913227 588.112162 322.329775 662.315157 295.773275 727.650687
99.539623 496.401032 389.461651 588.925148 327.897062 661.756063 300.887645 725.130283
100.927151 499.772993 393.949800 589.941866 333.165661 661.113362 305.986039 722.565770
102.334021 502.824658 398.106492 591.200792 338.107091 661.072819 311.070196 719.956182
103.760502 505.495648 402.448859 591.883430 343.091616 660.306622 316.193540 717.394028
105.206867 508.921536 407.262938 593.342335 348.408253 660.445956 321.674853 715.468111
106.673394 511.951958 411.958583 593.893637 354.115169 660.537655 327.138815 713.510041
108.160363 515.721577 416.555590 595.521069 359.643750 660.453320 332.587303 711.519175
109.668060 519.918416 420.645863 597.588862 364.658654 660.875532 338.022084 709.494853
111.196773 523.752494 425.182184 600.124133 370.024235 661.326827 343.842820 709.158703
112.746796 528.067530 429.759572 601.917193 375.495739 661.712667 348.127863 709.277454
114.318425 532.210366 435.248443 605.068315 381.281121 661.665701 352.350256 709.397839
115.911962 535.672251 440.334931 607.315533 386.923534 662.015183 356.580461 709.519882
117.527712 539.528884 445.375329 609.529870 392.852858 662.847689 361.047824 710.103160
119.165984 543.896608 449.596076 612.320931 398.820570 664.299226 365.557775 710.767331
120.827094 547.307154 454.777210 614.798332 404.891559 665.051799 370.074482 711.440128
122.511358 551.915862 461.019797 617.591691 411.106782 665.861618 374.598549 712.121654
124.219100 556.286456 467.491211 620.471833 417.047035 668.721941 380.706261 713.153489
125.950646 561.217890 473.229845 623.157992 423.130113 672.363771 386.890892 714.322625
127.706330 565.556008 478.694569 626.000306 429.355773 673.951508 393.062390 715.506107
129.486487 569.854143 484.173237 629.092116 435.577373 677.239857 399.222518 716.704091
131.291459 574.146594 489.654298 631.591689 442.013753 679.277326 405.526885 718.143195
133.121590 578.561753 495.673728 636.107889 448.350522 681.477037 411.920378 719.748186
134.977233 582.858574 501.172127 639.336489 454.910506 683.686468 418.303231 721.371903
136.858742 587.645413 506.851955 643.476245 461.195318 686.375008 424.677120 723.014531
138.766479 591.788402 512.103805 647.104767 467.525542 689.381407 431.120347 726.459176
140.700809 596.466490 517.620128 650.704145 473.197184 693.975016 437.640508 730.709096
142.662102 600.615328 524.094117 654.669587 479.035257 697.723410 444.153840 734.337275
144.650734 604.389642 530.094709 658.987865 484.887814 702.500740 450.661862 735.630875
146.667087 609.012508 535.868046 662.859706 491.355758 707.345549 457.182906 736.992605
148.711546 613.742390 541.814069 666.580206 497.819890 710.740163 463.732904 739.929629
150.784505 619.130724 547.682801 671.250564 504.071969 715.855635 470.281070 743.031809
152.886359 624.377581 553.097555 675.967414 510.555649 720.678366 476.828709 746.164063
155.017512 629.787981 559.478642 680.256975 516.541313 723.561647 483.360193 749.326804
157.178372 634.606085 565.730796 684.591038 522.482929 726.289481 489.833239 753.759794
159.369353 639.749214 570.909439 689.328223 528.763253 729.728711 496.310326 758.533433
161.590875 644.234318 577.087373 694.175017 535.120828 734.501298 502.792515 763.343135
163.843365 648.298541 582.112421 698.733398 541.323356 739.399184 508.832034 768.167499
166.127252 652.514123 587.987029 703.427416 547.359769 743.907631 513.958271 772.802679
168.442976 657.757698 593.918294 708.227193 553.413103 748.561244 519.104282 777.474256
170.790980 663.167354 600.285264 713.150626 559.238094 753.250373 524.270456 782.182466
173.171713 667.213002 605.741360 718.377407 564.974238 757.732791 529.457178 786.927545
175.585633 672.599889 611.043099 722.931669 570.617594 762.394953 534.343964 791.345781
178.033202 677.062038 616.075098 727.303993 576.266578 766.835383 539.239708 795.784685
180.514888 682.511711 621.465949 731.648098 581.388223 771.311610 544.158727 800.260326
183.031168 686.894629 627.224879 736.126493 586.674165 775.823865 549.101324 804.772943
185.582523 691.142856 632.547314 740.208327 591.633590 779.978820 553.706737 810.210942
188.169442 695.749014 637.487170 744.382949 594.760462 784.632504 558.263156 815.592564
190.792422 700.243940 642.164544 748.768886 598.653045 789.740519 562.845430 821.013186
193.451965 703.958038 646.268796 752.907423 602.204784 794.151032 567.453799 826.473071
196.148581 707.678257 650.576154 756.379213 605.502851 797.720157 571.727220 831.426763
198.882786 711.665480 655.785693 759.976767 609.946670 801.584875 575.872815 836.185027
201.655104 715.440486 660.572901 763.967146 615.005040 805.386440 580.045946 840.969323
204.466067 719.838953 665.293359 768.153811 620.091792 809.258258 584.246816 844.517903
207.316213 723.117787 669.071682 772.172599 624.782255 812.707225 588.149469 847.738600
210.206088 726.224994 672.480132 775.063348 628.201929 817.014724 591.834468 850.718060
213.136247 729.047456 675.332011 777.912647 631.650368 820.672783 595.547555 853.728434
216.107251 732.208527 679.155601 781.588672 635.127761 824.239793 599.288912 856.769973
219.119669 735.538268 682.172564 784.950408 637.923600 827.508305 602.794327 859.548024
222.174078 738.181076 686.028461 787.603481 640.875633 830.386595 605.992469 861.980587
225.271064 740.862637 688.677094 790.779869 644.107069 833.294856 609.218050 864.440070
228.411221 743.704999 691.274030 793.382990 647.360998 836.233330 612.114442 866.926713
231.595149 746.541595 694.253373 795.987545 649.891009 838.969158 614.645628 869.231723
234.823460 749.006183 696.514160 798.564763 652.526694 841.217655 616.845092 871.099315
238.096772 751.335833 698.780865 800.927127 654.697540 843.491375 619.067238 872.988860
241.415712 753.940933 701.156963 803.421796 657.264440 845.790549 621.312244 874.900579
244.780916 756.368570 704.121905 805.819859 659.695931 847.985221 623.489234 876.717002
248.193029 758.284299 706.144317 807.688907 661.228386 849.562488 625.279702 878.025395
251.652705 760.247232 708.384948 809.549608 662.778585 850.980138 627.089909 879.350038
255.160607 762.398649 710.181241 811.349581 664.921284 852.910670 628.920030 880.691112
258.717408 764.660465 711.652211 813.137924 666.166920 854.604399 630.745447 882.016932
262.323788 766.294533 713.116192 814.364712 667.362403 855.657101 632.148979 882.790382
265.980440 767.839048 714.540713 815.801055 669.096016 856.956215 633.568901 883.965113
269.688063 769.335611 716.415900 816.864105 670.924503 858.209814 635.005374 885.169423
273.447368 770.775095 718.136439 818.020985 672.358805 859.320984 636.062831 886.388849
277.259076 771.695375 719.013035 818.879876 672.316854 859.922518 636.325354 887.074909
281.123917 772.576229 719.529127 819.638288 672.251967 860.488692 636.564875 887.724613
285.042632 773.492434 720.713353 820.286532 673.019220 861.062379 636.807642 888.382887
289.015972 774.117307 721.436030 820.923595 673.839271 861.643673 637.053699 889.049841
293.044698 774.902657 721.489115 821.220830 674.376230 861.838261 637.063998 889.312062
297.129582 775.079769 721.911057 821.685392 674.843970 861.932968 637.012265 889.470350
301.271407 775.605181 722.687580 822.025713 675.317899 862.028985 636.959806 889.630816
305.470967 775.915525 723.581601 822.409413 675.798095 862.126329 636.906612 889.793489
309.729067 776.457412 723.661873 822.833506 676.072650 861.893398 636.684623 889.662537
314.046522 776.794831 723.783228 822.691630 676.416320 861.513207 636.374365 889.379946
318.424160 776.873989 724.317530 822.494720 676.869547 861.127544 636.059628 889.093325
322.862820 776.956346 724.405365 822.295017 677.328782 860.736329 635.740344 888.802613
327.363353 776.914499 724.400030 822.114124 677.634780 860.155175 635.306674 888.308979
331.926620 776.999418 724.073774 821.756596 677.702794 859.404875 634.770979 887.634946
336.553498 776.585890 724.250492 821.355884 676.948671 858.643447 634.227354 886.950995
341.244871 776.404017 724.115579 820.670963 676.353712 857.870715 633.675676 886.256971
346.001639 776.016444 723.779468 819.966404 676.170801 856.973714 633.050950 885.430088
350.824714 775.607304 723.461995 819.198497 675.854442 855.897551 632.321597 884.410748
355.715021 774.980190 723.076238 818.264120 675.533522 854.805003 631.581218 883.375998
360.673495 774.597747 722.467626 817.628182 675.207973 853.695798 630.829631 882.325585
365.701088 774.081900 721.906131 816.759513 674.829372 852.509682 630.033958 881.193164
370.798763 773.506836 721.308142 815.662924 674.318540 851.148011 629.140415 879.870119
375.967497 772.572725 720.682231 814.551913 673.800192 849.765131 628.233119 878.526597
381.208280 771.259187 720.285892 813.356527 673.274210 848.360673 627.311836 877.162246
386.522116 770.429034 719.876123 812.298754 672.720635 846.910385 626.364409 875.749803
391.910025 769.434939 719.471598 811.055617 672.044127 845.299137 625.333342 874.159620
397.373038 768.427979 718.613547 809.786512 671.357493 843.662288 624.286162 872.544311
402.912203 767.451645 718.102575 808.570037 670.851003 841.999373 623.222590 870.903428
408.528580 766.363641 717.484327 807.103206 670.519727 840.653389 622.141431 869.233999
414.223247 765.180180 716.324413 805.662673 670.035395 839.218015 621.769226 867.408200
419.997295 763.730013 715.121055 804.044261 668.398358 837.542321 621.422847 865.553019
425.851829 762.757834 714.278674 802.667412 667.463670 835.676881 621.071441 863.667909
431.787973 761.730850 713.249065 801.192509 666.609095 833.781177 620.714934 861.752311
437.806863 760.528634 712.561393 799.458704 665.917581 831.687495 620.259225 859.727292
443.909653 759.255200 711.672188 797.735143 665.387302 829.745788 619.785093 857.659374
450.097513 757.843972 710.879051 796.289973 664.849200 827.673784 619.303981 855.557527
456.371628 756.542071 709.973283 794.453946 664.303151 825.567587 618.815781 853.421096
462.733201 754.765344 708.852811 792.553357 663.701738 823.394859 617.755114 851.211883
469.183451 753.326737 707.370805 790.720277 662.794802 821.545238 616.510655 848.954079
475.723614 751.941836 705.896332 788.823843 661.129100 819.304709 615.246278 846.658654
482.354943 750.535021 704.743056 786.787726 659.906967 817.003562 613.961619 844.324861
489.078709 748.801466 703.438566 784.713092 659.189759 814.681190 612.687611 841.942190
495.896201 747.065176 701.928198 782.601128 657.623751 812.329980 611.411582 839.513656
502.808725 745.542375 700.866833 780.635798 655.892784 810.199441 610.115042 837.044076
509.817606 743.753182 699.533026 778.658250 654.133012 808.289668 608.797610 834.532610
516.924187 742.076339 697.925814 776.422010 652.815794 806.327149 607.491390 831.985657
524.129830 740.285676 696.694330 774.216231 651.612588 804.722567 606.196610 829.402491
531.435916 738.421644 695.443453 772.245688 650.390339 802.468766 604.880952 826.775077
538.843844 736.615599 693.600922 770.224140 649.148702 800.043996 603.544027 824.102486
546.355035 734.964348 691.745939 768.163506 647.895132 797.348978 602.214288 821.399096
553.970928 732.907747 690.249728 766.000946 646.460825 794.660620 600.912002 818.674977
561.692982 730.988581 688.287961 763.649093 644.951688 791.991238 599.588676 815.903598
569.522678 729.120713 686.740269 761.001904 643.510647 789.142516 598.243915 813.083943
577.461515 727.169361 685.299596 758.287188 642.350140 786.337483 596.898731 810.230871
585.511016 725.222124 683.518272 756.167986 640.744445 783.567154 595.598847 807.377674
593.672722 723.229019 681.784931 753.871438 639.104351 781.116646 594.277941 804.474372
601.948197 721.134372 680.043610 751.505870 637.973727 778.341074 592.935617 801.519864
610.339029 718.975975 678.255516 749.315678 636.846541 775.993760 591.582514 798.523027
618.846824 716.981914 676.445299 746.912727 636.031244 773.618639 590.293809 795.551419
627.473213 714.692940 674.184782 744.639264 634.685235 770.660663 588.984261 792.527012
636.219849 712.673426 672.366303 742.038792 633.298399 767.657201 587.653479 789.448617
645.088409 710.565904 670.684528 739.451479 631.509019 765.210418 586.301063 786.315006
654.080591 708.751678 669.016997 737.095034 630.038580 762.813345 585.029798 783.233358
663.198120 706.654590 667.075359 734.941737 628.335862 760.376560 583.739578 780.098002
672.442742 704.379339 665.576080 732.431869 626.600608 757.897809 582.428454 776.906021
681.816229 702.390238 663.734941 730.045072 624.836244 755.376201 581.096034 773.656100
691.320378 700.418409 661.864716 727.572961 623.287194 752.906120 579.836534 770.458883
700.957009 698.353848 660.089916 725.072537 622.084307 750.409546 578.572783 767.696351
710.727970 696.203880 657.898571 722.797249 620.296238 747.869662 577.288592 764.995025
720.635132 694.202050 656.031789 720.333647 618.472143 745.285535 575.983577 762.246270
730.680395 692.116509 654.041110 717.979598 616.978929 742.511713 574.740993 759.534151
740.865683 689.875282 652.389859 715.247755 615.822202 740.119587 573.510133 756.806700
751.192949 687.510803 650.380118 713.381960 614.647129 737.099311 572.259413 754.031157
761.664172 685.533834 648.215357 710.725882 613.453377 734.207606 570.988462 751.206454
772.281357 683.364866 646.327960 708.472593 611.928487 731.223928 569.767733 748.411797
783.046540 681.054719 644.437791 706.061293 610.085817 728.552110 568.575537 745.622255
793.961785 679.059650 642.737369 703.474190 607.996821 725.247489 567.364165 742.840298
805.029181 676.911632 641.023490 700.799158 605.979954 721.799585 566.133260 740.283937
816.250851 674.621951 638.875868 697.945309 604.005564 718.803688 564.939104 737.738401
827.628946 672.148352 637.215404 694.964832 602.400731 716.543290 563.790733 735.212178
839.165644 669.630943 635.399181 692.357658 600.796977 714.249531 562.460120 732.641846
850.863158 667.068743 633.524294 689.893242 599.345181 711.660458 560.935732 730.026446
862.723729 664.751802 631.551042 687.427182 597.525050 709.324412 559.431622 727.410063
874.749630 662.589868 629.653877 684.988217 595.648589 706.859348 557.992683 724.836558
886.943166 660.255947 627.678881 682.062139 593.739917 704.466381 556.529886 722.217818
899.306672 657.977793 625.464999 679.576314 591.798354 701.524660 555.042763 719.552843
911.842520 655.556285 623.292913 676.991453 590.200536 698.562069 553.559878 716.871353
924.553110 653.272232 621.035033 674.519968 588.399068 695.785511 552.163056 714.259624
937.440879 650.955841 619.111814 672.004751 586.621829 693.017184 550.743145 711.601702
950.508296 648.413980 616.981824 669.444825 585.030776 690.171264 549.299694 708.896554
963.757866 646.239951 614.842407 666.850855 583.320625 687.193451 547.843570 706.155920
977.192128 643.962277 612.714115 664.370927 581.901004 684.616136 546.494733 703.514970
990.813657 641.590932 611.030446 661.796669 580.128737 681.838239 545.123686 700.827046
1004.625062 639.272330 608.999921 659.271182 578.337228 679.232978 543.711225 698.091087
1018.628990 636.809200 606.626345 656.730931 576.087922 676.510263 541.976860 695.305998
1032.828126 634.688625 604.642180 654.371131 574.192612 674.045377 540.351213 692.636335
1047.225190 632.434768 602.835427 651.960339 572.273813 671.781513 538.705149 689.927589
1061.822941 630.243369 600.712042 649.178857 570.183907 669.087287 537.030989 688.146247
1076.624177 627.616901 598.705655 646.712903 568.335480 666.414123 535.328146 686.659652
1091.631734 625.416786 596.467469 644.575129 566.471840 663.963975 533.717108 685.266176
1106.848489 623.158309 594.648352 642.054256 564.610489 661.473852 532.105211 683.856973
1122.277356 620.744570 592.468544 639.619381 563.133368 658.981890 530.465845 681.344681
1137.921294 618.503861 590.255934 637.121533 561.344411 656.350043 528.798438 679.596522
1153.783300 616.425332 588.196714 634.705503 559.940566 654.066000 527.205155 677.878958
1169.866413 613.733835 586.234099 632.327999 558.014088 651.867446 525.630880 676.159739
1186.173716 611.482412 584.377722 629.744269 556.076190 649.463407 524.029830 674.412080
1202.708335 609.203273 582.641622 627.312723 554.059392 646.926081 522.401454 672.635423
1219.473437 606.891028 580.667077 624.810680 552.128172 644.225610 520.828922 670.883366
1236.472235 604.635319 578.952786 622.573452 550.516551 642.226611 519.295277 669.144666
1253.707987 602.409044 577.084073 620.105156 548.815304 640.504799 517.735616 667.377104
1271.183997 600.213754 575.246421 617.494630 547.257037 638.153284 516.149402 665.580111
1288.903612 597.922192 573.454693 615.052615 544.995774 635.803987 514.600425 663.799202
1306.870230 595.739751 571.402282 612.906971 543.061253 633.656433 513.109949 662.049368
1325.087292 593.338238 569.659805 610.721084 541.386666 631.523564 511.594263 660.270407
1343.558290 591.392194 567.883719 608.451825 539.683430 629.007467 510.052850 658.461741
1362.286764 589.407875 566.054130 606.437297 537.848338 626.103544 508.530009 656.658148
1381.276303 587.355997 564.233898 604.347077 535.491710 623.632037 507.084742 654.905972
1400.530545 584.992491 562.099737 602.108947 533.812087 620.871713 505.615111 653.124573
1420.053182 582.751280 560.022885 599.705943 532.116792 617.888190 504.120619 651.313367
1439.847953 580.364945 558.038699 597.983424 530.456891 614.893667 502.626238 649.493790
1459.918652 578.232099 556.080268 596.114455 528.742253 613.348318 501.227710 647.748453
1480.269127 576.066139 554.406398 593.917042 526.911327 611.855715 499.805692 645.973973
1500.903276 573.861641 552.574980 591.892631 525.483894 610.338579 498.359709 644.169766
1521.825053 571.606640 550.753585 589.559143 523.789360 608.087291 497.257649 642.341423
1543.038469 569.501346 548.749953 587.481711 522.198117 605.719213 496.217301 640.612400
1564.547589 567.554102 546.838163 585.506904 520.579726 603.971248 494.171699 638.854497
1586.356534 565.617467 544.876122 583.627895 518.688038 602.311770 492.775281 637.067138
1608.469483 563.581609 542.887956 581.551408 516.383410 600.052108 491.355346 635.249729
1630.890676 561.711874 541.485104 579.604921 515.173066 597.933673 490.041171 633.534642
1653.624407 559.853975 539.242003 577.648300 513.227891 596.367944 488.716999 631.803121
1676.675035 557.949004 537.055735 575.856606 511.619278 594.307979 487.370695 630.042605
1700.046975 556.084343 534.957479 573.699143 509.983061 592.105671 486.001817 628.252511
1723.744708 554.297018 533.238084 571.673860 508.497277 589.869822 484.718630 626.552626
1747.772774 552.538527 531.617405 569.924754 507.035074 588.234121 483.443739 624.857168
1772.135779 550.797695 530.235422 568.072555 505.192147 586.503718 482.147634 623.133366
1796.838391 548.894720 527.923790 566.211564 503.227155 584.464531 480.829896 621.380653
1821.885343 547.007898 526.269806 564.645253 501.453626 583.263461 479.356298 619.703277
1847.281437 545.170047 524.161090 563.130014 500.149425 581.777077 477.852191 618.052885
1873.031539 543.344791 522.230127 561.632127 498.493210 580.219999 476.322268 616.374976
1899.140582 541.390188 520.216344 559.639398 496.930791 578.636939 474.765985 614.669001
1925.613572 539.746723 518.157955 558.040846 495.359209 577.427350 473.291496 613.020766
1952.455581 538.205876 516.476005 556.352271 493.563947 575.726919 471.889618 611.422746
1979.671753 536.428209 514.836746 555.071992 492.118164 574.185719 470.463934 609.798174
2007.267304 534.810625 513.212402 553.910122 490.647878 572.942037 468.881929 608.146526
2035.247521 533.128429 511.591745 552.310874 488.653327 571.352473 466.833340 606.464177
2063.617768 531.376058 510.072366 551.110629 486.854264 569.962390 464.886892 604.387534
2092.383480 529.951074 508.837718 549.314105 484.468134 568.621085 462.904954 602.938827
2121.550171 528.453817 507.071754 547.717808 482.572619 567.738486 460.886688 601.835173
2151.123430 526.803426 505.652894 546.454751 480.186337 566.883420 458.893115 600.261350
2181.108924 525.400585 504.117718 545.231298 478.103783 566.127457 457.031943 598.782665
2211.512400 523.722483 502.533930 544.101430 476.270306 565.349462 455.137056 597.279631
2242.339683 522.022504 500.924448 542.893274 474.559586 564.534403 453.207667 595.751773
2273.596682 520.448576 499.295445 541.683102 472.103529 563.728595 451.274908 594.221570
2305.289387 518.786435 497.953362 540.311585 470.280736 562.817373 449.503706 592.807360
2337.423871 517.538205 496.598608 539.027773 469.089721 561.849504 447.700660 591.369984
2370.006292 515.895257 495.171066 538.066159 467.879008 560.853230 445.865035 589.908996
2403.042894 514.523639 493.550383 537.056744 466.649957 559.914856 443.998667 588.425797
2436.540009 513.053821 492.199058 535.961102 464.782333 558.973514 442.321411 587.077807
2470.504055 511.479877 490.980553 534.865016 462.880982 558.193939 440.614257 585.707859
2504.941542 510.098776 490.087796 533.844720 460.959883 557.368839 438.876526 584.315536
2539.859069 508.891387 488.546294 532.742191 458.867512 556.282846 437.107519 582.900409
2575.263327 507.834587 487.146969 531.962954 456.767967 555.088448 435.501647 581.601016
2611.161101 506.745737 485.581700 531.114042 455.452474 553.751151 433.893617 580.299244
2647.559271 505.453717 484.058467 530.091138 453.879636 552.391907 432.257065 578.976336
2684.464811 504.323141 482.505397 529.125519 452.466944 551.010293 430.591350 577.631895
2721.884795 503.100960 481.008943 528.346080 451.368119 549.859433 429.058037 576.813849
2759.826392 501.800391 479.624753 527.380856 449.492501 549.702346 427.551486 576.676936
2798.296876 500.453637 478.204997 526.741076 447.718860 549.902175 426.018495 576.538082
2837.303617 499.331521 476.481344 526.262060 445.623707 550.104716 424.458482 576.397258
2876.854090 498.082619 475.118918 525.437513 443.831635 549.627980 423.000947 576.324299
2916.955876 497.123915 473.672520 525.008715 442.278467 549.027531 421.597219 576.292743
2957.616659 496.107362 472.022909 524.387823 441.412357 548.532891 420.169135 576.400972
2998.844231 495.129910 470.938743 523.779961 439.181419 548.617718 418.447147 576.582372
3040.646493 493.955577 469.343196 523.787035 437.622300 548.692558 416.561487 576.814003
3083.031457 492.692922 467.994927 523.166007 436.246799 548.573623 414.770774 577.097907
3126.007243 491.551092 466.623887 522.731111 434.847683 548.887609 412.947171 577.385626
3169.582089 490.602043 465.422934 522.218959 433.986266 549.205789 411.089889 577.677209
3213.764344 489.503841 464.590189 521.827565 432.601517 549.563190 409.286351 578.004629
3258.562476 488.427008 463.197484 520.887652 430.790066 549.854970 407.604599 578.392256
3303.985070 487.425440 462.183308 520.564592 429.442707 549.851482 405.892290 578.785022
3350.040830 486.367131 461.366276 520.061840 427.430673 549.527803 404.148706 579.182990
3396.738582 485.389403 460.377406 519.986538 425.493894 549.277832 402.427063 579.604745
3444.087276 484.592529 459.207057 519.383539 423.717828 549.312762 400.850534 580.092397
3492.095985 483.905363 457.667768 519.215612 422.572449 549.801617 399.245674 580.586428
3540.773909 483.182778 456.156749 519.164651 420.816299 550.116429 397.611828 581.086917
3590.130377 482.343858 455.288494 518.569280 419.052901 550.586647 396.457186 581.601372
3640.174847 481.765022 454.736558 518.613339 417.466822 550.703906 395.579951 582.185124
3690.916911 480.767012 453.599657 518.696958 415.977315 550.688812 394.688498 582.776416
3742.366291 479.760616 452.380211 518.775385 414.879698 551.130718 393.782557 583.375338
3794.532847 479.008448 451.440569 518.593702 413.763809 551.174540 392.861855 583.981981
3847.426577 478.449468 450.708760 518.357753 412.788781 552.064410 392.075895 584.655987
3901.057617 477.657165 449.695318 518.192189 411.801526 552.636681 391.280861 585.339980
3955.436245 476.906476 448.708572 518.135351 410.798086 552.890810 390.473092 586.032692
4010.572881 476.407556 447.609173 518.263951 409.292993 553.078396 389.652353 586.734226
4066.478092 475.826281 446.523304 518.645367 408.380042 553.322323 388.157038 587.489847
4123.162591 475.376421 445.485435 518.617944 407.474998 553.503316 386.306009 588.263143
4180.637241 474.682521 444.433986 518.655348 406.555281 553.585073 384.420078 589.046182
4238.913057 474.133673 443.568802 519.000764 405.620614 554.290449 382.498364 589.839075
4298.001206 473.423438 442.790651 519.590610 404.767689 555.372089 380.748996 590.673983
4357.913012 473.038167 442.006807 520.121917 403.939302 556.394575 379.049678 591.531930
4418.659956 472.328488 441.224627 520.195647 403.097629 557.474300 377.318859 592.400567
4480.253680 472.018218 440.451831 520.270394 402.242426 557.971668 375.555770 593.280014
4542.705986 471.709523 440.009048 520.378604 401.445770 559.163321 373.920044 594.192007
4606.028844 471.128329 439.385131 520.511027 400.687186 560.517363 372.367098 595.130415
4670.234388 470.401589 438.688462 520.645261 399.916558 561.477292 370.785864 596.080395
4735.334923 469.855494 438.154950 520.954678 399.133669 562.295934 369.273888 597.042074
4801.342924 469.682696 437.358429 521.377958 398.327314 562.853805 368.145835 598.028659
4868.271040 469.435341 436.703902 521.604991 397.264129 563.307447 367.083049 599.042753
4936.132098 469.087690 436.115043 521.835087 396.690999 564.514508 366.002297 600.069234
5004.939103 468.763960 435.375517 522.068288 396.109033 565.735765 364.903213 601.108233
5074.705239 468.554049 434.703934 522.322562 395.559713 566.725802 363.833141 602.167356
5145.443878 468.167030 434.232313 522.616718 394.480381 567.678307 362.842316 603.254519
5217.168576 467.776314 433.641884 523.006943 392.978397 568.741165 361.834910 604.354839
5289.893076 467.432815 432.990344 523.632914 391.449591 570.048026 360.810589 605.468456
5363.631317 466.984191 432.265168 524.608988 389.924243 570.752433 359.795925 606.598538
5438.397428 466.718914 431.778342 525.081009 388.495044 571.634014 358.871700 607.754268
5514.205739 466.530411 431.329776 525.559178 387.040534 572.916960 357.932156 608.923870
5591.070777 466.339204 430.564549 526.044766 385.560147 574.604614 356.976990 610.107486
5669.007271 466.094259 430.089008 526.538399 384.277267 575.889656 356.014821 611.305803
5748.030158 466.039173 429.615886 527.087581 383.769046 576.909440 355.151917 612.525414
5828.154581 465.877129 428.820903 527.620210 383.388458 577.941601 354.274839 613.759551
5909.395895 465.520410 428.405940 528.221648 383.002179 578.986272 353.383312 615.008363
5991.769669 465.372888 428.128841 528.527259 382.610116 580.578847 352.477056 616.271999
6075.291689 465.328055 427.785016 529.155741 382.319794 581.778725 351.664587 617.553941
6159.977960 465.122819 427.152523 529.745081 382.031728 582.994894 350.845485 618.851242
6245.844712 464.981935 426.763539 530.288936 381.683005 584.289037 350.013007 620.163857
6332.908400 464.640526 426.176309 531.050039 380.933934 586.041662 349.166898 621.491938
6421.185709 464.347042 425.763793 532.238123 380.643625 587.827294 348.393406 622.832928
6510.693555 464.265112 425.450108 533.296413 380.370008 589.635488 347.627330 624.189047
6601.449093 463.965920 424.795583 534.792507 380.092376 591.463244 346.848847 625.561067
6693.469713 463.892763 423.995815 535.820984 379.810667 593.310729 346.057726 626.949147
6786.773051 463.557169 423.562688 536.451948 378.378746 595.183796 345.320652 628.346403
6881.376986 463.365818 423.212114 537.676065 376.843326 597.079602 344.602798 629.756712
6977.299650 462.926025 422.779955 538.694936 375.689426 598.995708 343.873408 631.183463
7074.559423 462.723289 422.462024 540.087256 375.520450 600.932286 343.132267 632.626817
7173.174944 462.935208 422.107796 541.261325 375.382475 602.895311 342.429647 634.080152
7273.165113 463.098270 421.925247 542.580184 374.927093 604.883860 341.756540 635.544897
7374.549090 462.959045 421.292609 543.914162 374.809782 606.893475 341.072693 637.026621
7477.346305 462.670401 421.051472 544.550949 374.002672 608.924332 340.377912 638.525489
7581.576458 462.303213 420.659217 545.418048 373.018494 610.899783 339.707386 640.032834
7687.259522 462.394999 420.252480 546.302236 372.071089 613.046369 339.074250 641.545623
7794.415750 462.479110 419.922174 547.394244 371.108007 615.139104 338.427775 643.075866
7903.065679 462.519492 419.711465 548.103330 370.128943 617.253766 337.426227 644.623731
8013.230128 462.788641 419.260844 549.023129 369.159757 619.210023 336.448854 646.183230
8124.930211 462.933377 419.138653 549.960506 368.237062 621.137600 335.553454 647.745985
8238.187331 463.080084 419.011514 551.072748 367.299139 623.085957 334.643128 649.326684
8353.023195 463.005331 418.369704 552.777359 366.345690 625.055273 333.717576 650.925498
8469.459808 463.232753 418.539771 553.842740 365.390492 627.041757 332.797702 652.537558
8587.519485 463.520649 418.573963 554.881623 364.170728 629.029737 331.968775 654.403046
8707.224849 463.362882 418.600696 555.954425 362.827801 631.039034 331.126175 656.294373
8828.598841 463.455922 418.670621 557.047112 361.713574 633.069829 330.269635 658.206515
8951.664721 463.635518 418.177031 559.157002 361.466844 635.136058 329.813957 660.139116
9076.446073 463.815823 418.268598 559.829644 360.822403 637.769396 329.563120 662.270198
9202.966809 464.037578 418.361421 560.510838 359.928624 639.960843 329.308592 664.436088
9331.251175 464.262316 418.455517 561.581424 359.020115 642.031439 329.050314 666.624985
9461.323756 464.840018 418.550903 563.354421 358.096588 644.124102 328.788230 668.837080
9593.209478 465.042593 418.207040 564.481401 357.589173 646.220661 328.600271 671.035205
9726.933615 465.005776 418.250505 565.939929 357.218960 648.337678 328.417447 673.252889
9862.521795 465.270032 418.420600 567.554911 356.796150 650.477170 328.231972 675.494052
10000.000000 465.332040 418.715949 568.561965 356.461787 652.950350 328.043804 677.758890
