10.000000 -0.000664 -0.014375 0.013584 -0.018820 0.019303 -0.020103 0.022722
10.139395 -0.000659 -0.014371 0.013596 -0.018814 0.019316 -0.020103 0.022772
10.280732 -0.000655 -0.014367 0.013608 -0.018808 0.019323 -0.020102 0.022823
10.424040 -0.000650 -0.014357 0.013621 -0.018802 0.019323 -0.020102 0.022874
10.569346 -0.000645 -0.014335 0.013633 -0.018796 0.019331 -0.020101 0.022927
10.716676 -0.000641 -0.014325 0.013642 -0.018789 0.019353 -0.020101 0.022983
10.866061 -0.000636 -0.014271 0.013642 -0.018783 0.019375 -0.020100 0.023040
11.017528 -0.000631 -0.014215 0.013643 -0.018777 0.019397 -0.020100 0.023097
11.171107 -0.000626 -0.014158 0.013643 -0.018770 0.019412 -0.020099 0.023155
11.326826 -0.000620 -0.014100 0.013643 -0.018763 0.019427 -0.020099 0.023215
11.484715 -0.000615 -0.014059 0.013643 -0.018757 0.019442 -0.020098 0.023275
11.644806 -0.000610 -0.014059 0.013644 -0.018750 0.019457 -0.020098 0.023336
11.807128 -0.000604 -0.014059 0.013644 -0.018748 0.019472 -0.020097 0.023397
11.971713 -0.000598 -0.014051 0.013644 -0.018747 0.019488 -0.020096 0.023460
12.138593 -0.000593 -0.014003 0.013645 -0.018747 0.019504 -0.020096 0.023523
12.307798 -0.000587 -0.013972 0.013645 -0.018747 0.019520 -0.020095 0.023588
12.479362 -0.000581 -0.013972 0.013645 -0.018747 0.019536 -0.020095 0.023653
12.653318 -0.000574 -0.013953 0.013646 -0.018747 0.019553 -0.020094 0.023719
12.829698 -0.000568 -0.013946 0.013646 -0.018746 0.019570 -0.020093 0.023786
13.008537 -0.000562 -0.013941 0.013646 -0.018746 0.019587 -0.020093 0.023854
13.189869 -0.000560 -0.013933 0.013647 -0.018746 0.019604 -0.020092 0.023923
13.373729 -0.000560 -0.013891 0.013647 -0.018746 0.019622 -0.020091 0.023993
13.560151 -0.000560 -0.013890 0.013647 -0.018746 0.019640 -0.020090 0.024064
13.749172 -0.000560 -0.013889 0.013648 -0.018745 0.019658 -0.020090 0.024135
13.940828 -0.000560 -0.013888 0.013648 -0.018745 0.019677 -0.020089 0.024208
14.135156 -0.000560 -0.013887 0.013660 -0.018745 0.019695 -0.020088 0.024282
14.332192 -0.000560 -0.013886 0.013714 -0.018745 0.019715 -0.020087 0.024357
14.531975 -0.000560 -0.013885 0.013769 -0.018744 0.019723 -0.020086 0.024433
14.734543 -0.000560 -0.013870 0.013825 -0.018744 0.019723 -0.020086 0.024510
14.939935 -0.000560 -0.013835 0.013880 -0.018744 0.019723 -0.020085 0.024588
15.148189 -0.000560 -0.013800 0.013880 -0.018744 0.019723 -0.020084 0.024667
15.359347 -0.000560 -0.013767 0.013880 -0.018743 0.019723 -0.020083 0.024747
15.573448 -0.000560 -0.013766 0.013896 -0.018743 0.019723 -0.020082 0.024828
15.790533 -0.000560 -0.013764 0.013934 -0.018743 0.019726 -0.020081 0.024911
16.010645 -0.000560 -0.013760 0.013973 -0.018742 0.019774 -0.020080 0.024994
16.233824 -0.000560 -0.013759 0.014013 -0.018742 0.019838 -0.020079 0.025079
16.460115 -0.000560 -0.013757 0.014022 -0.018742 0.019923 -0.020078 0.025165
16.689560 -0.000508 -0.013756 0.014023 -0.018741 0.019946 -0.020077 0.025252
16.922204 -0.000508 -0.013737 0.014025 -0.018741 0.019969 -0.020075 0.025340
17.158090 -0.000508 -0.013702 0.014047 -0.018741 0.019993 -0.020074 0.025429
17.397264 -0.000508 -0.013677 0.014047 -0.018740 0.020017 -0.020073 0.025520
17.639773 -0.000508 -0.013670 0.014061 -0.018740 0.020041 -0.020072 0.025612
17.885662 -0.000508 -0.013661 0.014082 -0.018739 0.020065 -0.020071 0.025705
18.134978 -0.000495 -0.013645 0.014082 -0.018739 0.020090 -0.020069 0.025800
18.387770 -0.000477 -0.013611 0.014082 -0.018739 0.020116 -0.020068 0.025896
18.644085 -0.000460 -0.013603 0.014100 -0.018738 0.020142 -0.020067 0.025993
18.903974 -0.000442 -0.013594 0.014101 -0.018738 0.020168 -0.020065 0.026091
19.167485 -0.000426 -0.013585 0.014101 -0.018737 0.020194 -0.020064 0.026201
19.434669 -0.000426 -0.013576 0.014112 -0.018737 0.020221 -0.020062 0.026317
19.705578 -0.000422 -0.013530 0.014138 -0.018736 0.020249 -0.020061 0.026436
19.980263 -0.000408 -0.013514 0.014164 -0.018736 0.020277 -0.020059 0.026556
20.258777 -0.000394 -0.013509 0.014191 -0.018732 0.020305 -0.020058 0.026677
20.541173 -0.000379 -0.013504 0.014203 -0.018721 0.020334 -0.020056 0.026801
20.827506 -0.000365 -0.013499 0.014213 -0.018718 0.020363 -0.020055 0.026926
21.117830 -0.000350 -0.013494 0.014213 -0.018718 0.020393 -0.020053 0.027053
21.412202 -0.000340 -0.013489 0.014224 -0.018718 0.020423 -0.020051 0.027182
21.710676 -0.000339 -0.013483 0.014261 -0.018718 0.020454 -0.020049 0.027312
22.013311 -0.000313 -0.013478 0.014298 -0.018718 0.020485 -0.020047 0.027445
22.320165 -0.000287 -0.013472 0.014311 -0.018718 0.020516 -0.020046 0.027579
22.631296 -0.000270 -0.013454 0.014311 -0.018718 0.020548 -0.020044 0.027716
22.946764 -0.000253 -0.013425 0.014311 -0.018718 0.020581 -0.020042 0.027854
23.266629 -0.000244 -0.013399 0.014311 -0.018717 0.020614 -0.020040 0.027995
23.590953 -0.000244 -0.013399 0.014334 -0.018717 0.020648 -0.020037 0.028137
23.919798 -0.000244 -0.013399 0.014376 -0.018717 0.020682 -0.020035 0.028281
24.253227 -0.000244 -0.013383 0.014419 -0.018717 0.020717 -0.020033 0.028428
24.591304 -0.000244 -0.013383 0.014462 -0.018717 0.020752 -0.020031 0.028576
24.934094 -0.000243 -0.013368 0.014483 -0.018717 0.020788 -0.020028 0.028727
25.281661 -0.000190 -0.013295 0.014483 -0.018716 0.020824 -0.020026 0.028880
25.634074 -0.000124 -0.013221 0.014500 -0.018716 0.020861 -0.020024 0.029035
25.991399 -0.000116 -0.013205 0.014551 -0.018716 0.020899 -0.020021 0.029192
26.353705 -0.000103 -0.013197 0.014561 -0.018716 0.020937 -0.020018 0.029352
26.721062 -0.000103 -0.013195 0.014561 -0.018716 0.020989 -0.020016 0.029513
27.093539 -0.000103 -0.013193 0.014561 -0.018715 0.021118 -0.020013 0.029677
27.471208 -0.000099 -0.013156 0.014561 -0.018715 0.021243 -0.020010 0.029844
27.854142 -0.000099 -0.013146 0.014561 -0.018715 0.021318 -0.020007 0.030013
28.242413 -0.000099 -0.013137 0.014561 -0.018703 0.021394 -0.020004 0.030184
28.636097 -0.000099 -0.013127 0.014561 -0.018688 0.021471 -0.020001 0.030357
29.035269 -0.000099 -0.013118 0.014561 -0.018674 0.021549 -0.019998 0.030534
29.440005 -0.000099 -0.013061 0.014561 -0.018659 0.021629 -0.019995 0.030712
29.850382 -0.000098 -0.013052 0.014561 -0.018643 0.021710 -0.019994 0.030893
30.266481 -0.000098 -0.013044 0.014561 -0.018628 0.021792 -0.019993 0.031077
30.688379 -0.000065 -0.013035 0.014562 -0.018612 0.021875 -0.019991 0.031263
31.116158 -0.000009 -0.013023 0.014562 -0.018595 0.021960 -0.019990 0.031452
31.549901 0.000054 -0.013013 0.014593 -0.018578 0.022046 -0.019989 0.031644
31.989689 0.000111 -0.013007 0.014615 -0.018561 0.022133 -0.019987 0.031838
32.435608 0.000165 -0.012997 0.014694 -0.018544 0.022222 -0.019986 0.032035
32.887743 0.000225 -0.012987 0.014749 -0.018531 0.022312 -0.019984 0.032235
33.346180 0.000286 -0.012976 0.014803 -0.018531 0.022404 -0.019983 0.032438
33.811008 0.000327 -0.012966 0.014811 -0.018531 0.022497 -0.019981 0.032643
34.282315 0.000328 -0.012955 0.014819 -0.018530 0.022592 -0.019980 0.032852
34.760192 0.000328 -0.012937 0.014864 -0.018530 0.022688 -0.019978 0.033063
35.244730 0.000329 -0.012932 0.014900 -0.018530 0.022847 -0.019976 0.033277
35.736022 0.000330 -0.012912 0.014900 -0.018530 0.023013 -0.019975 0.033494
36.234163 0.000330 -0.012864 0.014900 -0.018529 0.023182 -0.019973 0.033715
36.739248 0.000331 -0.012850 0.014900 -0.018529 0.023353 -0.019971 0.033938
37.251373 0.000331 -0.012820 0.014900 -0.018529 0.023528 -0.019969 0.034165
37.770637 0.000358 -0.012786 0.014899 -0.018529 0.023705 -0.019967 0.034395
38.297139 0.000472 -0.012759 0.014946 -0.018518 0.023885 -0.019965 0.034628
38.830980 0.000473 -0.012732 0.015033 -0.018505 0.024045 -0.019963 0.034864
39.372263 0.000473 -0.012704 0.015048 -0.018505 0.024142 -0.019961 0.035103
39.921091 0.000530 -0.012675 0.015048 -0.018505 0.024241 -0.019959 0.035346
40.477570 0.000530 -0.012629 0.015048 -0.018505 0.024341 -0.019957 0.035593
41.041805 0.000530 -0.012583 0.015048 -0.018504 0.024443 -0.019954 0.035842
41.613906 0.000548 -0.012571 0.015048 -0.018504 0.024546 -0.019952 0.036095
42.193981 0.000548 -0.012559 0.015051 -0.018504 0.024652 -0.019947 0.036352
42.782142 0.000620 -0.012538 0.015051 -0.018503 0.024758 -0.019941 0.036612
43.378502 0.000670 -0.012505 0.015052 -0.018488 0.024867 -0.019934 0.036876
43.983175 0.000716 -0.012454 0.015092 -0.018473 0.024977 -0.019928 0.037144
44.596276 0.000785 -0.012343 0.015092 -0.018457 0.025089 -0.019921 0.037415
45.217924 0.000896 -0.012227 0.015092 -0.018442 0.025203 -0.019914 0.037690
45.848238 0.000949 -0.012184 0.015093 -0.018418 0.025319 -0.019906 0.037969
46.487337 0.000952 -0.012181 0.015093 -0.018387 0.025436 -0.019899 0.038251
47.135345 0.000955 -0.012178 0.015132 -0.018360 0.025555 -0.019891 0.038538
47.792386 0.000975 -0.012175 0.015168 -0.018356 0.025752 -0.019884 0.038828
48.458586 0.001011 -0.012172 0.015237 -0.018353 0.025973 -0.019879 0.039123
49.134073 0.001017 -0.012155 0.015311 -0.018349 0.026198 -0.019875 0.039421
49.818975 0.001039 -0.012127 0.015430 -0.018345 0.026427 -0.019871 0.039724
50.513425 0.001061 -0.012085 0.015551 -0.018342 0.026659 -0.019867 0.040031
51.217554 0.001085 -0.012081 0.015587 -0.018338 0.026895 -0.019863 0.040342
51.931499 0.001108 -0.012080 0.015638 -0.018334 0.027135 -0.019859 0.040657
52.655396 0.001180 -0.012080 0.015764 -0.018329 0.027379 -0.019854 0.040976
53.389384 0.001241 -0.012026 0.015766 -0.018325 0.027627 -0.019850 0.041300
54.133603 0.001337 -0.011962 0.015769 -0.018321 0.027879 -0.019846 0.041628
54.888196 0.001338 -0.011898 0.015808 -0.018316 0.028135 -0.019841 0.041961
55.653308 0.001339 -0.011875 0.015808 -0.018311 0.028395 -0.019837 0.042298
56.429085 0.001340 -0.011873 0.015839 -0.018307 0.028557 -0.019832 0.042640
57.215676 0.001341 -0.011870 0.015878 -0.018302 0.028719 -0.019827 0.042986
58.013231 0.001408 -0.011857 0.015879 -0.018296 0.028883 -0.019823 0.043338
58.821904 0.001433 -0.011807 0.015881 -0.018291 0.029074 -0.019818 0.043693
59.641849 0.001575 -0.011765 0.015890 -0.018287 0.029332 -0.019813 0.044054
60.473224 0.001609 -0.011730 0.015891 -0.018283 0.029504 -0.019808 0.044420
61.316188 0.001646 -0.011702 0.015936 -0.018280 0.029675 -0.019803 0.044790
62.170903 0.001722 -0.011700 0.016014 -0.018276 0.029848 -0.019797 0.045165
63.037532 0.001780 -0.011698 0.016108 -0.018273 0.030023 -0.019792 0.045546
63.916241 0.001786 -0.011695 0.016161 -0.018269 0.030202 -0.019787 0.045931
64.807198 0.001866 -0.011624 0.016189 -0.018265 0.030383 -0.019781 0.046322
65.710575 0.001933 -0.011614 0.016247 -0.018261 0.030610 -0.019775 0.046718
66.626545 0.001940 -0.011606 0.016319 -0.018257 0.030917 -0.019770 0.047119
67.555283 0.001953 -0.011590 0.016382 -0.018253 0.031229 -0.019764 0.047525
68.496967 0.002115 -0.011520 0.016383 -0.018248 0.031546 -0.019758 0.047937
69.451778 0.002224 -0.011519 0.016410 -0.018244 0.031869 -0.019752 0.048355
70.419898 0.002258 -0.011518 0.016487 -0.018239 0.032196 -0.019746 0.048778
71.401513 0.002337 -0.011517 0.016564 -0.018234 0.032529 -0.019739 0.049206
72.396811 0.002339 -0.011516 0.016667 -0.018229 0.032867 -0.019733 0.049640
73.405984 0.002420 -0.011515 0.016710 -0.018224 0.033211 -0.019726 0.050080
74.429223 0.002468 -0.011466 0.016711 -0.018219 0.033560 -0.019720 0.050526
75.466726 0.002476 -0.011426 0.016728 -0.018213 0.033914 -0.019713 0.050977
76.518692 0.002542 -0.011375 0.016822 -0.018208 0.034235 -0.019706 0.051434
77.585321 0.002635 -0.011310 0.016878 -0.018202 0.034460 -0.019699 0.051898
78.666818 0.002750 -0.011270 0.016987 -0.018196 0.035013 -0.019692 0.052367
79.763391 0.002751 -0.011266 0.016989 -0.018190 0.035391 -0.019685 0.052842
80.875249 0.002795 -0.011208 0.017053 -0.018183 0.035775 -0.019677 0.053324
82.002606 0.003026 -0.011140 0.017134 -0.018177 0.036165 -0.019670 0.053812
83.145678 0.003264 -0.011093 0.017152 -0.018170 0.036561 -0.019662 0.054306
84.304684 0.003395 -0.011016 0.017265 -0.018163 0.036964 -0.019654 0.054807
85.479845 0.003405 -0.010939 0.017275 -0.018156 0.037373 -0.019646 0.055314
86.671388 0.003456 -0.010929 0.017289 -0.018148 0.037788 -0.019638 0.055827
87.879540 0.003572 -0.010925 0.017401 -0.018140 0.038210 -0.019630 0.056347
89.104533 0.003625 -0.010888 0.017449 -0.018132 0.038639 -0.019622 0.056874
90.346602 0.003679 -0.010809 0.017452 -0.018124 0.039074 -0.019613 0.057408
91.605985 0.003735 -0.010728 0.017455 -0.018116 0.039516 -0.019604 0.057948
92.882923 0.003791 -0.010718 0.017459 -0.018107 0.039966 -0.019596 0.058495
94.177660 0.003848 -0.010694 0.017472 -0.018098 0.040422 -0.019586 0.059049
95.490446 0.003905 -0.010618 0.017512 -0.018089 0.040885 -0.019577 0.059610
96.821531 0.003965 -0.010544 0.017514 -0.018079 0.041356 -0.019568 0.060179
98.171170 0.004023 -0.010466 0.017568 -0.018069 0.041833 -0.019558 0.060754
99.539623 0.004036 -0.010415 0.017757 -0.018059 0.042319 -0.019549 0.061337
100.927151 0.004037 -0.010412 0.017859 -0.018049 0.042679 -0.019539 0.061926
102.334021 0.004206 -0.010409 0.018020 -0.018038 0.043032 -0.019529 0.062524
103.760502 0.004311 -0.010405 0.018034 -0.018026 0.043390 -0.019518 0.063128
105.206867 0.004344 -0.010401 0.018060 -0.018015 0.043753 -0.019508 0.063741
106.673394 0.004436 -0.010398 0.018144 -0.018003 0.044295 -0.019497 0.064360
108.160363 0.004516 -0.010353 0.018146 -0.017991 0.045088 -0.019487 0.064988
109.668060 0.004588 -0.010285 0.018282 -0.017978 0.045891 -0.019476 0.065623
111.196773 0.004698 -0.010216 0.018356 -0.017965 0.046481 -0.019464 0.066266
112.746796 0.004713 -0.010144 0.018491 -0.017951 0.047037 -0.019453 0.066917
114.318425 0.004768 -0.010071 0.018627 -0.017937 0.047656 -0.019447 0.067576
115.911962 0.004804 -0.009998 0.018721 -0.017923 0.048216 -0.019443 0.068243
117.527712 0.004841 -0.009986 0.018856 -0.017908 0.048782 -0.019439 0.068918
119.165984 0.004879 -0.009946 0.019000 -0.017893 0.049357 -0.019435 0.069601
120.827094 0.004899 -0.009924 0.019194 -0.017877 0.049950 -0.019430 0.070292
122.511358 0.004959 -0.009893 0.019384 -0.017861 0.050559 -0.019425 0.070992
124.219100 0.005160 -0.009863 0.019781 -0.017844 0.051178 -0.019421 0.071700
125.950646 0.005252 -0.009856 0.019921 -0.017826 0.051805 -0.019415 0.072417
127.706330 0.005281 -0.009851 0.020150 -0.017808 0.052442 -0.019410 0.073142
129.486487 0.005409 -0.009847 0.020317 -0.017790 0.053089 -0.019405 0.073875
131.291459 0.005445 -0.009792 0.020487 -0.017771 0.053920 -0.019399 0.074618
133.121590 0.005571 -0.009756 0.020659 -0.017751 0.054889 -0.019393 0.075369
134.977233 0.005585 -0.009730 0.020835 -0.017731 0.055871 -0.019387 0.076129
136.858742 0.005586 -0.009725 0.021171 -0.017710 0.056865 -0.019380 0.076898
138.766479 0.005723 -0.009641 0.021568 -0.017688 0.057871 -0.019374 0.077676
140.700809 0.005860 -0.009525 0.021776 -0.017666 0.058889 -0.019367 0.078463
142.662102 0.005930 -0.009422 0.022098 -0.017643 0.059919 -0.019359 0.079259
144.650734 0.006021 -0.009352 0.022450 -0.017619 0.060829 -0.019352 0.080065
146.667087 0.006030 -0.009344 0.022703 -0.017570 0.061405 -0.019344 0.080879
148.711546 0.006096 -0.009300 0.022959 -0.017503 0.061987 -0.019336 0.081703
150.784505 0.006238 -0.009249 0.023218 -0.017434 0.062707 -0.019328 0.082536
152.886359 0.006292 -0.009140 0.023630 -0.017363 0.063601 -0.019319 0.083379
155.017512 0.006308 -0.008964 0.023856 -0.017290 0.064506 -0.019310 0.084232
157.178372 0.006335 -0.008870 0.024245 -0.017216 0.065281 -0.019300 0.085094
159.369353 0.006467 -0.008858 0.024735 -0.017140 0.065897 -0.019290 0.085965
161.590875 0.006634 -0.008757 0.025337 -0.017061 0.066521 -0.019280 0.086847
163.843365 0.006716 -0.008602 0.025592 -0.017017 0.067398 -0.019269 0.087738
166.127252 0.006732 -0.008533 0.025864 -0.016977 0.068061 -0.019258 0.088639
168.442976 0.006982 -0.008478 0.026380 -0.016936 0.068732 -0.019247 0.089550
170.790980 0.007137 -0.008423 0.026758 -0.016894 0.069411 -0.019235 0.090471
173.171713 0.007210 -0.008421 0.027101 -0.016850 0.070098 -0.019222 0.091402
175.585633 0.007271 -0.008418 0.027513 -0.016805 0.070794 -0.019209 0.092344
178.033202 0.007405 -0.008415 0.027980 -0.016760 0.071498 -0.019196 0.093295
180.514888 0.007597 -0.008411 0.028530 -0.016713 0.072374 -0.019182 0.094257
183.031168 0.007674 -0.008338 0.029124 -0.016664 0.073082 -0.019167 0.095229
185.582523 0.007709 -0.008297 0.029532 -0.016615 0.073822 -0.019152 0.096212
188.169442 0.007774 -0.008261 0.030004 -0.016564 0.074767 -0.019142 0.097205
190.792422 0.007787 -0.008249 0.030438 -0.016512 0.076081 -0.019136 0.098208
193.451965 0.007801 -0.008237 0.030805 -0.016458 0.077461 -0.019130 0.099222
196.148581 0.007891 -0.008225 0.031454 -0.016404 0.078859 -0.019123 0.100247
198.882786 0.007928 -0.008212 0.032113 -0.016347 0.080274 -0.019117 0.101282
201.655104 0.008081 -0.008199 0.032780 -0.016289 0.081565 -0.019110 0.102328
204.466067 0.008293 -0.008090 0.033455 -0.016230 0.082901 -0.019103 0.103385
207.316213 0.008405 -0.007931 0.034090 -0.016169 0.084185 -0.019095 0.104452
210.206088 0.008413 -0.007897 0.034688 -0.016107 0.085049 -0.019088 0.105531
213.136247 0.008491 -0.007886 0.035141 -0.016043 0.085921 -0.019080 0.106620
216.107251 0.008657 -0.007875 0.035603 -0.015977 0.086804 -0.019071 0.107721
219.119669 0.008926 -0.007845 0.036073 -0.015910 0.087696 -0.019063 0.108832
222.174078 0.009070 -0.007692 0.036552 -0.015880 0.088599 -0.019054 0.109955
225.271064 0.009106 -0.007592 0.037039 -0.015861 0.089511 -0.019045 0.111088
228.411221 0.009379 -0.007521 0.037660 -0.015842 0.090433 -0.019036 0.112233
231.595149 0.009604 -0.007397 0.038337 -0.015821 0.091365 -0.019026 0.113389
234.823460 0.009779 -0.007312 0.038881 -0.015800 0.092810 -0.019016 0.114556
238.096772 0.009859 -0.007295 0.039536 -0.015778 0.094334 -0.019006 0.115734
241.415712 0.010097 -0.007277 0.040457 -0.015668 0.095877 -0.018995 0.116924
244.780916 0.010171 -0.007140 0.041125 -0.015545 0.097437 -0.018984 0.118125
248.193029 0.010220 -0.007095 0.041573 -0.015417 0.098858 -0.018973 0.119337
251.652705 0.010360 -0.007084 0.042186 -0.015347 0.099825 -0.018961 0.120561
255.160607 0.010439 -0.007018 0.042980 -0.015307 0.100801 -0.018949 0.121796
258.717408 0.010493 -0.006913 0.043784 -0.015162 0.101788 -0.018936 0.123397
262.323788 0.010626 -0.006809 0.044453 -0.015110 0.102784 -0.018923 0.125138
265.980440 0.010820 -0.006721 0.045259 -0.015095 0.103790 -0.018909 0.126895
269.688063 0.010925 -0.006599 0.046124 -0.015080 0.104807 -0.018895 0.128668
273.447368 0.011117 -0.006476 0.046959 -0.015064 0.105833 -0.018881 0.130459
277.259076 0.011414 -0.006353 0.047807 -0.014974 0.107256 -0.018866 0.132266
281.123917 0.011504 -0.006127 0.048523 -0.014856 0.108336 -0.018851 0.134091
285.042632 0.011653 -0.005988 0.049192 -0.014736 0.109424 -0.018835 0.135932
289.015972 0.011940 -0.005914 0.050114 -0.014656 0.110765 -0.018818 0.137790
293.044698 0.012116 -0.005787 0.051048 -0.014584 0.112171 -0.018801 0.139665
297.129582 0.012280 -0.005603 0.051994 -0.014507 0.113593 -0.018783 0.141557
301.271407 0.012361 -0.005430 0.052953 -0.014496 0.115030 -0.018765 0.143466
305.470967 0.012535 -0.005373 0.053826 -0.014425 0.116483 -0.018746 0.145392
309.729067 0.012722 -0.005332 0.054486 -0.014272 0.117776 -0.018727 0.147335
314.046522 0.012776 -0.005279 0.055153 -0.014182 0.118950 -0.018706 0.149296
318.424160 0.013002 -0.005142 0.055827 -0.014093 0.120134 -0.018685 0.151273
322.862820 0.013237 -0.004978 0.056508 -0.014002 0.121616 -0.018664 0.153267
327.363353 0.013288 -0.004794 0.057212 -0.013907 0.123149 -0.018641 0.155278
331.926620 0.013650 -0.004569 0.058221 -0.013766 0.124642 -0.018618 0.157306
336.553498 0.013789 -0.004459 0.058922 -0.013709 0.125871 -0.018594 0.159351
341.244871 0.014089 -0.004357 0.059557 -0.013604 0.127110 -0.018570 0.161413
346.001639 0.014440 -0.004200 0.060319 -0.013497 0.128361 -0.018544 0.163492
350.824714 0.014577 -0.004001 0.061077 -0.013360 0.129623 -0.018518 0.165588
355.715021 0.014635 -0.003798 0.061802 -0.013265 0.130895 -0.018491 0.167700
360.673495 0.014803 -0.003648 0.062536 -0.013085 0.132179 -0.018462 0.169830
365.701088 0.014977 -0.003519 0.063278 -0.012935 0.133474 -0.018433 0.171976
370.798763 0.015240 -0.003355 0.064028 -0.012840 0.134779 -0.018403 0.174139
375.967497 0.015514 -0.003272 0.064918 -0.012743 0.136096 -0.018372 0.176319
381.208280 0.015628 -0.003130 0.065942 -0.012637 0.137867 -0.018340 0.178515
386.522116 0.015663 -0.003029 0.066762 -0.012544 0.139696 -0.018307 0.180728
391.910025 0.015786 -0.002965 0.067480 -0.012443 0.141542 -0.018272 0.182988
397.373038 0.016011 -0.002866 0.068194 -0.012359 0.143404 -0.018237 0.185460
402.912203 0.016246 -0.002822 0.069015 -0.012260 0.145239 -0.018200 0.187951
408.528580 0.016494 -0.002732 0.069982 -0.012158 0.146638 -0.018162 0.190462
414.223247 0.016769 -0.002535 0.070801 -0.012051 0.148048 -0.018123 0.192993
419.997295 0.016957 -0.002388 0.071904 -0.011925 0.149470 -0.018082 0.195544
425.851829 0.017248 -0.002222 0.072612 -0.011803 0.150902 -0.018040 0.198114
431.787973 0.017553 -0.001958 0.073444 -0.011691 0.152346 -0.017997 0.200703
437.806863 0.017716 -0.001774 0.074476 -0.011583 0.153801 -0.017952 0.203312
443.909653 0.018140 -0.001635 0.075521 -0.011478 0.155267 -0.017906 0.205939
450.097513 0.018406 -0.001394 0.076581 -0.011402 0.156745 -0.017858 0.208586
456.371628 0.018722 -0.001144 0.078034 -0.011324 0.158233 -0.017809 0.211251
462.733201 0.019031 -0.000976 0.079631 -0.011242 0.159733 -0.017758 0.213935
469.183451 0.019332 -0.000801 0.081249 -0.011158 0.161244 -0.017705 0.216637
475.723614 0.019502 -0.000525 0.082466 -0.011071 0.162765 -0.017651 0.219358
482.354943 0.019711 -0.000274 0.084463 -0.010980 0.164298 -0.017594 0.222096
489.078709 0.020000 -0.000163 0.085961 -0.010887 0.165842 -0.017536 0.224853
495.896201 0.020291 0.000014 0.087375 -0.010790 0.167397 -0.017476 0.227627
502.808725 0.020489 0.000188 0.088676 -0.010690 0.169357 -0.017414 0.230419
509.817606 0.020713 0.000515 0.089854 -0.010586 0.171013 -0.017350 0.233227
516.924187 0.021169 0.000797 0.091625 -0.010478 0.172608 -0.017284 0.236053
524.129830 0.021563 0.001243 0.093151 -0.010367 0.174215 -0.017216 0.238896
531.435916 0.022091 0.001645 0.094352 -0.010252 0.175832 -0.017146 0.241755
538.843844 0.022495 0.001845 0.095562 -0.010133 0.177790 -0.017073 0.244630
546.355035 0.022964 0.002064 0.096780 -0.010009 0.179896 -0.016998 0.247522
553.970928 0.023247 0.002348 0.097939 -0.009701 0.181944 -0.016920 0.250429
561.692982 0.023710 0.002755 0.099039 -0.009361 0.183608 -0.016840 0.253352
569.522678 0.024024 0.003009 0.100149 -0.009288 0.185283 -0.016758 0.256290
577.461515 0.024664 0.003233 0.101269 -0.009071 0.186968 -0.016672 0.259243
585.511016 0.025575 0.003537 0.102398 -0.008872 0.188664 -0.016584 0.262211
593.672722 0.026002 0.003850 0.103553 -0.008640 0.190370 -0.016493 0.265193
601.948197 0.026397 0.004168 0.105486 -0.008486 0.192087 -0.016400 0.268075
610.339029 0.026880 0.004491 0.106846 -0.008157 0.193813 -0.016303 0.270610
618.846824 0.027487 0.004642 0.108379 -0.007785 0.195550 -0.016203 0.273154
627.473213 0.027772 0.004796 0.109832 -0.007477 0.198072 -0.016100 0.275706
636.219849 0.028511 0.005198 0.111443 -0.007081 0.201498 -0.015994 0.278267
645.088409 0.029053 0.005810 0.113070 -0.006843 0.204958 -0.015884 0.280836
654.080591 0.029899 0.006091 0.115428 -0.006752 0.208454 -0.015771 0.283413
663.198120 0.030482 0.006559 0.117215 -0.006520 0.210894 -0.015654 0.285997
672.442742 0.031009 0.006770 0.118749 -0.006359 0.213207 -0.015534 0.288589
681.816229 0.031847 0.006991 0.120479 -0.006191 0.215532 -0.015410 0.291188
691.320378 0.032567 0.007229 0.123070 -0.006060 0.217867 -0.015282 0.294042
700.957009 0.033308 0.007738 0.124844 -0.005985 0.220215 -0.015151 0.297209
710.727970 0.034218 0.008021 0.126386 -0.005907 0.222572 -0.015015 0.300388
720.635132 0.034850 0.008349 0.127943 -0.005827 0.224941 -0.014875 0.303577
730.680395 0.035586 0.008909 0.129516 -0.005745 0.227319 -0.014731 0.306776
740.865683 0.036288 0.009521 0.131114 -0.005483 0.229707 -0.014582 0.309986
751.192949 0.037130 0.009687 0.133195 -0.005076 0.232105 -0.014429 0.313204
761.664172 0.038003 0.010098 0.134944 -0.004737 0.234512 -0.014271 0.316432
772.281357 0.039144 0.010589 0.137611 -0.004654 0.237546 -0.014109 0.319668
783.046540 0.040394 0.010964 0.139417 -0.004578 0.241473 -0.013941 0.322912
793.961785 0.041251 0.011420 0.141172 -0.004449 0.243908 -0.013769 0.326165
805.029181 0.041982 0.011630 0.142943 -0.004262 0.246351 -0.013592 0.329424
816.250851 0.043503 0.011988 0.145143 -0.004180 0.248800 -0.013409 0.332691
827.628946 0.044197 0.012587 0.148010 -0.004097 0.253641 -0.013221 0.335964
839.165644 0.045462 0.013283 0.150910 -0.004013 0.258540 -0.013028 0.339243
850.863158 0.046859 0.013654 0.153041 -0.003928 0.263496 -0.012829 0.342527
862.723729 0.047992 0.013837 0.154933 -0.003748 0.266706 -0.012624 0.345817
874.749630 0.048999 0.014354 0.157749 -0.003709 0.269356 -0.012414 0.349111
886.943166 0.050046 0.014949 0.160327 -0.003577 0.272423 -0.012197 0.352410
899.306672 0.051316 0.015246 0.162485 -0.003412 0.275100 -0.012007 0.355712
911.842520 0.052796 0.015583 0.164666 -0.003247 0.279095 -0.011954 0.359018
924.553110 0.054245 0.016254 0.166871 -0.003082 0.281121 -0.011899 0.362327
937.440879 0.055747 0.016930 0.169101 -0.002917 0.283148 -0.011842 0.365638
950.508296 0.057100 0.017641 0.171354 -0.002751 0.285176 -0.011784 0.368951
963.757866 0.058684 0.018314 0.173240 -0.002586 0.288536 -0.011725 0.372266
977.192128 0.060158 0.018740 0.174902 -0.002420 0.293377 -0.011665 0.375582
990.813657 0.062054 0.019169 0.178259 -0.002055 0.296764 -0.011603 0.378898
1004.625062 0.063589 0.019683 0.180609 -0.001504 0.299186 -0.011540 0.382214
1018.628990 0.064822 0.020093 0.182380 -0.001080 0.301777 -0.011475 0.385530
1032.828126 0.065903 0.020655 0.184145 -0.000755 0.304482 -0.011408 0.388846
1047.225190 0.067185 0.021100 0.185919 -0.000218 0.308273 -0.011341 0.392160
1061.822941 0.068434 0.021783 0.189177 0.000248 0.310869 -0.011271 0.395472
1076.624177 0.069798 0.022412 0.191167 0.000345 0.313222 -0.011200 0.398782
1091.631734 0.071591 0.023123 0.193157 0.000357 0.317540 -0.011128 0.402090
1106.848489 0.072781 0.023400 0.195167 0.000369 0.323109 -0.011054 0.405395
1122.277356 0.074343 0.023853 0.197830 0.000617 0.328715 -0.010978 0.408695
1137.921294 0.075948 0.024553 0.199906 0.000867 0.333859 -0.010900 0.411992
1153.783300 0.077578 0.025306 0.201997 0.001120 0.338070 -0.010821 0.415285
1169.866413 0.079641 0.026047 0.204515 0.001304 0.342280 -0.010740 0.418573
1186.173716 0.081886 0.027028 0.206691 0.001393 0.346488 -0.010657 0.421855
1202.708335 0.084067 0.027820 0.209091 0.001633 0.350693 -0.010573 0.425131
1219.473437 0.086122 0.028720 0.211312 0.001865 0.354893 -0.010487 0.428402
1236.472235 0.087646 0.029188 0.213893 0.002032 0.359088 -0.010399 0.431665
1253.707987 0.089814 0.029814 0.217396 0.002200 0.363275 -0.010309 0.434922
1271.183997 0.092089 0.030316 0.219862 0.002431 0.367454 -0.010217 0.438171
1288.903612 0.094444 0.031021 0.221905 0.002538 0.371623 -0.010124 0.441412
1306.870230 0.096104 0.031754 0.224076 0.002708 0.375743 -0.010028 0.444645
1325.087292 0.098339 0.032870 0.226459 0.002880 0.379453 -0.009931 0.448443
1343.558290 0.100354 0.033404 0.228677 0.003052 0.383149 -0.009831 0.453235
1362.286764 0.102640 0.033898 0.231955 0.003196 0.386831 -0.009730 0.456374
1381.276303 0.105009 0.034559 0.234012 0.003300 0.390497 -0.009627 0.460020
1400.530545 0.107358 0.035797 0.236076 0.003403 0.394147 -0.009521 0.465484
1420.053182 0.109039 0.036633 0.238145 0.003749 0.397780 -0.009414 0.471067
1439.847953 0.111464 0.037496 0.240225 0.003925 0.401395 -0.009305 0.476788
1459.918652 0.114097 0.037872 0.244091 0.004102 0.404992 -0.009193 0.482484
1480.269127 0.117395 0.038750 0.246332 0.004280 0.408569 -0.009080 0.488152
1500.903276 0.120671 0.039071 0.250156 0.004458 0.412125 -0.008964 0.493791
1521.825053 0.123838 0.039696 0.252784 0.004637 0.415661 -0.008830 0.499397
1543.038469 0.126906 0.040501 0.255331 0.004817 0.419174 -0.008538 0.504970
1564.547589 0.128260 0.042101 0.258517 0.004998 0.422665 -0.008241 0.510507
1586.356534 0.130324 0.043433 0.261110 0.005179 0.426133 -0.007939 0.516006
1608.469483 0.131939 0.044019 0.263545 0.005361 0.429835 -0.007633 0.521465
1630.890676 0.133487 0.044608 0.266813 0.005386 0.433677 -0.007322 0.526882
1653.624407 0.136236 0.045198 0.270197 0.005405 0.437491 -0.007007 0.532255
1676.675035 0.139498 0.046267 0.272864 0.005823 0.441277 -0.006687 0.537584
1700.046975 0.142149 0.048020 0.279318 0.006096 0.445033 -0.006364 0.542865
1723.744708 0.145528 0.048441 0.284601 0.006281 0.448760 -0.006036 0.548097
1747.772774 0.148501 0.049275 0.288320 0.006466 0.451943 -0.005705 0.553279
1772.135779 0.152052 0.049545 0.292554 0.006653 0.454325 -0.005596 0.558410
1796.838391 0.155797 0.050072 0.296540 0.006840 0.456692 -0.005502 0.563488
1821.885343 0.158433 0.050778 0.299923 0.007027 0.459755 -0.005407 0.568511
1847.281437 0.161985 0.051171 0.302877 0.007215 0.462205 -0.005310 0.573479
1873.031539 0.164659 0.052064 0.305088 0.007372 0.464643 -0.005212 0.578389
1899.140582 0.167776 0.054010 0.308648 0.007441 0.467068 -0.005113 0.583242
1925.613572 0.170576 0.054845 0.310792 0.007510 0.469481 -0.005012 0.588036
1952.455581 0.172555 0.056409 0.312931 0.007581 0.471881 -0.004910 0.592771
1979.671753 0.174898 0.057451 0.315063 0.007652 0.474268 -0.004806 0.597444
2007.267304 0.179049 0.058172 0.317622 0.007723 0.476642 -0.004702 0.602056
2035.247521 0.183053 0.059614 0.321192 0.007795 0.479002 -0.004596 0.606606
2063.617768 0.186491 0.061404 0.325414 0.007868 0.481349 -0.004489 0.611093
2092.383480 0.188996 0.062883 0.329256 0.007941 0.485265 -0.004380 0.615516
2121.550171 0.192711 0.063350 0.333314 0.008015 0.491371 -0.004271 0.619875
2151.123430 0.195105 0.063962 0.338310 0.008089 0.495387 -0.004160 0.624170
2181.108924 0.198813 0.064937 0.343781 0.008164 0.498176 -0.004049 0.628400
2211.512400 0.201561 0.066024 0.346699 0.008239 0.500933 -0.003936 0.632565
2242.339683 0.204525 0.066914 0.349482 0.008280 0.503655 -0.003822 0.636664
2273.596682 0.208914 0.067662 0.352552 0.008310 0.506345 -0.003708 0.640698
2305.289387 0.212541 0.068410 0.355486 0.008341 0.509000 -0.003592 0.644667
2337.423871 0.216312 0.069155 0.359478 0.008373 0.511622 -0.003475 0.648569
2370.006292 0.218641 0.069899 0.363219 0.008404 0.515112 -0.003358 0.652406
2403.042894 0.222599 0.070937 0.367017 0.008435 0.521616 -0.003240 0.656177
2436.540009 0.225326 0.072084 0.371735 0.008500 0.527629 -0.003121 0.659882
2470.504055 0.227867 0.072652 0.374967 0.008726 0.529831 -0.003001 0.663522
2504.941542 0.230900 0.073436 0.377183 0.008929 0.532020 -0.002881 0.667097
2539.859069 0.233317 0.074508 0.380923 0.009007 0.535065 -0.002760 0.670607
2575.263327 0.237349 0.074865 0.384055 0.009068 0.537406 -0.002638 0.674051
2611.161101 0.241473 0.075540 0.386430 0.009108 0.539728 -0.002516 0.677432
2647.559271 0.245760 0.077012 0.390125 0.009146 0.542033 -0.002394 0.680749
2684.464811 0.248731 0.078583 0.393454 0.009184 0.544318 -0.002271 0.684002
2721.884795 0.252718 0.080162 0.396458 0.009221 0.546585 -0.002142 0.687191
2759.826392 0.256044 0.081748 0.400982 0.009258 0.548833 -0.001950 0.690319
2798.296876 0.260182 0.083339 0.405938 0.009293 0.551063 -0.001757 0.693384
2837.303617 0.264244 0.084907 0.409352 0.009328 0.555882 -0.001563 0.696388
2876.854090 0.267577 0.086132 0.412991 0.009361 0.558115 -0.001369 0.699330
2916.955876 0.271708 0.087109 0.416211 0.009610 0.560328 -0.001174 0.702213
2957.616659 0.275501 0.088166 0.418114 0.009856 0.565476 -0.000979 0.705035
2998.844231 0.280724 0.089025 0.422603 0.010029 0.567690 -0.000783 0.707799
3040.646493 0.283685 0.089779 0.424206 0.010092 0.572133 -0.000587 0.710504
3083.031457 0.287494 0.089963 0.429370 0.010183 0.576016 -0.000391 0.713152
3126.007243 0.291008 0.090141 0.433320 0.010247 0.578767 -0.000195 0.715743
3169.582089 0.293136 0.090314 0.436721 0.010238 0.580320 0.000002 0.718277
3213.764344 0.295601 0.090482 0.441907 0.010306 0.582032 0.000198 0.720757
3258.562476 0.300254 0.090644 0.446054 0.010379 0.583965 0.000375 0.723181
3303.985070 0.302685 0.090802 0.450979 0.010452 0.585863 0.000476 0.725552
3350.040830 0.305946 0.090955 0.454625 0.010524 0.589069 0.000578 0.727870
3396.738582 0.308505 0.091369 0.458141 0.010595 0.590841 0.000679 0.730135
3444.087276 0.312617 0.092154 0.464139 0.010821 0.595293 0.000780 0.732349
3492.095985 0.315323 0.092925 0.467945 0.010937 0.598191 0.000881 0.734512
3540.773909 0.319040 0.093680 0.473493 0.011002 0.600150 0.000982 0.736626
3590.130377 0.323060 0.094074 0.476169 0.011066 0.605727 0.001082 0.738690
3640.174847 0.325730 0.094322 0.480080 0.011216 0.611581 0.001182 0.740707
3690.916911 0.329402 0.095025 0.484837 0.011370 0.617325 0.001174 0.742676
3742.366291 0.333579 0.095232 0.486166 0.011522 0.622958 0.001167 0.744599
3794.532847 0.335136 0.095934 0.489774 0.011673 0.626970 0.001159 0.746475
3847.426577 0.338407 0.097002 0.493648 0.011823 0.629893 0.001152 0.748308
3901.057617 0.341167 0.097450 0.497238 0.011849 0.634629 0.001145 0.750096
3955.436245 0.343580 0.097811 0.501140 0.011812 0.636093 0.001138 0.751841
4010.572881 0.345850 0.098818 0.504105 0.011822 0.640913 0.001235 0.753543
4066.478092 0.347895 0.099810 0.508360 0.011928 0.646403 0.001346 0.755205
4123.162591 0.350129 0.100785 0.514303 0.012034 0.650868 0.001375 0.756825
4180.637241 0.351793 0.101564 0.518034 0.012140 0.654405 0.001381 0.758405
4238.913057 0.353923 0.102123 0.522930 0.012245 0.657856 0.001387 0.759947
4298.001206 0.355786 0.102651 0.526386 0.012350 0.661049 0.001393 0.761450
4357.913012 0.358769 0.102749 0.529330 0.012454 0.662696 0.001398 0.762916
4418.659956 0.361523 0.102843 0.532357 0.012558 0.665001 0.001404 0.764345
4480.253680 0.363800 0.102935 0.535061 0.012661 0.669221 0.001410 0.765738
4542.705986 0.366284 0.103023 0.537303 0.012764 0.672856 0.001415 0.767095
4606.028844 0.368574 0.103423 0.539889 0.012867 0.675339 0.001420 0.768419
4670.234388 0.370804 0.104255 0.543016 0.012969 0.677785 0.001426 0.769709
4735.334923 0.372606 0.105075 0.546555 0.013070 0.679125 0.001431 0.770965
4801.342924 0.375743 0.105883 0.550835 0.013152 0.681691 0.001436 0.772190
4868.271040 0.379335 0.106679 0.553884 0.013227 0.684907 0.001441 0.773383
4936.132098 0.381700 0.107353 0.556259 0.013304 0.687210 0.001446 0.774545
5004.939103 0.383493 0.107666 0.559448 0.013317 0.689477 0.001451 0.775678
5074.705239 0.385049 0.107810 0.561951 0.013330 0.691709 0.001455 0.776780
5145.443878 0.387028 0.107950 0.564278 0.013343 0.693906 0.001460 0.777854
5217.168576 0.388852 0.108087 0.566919 0.013355 0.696069 0.001465 0.778900
5289.893076 0.390356 0.108221 0.569545 0.013366 0.698197 0.001469 0.779919
5363.631317 0.391911 0.108351 0.572115 0.013377 0.701628 0.001473 0.780911
5438.397428 0.393252 0.108478 0.574746 0.013388 0.705429 0.001478 0.781877
5514.205739 0.395112 0.108601 0.577480 0.013399 0.708121 0.001482 0.782817
5591.070777 0.397233 0.108722 0.580377 0.013409 0.709200 0.001486 0.783732
5669.007271 0.398085 0.108840 0.582962 0.013418 0.710249 0.001490 0.784623
5748.030158 0.399664 0.108954 0.585529 0.013428 0.711270 0.001494 0.785491
5828.154581 0.400415 0.109066 0.587453 0.013437 0.712338 0.001498 0.786296
5909.395895 0.402138 0.109175 0.589567 0.013445 0.716028 0.001502 0.786977
5991.769669 0.403220 0.109281 0.592415 0.013454 0.719585 0.001505 0.787638
6075.291689 0.405956 0.109417 0.593579 0.013462 0.722699 0.001509 0.788280
6159.977960 0.408369 0.109641 0.595228 0.013469 0.725950 0.001513 0.788903
6245.844712 0.409892 0.109857 0.597271 0.013477 0.729104 0.001516 0.789508
6332.908400 0.411286 0.110065 0.600908 0.013484 0.731145 0.001520 0.790095
6421.185709 0.411420 0.110266 0.604510 0.013510 0.732887 0.001523 0.790665
6510.693555 0.411550 0.110460 0.606875 0.013558 0.734570 0.001526 0.791219
6601.449093 0.412849 0.110647 0.609221 0.013606 0.736199 0.001530 0.791756
6693.469713 0.414903 0.110828 0.611549 0.013653 0.737773 0.001533 0.792278
6786.773051 0.417303 0.111043 0.614383 0.013700 0.739295 0.001536 0.792784
6881.376986 0.418592 0.111650 0.617291 0.013746 0.741028 0.001539 0.793275
6977.299650 0.419560 0.112253 0.619540 0.013791 0.743193 0.001542 0.793752
7074.559423 0.420492 0.112454 0.621903 0.013836 0.745296 0.001545 0.794214
7173.174944 0.421488 0.112518 0.624132 0.013897 0.747340 0.001548 0.794663
7273.165113 0.422461 0.112580 0.626439 0.013973 0.749325 0.001551 0.795099
7374.549090 0.423672 0.112993 0.628679 0.014049 0.751253 0.001553 0.795521
7477.346305 0.425071 0.113483 0.630284 0.014124 0.753124 0.001556 0.795932
7581.576458 0.425997 0.113970 0.631880 0.014199 0.754515 0.001559 0.796330
7687.259522 0.427149 0.114455 0.634756 0.014273 0.755280 0.001561 0.796716
7794.415750 0.428273 0.114937 0.635986 0.014339 0.755726 0.001564 0.797091
7903.065679 0.428954 0.115416 0.637764 0.014353 0.757833 0.001566 0.797454
8013.230128 0.429208 0.115742 0.639127 0.014367 0.760132 0.001569 0.797807
8124.930211 0.429311 0.115862 0.640365 0.014381 0.762355 0.001571 0.798149
8238.187331 0.429978 0.115977 0.641415 0.014395 0.764504 0.001573 0.798481
8353.023195 0.430453 0.116089 0.642438 0.014408 0.766243 0.001576 0.798803
8469.459808 0.431395 0.116196 0.643433 0.014421 0.767670 0.001578 0.799115
8587.519485 0.432313 0.116299 0.645740 0.014434 0.769054 0.001580 0.799418
8707.224849 0.433356 0.116399 0.647562 0.014447 0.770395 0.001582 0.799712
8828.598841 0.434120 0.116495 0.648490 0.014477 0.771268 0.001584 0.799997
8951.664721 0.435555 0.116588 0.650029 0.014512 0.772009 0.001586 0.800274
9076.446073 0.436533 0.116677 0.652233 0.014547 0.772722 0.001589 0.800542
9202.966809 0.436802 0.116763 0.654280 0.014581 0.773756 0.001590 0.800803
9331.251175 0.437352 0.116846 0.655820 0.014615 0.775156 0.001592 0.801176
9461.323756 0.438344 0.117169 0.656909 0.014648 0.776510 0.001594 0.801706
9593.209478 0.438863 0.117449 0.658446 0.014680 0.777822 0.001596 0.802216
9726.933615 0.439590 0.117500 0.659899 0.014712 0.779092 0.001598 0.802708
9862.521795 0.440297 0.117550 0.661315 0.014744 0.780321 0.001600 0.803182
10000.000000 0.440985 0.117598 0.662674 0.014795 0.781511 0.001601 0.803638
