10.000000 309935571587.373657 6444759913.351972 3173949875749.111328 416995048.541130 9927934216362.085938 63421130.988660 20647908593500.285156
10.139395 320147304782.186279 6776237872.860397 3223403067106.806152 435189821.883260 10050703314122.884766 66762421.625172 20847897560571.226562
10.280732 330693565541.579590 7124676948.427051 3265673213603.474609 454176457.927703 10174319152383.468750 70279490.827479 21048264672458.277344
10.424040 341585202207.679688 7490939284.611749 3308366852201.589844 473989302.209462 10298775893389.300781 73981568.878621 21248983931016.957031
10.569346 352833389385.858398 7875930479.206519 3351487848356.814941 497970982.429171 10431784893812.322266 77878369.608238 21450029139466.714844
10.716676 364449686025.398376 8280601749.571715 3396400844636.755371 525617006.461516 10582906999633.808594 81980115.648499 21651373912470.214844
10.866061 376445987800.406738 8705952205.444324 3457663486070.510742 554795463.178333 10735487720321.466797 86297565.002785 21852991686328.410156
11.017528 388834579936.885254 9153031233.381786 3517548408708.243164 585591128.338271 10889525094584.560547 90842038.996832 22054855729282.726562
11.171107 401628146259.219727 9622940998.207396 3577366865013.445801 618093455.887976 11045016809397.667969 95625451.684151 22256939151916.347656
11.326826 414017291070.569946 10037169761.767752 3647152206533.417480 652396835.302524 11176685152699.085938 100660340.778127 22459214917645.339844
11.484715 427822376432.931641 10426892323.771622 3712251947135.368652 688600863.026459 11292633444073.960938 105959900.194217 22661655853291.558594
11.644806 440933369527.744202 10926805104.129133 3778338457200.520020 726810628.787467 11408960380994.962891 111538014.281339 22864234659728.335938
11.807128 452113273874.673401 11482528109.759401 3859946264643.183594 767137017.582322 11525653533214.042969 117409293.832895 23066923922590.343750
11.971713 464737582628.300842 12074214539.882097 3963025827063.739258 809697028.202161 11649623887763.562500 123589113.966568 23269696123038.734375
12.138593 477691169973.093140 12646205603.809320 4029403056675.300781 854614109.183768 11833224223344.599609 130093653.971936 23472523648573.023438
12.307798 490981748716.451355 13187415309.840115 4096681105824.129395 902018513.148352 12019049107523.902344 136939939.226143 23675378803880.394531
12.479362 504617180984.355286 13855530635.909300 4164868307670.392578 952047670.519280 12207108125189.937500 144145885.284515 23878233821714.417969
12.653318 522340991308.027649 14442568053.582167 4233973000213.290039 1004846583.680509 12397410443511.531250 151730344.258503 24081060873793.667969
12.829698 543547534956.853333 15178796473.130239 4304003523111.441895 1060568242.674690 12589964800553.833984 159713153.599156 24283832081711.925781
13.008537 555170998724.870972 15987803549.631277 4374968214318.013184 1119374063.633590 12784779493924.761719 168115187.409329 24486519527851.257812
13.189869 573260444403.457275 16657749200.148918 4446875406527.490234 1181434351.147198 12981862369463.414062 176958410.417120 24689095266288.984375
13.373729 591935572022.849854 17355091782.273239 4530080110123.558594 1246274570.254522 13181220809979.322266 186265934.742823 24891531333690.535156
13.560151 611215121988.300049 18080916150.329285 4681159092478.762695 1308690694.356225 13372466516283.884766 196062079.610259 25093799760179.011719
13.749172 630273290461.143677 18836348301.040241 4760363133097.327148 1374173788.970345 13549254384261.181641 206372434.148509 25295872580173.710938
13.940828 649520065795.245850 19622556844.174351 4840605450480.930664 1442871012.775206 13727411367529.265625 217223923.443692 25497721843188.683594
14.135156 668383707989.870239 20620827092.454357 4921891855322.537109 1514936377.628309 13906929168823.560547 228644878.012068 25699319624583.593750
14.332192 690169312834.115601 21742139412.056389 5013101511723.512695 1590531055.910558 14087799154713.556641 240665106.864623 25900638036258.378906
14.531975 715079972992.051636 22662261150.712872 5097514979530.647461 1669823701.008143 14270012359262.798828 253315974.352752 26101649237284.250000
14.734543 740710895356.739990 23613802180.998932 5178727854501.183594 1752990781.459456 14453081549924.982422 266630480.986358 26302325444462.429688
14.939935 765817596389.781372 24868823587.534107 5261023778801.158203 1840216929.314984 14581225275561.210938 280643348.428072 26502638942803.824219
15.148189 786242315361.555298 26219807654.780590 5344412837374.385742 1931695303.277523 14725881461657.636719 295391108.881963 26702562095921.367188
15.359347 810115463846.244263 27643838381.516525 5494053932040.682617 2027627967.211361 14938729011317.808594 310912199.095105 26902067356328.042969
15.573448 836474983971.892456 29144841947.149689 5648949191553.863281 2128226284.630634 15153586769328.857422 327247059.218318 27101127275633.332031
15.790533 864014902471.758301 30726953980.240612 5775183294520.451172 2233711329.799189 15370450164933.902344 344438236.764436 27299714514630.808594
16.010645 889163244705.754150 32296987208.548191 5846720140665.483398 2344314316.097332 15582293928761.544922 362530495.934241 27497801853270.511719
16.233824 920756439941.682251 33614077415.978657 5928766730617.882812 2460277042.334896 15774891664070.546875 381570932.579749 27695362200508.761719
16.460115 950676818244.051758 34982613670.871178 6004106921235.497070 2581852357.714101 15968737720993.851562 401609095.095146 27892368604029.800781
16.689560 981558734302.653320 36922549535.772430 6153764205646.292969 2709304646.171371 16162910468984.785156 422697111.540864 28088794259832.035156
16.922204 1013432460017.063965 38969436255.594131 6308397358298.383789 2842910330.853522 16323359265526.566406 444889823.313212 28284612521673.781250
17.158090 1041623336643.794189 40799144178.525307 6412575234676.602539 2982958399.510169 16484191208634.208984 468244925.703239 28479796910371.941406
17.397264 1067492554592.038940 42475413073.597450 6539415386483.435547 3129750951.612778 16645387834776.966797 492823115.689447 28674321122948.308594
17.639773 1093955554242.488037 44218155353.180740 6640423823436.381836 3283603768.038863 16827302409097.867188 518688247.336077 28868159041618.171875
17.885662 1124663851484.028809 46591464055.329399 6742548676665.474609 3444846904.190087 17061667071039.681641 545907495.188337 29061284742615.796875
18.134978 1167759150495.844727 48991513296.874573 6845793461043.801758 3613825307.442952 17286340070872.488281 574551526.067052 29253672504852.074219
18.387770 1191596566642.119629 50784867902.067543 6976844416554.504883 3790899459.862962 17469878577474.687500 604694679.695003 29445296818399.398438
18.644085 1215840975681.694824 53378312695.808418 7119103483406.999023 3976446047.145247 17654105962891.808594 636415158.606765 29636132392799.449219
18.903974 1250507648095.324951 56007865345.389793 7262894963266.694336 4170858654.778278 17839006033835.402344 669795227.807548 29826154165189.691406
19.167485 1282865799096.993408 58289567870.862961 7408198631470.159180 4374548492.462033 18024562453481.515625 704921424.687011 30015337308244.269531
19.434669 1324393259499.837891 60673520595.818085 7548750020961.217773 4587945147.847480 18210758747363.343750 741884779.701557 30203657237925.898438
19.705578 1366718459369.071777 63566497806.474678 7646970829915.935547 4811497370.701274 18397578309299.343750 780781048.380032 30391089621044.898438
19.980263 1392749684397.752930 66583007688.786819 7780054310238.215820 5045673888.636859 18585004407352.472656 821710955.221314 30577610382622.417969
20.258777 1437414279691.799316 69588257767.532242 7942168918864.020508 5290964255.593068 18773020189815.652344 864780450.096051 30763195713054.367188
20.541173 1483492440668.162109 72325042115.619781 8094042516074.656250 5547879734.281160 18961608691219.164062 910100977.777645 30947822075073.667969
20.827506 1531027844468.377686 75165624440.925552 8223905176845.810547 5816954213.862224 19150752838355.218750 957789761.279999 31131466210507.953125
21.117830 1580065453298.218018 78113756055.135635 8324039273451.761719 6098745164.160662 19340435456315.421875 1007970099.693411 31314105146830.488281
21.412202 1630651563907.208252 81173315251.428314 8478761512005.020508 6393834627.762814 19530639274536.480469 1060771681.255930 31495716203502.179688
21.710676 1671286618591.539062 85227964667.283661 8605433764251.953125 6702830251.395010 19721346932850.027344 1116330912.435099 31676276998102.925781
22.013311 1701417880674.589844 88952729408.614304 8733505907104.956055 7026366358.022799 19912540987531.960938 1174791263.828800 31855765452250.406250
22.320165 1734244314987.516846 92178686525.925018 8862982244217.152344 7365105061.160335 20104203917347.085938 1236303633.731269 32034159797305.152344
22.631296 1771848937871.601074 96996598458.138000 8931986443811.787109 7719737422.929457 20296318129585.031250 1301026730.267653 32211438579860.628906
22.946764 1811470586454.907227 102274123586.650940 9018696403458.183594 8090984657.457920 20488865966083.046875 1369127473.028242 32387580667017.308594
23.266629 1843033514239.112061 106368656548.083908 9200022685976.042969 8479599381.259916 20681829709231.718750 1440781415.183824 32562565251440.195312
23.590953 1875134812139.144043 110622674417.177505 9382908140040.796875 8886366912.295383 20875191587959.546875 1516173187.130711 32736371856198.921875
23.919798 1907783663155.504639 115036865326.119553 9531525428253.404297 9312106619.460468 21068933783692.675781 1595496962.731788 32908980339390.601562
24.253227 1943973530508.037109 119633317414.928238 9669481883433.027344 9757673324.319351 21263038436285.500000 1678956949.306141 33080370898544.859375
24.591304 1986935078658.758301 124402558939.563675 9808858053654.955078 10223958756.946167 21457487649918.917969 1766767902.562896 33250524074811.550781
24.934094 2025736104478.262207 129356532460.713943 9959280901719.765625 10711893067.806129 21652263498962.093750 1859155667.723259 33419420756931.117188
25.281661 2071661535941.778320 134502118838.581848 10104781320789.074219 11222446397.669407 21847348033794.550781 1956357748.164505 33587042184988.460938
25.634074 2122791276121.621582 139846441606.291626 10332774895331.304688 11756630507.612780 22042723286584.734375 2058623902.954423 33753369953950.683594
25.991399 2166335579374.487549 145396874870.985565 10534888546057.244141 12315500471.233541 22238371277022.093750 2166216774.737720 33918386016989.863281
26.353705 2215115610104.582520 151161051441.323212 10666170606205.693359 12900156431.265335 22434274017998.972656 2279412549.493693 34082072688591.722656
26.721062 2270103083413.840332 157146871186.452026 10798943051499.568359 13510402360.573475 22630413521239.410156 2398501649.760634 34244412647451.554688
27.093539 2330409490670.573730 163362509631.577789 10923383226046.039062 14101915107.933285 22826771802871.664062 2523789463.010501 34465387888741.523438
27.471208 2377717374116.946777 169816426795.276611 11115324108117.919922 14718912518.754259 23015921333615.058594 2655597106.930988 34692936475881.644531
27.854142 2422809005692.458496 176517376273.772034 11307000412251.255859 15362469570.411821 23198668910876.339844 2794262233.461877 34919780538839.371094
28.242413 2474087921834.091309 183474414577.385925 11447101634199.037109 16033705325.529133 23401044198910.160156 2940139873.521060 35145897927495.773438
28.636097 2529011512913.963867 190696910724.467468 11646292472046.890625 16733784672.492363 23614033497016.472656 3093603324.462887 35371266840999.101562
29.035269 2585017051108.767578 198194556098.082764 11888648354906.574219 17463920131.157307 23811216449056.906250 3255045082.386081 35595865836511.804688
29.440005 2642121489036.671387 205977374570.779877 11988876294643.568359 18225373726.018658 24008510672993.792969 3424877821.548088 35819673837811.343750
29.850382 2721579020671.931641 214055732902.795990 12089231256664.779297 19019458929.168804 24205898366492.609375 3603535423.214427 36042670143743.867188
30.266481 2770476579645.534180 222440351419.052551 12189705960613.056641 19847542675.454926 24403361773843.656250 3791474056.418791 36264834436530.750000
30.688379 2820199736485.037598 230525455799.431244 12309480738389.871094 20711047452.313942 24600883190907.445312 3989173313.214098 36486146789928.007812
31.116158 2879425920429.530273 237367635585.702148 12477170795811.441406 21611453466.835236 24798444969978.808594 4197137401.122005 36706587677238.835938
31.549901 2944729811288.073730 248565961496.724670 12646256901563.736328 22550300892.689686 24983136674082.203125 4415896395.615787 36926137979179.234375
31.989689 3027436524165.146973 257757850847.461853 12759859741969.779297 23529192199.623833 25124567528458.988281 4646007555.633430 37144778991598.132812
32.435608 3074073402680.233398 267033211817.892731 12896303995921.896484 24549794568.322765 25265262570227.210938 4888056705.232154 37362492433051.843750
32.887743 3140594924583.924805 276621920519.684753 13063046602955.765625 25613842393.505482 25405208152203.609375 5142659684.660525 37579260452234.679688
33.346180 3208373637608.771484 286533813469.158752 13314692349616.812500 26723139878.216331 25544390856545.355469 5410463874.300858 37795065635266.085938
33.811008 3277427704847.231934 300884027783.905701 13448486090252.255859 27879563722.351921 25757208259758.695312 5692149795.063126 38009891012836.046875
34.282315 3347775391008.482910 313642107515.455627 13620167149958.287109 29085065908.567757 25981017908069.910156 5988432789.027910 38223720067210.101562
34.760192 3416700863522.290527 325764949009.189514 13835744369002.541016 30341676588.773415 26204923758063.531250 6300064784.290459 38436536739095.460938
35.244730 3482964267431.799805 338338658313.599670 14003878891514.501953 31651507074.543468 26428899857356.757812 6627836148.151058 38648325434370.140625
35.736022 3559198136058.151855 351379140118.694397 14123021273559.287109 33016752934.853069 26652920251890.785156 6972577633.026464 38859071030676.820312
36.234163 3630939945414.365723 364902819276.486328 14348755845056.783203 34439697204.644623 26876958995223.246094 7335162419.620131 39068758883883.445312
36.739248 3693170227075.261230 378926655936.596924 14520226157382.425781 35922713707.828094 27100990157759.457031 7716508262.155973 39277374834412.851562
37.251373 3756274761138.277344 393468161038.206421 14702058888640.996094 37468270498.431396 27269930000330.257812 8117579740.672548 39484905213443.523438
37.770637 3820260558963.750977 408545412162.875977 14863914152761.119141 39078933423.699921 27437799478369.984375 8539390625.648096 39691336848983.781250
38.297139 3885134546752.910156 423274410090.016724 15024639542201.644531 40757369813.069771 27605013840539.285156 8983006360.441900 39896657071822.070312
38.830980 3950903561260.739746 437198672155.639160 15197459290660.708984 42506352297.026733 27771556685549.417969 9449546667.347969 40100853721355.539062
39.372263 4017574345474.249023 451442903556.465515 15381263094938.941406 44328762759.991249 27937411822326.382812 9940188283.277876 40303915151299.757812
39.921091 4106361916572.978027 466171070488.413086 15545525774810.273438 46227596431.464096 28102563273233.609375 10456167831.447500 40505830235282.234375
40.477570 4205296112033.779297 482192374934.675171 15665225831056.636719 48205966119.795464 28266995277159.957031 10998784835.654091 40706588372322.296875
41.041805 4308321737527.133301 506943893376.500122 15826868566637.966797 50267106593.042473 28430692292474.160156 11569404884.154213 40906179492200.359375
41.613906 4412896263522.960938 529211392578.261108 15989108969284.218750 52414379111.506958 28593638999845.992188 12169462950.383480 41104594060719.046875
42.193981 4500534246269.220703 549492411292.603638 16151946717369.849609 54651276116.663376 28755820304934.812500 12800466878.172655 41301823084859.460938
42.782142 4587264699518.627930 568820058154.780396 16315381509558.197266 56981426081.308990 28917221340946.398438 13464001039.448204 41497858117835.023438
43.378502 4689026170663.172852 588733737336.663330 16488479723509.169922 59408598525.886871 29077827471059.082031 14161730172.787846 41692691264046.093750
43.983175 4792714527420.258789 609246255685.316406 16704996077644.056641 61936709206.067070 29237624290719.882812 14895403411.610857 41886315183938.085938
44.596276 4898358924665.969727 630370444323.620239 16900566380231.437500 64569825476.799850 29396597629811.968750 15666858511.166752 42078723098765.773438
45.217924 5005988830696.719727 652119144202.267700 17017484784041.359375 67312171838.172714 29554733554694.531250 16478026283.952948 42269908795267.093750
45.848238 5088965057260.183594 681025867549.906494 17162303564495.882812 70168135668.553009 29712018370116.429688 17330935253.634800 42459866630248.609375
46.487337 5169305896379.552734 713219190703.153198 17412516779593.943359 73142273150.627548 29907124592339.742188 18227716537.993099 42648591535085.867188
47.135345 5279399914258.825195 739305003697.640015 17659133184968.375000 76239315396.071884 30237440987302.570312 19170608971.948750 42836079020141.156250
47.792386 5370650920367.910156 766124209424.408325 17837167732710.351562 79464174774.751389 30444152822449.148438 20161964482.229229 43022325179101.109375
48.458586 5506573637787.757812 793861467861.198608 18060320327014.031250 82821951454.470886 30678785453526.296875 21204253725.738697 43207326693237.000000
49.134073 5640088807464.505859 822546089074.749512 18310827456940.535156 86317940157.449646 31054954327869.226562 22300072004.331219 43391080835589.781250
49.818975 5788082591837.791992 852208233360.877319 18563476953849.328125 89957637139.824188 31419433625298.687500 23452145469.219006 43573585475082.531250
50.513425 5886548398866.953125 882878932010.526855 18821236371842.320312 93746747400.667267 31745499712625.980469 24663337628.874840 43754839080562.125000
51.217554 6030320658641.392578 914590108373.608521 19075162911207.734375 97691192127.108521 32103925049452.492188 25936656174.956726 43934840724772.515625
51.931499 6153205330949.439453 952315162381.967285 19312022869496.429688 101797116382.349915 32463770451002.050781 27275260141.439678 44113590088261.273438
52.655396 6315823856893.499023 987068936284.939331 19487482998751.382812 106070897043.462143 32825032583832.441406 28682467412.819817 44291087463221.148438
53.389384 6421462501163.841797 1022723305221.198975 19654824051689.484375 110519150996.074570 33054170555964.355469 30161762598.046352 44467333757268.304688
54.133603 6526685975679.028320 1060215478051.354736 19839520453886.359375 115148743593.157471 33267802613675.253906 31716805287.556465 44642330497158.398438
54.888196 6663095880056.308594 1098685604437.252563 20016072608965.699219 119966797385.307434 33481534393903.906250 33351438711.575954 44816079832441.773438
55.653308 6780827848291.417969 1138473651661.441895 20287428200832.054688 124980701130.086609 33798053514691.144531 35069698818.762558 44988584539058.718750
56.429085 6905798143847.173828 1179620998382.654541 20582961085087.972656 130198119088.123093 34115097223345.203125 36875823795.059738 45159848022875.148438
57.215676 7030432328576.502930 1227864710052.097656 20779215830049.519531 135627000613.870178 34363020346423.625000 38774264043.567131 45329874323159.523438
58.013231 7165913248941.982422 1272467442556.166016 20985289152561.441406 141275590049.051483 34470337892797.207031 40665670907.888115 45498668116000.867188
58.821904 7284314740862.928711 1311649526505.407227 21225183259030.855469 147152436927.033356 34576255942838.550781 42601617080.559494 45666234717667.835938
59.641849 7439458282854.161133 1350650033030.079102 21411072441122.296875 153266406496.492920 34870577183681.750000 44626597136.896423 45962985792410.554688
60.473224 7621957010102.393555 1407274963887.274414 21597786717012.585938 159626690572.945343 35177588044748.296875 46744542132.316254 46315322269592.765625
61.316188 7839713689267.462891 1457511186791.019531 21785316077755.308594 166242818726.875122 35486719389247.203125 48959548593.886627 46667036073113.054688
62.170903 7994799381530.844727 1509428870588.104248 21973650433516.273438 173124669817.358398 35797973349623.390625 51275885111.687035 47018080215526.296875
63.037532 8146138042315.060547 1563078936646.599854 22177981671027.238281 181118658646.634399 36111351084605.953125 53697999176.900909 47368407888299.359375
63.916241 8299726571706.274414 1618513593100.948975 22405889244328.117188 189544847230.251678 36426852766099.726562 56230524275.277786 47717972479025.625000
64.807198 8455583738317.605469 1675786354933.720459 22633975174085.828125 198348818449.497437 36744477568235.039062 58878287244.887489 48066727588441.453125
65.710575 8613728158640.135742 1730642915966.139648 22858363453234.621094 207546778273.292694 36977440779790.601562 61646315907.379166 48414627047233.710938
66.626545 8769947337933.821289 1777526827979.484131 23052062717371.718750 217155592165.908936 37301114384303.304688 64539846982.260094 48761624932628.117188
67.555283 8921246983188.244141 1828803102766.978516 23289045927607.566406 227192810285.944580 37521406286936.242188 67564334294.018730 49107675584748.289062
68.496967 9053686825005.265625 1888066678964.719482 23548257484050.429688 237676693577.871582 37793791388843.468750 70725457282.238342 49452733622735.750000
69.451778 9231595676838.126953 1952832499197.282227 23777357297466.695312 248626240784.917633 37897756926992.507812 74029129825.171707 49796753960621.750000
70.419898 9418638342094.933594 2019670948212.174072 24006688589256.535156 260061216412.914215 38011475852415.484375 77481509387.595306 50139691822941.632812
71.401513 9589689507428.996094 2088642163936.743164 24236262035566.941406 272002179675.532898 38216757703729.906250 81089006504.102234 50481502760083.710938
72.396811 9746239891110.554688 2159807743884.425049 24466088653914.757812 284470514452.220032 38421509059446.703125 84858294609.362534 50822142663363.687500
73.405984 9919323017801.597656 2233230765523.808105 24675027058468.406250 297488460290.994812 38775149552271.312500 88796320227.244370 51161567779817.656250
74.429223 10097208784566.839844 2308975805987.052734 24861219575732.886719 311079144489.175415 39132610724686.187500 92910313531.078506 51499734726705.937500
75.466726 10262325490977.039062 2374042095170.376953 25048372501412.417969 325266615286.004211 39490194608840.578125 97207799287.737762 51836600505720.609375
76.518692 10434520768221.515625 2439251107521.952148 25236494327716.226562 340075876202.065063 39847924941915.132812 101696608198.614136 52172122516890.304688
77.585321 10612309140755.185547 2505796672967.977539 25425593298240.269531 353527589636.988586 40205825790871.312500 106384888650.994278 52506258572176.171875
78.666818 10799764831803.042969 2583326993017.397461 25679651253989.550781 367337591559.144958 40563921440033.687500 111281118893.764389 52838966908753.367188
79.763391 10950049699193.677734 2683910012131.208008 25806754280412.378906 381662031667.722656 40922236282747.960938 116394119651.822159 53170206201971.960938
80.875249 11129018245820.275391 2780928555039.726562 25998831352621.613281 396519140364.904175 41280794717452.382812 121733067194.026810 53499935577993.414062
82.002606 11348570340330.550781 2863398155274.845215 26191915650336.906250 411927761450.038330 41613588379754.179688 127307506870.001541 53828114626097.039062
83.145678 11565422470312.312500 2948871934060.513184 26386013871135.328125 427907371649.078613 41705538800905.562500 133127367131.574661 54154703410653.062500
84.304684 11720884876065.853516 3027882172424.990234 26581132344956.324219 444478100725.684937 41799214479167.562500 139202974055.153137 54479662482758.007812
85.479845 11874436469695.742188 3108942931390.074219 26777277015627.789062 461660752189.580139 41894647785377.218750 145545066381.839111 54802952891529.414062
86.671388 12033904042404.039062 3208371471980.969238 26980588125814.234375 479476824618.059082 41991871697742.515625 152164811092.627075 55124536195056.554688
87.879540 12228909659426.919922 3290552830785.713867 27232483758759.847656 497948533606.873474 42090919813238.484375 159073819536.570709 55444374471005.179688
89.104533 12423228134294.195312 3440546128652.038574 27495750371088.605469 517098834367.044250 42191826359217.031250 166284164130.358643 55762430326873.414062
90.346602 12601291811832.927734 3570279989144.800781 27760363971523.050781 536951444984.468262 42522876403504.703125 173808395648.335999 56078666909897.593750
91.605985 12757626502957.035156 3725957101184.595703 28026321892977.250000 557530870359.517212 42692599117327.343750 181659561122.588013 56393047916606.234375
92.882923 12975123981369.326172 3813712127302.626953 28233033072121.757812 578862426844.135010 42917067895687.718750 189851222373.323914 56705537602021.468750
94.177660 13218831254455.072266 3939078802614.959961 28503714982594.171875 600972267594.270874 43201751953293.890625 198397475190.430908 57016100788507.000000
95.490446 13455690324218.222656 4082112164446.507812 28713971850133.816406 623887408655.786255 43352088537002.968750 207312969187.710449 57324702874262.320312
96.821531 13683833117530.292969 4203298782498.807129 29003493750100.261719 647635755802.284424 43510201606442.898438 216612928351.983398 57631309841463.390625
98.171170 13956072803204.923828 4306323417631.310059 29278022459668.046875 672246132143.636475 43783105302425.023438 226313172309.943207 57935888264050.070312
99.539623 14218999461222.349609 4428031696907.321289 29537960714026.160156 697748306524.250610 44055821360599.257812 236430138336.326904 58238405315161.078125
100.927151 14426221469096.798828 4572443805260.407227 29786341332485.132812 724173022730.435669 44328337586105.296875 246980904127.720001 58538828774217.609375
102.334021 14746618865541.001953 4724228796613.279297 30060543963170.195312 751552029526.487793 44600641917483.703125 257983211367.043396 58837127033656.664062
103.760502 15034734397970.767578 4874022608096.905273 30323173360387.195312 779918111539.434570 44872722427277.250000 269455490104.556335 59133269105316.664062
105.206867 15309348545862.453125 5011657940065.831055 30586684228924.820312 809305121012.576904 45144567322582.976562 281416883981.984070 59427224626476.250000
106.673394 15590373754619.228516 5101287234098.609375 30851068803992.640625 839748010448.277100 45508838441219.828125 293887276327.199707 59718963865549.679688
108.160363 15874578878904.339844 5199704324515.801758 31134846244676.289062 871282866160.651855 45746907774391.312500 306887317147.727783 60008457727440.429688
109.668060 16145990687102.955078 5362734481268.516602 31440417502391.496094 903946942759.068237 46060996723360.101562 320438451052.194641 60295677758556.976562
111.196773 16456016793834.535156 5530373161488.128906 31765079892003.261719 937778698583.519897 46396783738689.484375 334562946129.720520 60580596151492.851562
112.746796 16740123402535.835938 5702727719658.611328 32095448362089.320312 972817832113.218872 46610118876711.070312 349283923818.190552 60863185749375.468750
114.318425 17062882677702.445312 5839259090667.551758 32439341691634.335938 1009105319369.791870 46770045458990.812500 364625389793.214355 61143420049886.437500
115.911962 17380112409358.833984 5918868606348.374023 32849100679693.496094 1053474326969.376587 47039922248658.304688 380612265910.613037 61421273208958.234375
117.527712 17662132696373.496094 6106533705745.239258 33123673203664.203125 1101554593870.631592 47309473975652.460938 397270423236.188110 61696720044150.335938
119.165984 17948194992119.300781 6299044919314.879883 33411040179723.843750 1151770507311.511963 47578690075431.710938 414626716197.578796 61969736037710.515625
120.827094 18244129268017.121094 6429892246870.602539 33623328095482.453125 1204212950853.787109 47957717027196.164062 432709017894.036011 62240297339324.843750
122.511358 18624225038652.960938 6574977685954.333984 33906993355328.187500 1258976406000.629395 48370967877361.296875 451546256601.001526 62508380768561.585938
124.219100 18963202095585.820312 6749648013796.110352 34161048692048.843750 1316159076317.671631 48800094218350.226562 471168453507.462280 62773963817014.203125
125.950646 19236179461454.570312 6929102228942.087891 34480746460335.218750 1375863014575.606689 49206578198190.437500 491606761725.211914 62978474974826.984375
127.706330 19555633754134.535156 7112515395824.988281 34814488788621.242188 1438194252896.526611 49618580621547.031250 512893506610.229675 63167291943589.718750
129.486487 19878904831023.300781 7300937887713.660156 35149675586165.582031 1503262935876.864014 50117916996718.093750 535062227437.620178 63359368501268.546875
131.291459 20190216309553.789062 7511567806419.797852 35438944421225.468750 1571183456650.680664 50552825396781.250000 558147720472.755249 63778289478845.789062
133.121590 20499451712617.117188 7736809956983.788086 35704472269707.960938 1642074595847.854736 50949993563870.609375 582186083482.459229 64063632803594.078125
134.977233 20737288875413.378906 7962732474935.486328 36006816630554.195312 1716059663389.140625 51300046613843.843750 607214761731.398193 64313778720830.031250
136.858742 21072450492027.515625 8132161642465.223633 36389721014200.437500 1793266643052.205078 51723557496886.500000 633272595510.089478 64564192870394.242188
138.766479 21412963449126.117188 8317675050365.229492 36848024052911.171875 1873828339726.174805 52148305440740.265625 660399869242.304321 64818530630942.671875
140.700809 21758913188608.101562 8536817773721.626953 37196653483760.210938 1957882529263.418457 52574279898676.328125 688638362220.979858 65076864472840.460938
142.662102 22110386516576.085938 8790365827696.046875 37489014019263.406250 2045572110821.228760 53001470234414.343750 718031401023.172607 65339257181362.289062
144.650734 22458800623739.406250 9051906868229.091797 37796495633939.671875 2137045261572.223145 53429865736252.820312 748623913655.978882 65605772528246.859375
146.667087 22765241804507.378906 9236664901046.863281 38165489252917.695312 2232455593647.979492 53859455630296.296875 780462485486.842773 65876475287196.046875
148.711546 23198837015327.265625 9512537575101.408203 38645085400398.828125 2331962313162.342773 54290229092797.585938 813595417013.131714 66151431249617.375000
150.784505 23506824348212.945312 9790450058696.941406 38971588528873.789062 2435730381146.495605 54722175261639.351562 848072783527.418457 66430707240613.937500
152.886359 23827604636450.121094 10052755252923.357422 39472595777689.468750 2543930676207.977539 55155283246982.445312 883946496736.422607 66714371135225.531250
155.017512 24129670504156.921875 10257390863570.683594 39904603680830.140625 2656740158708.611328 55398339105461.015625 921270368393.212769 67005177192096.109375
157.178372 24554706401046.738281 10502159291921.171875 40177976502434.476562 2774342036235.778320 55539644560971.320312 960100176003.833862 67346421510203.515625
159.369353 24862487086709.804688 10776542446770.642578 40583233503210.757812 2896925930123.554199 55683897090323.773438 1000493730671.263428 67687847973995.117188
161.590875 25173320005776.550781 11057822570152.410156 40988753394154.031250 3024688042755.573242 56001652992944.617188 1042510947141.173706 68029479409707.414062
163.843365 25581749790724.945312 11331560990667.677734 41400449702639.664062 3157831325364.246094 56402806995163.609375 1086213916115.871216 68371339360863.468750
166.127252 26072909834884.351562 11587992902566.203125 41818416500831.546875 3296565646013.570801 56777988364321.476562 1131666978904.355713 68713452079097.781250
168.442976 26440239540479.562500 11897500112516.796875 42147703445193.257812 3425812521596.225586 57154144153755.804688 1178936804478.402832 69055842514013.117188
170.790980 26783087502108.871094 12215635298114.648438 42434060510748.523438 3554139397472.889648 57531251174961.187500 1228092469006.280273 69398536302038.125000
173.171713 27249939382490.105469 12537743960212.753906 42846077575820.507812 3687020179565.709961 57909286722272.476562 1279205537937.649658 69741559754256.632812
175.585633 27745958867660.023438 12780242911455.685547 43366361187781.210938 3824607084861.789062 58288228590398.257812 1332350150715.028076 70084939843178.453125
178.033202 28177193424931.250000 13181288894459.306641 43883161854010.757812 3967057082443.801758 58668055089645.734375 1387603108189.150879 70428704188424.312500
180.514888 28602998336838.316406 13508810474652.722656 44433792106089.984375 4114532029497.555176 59048745058856.875000 1445043962817.554932 70772881041296.734375
183.031168 29062022541637.101562 13902229237001.126953 44986668987350.023438 4267198810692.726562 59430277876085.195312 1504755111727.559326 71117499268210.421875
185.582523 29549509541526.011719 14185949270301.947266 45597210672517.406250 4420731766344.409180 59812633467055.718750 1566821892727.020996 71462588332958.078125
188.169442 29980778961730.652344 14446890453624.054688 46190181158597.500000 4588801411957.066406 60195792311460.585938 1631332683348.114014 71808178277786.625000
190.792422 30534788700412.835938 14712075716103.279297 46683954917408.968750 4758097441568.336914 60579735447152.914062 1698379003011.521973 72160659899925.765625
193.451965 30988791912240.125000 15049567850687.730469 47181291472702.929688 4964184332360.485352 60964444472311.679688 1768055618400.549316 72634665778818.093750
196.148581 31352654679929.328125 15429758105255.748047 47581366286014.125000 5154558926163.466797 61395962943595.765625 1840460652136.701416 73109460410869.250000
198.882786 31842763321734.746094 15739711135032.863281 47988109636549.523438 5316292217735.543945 61754852569753.906250 1915695694850.453857 73585034885624.375000
201.655104 32371481685948.121094 16125749665608.841797 48481848429194.585938 5496379326037.260742 62372413461956.687500 1993865920743.159424 74061380367974.343750
204.466067 32870902307635.214844 16483604989728.707031 49036395114127.734375 5697240689710.340820 62998065413198.046875 2075080206737.999756 74538488098278.546875
207.316213 33261002190546.375000 16878542925913.009766 49441251325586.546875 5905046825369.509766 63631914429601.765625 2159451255320.406006 75016349392446.000000
210.206088 33779382325458.328125 17350671570062.535156 50043164895984.234375 6133581875999.011719 64096130583349.140625 2247095721170.206543 75494955641978.765625
213.136247 34318527602157.664062 17713976879525.007812 50546064317508.906250 6342402638891.133789 64514654337920.171875 2338134341690.292969 75974298313980.718750
216.107251 34810877414710.183594 18076535002672.617188 51116089141996.828125 6565800692348.640625 65036246049753.804688 2432692071538.575684 76454368951135.078125
219.119669 35273546991473.867188 18456533529115.949219 51430800070541.929688 6763975653023.364258 65589978275256.429688 2530898221272.384277 77146636018144.687500
222.174078 35816741396876.929688 18865271601574.386719 52022747628131.742188 7032432976706.015625 66143666632804.398438 2632886600216.562988 77921492127509.265625
225.271064 36425776326813.148438 19365983022962.644531 52722282426608.843750 7310844162156.803711 66697397582131.687500 2738795663668.792480 78700046224725.750000
228.411221 37044190082312.351562 19827619288044.628906 53467238431320.515625 7573974525446.074219 67256926008591.812500 2848768664557.932617 79482276493009.109375
231.595149 37673680555033.843750 20214646020615.257812 54178338523037.929688 7846055463210.754883 67800468447374.195312 2962953809673.133301 80268160919209.312500
234.823460 38309734010547.632812 20624896740566.019531 54786468582434.851562 8127372348580.346680 68204856797369.148438 3081504420584.009766 81057677296121.578125
238.096772 38935936472309.078125 21015045455457.121094 55632193190429.406250 8418218938357.951172 68896003781276.648438 3204579099373.922363 81850803224662.015625
241.415712 39596785984848.703125 21421110519014.988281 56332856379491.265625 8718897589573.855469 69584651708578.046875 3332341899310.803223 82647516115909.421875
244.780916 40210203946070.812500 21922667828931.109375 57048621355295.507812 9029719480158.039062 70100776101010.390625 3464962500581.937500 83447793193013.062500
248.193029 40867318826924.132812 22315584712837.144531 57837644270796.312500 9351004833721.179688 70572889596212.687500 3602616391221.134766 84251611492966.750000
251.652705 41563118005739.703125 22815898601185.632812 58479628974225.406250 9683083148426.544922 71276236806742.500000 3745485053358.662598 85058947868250.171875
255.160607 42219278152691.906250 23326967554999.570312 59233505850077.234375 10026293429927.669922 72062672758196.531250 3893756154926.483398 85869778988338.812500
258.717408 42841492938320.867188 23847680869357.937500 59972096689251.023438 10393660730779.802734 72706785413439.984375 4047623746952.665527 86684081341082.281250
262.323788 43464037915395.789062 24356833692262.886719 60493360999660.679688 10870653588286.013672 73361052584603.968750 4207288466581.294434 87501831233954.828125
265.980440 44169188692520.867188 24880152957670.585938 61321889225408.367188 11368857722151.855469 74025634358891.750000 4372957745955.237793 88323004795177.703125
269.688063 44849150114296.921875 25381428087186.289062 61890801279396.007812 11889178431155.712891 74616864549761.250000 4544846027101.157227 89147577974716.828125
273.447368 45477082803321.093750 25837750957755.746094 62624184849067.515625 12404249317117.664062 75196839093088.093750 4723174982957.383789 89975526545158.109375
277.259076 46125796535803.906250 26412413463602.031250 63636992694123.515625 12772160826710.867188 75931127305144.531250 4908173744686.750000 90806826102462.359375
281.123917 46803468696421.742188 26942481032021.906250 64574622183480.250000 13095137462900.943359 76676291711657.562500 5100079135417.615234 91641452066604.421875
285.042632 47472314100017.625000 27388329684083.527344 65425227615241.156250 13538637168080.806641 77509044240693.531250 5299135910557.306641 92479379682098.468750
289.015972 48104613984215.781250 27928699581851.449219 66191200929077.648438 13937706717883.968750 78277364238227.843750 5505597004823.410156 93184052465604.875000
293.044698 48805698380384.968750 28479631109723.250000 66966295929672.335938 14347675159943.296875 79804803196777.484375 5719723786138.516602 93739576894861.562500
297.129582 49568671398165.703125 29164244668018.187500 67768223700895.218750 14900611139775.941406 80880997041302.562500 5941786316535.154297 94303874619322.546875
301.271407 50269479812869.546875 29932373923183.257812 68585715526888.703125 15219933418959.402344 81406091471259.468750 6172063620217.408203 94877084194026.468750
305.470967 51095554955409.132812 30593150208753.406250 69435090563729.906250 15674101727877.873047 82061239570138.375000 6410843958926.154297 95459346362186.140625
309.729067 51876665024329.343750 31253467418379.707031 70337526622786.406250 16101905027387.093750 82979560263754.343750 6658425114754.447266 96050804089746.156250
314.046522 52704925884367.015625 31875269492812.449219 71246644642304.421875 16570436791183.117188 84196813636963.468750 6915114680559.266602 96651602600486.000000
318.424160 53523853075952.320312 32509369596661.312500 72235606730304.171875 17038329638922.681641 85284936612027.218750 7181230358114.774414 97261889411677.453125
322.862820 54266860381507.429688 33131936248127.070312 73187409087457.484375 17498155686684.369141 86122890937676.843750 7457100264151.789062 97881814370305.687500
327.363353 55125501348079.437500 33815441627158.230469 74118747943105.546875 17969290261370.445312 87027877417683.187500 7743063244425.680664 98511529689861.531250
331.926620 55852056331159.421875 34487914542809.625000 75079368419193.031250 18491605116048.726562 88189717975225.593750 8039469195954.370117 99151189987715.687500
336.553498 56648211291198.578125 35173687658055.574219 76193631201081.500000 18946458442706.175781 88953960361801.015625 8346679397564.654297 99800952323082.515625
341.244871 57532864394424.031250 35873024024842.304688 77028533638840.375000 19452988351886.898438 90096642859757.500000 8665066848883.350586 100532637899560.203125
346.001639 58280302413234.203125 36586191897769.304688 77920559295162.187500 20090889957886.796875 91253737915348.156250 8995016617906.134766 101764168119238.046875
350.824714 59218197666518.093750 37298716207578.203125 78994796630978.000000 20516956832092.507812 92425427312942.562500 9336926197273.427734 103010335873936.500000
355.715021 60196472621648.437500 38073600175247.039062 79990019296547.968750 21119941352739.453125 93611895129741.296875 9691205869378.732422 104271315140248.390625
360.673495 61038374713136.546875 38799226514440.273438 81074481165455.843750 21996839375337.199219 94813327764694.812500 10058279080429.552734 105547281962590.875000
365.701088 62090205989649.835938 39551382464991.906250 82079981345430.734375 22620550554883.316406 95832349640614.343750 10438582823576.660156 106838414477783.468750
370.798763 62955211837707.578125 40311549524448.460938 83301263419533.296875 23260329385296.019531 96901676533946.296875 10832568031220.074219 108359446954266.218750
375.967497 63754262259130.992188 41256873292443.015625 84414441074430.687500 23916522475318.898438 98248738082560.312500 11240699976595.103516 109891607048421.015625
381.208280 64654370383560.679688 42056265978763.554688 85592032270696.671875 24589480692441.218750 99387641171635.437500 11663458684732.695312 110804619459018.375000
386.522116 65587919378765.734375 42871056831574.734375 86572102430354.468750 25243273711082.464844 100492502829358.281250 12101339352881.398438 112158238838511.484375
391.910025 66681644575962.929688 43701542455455.625000 87572522034802.468750 25897201559703.421875 101495775477274.031250 12554852780468.591797 113527946861835.890625
397.373038 67617710106670.125000 44687796181718.085938 88691607881302.921875 26566340453912.816406 102595905579806.500000 13024525808668.740234 114913934752953.406250
402.912203 68485510854013.320312 45410813111272.343750 89934264210080.859375 27196201315101.890625 103880199951096.671875 13510901769635.441406 116466755668657.031250
408.528580 69681753069981.195312 46278133177972.687500 91244950583138.562500 27765463954632.972656 105180035381995.390625 14014540945442.845703 118403538763775.562500
414.223247 70740044624372.031250 47248881461604.062500 92411116700599.093750 28348072679492.425781 106484720777394.484375 14536021036767.490234 120358117466579.093750
419.997295 71762228683829.437500 48186375883254.757812 93485705145578.156250 28944340382150.703125 107634934586377.156250 15075937641329.710938 122330655287196.375000
425.851829 72596541527860.125000 49124155027426.921875 94638806095006.078125 29554587290689.785156 109088549505568.328125 15634904742096.314453 124321317238124.562500
431.787973 73670669031909.578125 49980538172342.750000 96097512183795.750000 30179141140783.085938 110235446000837.062500 16213555205231.097656 126330269848033.500000
437.806863 74833815550065.015625 50916755933136.273438 97207499792234.359375 30937990925063.730469 111769507700737.125000 16812541287761.484375 128357681175696.781250
443.909653 75966294686113.593750 51934034757552.867188 98461697792693.031250 31731791669549.894531 113316102434658.468750 17432535154910.267578 130403720824050.531250
450.097513 77201625161057.218750 53051218238476.156250 99692293794995.437500 32561194530368.796875 114387182055208.312500 18074229407020.332031 132468559954381.375000
456.371628 78523868240199.984375 53964974513950.335938 100877127590187.484375 33355205716470.023438 115759084027404.734375 18738337615979.171875 134552371300645.375000
462.733201 79848093372522.187500 55007666162767.117188 102174311613314.937500 34197397434968.773438 117332382335364.906250 19425594871024.234375 136655329183918.062500
469.183451 81034824535030.546875 56139397927782.687500 103659467784283.578125 35058353672802.382812 118521216241516.906250 20136758333785.750000 138777609526976.312500
475.723614 82167775469941.781250 57229582422882.929688 104877800998974.234375 35938399892939.078125 119727210803944.921875 20872607802396.574219 140919389869016.531250
482.354943 83592215858542.343750 58528444057954.703125 106420505388636.140625 36775799832826.359375 120950613734395.953125 21633946284467.320312 143080849380505.687500
489.078709 84703743767629.343750 59790763527652.781250 107939580590069.656250 37712710189075.757812 122283312721203.562500 22421600578695.828125 145262168878170.312500
495.896201 85894268820482.359375 61001744405269.328125 109386500620981.281250 38582427362221.804688 124096062390510.093750 23236421864845.195312 147463530840122.406250
502.808725 87347114696516.250000 62406391394114.937500 110896080771473.093750 39430880645190.757812 125473891515769.890625 24079286301789.496094 149685119421124.937500
509.817606 88797136093549.625000 64003855814665.109375 112497223231061.765625 40298212447859.851562 126928924885775.187500 24951095633287.925781 151927120467996.593750
516.924187 90327195930941.343750 65359245288793.148438 114120609662740.156250 41184842826952.671875 128543805060676.531250 25852777801109.113281 154189721535160.062500
524.129830 91779652318364.765625 66618360020795.492188 115671938751890.703125 42091201185669.640625 130287086306496.937500 26785287565081.707031 156473111900330.406250
531.435916 93310890945761.281250 67968832635719.250000 117351764819940.046875 43017726481652.250000 132282234028992.203125 27749607129605.953125 158777482580350.125000
538.843844 94871655962245.312500 69209560176010.007812 119079502693019.125000 43964867439574.132812 134127699014190.250000 28746746776108.949219 161103026347168.406250
546.355035 96308391323652.250000 70301188619525.109375 120842840381997.187500 44933082768462.445312 135659446054067.484375 29777745500877.843750 163449937743967.156250
553.970928 97861921918170.171875 71474302690192.984375 122610763885822.687500 46374395122591.125000 137534024633039.187500 30843671657650.527344 165818413101435.843750
561.692982 99441790161533.906250 72694863945773.140625 124415024136484.265625 47891892293213.609375 139608007710180.687500 31945623604286.714844 168208650554195.562500
569.522678 101108923301787.468750 73967646193387.187500 126172144141308.312500 49266087875796.765625 141379069496380.343750 33084730352781.503906 170620850057373.093750
577.461515 102682839570579.515625 75079432647012.671875 128102686659922.656250 50447994755480.093750 143167280513268.281250 34262152221822.343750 173055213403329.406250
585.511016 104461105746822.125000 76052287863299.750000 129892352258677.500000 51653915353704.273438 145096185006000.187500 35479081491020.859375 175511944238540.156250
593.672722 106115484698762.328125 77413089835479.671875 131865390698874.718750 52931481116224.406250 147074979680689.468750 36736743055882.601562 177991248080630.906250
601.948197 107962700336538.187500 78653476845769.343750 133538524794893.218750 54472246807694.226562 149068492843739.781250 38036395082505.421875 180493332335570.843750
610.339029 109827966578569.875000 80137113769297.859375 135470106033511.171875 56052928487090.984375 151088925003078.375000 39379329660916.031250 183018406315022.718750
618.846824 111528926019616.906250 81485407565677.671875 137429574737215.437500 57338973076499.101562 153153923179562.000000 40766873455877.500000 185566681253852.937500
627.473213 113324360984616.437500 83234342731523.640625 139433616464358.937500 58622772587104.710938 155397833668434.375000 42200388353912.695312 188138370327802.156250
636.219849 115254571329050.031250 85110627478176.250000 141596998664609.843750 59935331919453.492188 157671443436583.562500 43681272105201.203125 190733688671319.093750
645.088409 117072241659913.828125 86833165055990.343750 143672078935993.187500 61277295354322.656250 159975145568846.375000 44882974877704.570312 193352853395556.375000
654.080591 118909797858616.937500 88374296589566.843750 145559176126790.562500 62649321605740.585938 162309338352735.312500 45973396695140.500000 195996083606534.687500
663.198120 120941528525391.000000 89783405339903.390625 147659527474938.000000 64052084144321.343750 164677022231496.937500 47089865526068.218750 198663600423470.250000
672.442742 122973682858540.218750 91543298590293.875000 149675876473069.781250 65486271527844.148438 167122458125773.437500 48233003558067.851562 201355626997274.000000
681.816229 124936154327122.468750 93156575843410.343750 151768511076758.812500 66952587739237.312500 169568589666436.843750 49403447840975.578125 204072388529218.437500
691.320378 126981733034752.953125 94829470154279.531250 154043369790275.093750 68451752532134.250000 172046879546004.812500 50601850641899.812500 206814112289777.281250
700.957009 128712212284617.156250 96419588267208.125000 156200312446439.656250 69984501784170.734375 174451975050074.375000 51828879808717.718750 209581027637637.250000
710.727970 131055001024596.453125 97898578643611.718750 158484736303838.906250 71694522587415.453125 176977775923472.187500 53085219142254.656250 212373366038885.625000
720.635132 133230226395750.562500 99467173136297.859375 160741990423321.531250 73576845633322.687500 179537007036582.000000 54371568777353.453125 215191361086372.656250
730.680395 135498046062063.859375 101436802993965.453125 163015000749059.062500 75133550700034.187500 182083354674825.031250 55688645573047.390625 218035248519254.218750
740.865683 137775031672132.687500 103247625914695.984375 165342134126345.718750 76726130733843.859375 184623839236815.718750 57018854683929.414062 220905266242710.562500
751.192949 139857966395799.156250 104861752079908.281250 167658784084260.218750 78355412489473.562500 187199352892691.218750 58363777701231.164062 223801654347850.312500
761.664172 141978135451156.781250 106897725759526.953125 170030489270514.031250 80022241774578.843750 189810378635907.468750 59741200222832.835938 226724655131793.968750
772.281357 143922359945126.125000 109047810058783.890625 172476406632430.750000 81727483888832.250000 192512061310473.218750 61151907585713.632812 229674513117943.406250
783.046540 146196770706309.031250 111269569784575.734375 174978805275445.625000 83549456268713.718750 195449919111752.437500 62596704104193.734375 232651475076437.968750
793.961785 148591694878085.906250 113527391697658.421875 177514510857478.968750 85420425986334.500000 197957935536908.031250 64076413528513.617188 235655790044797.468750
805.029181 150856223011593.062500 115538801004250.015625 179879877935532.500000 87333309379043.296875 200635789109434.187500 65591879514495.242188 238687709348755.968750
816.250851 153151571842554.500000 117916914649625.390625 182439382125874.562500 89289045401726.609375 203418550399049.281250 67143966104551.609375 241747486623285.312500
827.628946 155699892144638.593750 120057266043503.000000 185285143217336.906250 91288594043844.984375 206250185360083.937500 68733558220321.023438 244835377833814.593750
839.165644 158344546711736.812500 122151369018663.218750 187665558717023.812500 93332936800650.828125 209123890675956.593750 70361562167204.062500 247951641297641.218750
850.863158 160950638498618.937500 124289729200294.750000 190548741933094.187500 95423077154964.515625 212037219650564.687500 72028906151093.906250 251096537705541.843750
862.723729 163602224289393.718750 126633029935587.812500 193494098022944.875000 97560041069741.890625 214990718628838.875000 73736540807592.312500 254270330143579.500000
874.749630 166353355684926.687500 129084589717400.609375 196236411712368.250000 99744877491676.890625 217984941488905.781250 75527277567540.390625 257473284115112.593750
886.943166 169209694277630.750000 131700243111633.046875 199036950411438.375000 101978658866085.843750 221040256060135.468750 77427980252851.500000 260705667563004.968750
899.306672 172029885989996.906250 134085766803145.765625 201913356371287.625000 104262481663326.390625 224290326006413.125000 79373242683376.562500 263967750892041.656250
911.842520 175073838857970.625000 136159803184017.906250 204859912793864.343750 106164196541490.890625 227292357179104.437500 81364109510079.875000 267259806991547.968750
924.553110 177988527056970.531250 138672028676457.156250 207772376645062.500000 108046301393301.140625 230380418828487.812500 83401649874542.921875 270582111258220.031250
937.440879 181000089876256.906250 141357980604993.187500 210931298513037.406250 111088218107503.093750 234210265408117.406250 85486957983116.937500 273934941619160.937500
950.508296 183746942106282.937500 143935996436824.312500 214320330233633.531250 113052536546720.796875 237919856471319.406250 87621153694538.375000 277318578555132.781250
963.757866 186687170104241.375000 146868925707351.906250 217490079184045.812500 115431865104193.593750 241095436414937.593750 89753288335348.062500 281397562143534.718750
977.192128 189741264193135.218750 149257970431010.687500 220705821973077.468750 117536408356191.468750 244315393384346.406250 91915531755513.406250 285510994956094.187500
990.813657 193013008012628.125000 152018940305137.687500 223783917943614.843750 120106181280175.218750 247568956607495.562500 94129424897499.406250 289638194457005.937500
1004.625062 196158811948587.093750 154896039732606.781250 227132020787803.062500 122735175774814.687500 250872388589724.875000 96396201523305.125000 293777696675289.125000
1018.628990 199276331085094.906250 157775572302342.562500 230614773402570.531250 125424756627790.937500 254201793628382.968750 98717124865923.671875 297928011272153.125000
1032.828126 202403127088153.281250 160723670253910.250000 234370876444493.750000 128018986282530.609375 257809120359162.437500 101093488333319.687500 302087623631066.937500
1047.225190 205589889577838.562500 163443144445430.812500 237846093455370.250000 130376313765710.312500 261508626755654.406250 103526616229221.406250 306254997065245.125000
1061.822941 208951955080298.156250 166436606508068.531250 241488838913122.625000 132787560243009.593750 265433712523821.156250 106017864491130.812500 310428575138669.000000
1076.624177 212227070355858.218750 169503101670603.812500 244987654341238.718750 135258758707056.125000 269058758554250.218750 108568621445962.265625 314606784096076.937500
1091.631734 215570092956013.812500 172757591452728.875000 248484686255611.156250 138160032727704.031250 272910752629202.375000 111180308583732.656250 318788035396702.187500
1106.848489 218828960531413.125000 175705873013311.156250 251957836977029.718750 141075520181521.437500 276755793452132.843750 113854381349730.921875 322970728345851.687500
1122.277356 222323504894517.500000 179041734432901.687500 255472580747519.531250 143864053205370.031250 280838789740722.718750 116592329955611.140625 327153252817771.375000
1137.921294 225896768824128.750000 182204852032136.250000 259655165905729.968750 146984515817286.656250 285133178944705.875000 119395680209859.765625 331333992062585.312500
1153.783300 229553885831986.187500 185626491308474.250000 263414943645723.750000 149833020635011.031250 288847988295704.312500 122265994368101.531250 335511325589469.437500
1169.866413 233589269198082.843750 189385343684290.187500 267246226489960.437500 152492729424261.812500 292729557142482.437500 125204872003715.250000 339683632117604.375000
1186.173716 237510516885599.906250 192481441643472.343750 271187168863949.062500 155515625683446.687500 296387430766549.375000 128213950899246.859375 343849292585879.062500
1202.708335 241387055474276.125000 195944858385139.625000 275340882456611.687500 158609127863631.562500 300090534862164.250000 131294907959115.015625 348006693211761.625000
1219.473437 245278953419225.750000 200053525356698.906250 279219748478660.531250 161571405642705.656250 304183621190404.625000 134449460144120.031250 352154228589250.812500
1236.472235 249148941004718.375000 203591143851825.218750 283401796775984.562500 164415698685779.250000 309756665042745.812500 137679365428274.234375 356290304815349.937500
1253.707987 253363799424928.843750 207266399631039.750000 287436450642866.812500 167328005502259.218750 314422434259005.812500 140986423778488.312500 360413342634094.375000
1271.183997 257855303796233.843750 211330996214334.250000 291360315040114.750000 170739661230971.000000 319360796790799.062500 144372478157660.500000 364521780586796.750000
1288.903612 261969287018507.500000 215376172350615.968750 295337698313206.500000 174126892338162.968750 324698882529167.375000 147839415551724.656250 368614078156868.750000
1306.870230 265881927343436.656250 219268210170263.812500 299631797575358.375000 176990219266725.875000 329343046625723.062500 151389168021234.531250 373131437616769.562500
1325.087292 269984956757057.093750 223636608343721.562500 303980269150892.312500 181071329701003.562500 333921829078882.437500 155023713778064.625000 378368378081637.625000
1343.558290 274447221576748.343750 227416272032955.062500 308778063133489.750000 185248119781736.906250 338560807002094.125000 158745078287831.875000 383642978369887.750000
1362.286764 278802768540092.875000 231560720300396.968750 313072260343842.500000 189522832671636.343750 343260771761763.625000 162555335398649.375000 388954469845402.000000
1381.276303 283457807090580.750000 235886601984373.437500 317648906303334.875000 192977445754757.750000 348022525128083.437500 166456608496845.250000 394302050276446.625000
1400.530545 288117433303389.812500 240586980734143.156250 322281605806818.500000 197518578494720.156250 352846879411806.312500 170451071690286.218750 399684883882532.937500
1420.053182 292739981560428.125000 245222194299528.968750 326958528704859.750000 201879128561981.875000 358244929850377.937500 174125002837952.937500 405102101444384.687500
1439.847953 297273600772462.312500 249771450591688.000000 331869703961776.875000 206055545119921.343750 364987865464743.375000 177265529308880.187500 410552800479663.937500
1459.918652 301935965199076.687500 254585295998582.156250 336379626727630.812500 210324314241810.781250 371785341105442.875000 180685084692560.593750 416036045487033.875000
1480.269127 306776349365206.875000 259472601487902.062500 341384710748035.437500 214466244713952.343750 377399772183095.125000 185018350627794.750000 421550868261020.250000
1500.903276 311768340630598.312500 264492851893944.718750 346240869561783.812500 218710324337314.812500 383324922549118.812500 189456328128734.468750 427641261279250.000000
1521.825053 316656611997241.062500 269571979147508.218750 351388459812772.500000 223059072335521.718750 388239575538309.062500 194001547506732.437500 433936042756911.812500
1543.038469 322013579433690.437500 274785632840786.125000 356673549545963.187500 227515070061814.843750 393648474699649.375000 198656600217061.625000 440284851976081.937500
1564.547589 327551948236951.875000 279827496643883.312500 362001373103714.125000 232546935138116.562500 399098751893015.687500 203424140336431.625000 446687166593816.000000
1586.356534 332998880616681.937500 285478617138685.000000 367146662208601.812500 237337802101601.500000 404745847792546.000000 208306886076209.781250 453142432438506.875000
1608.469483 338415938134280.437500 290980024895673.312500 372317700872397.062500 241763138132776.375000 411071614848073.937500 213307621332208.750000 459650063232904.687500
1630.890676 343685809739807.312500 295883121638733.625000 378040902276939.750000 246465446721045.125000 417619118805925.750000 218429197271922.500000 466209440356428.125000
1653.624407 348876858825787.937500 301591965579643.937500 383615307571964.125000 251884920710795.750000 425209958111580.875000 223674533960120.562500 472819912649257.750000
1676.675035 354935364541482.812500 307240839979243.250000 389747768605982.500000 257441728770838.812500 431279636999030.750000 229046622023720.375000 479480796260681.625000
1700.046975 361018714104296.250000 312060826530652.250000 395729332574344.875000 263121674084032.625000 436997741072388.437500 234548524356893.187500 485665301442698.250000
1723.744708 367254227797385.312500 317381793930793.562500 401715223131996.312500 268119430857282.750000 444901494292060.375000 240183377867370.406250 491456854563376.250000
1747.772774 373248114379044.500000 323204173886790.500000 407507348934609.750000 272904003292758.843750 450560287233954.312500 245481692589734.843750 497309027651970.125000
1772.135779 379321806646767.687500 328861715023992.750000 413276822818926.125000 278589287078819.875000 456847399272655.250000 250410652166330.156250 503222455215395.625000
1796.838391 385575384363934.562500 333706636048068.500000 419194106596934.562500 284414782516694.750000 463864661301566.062500 255460562869039.593750 509835386946743.000000
1821.885343 391736519313901.625000 339790525725423.687500 425293110299778.437500 290383947535316.687500 470745809963705.875000 260287370489625.250000 517396287830765.750000
1847.281437 398396726725347.875000 345173581925201.312500 431541205324704.250000 296476844014556.125000 477367440219898.937500 264984316272748.687500 525015412811241.250000
1873.031539 405158402810553.812500 351636521658965.687500 438021788803494.687500 302386712501392.500000 483900054627261.750000 269800484240221.000000 532693210253444.875000
1899.140582 411755967419353.312500 357913711848037.125000 444489195206288.562500 308422034415080.500000 492805350851911.062500 274738900598836.750000 540430131975371.250000
1925.613572 418624099102281.625000 365210181082430.500000 450971439342927.750000 314585472854188.062500 498922943810767.875000 279802668369345.000000 548226633274320.375000
1952.455581 425515519513625.000000 371390483032190.312500 457865022366573.000000 320879747448972.437500 506133441526268.875000 284994969336213.375000 556083172953693.312500
1979.671753 432391246852902.812500 378749626090582.125000 464964888796626.750000 327307635561421.000000 513411677032297.500000 290319066046880.125000 564000213349990.500000
2007.267304 439413214971718.187500 386233327928853.437500 471955687196865.187500 333804662169228.875000 520758286679969.875000 295778303861753.875000 573160909656721.375000
2035.247521 447095384548181.687500 393801229863808.375000 479218347134399.250000 340575657825029.750000 528173912798492.375000 301376113056247.625000 583378061098135.250000
2063.617768 454305704624553.500000 401483821961692.250000 486467567950169.062500 347145142524991.375000 536522482817223.687500 307116010976170.875000 593719710481198.500000
2092.383480 461969788355946.875000 408934743723132.750000 493700598028455.750000 354357406190165.125000 545594723282019.500000 313001604247829.375000 604187374837108.750000
2121.550171 469942297754111.812500 416020381760658.875000 501494058014450.000000 361552684399699.000000 552311481959426.687500 319036591044224.125000 614782589682376.250000
2151.123430 477812903496650.062500 423260642643706.062500 509143606176802.875000 368843968936610.000000 559425490739386.125000 325224763408774.687500 625506909244075.500000
2181.108924 485137500969120.687500 431524829750643.437500 517119047563455.500000 375702427118423.812500 566425845235715.500000 331570009638022.187500 636361906687832.000000
2211.512400 492887616441754.875000 439236865844702.812500 525280092337535.687500 382469272063799.125000 574720302646387.000000 338076316724816.750000 647349174348596.625000
2242.339683 501081818436849.875000 446071611164732.937500 533517146829287.187500 389956864766081.250000 582885832237489.000000 344747772863516.437500 658470323964225.750000
2273.596682 509501149771777.937500 453948386570801.625000 541809480387109.875000 397878986640253.187500 590270346043855.625000 351588570018777.125000 669726986911909.875000
2305.289387 517922270155422.250000 462800957356977.875000 550427857732572.250000 405734271258311.125000 599494781263354.125000 358603006559543.500000 681120814447479.500000
2337.423871 526091663507278.125000 471690881167915.937500 558579690600591.625000 413804581722942.312500 608925466734310.750000 365726374750281.625000 692653477947635.750000
2370.006292 534466988323592.437500 480740341786735.937500 567666407243892.500000 422145588274563.125000 617739914530137.000000 372280369349137.125000 705852183850271.875000
2403.042894 543554037234059.250000 490089689949851.625000 576300162588460.875000 430015069402140.250000 627461352471135.875000 378966668443339.250000 719556454632036.125000
2436.540009 551867127078535.562500 499483979951923.625000 585263029999823.750000 439413600125011.312500 636007779190012.375000 385787942843676.250000 733331032202068.625000
2470.504055 560463694959183.750000 507527976907035.562500 594621283759535.750000 448412045047226.000000 646838320170070.000000 392746917276190.500000 747176277254096.375000
2504.941542 569856145847045.000000 516098254712403.187500 604908845722811.875000 457599032985105.500000 654178017442942.875000 399846371470555.625000 761092552332304.000000
2539.859069 579406583613746.250000 526431804995854.375000 613611348113044.625000 467405261592631.437500 662713934485379.875000 407089141270427.125000 775080221840833.250000
2575.263327 588704626978901.000000 535950125360375.250000 623551298082798.125000 476652227954115.187500 672504624474715.500000 414478119766205.000000 789139652053319.000000
2611.161101 598369917473528.875000 544434324548613.375000 634822234821046.000000 486529548750543.375000 682535780580429.625000 423609899634022.187500 803271211122486.250000
2647.559271 607780409992375.125000 553819866278525.875000 645186144884020.250000 496040674751400.562500 691897035271837.625000 433100591874709.687500 817475269089785.750000
2684.464811 617972613144829.500000 564037628255922.250000 655094514150530.625000 504381474099650.812500 702248434588059.625000 442832851720379.000000 831752197895087.875000
2721.884795 627800784187277.875000 574457526773463.625000 665731197497230.875000 512989748826510.125000 714511798724606.750000 450605226328853.875000 846102371386419.500000
2759.826392 638174319773967.875000 585350128834359.125000 677136046423071.500000 522199585455126.062500 726984141272910.375000 457506176439658.437500 860526165329750.000000
2798.296876 648809331963344.250000 596141309148656.875000 688916764783968.250000 531984605425461.125000 737301072109687.000000 464522396297394.875000 875023957418838.125000
2837.303617 659582325999305.625000 606514444088770.500000 699763072028572.625000 540323111662934.750000 749583691605370.500000 471655811305717.000000 889596127285118.500000
2876.854090 670502831562083.000000 616732594681439.250000 711019501786140.250000 548083859813782.000000 763328239473772.875000 479220460252705.125000 904243056507642.750000
2916.955876 682275299048552.250000 626821629355684.375000 722769888340197.750000 557853486101896.000000 776089962393421.125000 488065542749278.500000 918965128623066.250000
2957.616659 693569429906139.125000 638160735377790.625000 734246231959065.875000 568614726406579.125000 787371289828488.250000 497089179585247.750000 933762729135702.875000
2998.844231 705165121609498.000000 650023435167582.500000 746736382127195.250000 578915346475564.625000 799775676028963.875000 506294975209992.250000 948636245527608.625000
3040.646493 716729508508168.250000 659692618528454.625000 760976184307900.875000 588314427629598.750000 814711983623480.000000 515686606835365.625000 963586067268733.500000
3083.031457 728645383944207.500000 671252540011116.375000 773522773814102.000000 598017050070288.250000 828231005873689.250000 525267825904537.375000 978612585827117.000000
3126.007243 740499609542170.375000 682194884812069.375000 786245131504274.500000 611131001877149.000000 842516760888036.500000 535042459590493.750000 993716194679142.500000
3169.582089 752949779777792.750000 693559197370028.750000 799499399767910.750000 623526375629190.625000 857265937490018.875000 545014412324781.000000 1008897289319837.000000
3213.764344 765917356258550.125000 705796874564601.875000 813460723535245.125000 636958550211115.125000 872273541370181.125000 555187667357113.750000 1024156267273231.625000
3258.562476 778792570262151.125000 717207098450465.750000 826834921922014.250000 648478305625253.250000 887754384246886.125000 565566288346462.750000 1039493528102763.500000
3303.985070 791466154608293.500000 729402099602296.500000 840645011267481.750000 658067775884119.125000 903808305881713.875000 576154420984268.375000 1054909473421747.500000
3350.040830 804066975523511.750000 739952016387417.250000 855217353467067.500000 668074044422371.625000 916586268588253.750000 586956294650415.125000 1070404506903887.250000
3396.738582 818233837787915.875000 752284063956968.750000 870474552721098.000000 680533400518961.500000 932204483808989.500000 597976224102637.750000 1085979034293846.500000
3444.087276 831625161453795.500000 766452001982191.625000 886429304963421.875000 689506122574583.625000 949724058947792.875000 609218611200031.875000 1101633463417875.250000
3492.095985 845534201860701.375000 779018114837384.125000 901923281683016.250000 697912282392561.250000 967636049527685.000000 620687946661353.375000 1117368204194483.500000
3540.773909 859714409520431.500000 790875594956673.500000 917924889194891.500000 708256500503469.125000 985750798952444.500000 632388811858819.000000 1133183668645184.250000
3590.130377 873060381631923.500000 802933643662906.125000 934528258347856.750000 717510278600615.375000 1004270296664630.125000 644325880648111.500000 1149080270905275.250000
3640.174847 888287395297884.750000 815872682999382.750000 950465850614445.875000 729421148242957.500000 1023135627022079.875000 654275672369648.500000 1165058427234686.250000
3690.916911 902691098684983.500000 828084645303397.125000 967842772082470.250000 740955602071405.750000 1042403787645933.875000 664263996921682.000000 1181118556028875.750000
3742.366291 918663451495966.625000 840264990952275.375000 985783843835930.375000 754000168292389.375000 1062146311022191.375000 674412469223171.625000 1197261077829792.750000
3794.532847 934601637783641.375000 854037010748150.000000 1003336306637582.625000 765687272407464.500000 1082072929909973.000000 684723657002220.375000 1213486415336883.750000
3847.426577 950486264550814.375000 866627783328016.250000 1021042354892744.375000 778630237754939.125000 1102740773568598.000000 695200169156587.375000 1229794993418165.000000
3901.057617 965826459604120.875000 880927195689570.000000 1039364172984980.000000 791940709415392.125000 1123617124213371.750000 705844656413778.125000 1246467971272382.000000
3955.436245 981417252743590.625000 895342905507283.875000 1058274196679982.000000 804834117425213.250000 1144887541356237.250000 716659812001725.250000 1271821706726436.500000
4010.572881 997979097586024.875000 909210706418750.375000 1078784869842124.250000 817747031612812.500000 1166559463481418.000000 727648372330217.875000 1297692286100296.500000
4066.478092 1014822179687916.375000 923298724077596.000000 1099590390047497.000000 831410727735151.875000 1190423047951205.500000 738813117683256.875000 1324090245420812.500000
4123.162591 1031951274748882.125000 937241201673994.750000 1120283665935528.000000 845310322793232.875000 1215885125615648.250000 750156872922510.250000 1351026335495069.000000
4180.637241 1049371239564862.500000 952254162239311.375000 1141404214147332.250000 858370579315053.500000 1242055217855240.750000 761682508202052.750000 1378511526288762.250000
4238.913057 1066759449762429.250000 966423117033862.500000 1163130478041351.000000 869185178887009.625000 1264557410048330.250000 773392939694559.000000 1406557011393806.000000
4298.001206 1083556850008971.125000 979515565864988.250000 1184834757787894.250000 877952693253480.125000 1293973973716248.500000 785291130329144.250000 1435174212587032.500000
4357.913012 1101335352306545.500000 995257979029544.875000 1207765309066135.250000 888038497039767.125000 1317464695436649.750000 797380090541028.375000 1453538192728502.500000
4418.659956 1118912938775440.125000 1008511147661349.750000 1232367281606208.250000 902674883656969.625000 1343911401138209.000000 809662879033232.625000 1471341156375570.750000
4480.253680 1136600113799860.000000 1023683227210364.250000 1254206291872574.750000 913588347160992.875000 1372529352704759.000000 822142603550475.000000 1489232491996999.250000
4542.705986 1154857664843772.000000 1040862155200171.250000 1278862955165873.500000 926455469428525.500000 1403617643879043.250000 834822421665483.250000 1507212638261652.750000
4606.028844 1173631749702049.000000 1055277512501147.750000 1303249306329950.000000 942504489298524.250000 1433580193874342.500000 847705541577911.250000 1525282036015901.750000
4670.234388 1192293525540878.750000 1071084912065864.500000 1332443997704434.000000 954512156157975.750000 1463678357263964.000000 860795222926062.375000 1556122106541892.000000
4735.334923 1210765564395425.250000 1087320096503261.000000 1359712232672192.000000 969256572578010.750000 1488034754872344.750000 874094777611636.625000 1588773878397228.250000
4801.342924 1230876639885606.000000 1103242910663357.500000 1385236745535778.000000 984235551097286.500000 1521369162996771.750000 887607570637692.500000 1622119806774649.500000
4868.271040 1250102947945393.750000 1119810261268102.625000 1410794117297319.250000 999145030500930.375000 1554943071684601.750000 901337020960046.750000 1656174649013492.750000
4936.132098 1270471386313783.250000 1138562979576325.000000 1436821724427179.750000 1010337580868537.875000 1587453706468979.500000 915286602352324.625000 1690953476185016.000000
5004.939103 1290262875644877.000000 1154509118855155.750000 1464211025534996.500000 1025049103554930.625000 1620001005653785.500000 929459844284885.250000 1726471679762161.750000
5074.705239 1310249181217529.250000 1170952556145600.500000 1494784249161000.500000 1040387979778383.000000 1653216143601313.500000 940971693961210.875000 1762744978431085.000000
5145.443878 1330637926452805.000000 1187490760344370.250000 1526984032591942.500000 1055395328908121.750000 1686036018042777.750000 951878490046544.875000 1799789425047513.750000
5217.168576 1352951078626214.750000 1204262218856560.750000 1557107296977774.250000 1070456483633147.000000 1721705030559147.500000 962953872710773.250000 1837621413740974.500000
5289.893076 1374480079895446.750000 1221270221493696.500000 1588721439102710.500000 1085016388518197.125000 1757007035677158.250000 974200447800229.750000 1876257687170080.250000
5363.631317 1399214482847649.000000 1238518104466697.250000 1622366551090075.000000 1099778938949488.750000 1793033403430782.500000 985620861439869.500000 1915715343932031.750000
5438.397428 1421880947343855.250000 1256009251040300.000000 1653750179705364.250000 1114733013248731.000000 1829798997033206.750000 997217800655858.375000 1956011846129660.000000
5514.205739 1446862640512808.500000 1273676283425550.250000 1684480458268856.500000 1129854874599352.750000 1870536824258518.500000 1008993994007780.000000 1997165027099317.750000
5591.070777 1471735740780592.500000 1290710203160144.250000 1712989057396290.000000 1144950231668463.750000 1907987030881653.250000 1020952212230623.875000 2039193099303091.500000
5669.007271 1496853331174225.250000 1308833998693471.000000 1746400549544762.250000 1160368952159997.000000 1949256524136411.500000 1033095268886688.500000 2082114662388774.500000
5748.030158 1522388168739789.000000 1328435643062432.750000 1781900834273722.750000 1176463061028760.750000 1988651196947748.000000 1048096203818597.875000 2130463654447653.500000
5828.154581 1548185523626911.000000 1347074420166648.750000 1818216791580894.500000 1192770520837982.750000 2028841924326729.000000 1064977320814178.250000 2180533174944908.000000
5909.395895 1573161899971958.000000 1366260226920475.750000 1858490849694766.750000 1209032799129868.500000 2071809891066629.000000 1082140410879083.000000 2231778008798449.250000
5991.769669 1598793071368182.500000 1383987824052518.750000 1892723601547565.500000 1225682295724865.250000 2119035943220035.000000 1099590183939312.500000 2284225744878150.500000
6075.291689 1624100044626677.000000 1405117967139028.000000 1931767837252687.500000 1242281352869003.000000 2167343259319975.000000 1117331428592927.625000 2337904619664784.000000
6159.977960 1650547624234093.000000 1424958832951604.250000 1971318366818831.500000 1259190314289426.250000 2216756595442151.500000 1135369013424149.250000 2392843532451801.000000
6245.844712 1679623625064813.500000 1445079533713439.000000 2009770930504294.500000 1276377026870648.000000 2268542123336113.500000 1147119345841559.750000 2449072060903941.500000
6332.908400 1707418751554557.750000 1465484016207884.000000 2048353358422130.750000 1293491302556273.500000 2322725662266755.000000 1158399263203342.000000 2506620476981089.000000
6421.185709 1734539266796340.500000 1486176282883596.250000 2089370716077948.500000 1309708809838600.750000 2378230735130057.000000 1169781146071838.250000 2565519763235883.000000
6510.693555 1762090105403860.500000 1507160392639647.000000 2128683725868993.250000 1326621541742399.500000 2429150276168919.000000 1181265916170518.000000 2625801629493919.500000
6601.449093 1789960640844395.250000 1528440461621686.000000 2170356963591969.000000 1344520582447164.000000 2481320450321126.000000 1192854503554824.750000 2680456114283124.500000
6693.469713 1818510172955982.500000 1550627911934079.750000 2214511198274804.500000 1362663994992695.750000 2536260975819563.000000 1204547846687497.000000 2735042151783224.500000
6786.773051 1847393384589615.250000 1572842295968953.500000 2257744875123957.500000 1381055115736376.250000 2588305070962096.000000 1216346892514565.250000 2792683130722734.000000
6881.376986 1876806054182054.500000 1595230288710740.500000 2303704289685070.000000 1397921316144751.500000 2643624709916145.500000 1228252596542037.000000 2859244279962056.000000
6977.299650 1908563223232669.000000 1620960286623621.250000 2352776373389172.500000 1414728428687278.500000 2700075868122410.000000 1240265922913272.500000 2927423349945852.000000
7074.559423 1939016665265504.750000 1645317097017858.250000 2400610490413804.000000 1433861842695696.750000 2753548835706564.000000 1254994740346291.500000 2997259667932825.000000
7173.174944 1969912294335584.500000 1669298342753295.000000 2449568345611245.500000 1448423819466492.250000 2809023256920742.000000 1270755397333590.500000 3068793517120512.000000
7273.165113 2005213902546319.750000 1692351583436861.250000 2495587744355000.500000 1468444984408292.000000 2877254841494514.500000 1286759667130906.500000 3142066159881566.000000
7374.549090 2039601532912950.000000 1717207299348454.750000 2544268174735361.000000 1490756691219000.250000 2944805230228503.000000 1299836225145853.750000 3217119861564845.000000
7477.346305 2073244911964054.750000 1739074032051169.750000 2596810483260345.000000 1513418953115458.750000 3006186636379767.000000 1312444317245382.000000 3293997914875021.000000
7581.576458 2107734660101119.000000 1764229481752531.500000 2650449725525001.500000 1536437277917809.750000 3072428197900528.500000 1325165846686656.000000 3372744664844842.000000
7687.259522 2142430819273963.250000 1792160591980446.750000 2703026346092095.500000 1558295618330891.250000 3138307026474686.000000 1338001834086466.750000 3453405534414349.000000
7794.415750 2178070426366466.000000 1819329068289988.250000 2761920430150086.500000 1579357656510658.500000 3205603704638673.500000 1350953309244285.500000 3536027050631877.000000
7903.065679 2212456096199229.500000 1845307777384811.000000 2818180463780877.000000 1597990196014054.250000 3276078559500050.500000 1364021311224876.500000 3620656871491916.000000
8013.230128 2250314191537601.000000 1871657143448292.250000 2880706783399198.000000 1620010220782704.000000 3352412891375898.000000 1377206888441664.750000 3707343813425372.000000
8124.930211 2286671208055747.000000 1900299862926961.000000 2943451126062332.000000 1641596806332078.000000 3431335128638995.500000 1390511098740846.250000 3796137879457982.000000
8238.187331 2327035577321779.500000 1927730988157521.000000 2999718707833516.000000 1662688998282922.750000 3513318067029505.000000 1403935009486253.750000 3887090288053229.000000
8353.023195 2364901912590917.000000 1955191765681373.000000 3058623754153343.500000 1684051899127263.250000 3597259339954603.000000 1417479697644989.250000 3980253502656301.000000
8469.459808 2402341396774132.500000 1984031582396802.500000 3121511084432188.500000 1705688983293229.500000 3678747796852456.000000 1431146249873829.250000 4075681261956262.000000
8587.519485 2443443235145122.000000 2011933371625474.000000 3180475118257838.500000 1729341568096809.000000 3761590727965924.500000 1444935762606402.250000 4173428610883729.000000
8707.224849 2485745705245299.000000 2040227658153603.750000 3241662816872621.000000 1753799536074109.250000 3847418903024426.500000 1458849342141153.750000 4273551932362083.000000
8828.598841 2525195274795969.000000 2068871872843377.250000 3307958764469829.000000 1776258440023681.250000 3929475008126573.500000 1472888104730099.500000 4376108979830400.000000
8951.664721 2566861452763283.500000 2096602359483524.500000 3378983371578033.000000 1798260498773968.250000 4013291580801397.000000 1487053176668383.500000 4479187655773572.500000
9076.446073 2609809619122986.000000 2126771250232344.000000 3446254334595900.000000 1820534618178773.500000 4107443153729529.500000 1501345694384635.500000 4584390252473329.000000
9202.966809 2653488664218328.000000 2156973861169471.000000 3518930733497651.000000 1843084162332367.000000 4201339745681857.500000 1515766804532145.250000 4692062335914519.000000
9331.251175 2699027925987871.000000 2187531382863177.250000 3595172401166160.000000 1868736826557246.500000 4294085669864340.000000 1530317664080851.250000 4802261873913113.000000
9461.323756 2744297501436409.500000 2218763499788019.500000 3666711061253852.000000 1898197207672091.500000 4388893002557225.000000 1544999440410168.750000 4915048195000108.000000
9593.209478 2789202019216197.000000 2250441227837797.500000 3737652821573319.500000 1923562741360831.000000 4485807561461767.500000 1559813311402640.000000 5030482020362437.000000
9726.933615 2832571720202973.500000 2282570924867638.000000 3815581025567161.500000 1947580073481075.000000 4587646587311812.000000 1574760465538436.250000 5148625496533656.000000
9862.521795 2878977833293854.500000 2317446279934952.000000 3889960493728545.000000 1971596326713781.500000 4693742565505562.000000 1589842101990704.750000 5269542228852008.000000
10000.000000 2927058973816168.000000 2348787900071703.000000 3965220968069820.500000 1997960060009765.250000 4802292803244711.000000 1605059430721773.250000 5393297315703834.000000
