10.000000 -0.000332 -0.007136 0.006839 -0.009322 0.009746 -0.009951 0.011491
10.139395 -0.000329 -0.007134 0.006845 -0.009319 0.009752 -0.009951 0.011517
10.280732 -0.000327 -0.007132 0.006851 -0.009316 0.009756 -0.009951 0.011543
10.424040 -0.000325 -0.007127 0.006857 -0.009313 0.009756 -0.009951 0.011569
10.569346 -0.000323 -0.007116 0.006863 -0.009310 0.009760 -0.009951 0.011596
10.716676 -0.000320 -0.007112 0.006868 -0.009307 0.009771 -0.009950 0.011625
10.866061 -0.000318 -0.007085 0.006868 -0.009304 0.009782 -0.009950 0.011654
11.017528 -0.000315 -0.007057 0.006868 -0.009301 0.009794 -0.009950 0.011683
11.171107 -0.000313 -0.007029 0.006868 -0.009298 0.009801 -0.009950 0.011713
11.326826 -0.000310 -0.007001 0.006868 -0.009295 0.009809 -0.009949 0.011744
11.484715 -0.000307 -0.006981 0.006869 -0.009291 0.009816 -0.009949 0.011774
11.644806 -0.000305 -0.006981 0.006869 -0.009288 0.009824 -0.009949 0.011806
11.807128 -0.000302 -0.006981 0.006869 -0.009287 0.009832 -0.009949 0.011837
11.971713 -0.000299 -0.006976 0.006869 -0.009287 0.009840 -0.009948 0.011869
12.138593 -0.000296 -0.006953 0.006869 -0.009287 0.009848 -0.009948 0.011902
12.307798 -0.000293 -0.006938 0.006869 -0.009286 0.009856 -0.009948 0.011935
12.479362 -0.000290 -0.006938 0.006869 -0.009286 0.009864 -0.009947 0.011968
12.653318 -0.000287 -0.006928 0.006870 -0.009286 0.009873 -0.009947 0.012002
12.829698 -0.000284 -0.006924 0.006870 -0.009286 0.009882 -0.009947 0.012036
13.008537 -0.000281 -0.006922 0.006870 -0.009286 0.009890 -0.009946 0.012071
13.189869 -0.000280 -0.006919 0.006870 -0.009286 0.009899 -0.009946 0.012106
13.373729 -0.000280 -0.006898 0.006870 -0.009286 0.009908 -0.009946 0.012142
13.560151 -0.000280 -0.006897 0.006871 -0.009286 0.009917 -0.009945 0.012178
13.749172 -0.000280 -0.006897 0.006871 -0.009286 0.009927 -0.009945 0.012215
13.940828 -0.000280 -0.006896 0.006871 -0.009286 0.009936 -0.009945 0.012252
14.135156 -0.000280 -0.006896 0.006877 -0.009285 0.009946 -0.009944 0.012290
14.332192 -0.000280 -0.006895 0.006904 -0.009285 0.009955 -0.009944 0.012329
14.531975 -0.000280 -0.006895 0.006932 -0.009285 0.009960 -0.009943 0.012367
14.734543 -0.000280 -0.006887 0.006961 -0.009285 0.009960 -0.009943 0.012407
14.939935 -0.000280 -0.006870 0.006988 -0.009285 0.009960 -0.009942 0.012447
15.148189 -0.000280 -0.006853 0.006988 -0.009285 0.009960 -0.009942 0.012487
15.359347 -0.000280 -0.006836 0.006988 -0.009285 0.009960 -0.009942 0.012528
15.573448 -0.000280 -0.006836 0.006997 -0.009284 0.009960 -0.009941 0.012570
15.790533 -0.000280 -0.006835 0.007016 -0.009284 0.009961 -0.009941 0.012612
16.010645 -0.000280 -0.006833 0.007036 -0.009284 0.009986 -0.009940 0.012655
16.233824 -0.000280 -0.006832 0.007056 -0.009284 0.010018 -0.009940 0.012699
16.460115 -0.000280 -0.006832 0.007060 -0.009284 0.010062 -0.009939 0.012743
16.689560 -0.000254 -0.006831 0.007061 -0.009284 0.010074 -0.009939 0.012787
16.922204 -0.000254 -0.006821 0.007062 -0.009283 0.010085 -0.009938 0.012833
17.158090 -0.000254 -0.006804 0.007073 -0.009283 0.010097 -0.009937 0.012878
17.397264 -0.000254 -0.006792 0.007073 -0.009283 0.010109 -0.009937 0.012925
17.639773 -0.000254 -0.006788 0.007080 -0.009283 0.010122 -0.009936 0.012972
17.885662 -0.000254 -0.006784 0.007091 -0.009283 0.010134 -0.009936 0.013020
18.134978 -0.000247 -0.006776 0.007091 -0.009283 0.010147 -0.009935 0.013068
18.387770 -0.000239 -0.006760 0.007091 -0.009282 0.010160 -0.009934 0.013118
18.644085 -0.000230 -0.006756 0.007100 -0.009282 0.010173 -0.009934 0.013168
18.903974 -0.000221 -0.006751 0.007101 -0.009282 0.010187 -0.009933 0.013218
19.167485 -0.000213 -0.006747 0.007101 -0.009282 0.010200 -0.009932 0.013274
19.434669 -0.000213 -0.006742 0.007106 -0.009281 0.010214 -0.009932 0.013334
19.705578 -0.000211 -0.006720 0.007119 -0.009281 0.010228 -0.009931 0.013395
19.980263 -0.000204 -0.006712 0.007133 -0.009281 0.010242 -0.009930 0.013456
20.258777 -0.000197 -0.006709 0.007146 -0.009279 0.010257 -0.009929 0.013519
20.541173 -0.000190 -0.006707 0.007152 -0.009274 0.010271 -0.009929 0.013582
20.827506 -0.000182 -0.006704 0.007157 -0.009272 0.010286 -0.009928 0.013647
21.117830 -0.000175 -0.006702 0.007157 -0.009272 0.010301 -0.009927 0.013712
21.412202 -0.000170 -0.006699 0.007163 -0.009272 0.010317 -0.009926 0.013778
21.710676 -0.000169 -0.006697 0.007181 -0.009272 0.010332 -0.009925 0.013845
22.013311 -0.000157 -0.006694 0.007200 -0.009272 0.010348 -0.009924 0.013913
22.320165 -0.000143 -0.006691 0.007207 -0.009272 0.010364 -0.009923 0.013983
22.631296 -0.000135 -0.006682 0.007207 -0.009272 0.010381 -0.009922 0.014053
22.946764 -0.000127 -0.006668 0.007207 -0.009272 0.010398 -0.009921 0.014124
23.266629 -0.000122 -0.006655 0.007207 -0.009272 0.010414 -0.009920 0.014196
23.590953 -0.000122 -0.006655 0.007219 -0.009272 0.010432 -0.009919 0.014269
23.919798 -0.000122 -0.006655 0.007240 -0.009272 0.010449 -0.009918 0.014343
24.253227 -0.000122 -0.006647 0.007262 -0.009272 0.010467 -0.009917 0.014419
24.591304 -0.000122 -0.006647 0.007284 -0.009272 0.010485 -0.009916 0.014495
24.934094 -0.000122 -0.006640 0.007294 -0.009272 0.010503 -0.009915 0.014573
25.281661 -0.000095 -0.006604 0.007294 -0.009271 0.010522 -0.009914 0.014652
25.634074 -0.000062 -0.006567 0.007303 -0.009271 0.010541 -0.009913 0.014731
25.991399 -0.000058 -0.006559 0.007329 -0.009271 0.010560 -0.009911 0.014812
26.353705 -0.000051 -0.006555 0.007334 -0.009271 0.010579 -0.009910 0.014894
26.721062 -0.000051 -0.006554 0.007334 -0.009271 0.010606 -0.009909 0.014978
27.093539 -0.000051 -0.006553 0.007334 -0.009271 0.010672 -0.009907 0.015062
27.471208 -0.000050 -0.006535 0.007334 -0.009271 0.010736 -0.009906 0.015148
27.854142 -0.000049 -0.006530 0.007334 -0.009271 0.010774 -0.009905 0.015235
28.242413 -0.000049 -0.006525 0.007334 -0.009265 0.010813 -0.009903 0.015323
28.636097 -0.000049 -0.006521 0.007334 -0.009258 0.010852 -0.009902 0.015413
29.035269 -0.000049 -0.006516 0.007334 -0.009251 0.010892 -0.009900 0.015503
29.440005 -0.000049 -0.006488 0.007334 -0.009243 0.010933 -0.009899 0.015596
29.850382 -0.000049 -0.006484 0.007334 -0.009236 0.010974 -0.009898 0.015689
30.266481 -0.000049 -0.006480 0.007334 -0.009228 0.011016 -0.009897 0.015784
30.688379 -0.000033 -0.006475 0.007334 -0.009220 0.011059 -0.009897 0.015880
31.116158 -0.000005 -0.006469 0.007334 -0.009212 0.011102 -0.009896 0.015977
31.549901 0.000027 -0.006465 0.007350 -0.009204 0.011146 -0.009895 0.016076
31.989689 0.000056 -0.006461 0.007361 -0.009195 0.011191 -0.009895 0.016177
32.435608 0.000082 -0.006457 0.007401 -0.009187 0.011236 -0.009894 0.016278
32.887743 0.000112 -0.006452 0.007429 -0.009180 0.011282 -0.009893 0.016382
33.346180 0.000143 -0.006446 0.007457 -0.009180 0.011329 -0.009893 0.016486
33.811008 0.000164 -0.006441 0.007461 -0.009180 0.011377 -0.009892 0.016592
34.282315 0.000164 -0.006436 0.007465 -0.009180 0.011425 -0.009891 0.016700
34.760192 0.000164 -0.006427 0.007488 -0.009180 0.011474 -0.009890 0.016809
35.244730 0.000165 -0.006424 0.007506 -0.009180 0.011555 -0.009889 0.016920
35.736022 0.000165 -0.006414 0.007506 -0.009180 0.011640 -0.009889 0.017032
36.234163 0.000165 -0.006391 0.007506 -0.009180 0.011727 -0.009888 0.017146
36.739248 0.000165 -0.006384 0.007506 -0.009180 0.011815 -0.009887 0.017262
37.251373 0.000166 -0.006369 0.007506 -0.009179 0.011904 -0.009886 0.017379
37.770637 0.000179 -0.006353 0.007506 -0.009179 0.011995 -0.009885 0.017498
38.297139 0.000236 -0.006339 0.007529 -0.009174 0.012087 -0.009884 0.017619
38.830980 0.000236 -0.006326 0.007574 -0.009168 0.012169 -0.009883 0.017741
39.372263 0.000236 -0.006312 0.007581 -0.009168 0.012218 -0.009882 0.017865
39.921091 0.000265 -0.006297 0.007581 -0.009168 0.012269 -0.009881 0.017991
40.477570 0.000265 -0.006275 0.007581 -0.009168 0.012320 -0.009880 0.018119
41.041805 0.000265 -0.006252 0.007581 -0.009167 0.012373 -0.009879 0.018248
41.613906 0.000274 -0.006246 0.007581 -0.009167 0.012426 -0.009877 0.018379
42.193981 0.000274 -0.006240 0.007583 -0.009167 0.012480 -0.009875 0.018513
42.782142 0.000310 -0.006230 0.007583 -0.009167 0.012534 -0.009872 0.018648
43.378502 0.000335 -0.006214 0.007583 -0.009159 0.012590 -0.009869 0.018784
43.983175 0.000358 -0.006188 0.007604 -0.009152 0.012647 -0.009865 0.018923
44.596276 0.000392 -0.006134 0.007604 -0.009144 0.012704 -0.009862 0.019064
45.217924 0.000448 -0.006076 0.007604 -0.009137 0.012762 -0.009859 0.019207
45.848238 0.000475 -0.006055 0.007604 -0.009125 0.012822 -0.009855 0.019352
46.487337 0.000476 -0.006054 0.007604 -0.009110 0.012882 -0.009851 0.019499
47.135345 0.000477 -0.006052 0.007624 -0.009096 0.012943 -0.009848 0.019648
47.792386 0.000488 -0.006051 0.007642 -0.009095 0.013044 -0.009844 0.019799
48.458586 0.000506 -0.006049 0.007677 -0.009093 0.013158 -0.009842 0.019952
49.134073 0.000509 -0.006041 0.007715 -0.009091 0.013273 -0.009840 0.020107
49.818975 0.000520 -0.006027 0.007775 -0.009089 0.013390 -0.009838 0.020264
50.513425 0.000531 -0.006006 0.007836 -0.009087 0.013510 -0.009836 0.020424
51.217554 0.000543 -0.006004 0.007855 -0.009086 0.013631 -0.009834 0.020586
51.931499 0.000554 -0.006004 0.007880 -0.009084 0.013754 -0.009832 0.020750
52.655396 0.000590 -0.006004 0.007945 -0.009081 0.013879 -0.009830 0.020917
53.389384 0.000621 -0.005977 0.007946 -0.009079 0.014007 -0.009828 0.021085
54.133603 0.000669 -0.005945 0.007947 -0.009077 0.014136 -0.009825 0.021257
54.888196 0.000669 -0.005914 0.007967 -0.009075 0.014268 -0.009823 0.021430
55.653308 0.000670 -0.005902 0.007967 -0.009073 0.014402 -0.009821 0.021606
56.429085 0.000670 -0.005901 0.007983 -0.009070 0.014486 -0.009819 0.021784
57.215676 0.000671 -0.005900 0.008002 -0.009068 0.014569 -0.009816 0.021965
58.013231 0.000705 -0.005894 0.008003 -0.009065 0.014653 -0.009814 0.022149
58.821904 0.000717 -0.005869 0.008004 -0.009063 0.014752 -0.009812 0.022335
59.641849 0.000788 -0.005848 0.008009 -0.009060 0.014884 -0.009809 0.022523
60.473224 0.000805 -0.005831 0.008009 -0.009059 0.014973 -0.009807 0.022714
61.316188 0.000824 -0.005817 0.008032 -0.009057 0.015061 -0.009804 0.022908
62.170903 0.000862 -0.005816 0.008072 -0.009055 0.015150 -0.009802 0.023104
63.037532 0.000891 -0.005815 0.008119 -0.009054 0.015240 -0.009799 0.023304
63.916241 0.000894 -0.005814 0.008146 -0.009052 0.015332 -0.009796 0.023505
64.807198 0.000934 -0.005779 0.008161 -0.009050 0.015426 -0.009794 0.023710
65.710575 0.000967 -0.005773 0.008190 -0.009048 0.015543 -0.009791 0.023918
66.626545 0.000971 -0.005769 0.008227 -0.009046 0.015701 -0.009788 0.024128
67.555283 0.000977 -0.005762 0.008259 -0.009044 0.015862 -0.009785 0.024341
68.496967 0.001059 -0.005727 0.008259 -0.009042 0.016026 -0.009782 0.024557
69.451778 0.001113 -0.005727 0.008273 -0.009039 0.016192 -0.009779 0.024776
70.419898 0.001130 -0.005726 0.008312 -0.009037 0.016361 -0.009776 0.024998
71.401513 0.001170 -0.005726 0.008351 -0.009035 0.016533 -0.009773 0.025224
72.396811 0.001171 -0.005725 0.008404 -0.009032 0.016708 -0.009770 0.025452
73.405984 0.001211 -0.005725 0.008425 -0.009030 0.016886 -0.009767 0.025683
74.429223 0.001236 -0.005700 0.008426 -0.009027 0.017066 -0.009764 0.025918
75.466726 0.001240 -0.005681 0.008435 -0.009024 0.017250 -0.009760 0.026155
76.518692 0.001273 -0.005655 0.008482 -0.009022 0.017415 -0.009757 0.026396
77.585321 0.001319 -0.005623 0.008511 -0.009019 0.017532 -0.009753 0.026640
78.666818 0.001377 -0.005604 0.008566 -0.009016 0.017818 -0.009750 0.026888
79.763391 0.001377 -0.005601 0.008567 -0.009013 0.018014 -0.009746 0.027138
80.875249 0.001399 -0.005573 0.008600 -0.009010 0.018213 -0.009743 0.027392
82.002606 0.001515 -0.005539 0.008641 -0.009006 0.018415 -0.009739 0.027650
83.145678 0.001635 -0.005516 0.008650 -0.009003 0.018621 -0.009735 0.027911
84.304684 0.001700 -0.005478 0.008708 -0.009000 0.018830 -0.009731 0.028175
85.479845 0.001705 -0.005440 0.008713 -0.008996 0.019042 -0.009728 0.028444
86.671388 0.001731 -0.005435 0.008720 -0.008992 0.019258 -0.009724 0.028715
87.879540 0.001789 -0.005433 0.008777 -0.008989 0.019477 -0.009720 0.028991
89.104533 0.001816 -0.005415 0.008801 -0.008985 0.019700 -0.009715 0.029269
90.346602 0.001843 -0.005375 0.008803 -0.008981 0.019926 -0.009711 0.029552
91.605985 0.001871 -0.005335 0.008804 -0.008977 0.020156 -0.009707 0.029839
92.882923 0.001899 -0.005330 0.008806 -0.008972 0.020390 -0.009703 0.030129
94.177660 0.001927 -0.005318 0.008813 -0.008968 0.020628 -0.009698 0.030423
95.490446 0.001956 -0.005281 0.008833 -0.008963 0.020869 -0.009694 0.030721
96.821531 0.001986 -0.005244 0.008834 -0.008959 0.021114 -0.009689 0.031023
98.171170 0.002016 -0.005206 0.008862 -0.008954 0.021364 -0.009684 0.031329
99.539623 0.002022 -0.005181 0.008958 -0.008949 0.021617 -0.009680 0.031639
100.927151 0.002022 -0.005179 0.009010 -0.008944 0.021805 -0.009675 0.031953
102.334021 0.002108 -0.005177 0.009092 -0.008938 0.021989 -0.009670 0.032271
103.760502 0.002160 -0.005176 0.009099 -0.008933 0.022176 -0.009665 0.032593
105.206867 0.002177 -0.005174 0.009112 -0.008927 0.022366 -0.009660 0.032919
106.673394 0.002223 -0.005172 0.009155 -0.008921 0.022649 -0.009655 0.033250
108.160363 0.002263 -0.005150 0.009156 -0.008915 0.023064 -0.009649 0.033585
109.668060 0.002299 -0.005116 0.009225 -0.008909 0.023484 -0.009644 0.033925
111.196773 0.002354 -0.005082 0.009263 -0.008902 0.023793 -0.009638 0.034268
112.746796 0.002362 -0.005047 0.009332 -0.008896 0.024085 -0.009633 0.034617
114.318425 0.002389 -0.005010 0.009401 -0.008889 0.024410 -0.009630 0.034969
115.911962 0.002408 -0.004974 0.009449 -0.008882 0.024703 -0.009628 0.035327
117.527712 0.002426 -0.004968 0.009518 -0.008875 0.025001 -0.009626 0.035689
119.165984 0.002446 -0.004948 0.009591 -0.008867 0.025303 -0.009624 0.036055
120.827094 0.002456 -0.004937 0.009690 -0.008859 0.025615 -0.009622 0.036426
122.511358 0.002486 -0.004922 0.009787 -0.008851 0.025935 -0.009619 0.036802
124.219100 0.002587 -0.004907 0.009989 -0.008843 0.026261 -0.009617 0.037183
125.950646 0.002633 -0.004904 0.010061 -0.008834 0.026591 -0.009614 0.037569
127.706330 0.002647 -0.004901 0.010177 -0.008826 0.026927 -0.009612 0.037959
129.486487 0.002712 -0.004899 0.010263 -0.008817 0.027268 -0.009609 0.038354
131.291459 0.002730 -0.004872 0.010350 -0.008807 0.027707 -0.009606 0.038755
133.121590 0.002793 -0.004854 0.010438 -0.008798 0.028219 -0.009603 0.039160
134.977233 0.002800 -0.004841 0.010527 -0.008788 0.028738 -0.009600 0.039571
136.858742 0.002801 -0.004839 0.010699 -0.008777 0.029264 -0.009597 0.039987
138.766479 0.002870 -0.004797 0.010901 -0.008767 0.029797 -0.009594 0.040407
140.700809 0.002939 -0.004740 0.011008 -0.008756 0.030338 -0.009590 0.040833
142.662102 0.002974 -0.004689 0.011172 -0.008744 0.030885 -0.009587 0.041265
144.650734 0.003020 -0.004654 0.011353 -0.008733 0.031369 -0.009583 0.041702
146.667087 0.003024 -0.004650 0.011482 -0.008708 0.031675 -0.009579 0.042144
148.711546 0.003058 -0.004629 0.011613 -0.008675 0.031985 -0.009575 0.042591
150.784505 0.003129 -0.004603 0.011745 -0.008642 0.032368 -0.009571 0.043045
152.886359 0.003156 -0.004549 0.011956 -0.008607 0.032845 -0.009567 0.043503
155.017512 0.003164 -0.004462 0.012072 -0.008571 0.033328 -0.009562 0.043967
157.178372 0.003178 -0.004416 0.012271 -0.008535 0.033742 -0.009558 0.044437
159.369353 0.003244 -0.004409 0.012523 -0.008497 0.034071 -0.009553 0.044913
161.590875 0.003328 -0.004359 0.012831 -0.008458 0.034405 -0.009548 0.045394
163.843365 0.003369 -0.004282 0.012962 -0.008437 0.034874 -0.009543 0.045882
166.127252 0.003377 -0.004248 0.013101 -0.008417 0.035229 -0.009537 0.046375
168.442976 0.003503 -0.004221 0.013366 -0.008397 0.035589 -0.009532 0.046874
170.790980 0.003581 -0.004194 0.013560 -0.008376 0.035953 -0.009526 0.047379
173.171713 0.003618 -0.004193 0.013737 -0.008355 0.036322 -0.009520 0.047890
175.585633 0.003649 -0.004191 0.013948 -0.008333 0.036696 -0.009513 0.048407
178.033202 0.003716 -0.004190 0.014189 -0.008310 0.037074 -0.009507 0.048930
180.514888 0.003813 -0.004188 0.014471 -0.008287 0.037546 -0.009500 0.049459
183.031168 0.003852 -0.004152 0.014777 -0.008263 0.037927 -0.009493 0.049995
185.582523 0.003869 -0.004131 0.014987 -0.008239 0.038326 -0.009485 0.050537
188.169442 0.003902 -0.004113 0.015231 -0.008214 0.038835 -0.009480 0.051085
190.792422 0.003909 -0.004108 0.015454 -0.008188 0.039545 -0.009477 0.051640
193.451965 0.003916 -0.004102 0.015643 -0.008162 0.040291 -0.009474 0.052201
196.148581 0.003961 -0.004096 0.015978 -0.008135 0.041048 -0.009471 0.052768
198.882786 0.003980 -0.004089 0.016318 -0.008107 0.041816 -0.009468 0.053342
201.655104 0.004057 -0.004083 0.016663 -0.008079 0.042516 -0.009464 0.053923
204.466067 0.004164 -0.004028 0.017012 -0.008050 0.043243 -0.009461 0.054510
207.316213 0.004220 -0.003950 0.017341 -0.008020 0.043942 -0.009457 0.055104
210.206088 0.004224 -0.003933 0.017650 -0.007989 0.044413 -0.009454 0.055705
213.136247 0.004264 -0.003928 0.017885 -0.007958 0.044889 -0.009450 0.056312
216.107251 0.004347 -0.003922 0.018124 -0.007925 0.045371 -0.009446 0.056926
219.119669 0.004483 -0.003907 0.018368 -0.007892 0.045859 -0.009442 0.057548
222.174078 0.004556 -0.003831 0.018616 -0.007877 0.046353 -0.009437 0.058176
225.271064 0.004574 -0.003782 0.018869 -0.007868 0.046852 -0.009433 0.058811
228.411221 0.004712 -0.003746 0.019191 -0.007859 0.047358 -0.009428 0.059453
231.595149 0.004825 -0.003685 0.019543 -0.007848 0.047869 -0.009423 0.060102
234.823460 0.004913 -0.003643 0.019826 -0.007838 0.048663 -0.009419 0.060758
238.096772 0.004954 -0.003634 0.020167 -0.007827 0.049502 -0.009414 0.061422
241.415712 0.005074 -0.003625 0.020646 -0.007773 0.050352 -0.009408 0.062092
244.780916 0.005112 -0.003557 0.020994 -0.007712 0.051214 -0.009403 0.062770
248.193029 0.005136 -0.003535 0.021228 -0.007649 0.051999 -0.009397 0.063455
251.652705 0.005207 -0.003529 0.021548 -0.007615 0.052535 -0.009391 0.064147
255.160607 0.005247 -0.003497 0.021962 -0.007595 0.053076 -0.009385 0.064847
258.717408 0.005274 -0.003444 0.022382 -0.007524 0.053623 -0.009379 0.065756
262.323788 0.005341 -0.003393 0.022732 -0.007498 0.054176 -0.009373 0.066745
265.980440 0.005440 -0.003349 0.023153 -0.007491 0.054736 -0.009366 0.067746
269.688063 0.005492 -0.003288 0.023606 -0.007483 0.055301 -0.009359 0.068758
273.447368 0.005590 -0.003228 0.024044 -0.007476 0.055873 -0.009352 0.069781
277.259076 0.005740 -0.003166 0.024489 -0.007431 0.056667 -0.009345 0.070817
281.123917 0.005785 -0.003054 0.024865 -0.007373 0.057270 -0.009337 0.071864
285.042632 0.005861 -0.002985 0.025216 -0.007314 0.057879 -0.009329 0.072922
289.015972 0.006006 -0.002948 0.025701 -0.007275 0.058630 -0.009321 0.073993
293.044698 0.006095 -0.002885 0.026193 -0.007239 0.059418 -0.009313 0.075075
297.129582 0.006178 -0.002794 0.026691 -0.007201 0.060216 -0.009304 0.076170
301.271407 0.006219 -0.002707 0.027196 -0.007196 0.061025 -0.009295 0.077276
305.470967 0.006307 -0.002679 0.027657 -0.007161 0.061844 -0.009286 0.078395
309.729067 0.006402 -0.002659 0.028006 -0.007085 0.062573 -0.009276 0.079526
314.046522 0.006429 -0.002633 0.028358 -0.007041 0.063236 -0.009266 0.080670
318.424160 0.006544 -0.002564 0.028715 -0.006997 0.063906 -0.009256 0.081825
322.862820 0.006662 -0.002483 0.029076 -0.006952 0.064745 -0.009246 0.082993
327.363353 0.006688 -0.002391 0.029448 -0.006906 0.065615 -0.009235 0.084174
331.926620 0.006872 -0.002279 0.029983 -0.006836 0.066463 -0.009223 0.085367
336.553498 0.006942 -0.002225 0.030355 -0.006808 0.067162 -0.009212 0.086573
341.244871 0.007095 -0.002174 0.030693 -0.006756 0.067869 -0.009199 0.087792
346.001639 0.007272 -0.002096 0.031097 -0.006703 0.068582 -0.009187 0.089023
350.824714 0.007342 -0.001997 0.031500 -0.006636 0.069303 -0.009174 0.090267
355.715021 0.007371 -0.001895 0.031887 -0.006589 0.070031 -0.009161 0.091524
360.673495 0.007457 -0.001821 0.032277 -0.006500 0.070766 -0.009147 0.092794
365.701088 0.007545 -0.001756 0.032673 -0.006426 0.071509 -0.009132 0.094078
370.798763 0.007679 -0.001675 0.033073 -0.006379 0.072259 -0.009118 0.095374
375.967497 0.007818 -0.001633 0.033548 -0.006331 0.073017 -0.009102 0.096683
381.208280 0.007876 -0.001562 0.034095 -0.006279 0.074037 -0.009087 0.098005
386.522116 0.007894 -0.001512 0.034534 -0.006233 0.075093 -0.009070 0.099341
391.910025 0.007956 -0.001480 0.034918 -0.006183 0.076161 -0.009053 0.100708
397.373038 0.008070 -0.001431 0.035301 -0.006141 0.077240 -0.009036 0.102207
402.912203 0.008190 -0.001409 0.035741 -0.006093 0.078306 -0.009018 0.103723
408.528580 0.008316 -0.001364 0.036260 -0.006042 0.079120 -0.008999 0.105255
414.223247 0.008456 -0.001266 0.036700 -0.005990 0.079942 -0.008980 0.106803
419.997295 0.008551 -0.001193 0.037293 -0.005927 0.080771 -0.008960 0.108367
425.851829 0.008699 -0.001110 0.037674 -0.005867 0.081609 -0.008939 0.109948
431.787973 0.008854 -0.000978 0.038122 -0.005811 0.082454 -0.008918 0.111545
437.806863 0.008937 -0.000886 0.038678 -0.005758 0.083307 -0.008896 0.113159
443.909653 0.009153 -0.000817 0.039242 -0.005706 0.084168 -0.008873 0.114790
450.097513 0.009289 -0.000697 0.039815 -0.005669 0.085037 -0.008850 0.116437
456.371628 0.009450 -0.000572 0.040601 -0.005630 0.085914 -0.008826 0.118100
462.733201 0.009607 -0.000488 0.041466 -0.005590 0.086799 -0.008801 0.119780
469.183451 0.009760 -0.000400 0.042345 -0.005548 0.087692 -0.008775 0.121477
475.723614 0.009847 -0.000262 0.043007 -0.005505 0.088593 -0.008748 0.123190
482.354943 0.009953 -0.000137 0.044094 -0.005460 0.089502 -0.008721 0.124920
489.078709 0.010101 -0.000081 0.044911 -0.005414 0.090419 -0.008692 0.126667
495.896201 0.010249 0.000007 0.045683 -0.005366 0.091344 -0.008662 0.128431
502.808725 0.010350 0.000094 0.046395 -0.005316 0.092512 -0.008632 0.130211
509.817606 0.010465 0.000258 0.047040 -0.005265 0.093501 -0.008601 0.132008
516.924187 0.010698 0.000398 0.048012 -0.005212 0.094456 -0.008568 0.133821
524.129830 0.010899 0.000622 0.048851 -0.005157 0.095419 -0.008535 0.135651
531.435916 0.011169 0.000823 0.049512 -0.005100 0.096390 -0.008500 0.137498
538.843844 0.011375 0.000924 0.050178 -0.005041 0.097568 -0.008464 0.139361
546.355035 0.011615 0.001033 0.050851 -0.004980 0.098838 -0.008427 0.141241
553.970928 0.011760 0.001175 0.051491 -0.004827 0.100076 -0.008389 0.143137
561.692982 0.011997 0.001379 0.052099 -0.004659 0.101084 -0.008350 0.145050
569.522678 0.012158 0.001507 0.052714 -0.004622 0.102100 -0.008309 0.146980
577.461515 0.012486 0.001619 0.053335 -0.004515 0.103125 -0.008267 0.148925
585.511016 0.012953 0.001772 0.053962 -0.004416 0.104157 -0.008224 0.150888
593.672722 0.013172 0.001929 0.054604 -0.004302 0.105198 -0.008179 0.152866
601.948197 0.013375 0.002088 0.055680 -0.004225 0.106248 -0.008133 0.154785
610.339029 0.013623 0.002251 0.056438 -0.004062 0.107305 -0.008086 0.156477
618.846824 0.013935 0.002326 0.057294 -0.003877 0.108371 -0.008036 0.158181
627.473213 0.014082 0.002404 0.058107 -0.003725 0.109922 -0.007986 0.159895
636.219849 0.014462 0.002606 0.059010 -0.003528 0.112036 -0.007933 0.161620
645.088409 0.014741 0.002914 0.059923 -0.003410 0.114180 -0.007879 0.163356
654.080591 0.015176 0.003055 0.061249 -0.003365 0.116354 -0.007824 0.165102
663.198120 0.015477 0.003290 0.062256 -0.003250 0.117877 -0.007766 0.166859
672.442742 0.015749 0.003397 0.063122 -0.003169 0.119324 -0.007707 0.168626
681.816229 0.016181 0.003508 0.064101 -0.003086 0.120782 -0.007646 0.170404
691.320378 0.016553 0.003627 0.065570 -0.003021 0.122251 -0.007583 0.172362
700.957009 0.016936 0.003884 0.066578 -0.002983 0.123731 -0.007518 0.174543
710.727970 0.017407 0.004027 0.067456 -0.002945 0.125222 -0.007451 0.176739
720.635132 0.017734 0.004192 0.068344 -0.002905 0.126723 -0.007383 0.178951
730.680395 0.018115 0.004474 0.069242 -0.002864 0.128235 -0.007311 0.181179
740.865683 0.018479 0.004783 0.070156 -0.002734 0.129757 -0.007238 0.183422
751.192949 0.018916 0.004867 0.071349 -0.002531 0.131289 -0.007163 0.185680
761.664172 0.019370 0.005074 0.072354 -0.002363 0.132831 -0.007085 0.187953
772.281357 0.019963 0.005323 0.073890 -0.002322 0.134781 -0.007005 0.190241
783.046540 0.020613 0.005512 0.074932 -0.002284 0.137316 -0.006922 0.192544
793.961785 0.021060 0.005743 0.075947 -0.002220 0.138893 -0.006837 0.194861
805.029181 0.021441 0.005849 0.076973 -0.002126 0.140479 -0.006750 0.197192
816.250851 0.022235 0.006030 0.078250 -0.002086 0.142074 -0.006660 0.199537
827.628946 0.022598 0.006333 0.079919 -0.002044 0.145240 -0.006567 0.201897
839.165644 0.023259 0.006686 0.081613 -0.002003 0.148462 -0.006472 0.204270
850.863158 0.023992 0.006874 0.082861 -0.001960 0.151739 -0.006374 0.206656
862.723729 0.024586 0.006967 0.083972 -0.001871 0.153872 -0.006272 0.209056
874.749630 0.025115 0.007229 0.085629 -0.001851 0.155639 -0.006168 0.211469
886.943166 0.025665 0.007531 0.087150 -0.001785 0.157691 -0.006062 0.213894
899.306672 0.026334 0.007681 0.088426 -0.001703 0.159487 -0.005968 0.216332
911.842520 0.027114 0.007853 0.089720 -0.001621 0.162179 -0.005941 0.218783
924.553110 0.027879 0.008194 0.091031 -0.001539 0.163549 -0.005914 0.221245
937.440879 0.028673 0.008537 0.092359 -0.001456 0.164923 -0.005886 0.223719
950.508296 0.029389 0.008899 0.093705 -0.001374 0.166301 -0.005858 0.226205
963.757866 0.030229 0.009241 0.094835 -0.001291 0.168590 -0.005828 0.228702
977.192128 0.031012 0.009459 0.095832 -0.001209 0.171905 -0.005799 0.231210
990.813657 0.032021 0.009677 0.097851 -0.001026 0.174235 -0.005768 0.233729
1004.625062 0.032839 0.009939 0.099269 -0.000751 0.175908 -0.005737 0.236258
1018.628990 0.033496 0.010149 0.100340 -0.000540 0.177702 -0.005705 0.238797
1032.828126 0.034074 0.010435 0.101410 -0.000378 0.179581 -0.005672 0.241346
1047.225190 0.034760 0.010662 0.102486 -0.000109 0.182224 -0.005638 0.243905
1061.822941 0.035429 0.011011 0.104470 0.000124 0.184041 -0.005604 0.246473
1076.624177 0.036161 0.011333 0.105685 0.000172 0.185693 -0.005569 0.249050
1091.631734 0.037124 0.011697 0.106903 0.000178 0.188735 -0.005533 0.251635
1106.848489 0.037765 0.011839 0.108136 0.000185 0.192684 -0.005496 0.254229
1122.277356 0.038607 0.012071 0.109773 0.000308 0.196684 -0.005459 0.256830
1137.921294 0.039473 0.012429 0.111053 0.000434 0.200379 -0.005421 0.259440
1153.783300 0.040354 0.012815 0.112345 0.000560 0.203420 -0.005381 0.262057
1169.866413 0.041472 0.013196 0.113905 0.000652 0.206476 -0.005341 0.264680
1186.173716 0.042691 0.013699 0.115257 0.000697 0.209546 -0.005301 0.267311
1202.708335 0.043878 0.014106 0.116752 0.000817 0.212630 -0.005259 0.269947
1219.473437 0.044999 0.014569 0.118138 0.000933 0.215726 -0.005216 0.272590
1236.472235 0.045832 0.014810 0.119754 0.001017 0.218834 -0.005173 0.275238
1253.707987 0.047018 0.015133 0.121954 0.001101 0.221952 -0.005128 0.277891
1271.183997 0.048267 0.015392 0.123509 0.001217 0.225080 -0.005083 0.280550
1288.903612 0.049562 0.015755 0.124799 0.001271 0.228217 -0.005036 0.283213
1306.870230 0.050477 0.016133 0.126175 0.001356 0.231333 -0.004989 0.285880
1325.087292 0.051712 0.016710 0.127687 0.001442 0.234151 -0.004941 0.289028
1343.558290 0.052828 0.016986 0.129099 0.001528 0.236972 -0.004892 0.293021
1362.286764 0.054096 0.017241 0.131193 0.001601 0.239795 -0.004841 0.295651
1381.276303 0.055414 0.017583 0.132511 0.001653 0.242620 -0.004790 0.298718
1400.530545 0.056724 0.018225 0.133836 0.001705 0.245444 -0.004738 0.303342
1420.053182 0.057663 0.018658 0.135167 0.001878 0.248268 -0.004685 0.308102
1439.847953 0.059021 0.019106 0.136509 0.001966 0.251091 -0.004631 0.313015
1459.918652 0.060500 0.019302 0.139011 0.002055 0.253912 -0.004576 0.317943
1480.269127 0.062358 0.019758 0.140467 0.002144 0.256730 -0.004519 0.322884
1500.903276 0.064209 0.019925 0.142959 0.002234 0.259545 -0.004462 0.327837
1521.825053 0.066006 0.020250 0.144678 0.002324 0.262356 -0.004396 0.332798
1543.038469 0.067752 0.020669 0.146349 0.002414 0.265162 -0.004251 0.337766
1564.547589 0.068525 0.021503 0.148446 0.002505 0.267962 -0.004104 0.342739
1586.356534 0.069704 0.022199 0.150159 0.002596 0.270756 -0.003954 0.347714
1608.469483 0.070629 0.022505 0.151772 0.002688 0.273752 -0.003802 0.352690
1630.890676 0.071517 0.022813 0.153943 0.002700 0.276876 -0.003648 0.357664
1653.624407 0.073097 0.023121 0.156201 0.002710 0.279993 -0.003491 0.362635
1676.675035 0.074979 0.023681 0.157986 0.002920 0.283102 -0.003333 0.367600
1700.046975 0.076513 0.024601 0.162330 0.003057 0.286201 -0.003172 0.372556
1723.744708 0.078474 0.024822 0.165909 0.003150 0.289291 -0.003009 0.377503
1747.772774 0.080206 0.025260 0.168442 0.003244 0.291942 -0.002844 0.382437
1772.135779 0.082282 0.025402 0.171340 0.003337 0.293933 -0.002790 0.387357
1796.838391 0.084479 0.025679 0.174081 0.003432 0.295918 -0.002744 0.392261
1821.885343 0.086032 0.026050 0.176417 0.003526 0.298494 -0.002696 0.397147
1847.281437 0.088131 0.026257 0.178465 0.003620 0.300563 -0.002648 0.402012
1873.031539 0.089716 0.026728 0.180002 0.003700 0.302628 -0.002599 0.406855
1899.140582 0.091570 0.027754 0.182486 0.003734 0.304690 -0.002550 0.411674
1925.613572 0.093240 0.028196 0.183987 0.003769 0.306746 -0.002500 0.416467
1952.455581 0.094424 0.029023 0.185488 0.003805 0.308799 -0.002449 0.421232
1979.671753 0.095829 0.029575 0.186988 0.003840 0.310846 -0.002397 0.425968
2007.267304 0.098327 0.029957 0.188793 0.003877 0.312889 -0.002345 0.430673
2035.247521 0.100747 0.030723 0.191321 0.003913 0.314926 -0.002293 0.435344
2063.617768 0.102834 0.031674 0.194325 0.003949 0.316958 -0.002239 0.439981
2092.383480 0.104360 0.032462 0.197071 0.003986 0.320363 -0.002185 0.444581
2121.550171 0.106630 0.032711 0.199986 0.004024 0.325707 -0.002131 0.449144
2151.123430 0.108098 0.033037 0.203594 0.004061 0.329245 -0.002076 0.453668
2181.108924 0.110379 0.033558 0.207570 0.004099 0.331714 -0.002020 0.458151
2211.512400 0.112076 0.034139 0.209701 0.004137 0.334163 -0.001964 0.462592
2242.339683 0.113911 0.034615 0.211741 0.004157 0.336591 -0.001907 0.466990
2273.596682 0.116641 0.035016 0.213999 0.004173 0.338997 -0.001850 0.471344
2305.289387 0.118907 0.035416 0.216165 0.004188 0.341382 -0.001793 0.475652
2337.423871 0.121272 0.035816 0.219124 0.004204 0.343744 -0.001735 0.479913
2370.006292 0.122738 0.036215 0.221911 0.004220 0.346903 -0.001676 0.484126
2403.042894 0.125238 0.036773 0.224752 0.004236 0.352828 -0.001617 0.488291
2436.540009 0.126968 0.037390 0.228301 0.004268 0.358353 -0.001558 0.492406
2470.504055 0.128583 0.037695 0.230744 0.004382 0.360388 -0.001498 0.496471
2504.941542 0.130519 0.038118 0.232425 0.004485 0.362416 -0.001438 0.500484
2539.859069 0.132065 0.038696 0.235272 0.004524 0.365248 -0.001378 0.504445
2575.263327 0.134655 0.038888 0.237666 0.004555 0.367433 -0.001317 0.508354
2611.161101 0.137315 0.039253 0.239488 0.004575 0.369608 -0.001256 0.512210
2647.559271 0.140095 0.040048 0.242333 0.004594 0.371773 -0.001195 0.516011
2684.464811 0.142029 0.040899 0.244907 0.004613 0.373927 -0.001134 0.519759
2721.884795 0.144635 0.041755 0.247239 0.004632 0.376070 -0.001070 0.523451
2759.826392 0.146818 0.042616 0.250767 0.004650 0.378201 -0.000974 0.527089
2798.296876 0.149546 0.043481 0.254656 0.004668 0.380322 -0.000878 0.530672
2837.303617 0.152236 0.044336 0.257349 0.004686 0.384928 -0.000781 0.534198
2876.854090 0.154453 0.045004 0.260233 0.004703 0.387073 -0.000684 0.537669
2916.955876 0.157212 0.045538 0.262794 0.004828 0.389205 -0.000587 0.541085
2957.616659 0.159757 0.046116 0.264314 0.004953 0.394191 -0.000489 0.544444
2998.844231 0.163280 0.046586 0.267912 0.005040 0.396345 -0.000391 0.547747
3040.646493 0.165288 0.046999 0.269202 0.005071 0.400691 -0.000293 0.550994
3083.031457 0.167879 0.047100 0.273374 0.005117 0.404510 -0.000195 0.554185
3126.007243 0.170281 0.047198 0.276585 0.005150 0.407229 -0.000097 0.557320
3169.582089 0.171740 0.047293 0.279362 0.005145 0.408768 0.000001 0.560400
3213.764344 0.173434 0.047385 0.283620 0.005179 0.410469 0.000099 0.563424
3258.562476 0.176646 0.047474 0.287046 0.005216 0.412395 0.000187 0.566393
3303.985070 0.178332 0.047560 0.291138 0.005253 0.414290 0.000238 0.569307
3350.040830 0.180600 0.047644 0.294184 0.005290 0.417503 0.000289 0.572166
3396.738582 0.182386 0.047872 0.297136 0.005326 0.419287 0.000340 0.574971
3444.087276 0.185268 0.048303 0.302201 0.005440 0.423784 0.000390 0.577721
3492.095985 0.187171 0.048726 0.305436 0.005499 0.426728 0.000441 0.580418
3540.773909 0.189796 0.049142 0.310181 0.005531 0.428725 0.000491 0.583062
3590.130377 0.192649 0.049358 0.312481 0.005564 0.434439 0.000541 0.585654
3640.174847 0.194550 0.049495 0.315859 0.005640 0.440487 0.000592 0.588193
3690.916911 0.197176 0.049883 0.319990 0.005717 0.446471 0.000588 0.590680
3742.366291 0.200177 0.049997 0.321149 0.005794 0.452389 0.000584 0.593116
3794.532847 0.201299 0.050384 0.324305 0.005871 0.456632 0.000580 0.595501
3847.426577 0.203664 0.050973 0.327711 0.005947 0.459740 0.000576 0.597837
3901.057617 0.205667 0.051221 0.330883 0.005960 0.464803 0.000573 0.600123
3955.436245 0.207423 0.051420 0.334348 0.005941 0.466376 0.000569 0.602360
4010.572881 0.209080 0.051977 0.336992 0.005946 0.471576 0.000618 0.604548
4066.478092 0.210577 0.052526 0.340806 0.006000 0.477545 0.000673 0.606690
4123.162591 0.212216 0.053067 0.346169 0.006054 0.482434 0.000688 0.608784
4180.637241 0.213440 0.053499 0.349559 0.006107 0.486332 0.000691 0.610832
4238.913057 0.215010 0.053809 0.354032 0.006160 0.490153 0.000694 0.612834
4298.001206 0.216387 0.054102 0.357208 0.006213 0.493707 0.000697 0.614792
4357.913012 0.218598 0.054157 0.359924 0.006266 0.495547 0.000700 0.616705
4418.659956 0.220646 0.054209 0.362729 0.006319 0.498128 0.000703 0.618574
4480.253680 0.222344 0.054260 0.365244 0.006371 0.502879 0.000705 0.620401
4542.705986 0.224203 0.054309 0.367337 0.006423 0.506995 0.000708 0.622186
4606.028844 0.225921 0.054532 0.369759 0.006475 0.509820 0.000711 0.623929
4670.234388 0.227599 0.054994 0.372699 0.006527 0.512614 0.000713 0.625631
4735.334923 0.228959 0.055451 0.376041 0.006578 0.514147 0.000716 0.627293
4801.342924 0.231332 0.055901 0.380105 0.006619 0.517095 0.000719 0.628916
4868.271040 0.234061 0.056345 0.383015 0.006657 0.520805 0.000721 0.630501
4936.132098 0.235865 0.056721 0.385290 0.006696 0.523473 0.000723 0.632047
5004.939103 0.237235 0.056896 0.388357 0.006703 0.526108 0.000726 0.633557
5074.705239 0.238428 0.056976 0.390774 0.006710 0.528712 0.000728 0.635029
5145.443878 0.239947 0.057055 0.393027 0.006716 0.531284 0.000731 0.636466
5217.168576 0.241351 0.057131 0.395595 0.006722 0.533824 0.000733 0.637868
5289.893076 0.242511 0.057206 0.398156 0.006728 0.536331 0.000735 0.639236
5363.631317 0.243712 0.057278 0.400673 0.006734 0.540391 0.000737 0.640569
5438.397428 0.244750 0.057349 0.403258 0.006739 0.544914 0.000739 0.641870
5514.205739 0.246193 0.057419 0.405955 0.006745 0.548133 0.000741 0.643138
5591.070777 0.247842 0.057486 0.408825 0.006750 0.549427 0.000744 0.644375
5669.007271 0.248506 0.057552 0.411394 0.006754 0.550687 0.000746 0.645581
5748.030158 0.249737 0.057616 0.413957 0.006759 0.551916 0.000748 0.646756
5828.154581 0.250324 0.057678 0.415882 0.006764 0.553202 0.000749 0.647848
5909.395895 0.251673 0.057739 0.418004 0.006768 0.557666 0.000751 0.648773
5991.769669 0.252521 0.057799 0.420874 0.006772 0.561993 0.000753 0.649672
6075.291689 0.254670 0.057875 0.422049 0.006776 0.565802 0.000755 0.650546
6159.977960 0.256572 0.058000 0.423719 0.006780 0.569798 0.000757 0.651395
6245.844712 0.257776 0.058121 0.425793 0.006784 0.573692 0.000759 0.652221
6332.908400 0.258880 0.058237 0.429499 0.006788 0.576225 0.000760 0.653023
6421.185709 0.258986 0.058350 0.433188 0.006801 0.578391 0.000762 0.653802
6510.693555 0.259089 0.058459 0.435621 0.006825 0.580491 0.000764 0.654559
6601.449093 0.260120 0.058564 0.438043 0.006849 0.582527 0.000765 0.655295
6693.469713 0.261753 0.058665 0.440454 0.006873 0.584501 0.000767 0.656010
6786.773051 0.263665 0.058785 0.443400 0.006897 0.586414 0.000769 0.656704
6881.376986 0.264696 0.059126 0.446436 0.006920 0.588598 0.000770 0.657378
6977.299650 0.265470 0.059464 0.448792 0.006943 0.591334 0.000772 0.658033
7074.559423 0.266217 0.059577 0.451277 0.006966 0.594002 0.000773 0.658669
7173.174944 0.267016 0.059613 0.453628 0.006997 0.596602 0.000775 0.659287
7273.165113 0.267798 0.059648 0.456070 0.007036 0.599136 0.000776 0.659887
7374.549090 0.268772 0.059879 0.458448 0.007074 0.601605 0.000777 0.660470
7477.346305 0.269898 0.060155 0.460157 0.007112 0.604009 0.000779 0.661035
7581.576458 0.270646 0.060429 0.461860 0.007150 0.605800 0.000780 0.661585
7687.259522 0.271576 0.060701 0.464940 0.007188 0.606787 0.000781 0.662118
7794.415750 0.272485 0.060972 0.466261 0.007221 0.607363 0.000783 0.662636
7903.065679 0.273037 0.061242 0.468174 0.007228 0.610089 0.000784 0.663138
8013.230128 0.273243 0.061426 0.469645 0.007236 0.613074 0.000785 0.663626
8124.930211 0.273327 0.061493 0.470983 0.007243 0.615972 0.000786 0.664100
8238.187331 0.273867 0.061558 0.472120 0.007249 0.618783 0.000787 0.664559
8353.023195 0.274253 0.061621 0.473229 0.007256 0.621065 0.000789 0.665006
8469.459808 0.275018 0.061682 0.474309 0.007263 0.622942 0.000790 0.665439
8587.519485 0.275765 0.061740 0.476822 0.007270 0.624766 0.000791 0.665859
8707.224849 0.276614 0.061796 0.478811 0.007276 0.626538 0.000792 0.666267
8828.598841 0.277237 0.061850 0.479826 0.007291 0.627694 0.000793 0.666663
8951.664721 0.278409 0.061902 0.481513 0.007309 0.628676 0.000794 0.667047
9076.446073 0.279208 0.061953 0.483936 0.007327 0.629623 0.000795 0.667420
9202.966809 0.279428 0.062001 0.486194 0.007344 0.630997 0.000796 0.667782
9331.251175 0.279879 0.062048 0.487896 0.007361 0.632860 0.000797 0.668301
9461.323756 0.280692 0.062230 0.489102 0.007378 0.634669 0.000798 0.669039
9593.209478 0.281118 0.062388 0.490808 0.007394 0.636423 0.000799 0.669750
9726.933615 0.281714 0.062417 0.492425 0.007411 0.638125 0.000800 0.670436
9862.521795 0.282295 0.062445 0.494003 0.007427 0.639776 0.000800 0.671098
10000.000000 0.282862 0.062472 0.495522 0.007453 0.641377 0.000801 0.671735
