89735396000542.921875 20.986917 0.131211 127.097714 469.310638 1.248769 940.963964
145353104324655.375000 57.627736 1.748372 460.717307 255.565109 1.783177 1522.897913
50387651124498.062500 91.616390 -0.195501 808.222354 108.656240 1.736596 1260.014912
42211487643093.523438 12.668412 -0.450688 152.092252 197.611007 1.346199 639.524576
1199813421454458368.000000 87.381818 1.858709 1911.392382 41.056979 2.034863 35635.909057
30186330369491.878906 80.208348 0.555985 102.821389 53.741305 1.830462 1012.626776
577069237335701.125000 51.785422 1.997645 78.856982 18.876660 1.926255 2325.048386
206225155090437.906250 38.907350 0.763101 972.769115 300.275360 1.799183 1500.558407
41120631582498.234375 28.037931 0.399972 23.300344 82.940572 1.756280 790.526649
12630920444193.589844 13.116939 -0.481441 111.227952 40.960297 1.567425 431.446556
85374560166413.031250 74.519671 -0.141748 118.911969 117.886547 1.886655 1395.071239
103837806276092.156250 85.164720 1.921090 268.499980 108.248226 1.760763 1561.785351
126201177063515.390625 36.964581 1.322726 257.677300 340.128464 1.837937 1253.044326
829946061825652.000000 82.997489 1.086394 2821.573130 1875.617136 2.125416 3093.885088
56563756358016.117188 78.699967 0.187411 976.071491 73.038903 1.813655 1239.991561
39947022076277.507812 6.726343 0.419240 12.010569 26.486416 1.622244 548.625646
168412649629632.656250 5.353503 0.164109 168.111020 116.072915 1.867269 854.009749
1464508448761286400.000000 0.487210 0.284377 52.224779 31.821599 2.043819 20189.262241
37904799521658.601562 20.701049 0.851599 19.020260 172.668078 1.460023 703.253025
817616836665037.125000 30.308904 1.220330 1547.907270 198.441590 1.768031 2193.702520
1835920935868489472.000000 93.464875 1.999397 2926.526699 58.993235 2.010432 42075.284305
41499061858057.632812 89.667244 1.242121 13.607901 76.264415 1.781810 1171.939885
26473389365225.726562 96.260967 -0.343992 11.176299 14.001862 1.989194 1035.123847
1227403300958082816.000000 92.176216 1.953868 2779.695929 52.341108 1.925476 36606.157186
77997521867490.968750 78.054413 0.955384 13.828330 219.061854 1.565583 1376.129301
83144752550353.093750 70.799363 -0.291452 130.426577 147.421999 1.755679 1358.034730
92860002030425.906250 93.120926 1.523431 16.016941 120.142033 1.942391 1553.954793
118816596015324.078125 16.527941 -0.184081 19.243741 116.781864 1.995323 966.924899
531492789225837.500000 3.727723 -0.430964 11.219044 144.506451 2.056508 1198.961338
906657651137813.125000 62.969802 1.975337 75.152561 15.369848 1.943980 2890.535683
99484862721728.328125 78.034499 -0.490265 42.334586 88.776152 2.059715 1492.262421
950369887467956.000000 3.859822 -0.365998 27.594153 80.826527 2.035328 1460.140375
1974695442643013.250000 10.136721 1.839099 260.455866 46.347344 1.551897 2186.761454
83904118777581.156250 70.886625 -0.237014 65.925692 274.047271 1.411586 1362.747534
479261395072075.312500 96.579147 1.285486 1005.910000 1770.190753 1.891963 2721.244868
103837806276092.156250 85.164720 1.921090 268.499980 108.248226 1.760763 1561.785351
83574884596420.453125 75.257284 -0.307609 89.905135 160.708887 1.733344 1390.041669
784330295953454.000000 11.961242 0.616905 1064.485190 34.977657 1.673805 1670.399604
27350387241934.503906 75.105950 -0.114835 31.186095 12.586600 2.010913 957.224564
1823388019710141952.000000 0.435920 0.315953 47.208903 30.504063 2.054168 22413.961107
2492103687555039.500000 14.949579 1.811090 250.824696 31.449580 1.519613 2596.744423
323034505758949.375000 0.804091 1.398092 43.188537 699.390365 1.934052 1085.827255
947343164965668.000000 11.145322 0.732708 730.586572 24.790453 1.532855 1749.403441
540473269303583.125000 5.974424 0.926148 1435.339152 2197.304614 2.148233 1281.255831
325476955309942.812500 47.404232 1.327895 710.167884 123.512468 1.802565 1864.670113
11816018031212.857422 13.306047 1.204669 16.282583 48.730136 1.489262 423.470224
70595785634085.250000 13.773198 -0.166996 1048.230169 167.702354 1.716908 775.108602
423619961614167.250000 2.083855 1.303859 230.755385 894.676694 2.364795 1083.112262
68199131154386.789062 97.828385 1.235886 18.718729 163.636994 1.664282 1427.360760
293619970953798.750000 3.264910 0.324868 311.929230 365.743596 2.044527 973.024404
22202992624511.386719 41.041006 -0.150201 16.402156 48.948105 1.716243 726.392282
167601907203459200.000000 88.421866 1.027840 2899.338456 15.998162 2.026679 18569.247498
283537001638302.187500 1.731983 1.216490 84.894084 2653.276896 1.119006 951.676177
19566581763884760.000000 86.512263 1.900063 469.883890 16.510778 1.656794 9004.475392
352283155600418.875000 5.793105 0.494881 847.844599 1003.999921 2.048437 1105.435628
250105813357306.812500 38.890232 1.583049 908.082797 893.096734 1.466573 1599.993536
167996986376375.812500 32.473477 0.183842 13.926442 461.643093 1.607959 1322.711729
223417843015665.062500 25.077916 1.844474 56.691797 22.122575 1.861361 1343.626504
11962155076634.300781 37.422179 -0.407585 40.896156 26.309480 1.649597 573.593335
127536224386604512.000000 28.516277 1.804268 551.935202 43.128135 2.026593 11588.481205
52144780086035.929688 50.362009 -0.189318 525.923502 72.879198 1.920996 1033.554004
10375957920803.117188 8.485424 1.363695 48.944343 73.679679 1.399584 365.947112
26210058959901.261719 85.723408 0.225617 563.948539 16.121774 1.838702 989.340337
5729186535037294.000000 5.010767 0.427372 258.319392 34.522155 1.919922 2741.172023
141633058616987.968750 10.514812 0.694590 10.291161 193.696986 1.919741 916.106847
95068671922292.375000 94.006783 1.555561 15.855380 120.020436 1.935132 1571.563210
523682634764283904.000000 33.232295 1.334575 2103.510139 30.004713 1.833328 19463.389843
551378927798476.750000 2.602605 0.492626 2286.883285 3488.361465 2.042455 1186.118802
306331844442985152.000000 33.635356 1.868483 2507.286219 71.710072 1.649136 16339.920788
668016843843734.000000 15.230207 0.651663 2634.258207 2832.305833 2.112205 1682.459410
30747514813863.871094 29.972378 -0.177160 56.123099 23.812148 1.871934 732.418452
114120128876471.843750 91.710711 1.453266 36.656862 180.570851 1.912965 1655.325503
64281871162686.703125 95.244151 -0.249361 22.078837 83.507879 1.921812 1385.935827
36278998731238.710938 98.871261 -0.488312 33.663564 78.648681 1.725030 1161.011560
105049496667420.765625 13.475136 0.837128 470.961220 481.655133 1.426595 880.045141
184369070585590.125000 60.296544 1.067532 850.184933 104.330195 1.659629 1674.427113
728780539733925.125000 30.657226 1.225464 146.976854 20.014167 1.860087 2118.705037
661340571653774.625000 27.385873 1.789806 692.363873 139.142056 1.734590 1981.155234
1148399001802807.500000 55.971853 1.978754 94.177282 17.132271 1.893387 3002.973040
10730412927121.478516 85.946546 1.812005 53.657301 67.764965 1.576563 735.305237
46491426505636.835938 8.785623 -0.325361 380.113151 174.237559 1.501297 607.650451
27598864065704.347656 59.400009 -0.400463 1134.912781 57.234945 1.919109 884.480142
142875757989412.843750 45.190995 1.389213 445.903812 334.176311 1.840107 1394.728330
24736823599015.097656 21.845061 -0.200954 21.142627 11.865775 1.779170 619.509644
380993392827591.500000 52.562788 1.664741 689.641392 232.759572 1.992825 2034.805897
71347051018941.390625 67.617868 -0.424406 37.806598 125.686768 1.770984 1269.828212
343583693324661.875000 33.153577 1.370831 1500.978254 1114.533323 1.412026 1689.978209
25335009572477.781250 81.660202 -0.189639 1199.065089 52.791075 1.839237 961.323939
17680805150601.179688 47.968227 0.333430 16.107580 30.211558 1.776251 709.005613
87079587435721.765625 98.870266 -0.420588 195.139519 150.180332 1.508904 1554.492538
1433565503234344448.000000 81.739645 1.888698 2904.968991 56.614059 2.014559 36919.255498
57270617320104248.000000 0.108591 -0.188239 273.784038 67.504513 1.871559 11884.359484
134494389896463.687500 69.368892 1.355427 67.356920 13.734324 1.891078 1582.763747
43654052371329.632812 79.189227 1.128587 21.135802 83.481724 1.781820 1139.917104
1222555063005532.250000 25.786561 1.276912 104.342924 15.205728 1.834003 2387.575790
33247823716762.562500 83.590769 -0.294707 15.391477 79.801076 1.689148 1061.329952
122362111760559.906250 7.879229 1.010453 251.978843 372.671001 1.650087 820.671538
33291473140420.589844 56.747578 -0.104193 27.992471 62.171757 1.784600 926.857046
80437455152962.546875 79.369211 -0.229285 35.419564 266.539719 1.437323 1398.629482
68655529284764.718750 16.663081 -0.146684 856.257731 168.354867 1.712703 807.129324
172192314743289.250000 5.117786 1.765063 12.990613 138.027697 1.887626 854.785227
894344107803978.375000 33.783304 1.820484 1899.347526 1286.441885 2.501306 2338.612012
191682838223300.812500 63.757983 0.765902 1478.419940 113.419084 1.705721 1729.429603
69971477751230.273438 99.162013 1.280359 18.195544 172.156457 1.655924 1446.738038
82171650561160.109375 7.553997 0.324546 12.686778 21.575877 1.710568 712.819326
586847353662486.250000 57.851503 1.977973 62.223996 14.186237 1.919824 2428.190813
67370168223216.820312 6.386030 -0.491978 2195.368026 224.682752 1.870048 647.164278
193082056097111.656250 35.267737 0.456803 1937.524266 220.260249 1.767182 1422.265049
85000502554168.546875 2.982456 -0.260397 203.144970 230.143512 1.505148 639.926089
822860593031107.625000 17.740111 1.546895 1496.433857 403.131490 1.849771 1878.814445
52258844034687.257812 25.227863 0.040759 12.935148 85.532734 1.828567 829.341892
5903301575009567744.000000 0.132523 1.950542 303.302545 95.827630 1.893273 51171.044275
71664566468007.453125 98.492799 0.456689 18.944435 141.640009 1.744406 1454.720089
252052830579606.500000 96.493811 0.932432 1424.940906 79.446389 1.690853 2195.841983
2100916218181459456.000000 0.401162 0.342814 43.555980 30.393027 2.058928 24086.228115
2673297578880525.000000 12.411776 1.795841 288.406950 37.552715 1.521216 2536.423212
798053828462729728.000000 83.636738 1.877923 2322.027489 44.610726 1.890754 30621.443947
11801988460439.234375 6.269050 -0.371915 291.119168 34.926476 1.573998 360.979734
252512532400563968.000000 24.501689 1.192201 1824.917561 26.618814 1.753252 13899.216591
405359551263664.187500 2.424092 1.260058 224.827796 910.209468 2.256844 1068.454288
196514385459016.250000 58.107529 0.751835 1275.420155 143.100107 1.756217 1688.749663
83928784066065.375000 70.882881 -0.237734 65.771325 274.121351 1.411481 1362.855710
44781127218699.898438 23.357575 0.913570 15.869392 176.077351 1.461789 769.930266
51530575238621.273438 42.117813 -0.302264 885.270347 124.109358 1.780365 969.944548
48306032205805.898438 28.721030 -0.369716 1495.252968 116.763761 1.894265 840.305538
34399996430692.320312 65.905064 -0.346349 775.136173 52.901833 1.915419 986.828642
10456181319635.355469 7.544865 -0.387318 268.470277 40.559658 1.545461 358.450631
218108698956308.812500 20.284551 1.086817 381.312954 540.168256 1.854909 1252.916699
71952996061167.281250 58.700332 -0.208953 561.844373 149.140467 1.713422 1212.366336
166154754625404.062500 95.615392 1.120828 442.475615 475.497429 1.788717 1904.721462
192142852817930.437500 29.822718 1.896743 197.179876 64.484382 1.810598 1346.966850
19116945223489.339844 11.132318 1.322759 52.793796 93.365507 1.524642 476.148105
58720318901835.554688 96.284606 0.224874 341.360904 79.454408 1.875495 1350.073341
26457876710122.328125 74.600329 0.099704 25.568755 13.722213 1.992196 944.433990
23553324648364956.000000 31.015364 1.686679 860.669629 50.868413 1.812079 6773.215104
60844136416232.656250 74.866823 0.401718 520.275824 218.559759 1.500406 1248.173037
48606189101920.992188 60.593161 0.372804 500.832150 171.654648 1.500060 1075.484167
2084168751677318656.000000 0.455600 0.340311 43.632713 30.750926 2.057773 23139.001962
88248324297153.109375 20.595220 -0.386707 59.620594 407.708911 1.252784 930.707947
58228085826320992.000000 92.013288 1.029163 2118.257922 17.144401 2.061593 13243.144702
328367251677910016.000000 85.069818 1.942242 1514.421796 39.287096 1.841692 22914.773051
2007069960902731520.000000 0.772227 0.355000 48.346447 26.132292 2.073447 20117.154217
57270617320104248.000000 0.108591 -0.188239 273.784038 67.504513 1.871559 11884.359484
26503950571323.503906 85.620017 0.227679 562.765757 16.240662 1.836143 992.593835
65654108786089.867188 81.511090 0.143819 345.100318 166.069441 1.695273 1319.571369
29612695716652.179688 80.761349 -0.016629 1075.347995 58.352751 1.778466 1008.642862
125088558448886.250000 70.466244 -0.222561 255.587218 299.314667 1.615528 1553.521996
134045121397777.734375 70.291577 1.262749 70.419615 12.191392 1.865250 1588.361181
42595319134728816.000000 80.130791 1.031784 1731.198292 15.409406 1.972290 11354.028274
128086685494936.203125 63.380804 1.992045 403.606064 277.552618 1.777724 1508.853377
162902883148902.843750 14.968514 -0.145289 49.649576 379.571126 1.760670 1046.389052
164630852145671392.000000 28.635517 1.240728 1630.134023 27.054257 1.787600 12634.045249
718715459934939.250000 29.744441 1.960709 609.150380 132.016589 1.746930 2089.204731
149768845304172736.000000 45.196607 1.165909 542.770321 10.342395 1.883772 14168.651700
180321983094116.187500 5.450184 0.258909 110.148011 168.236048 1.921987 876.008691
16755442632517.261719 41.022336 -0.222356 53.967894 13.680988 1.873717 661.233175
52163717628986.484375 97.957169 1.060459 24.927450 120.692650 1.696584 1305.985402
109561079841920.015625 1.122663 -0.186097 157.354074 567.677682 1.354144 718.630800
81674420698788.453125 74.187903 0.594971 40.941374 150.307255 1.805851 1372.448829
467139728377002.812500 20.319068 0.103704 13.337450 14.379333 2.112242 1615.809203
105952356245070.765625 81.703633 0.233031 252.518460 185.687059 1.872485 1549.109738
741771375997302.000000 17.357319 1.449651 2875.562535 398.796384 1.326020 1804.163451
56103679856987008.000000 0.111686 -0.245127 282.546057 64.390203 1.879264 11660.236027
54747888134243.671875 33.757530 -0.468723 11.621364 263.214294 1.332145 921.454740
100551300907634.796875 25.316514 1.656914 79.381587 37.773809 1.866791 1032.600617
126138679004894.062500 9.736626 -0.235140 11.162846 161.053342 1.896784 866.374610
610209305037236.000000 30.082701 0.738640 2438.254422 2093.294348 1.726462 1985.228432
1280411722177279744.000000 84.532252 1.844303 2962.824333 48.423528 1.922021 35985.193071
1106227519760435072.000000 85.408651 1.809274 1785.509728 36.755377 2.020342 34400.427277
11701948278142096.000000 3.669410 -0.183265 1251.116820 13.554810 2.012905 3355.517417
725001367678470.875000 34.533939 1.752896 1292.024276 683.082881 2.331025 2195.842785
72025957709143.375000 79.676780 0.541411 851.356570 233.274361 1.446206 1349.932098
50486502159251.820312 64.112020 0.190847 159.044340 119.671680 1.715020 1110.717947
167468912535662.750000 61.787962 1.476597 603.004911 184.713336 1.663477 1635.386223
221663835887781.062500 19.271405 1.757695 699.831141 279.684921 1.641606 1241.593091
9253766930052354.000000 75.868116 1.342953 227.244579 11.037644 1.956462 6694.023550
60806976707819.585938 9.816344 -0.029474 106.672554 300.116574 1.378446 680.539742
217943402041266.093750 49.657667 1.867161 458.495022 78.875170 1.512752 1656.971532
125279428599043.390625 9.696427 -0.222117 11.143166 160.531736 1.895246 863.618473
1418311852158096.500000 31.962279 1.969990 2549.577720 1901.276600 2.642307 2679.924727
51048027202880.320312 71.296033 0.193480 32.341293 192.415255 1.408156 1157.075609
71530356028704.531250 79.035304 0.993291 24.398964 126.553442 1.813190 1342.952691
27778856460068.074219 37.823411 -0.476562 646.049199 75.529152 1.726052 762.198679
121205899191682.312500 77.630561 1.998664 475.489985 191.392878 1.601972 1590.860780
29724746377381.375000 55.286219 -0.272161 2434.189662 91.844636 1.782784 884.563721
85185449459284.937500 93.303165 -0.396180 12.056879 173.519665 1.716454 1510.978574
86123213861901.078125 69.410122 -0.182459 95.997019 124.241912 1.861899 1364.516450
363260165447063488.000000 24.027320 1.925842 2810.861271 104.130368 1.708705 15599.684160
694285590645484.375000 31.984726 1.168318 146.657976 17.793751 1.850795 2112.550527
589420384541359.750000 48.320434 1.844537 61.511595 15.099251 1.929994 2287.474674
836472548669112064.000000 74.374014 1.866203 2146.001912 47.973966 1.934151 29831.144231
420996501423213.812500 29.494786 1.575492 1527.547647 1383.478767 1.488723 1743.501731
612603999766056.000000 20.264255 0.727682 1850.107181 1990.275802 2.090297 1767.261886
646262481375120.500000 7.962091 0.534904 2334.113813 2715.038665 2.061038 1432.137033
60340015196361.218750 96.270825 -0.204092 899.569303 118.254176 1.753233 1362.303177
684650900924090.125000 30.181160 1.131594 1713.000879 198.389867 1.774469 2064.973194
108904609217479.640625 75.605058 0.180279 20.379496 153.837752 1.954542 1520.762295
147175713748685.656250 6.640926 -0.279537 10.600265 170.491379 1.888272 845.436021
475861310338099.062500 2.872272 1.108654 1654.790269 2432.947115 1.641687 1133.975246
51797985742225.796875 76.277159 0.490744 15.221899 174.059899 1.525130 1190.823806
13718160379913074.000000 2.448369 -0.281428 1233.491372 10.990918 1.992594 3456.750681
104737333871824.656250 27.900418 0.035681 24.315869 127.054836 1.926207 1077.979905
19862650541742.722656 66.080709 -0.357328 1548.411492 67.887479 1.726774 822.504792
109228396745351.187500 86.798168 -0.368191 49.072971 261.997102 1.638318 1599.241800
627331510686825.500000 15.253106 0.818516 1870.379321 2855.330605 2.072246 1648.233355
708787274199072.625000 36.827297 1.194506 336.022854 15.302965 1.604017 2224.660601
268000332272855.468750 39.200214 1.673937 1027.351143 981.009299 1.454341 1641.505588
23873532431765.765625 39.480116 -0.422024 496.941638 75.792270 1.639595 734.809390
36422917001458.671875 63.022489 -0.014510 18.023548 12.723302 2.028648 990.257882
12822962352696166.000000 6.937525 1.727928 2809.274490 469.887125 2.145519 3777.310323
857943644770670.000000 24.525285 1.934055 1315.347331 375.323171 1.753959 2090.129809
11899756117624686.000000 72.046271 1.382158 241.108365 12.243048 1.974421 7147.450082
36711513484307.992188 58.080397 -0.194327 12.867081 10.325975 2.003123 965.231526
70289132476276.687500 72.958979 0.649726 64.546000 144.130569 1.767689 1297.771192
50569833618891.382812 1.877974 -0.051626 2056.116997 235.276803 1.416713 534.225922
123863787740842.312500 88.190994 0.554747 822.770969 11.187163 1.810414 1677.284879
23856489741820176.000000 3.077303 -0.158921 1113.498085 14.288137 2.026334 4197.613448
74104712311496256.000000 50.924516 1.215104 493.461041 10.862297 1.875154 11663.820368
38117925776372.898438 88.440308 1.184438 15.122929 72.208607 1.769448 1133.557944
271533849397257.125000 26.363499 1.858082 541.445005 136.211208 1.608150 1455.589870
10826265788460282.000000 73.294124 1.331977 225.679885 11.275964 1.988280 6967.843333
10782777538455808.000000 3.844842 0.690235 1962.465158 207.405381 2.349937 3279.747419
549288601518725.687500 14.382257 1.213999 1998.178878 1400.432120 1.677263 1552.968240
119433347491914.953125 62.898716 1.100908 21.471749 155.737003 2.007457 1470.173900
76263929256106.562500 13.401140 0.027454 1441.945933 193.463430 1.679606 789.853541
78366422017476.250000 10.917977 0.241282 121.830505 408.708060 1.340990 758.608493
748281366344064.750000 37.202966 1.190751 365.484213 16.334745 1.601722 2272.652606
706474331166541.750000 35.968819 1.185460 344.689774 15.211895 1.582486 2205.467808
64009525072611.468750 85.271265 -0.156390 10.189185 92.682550 1.879030 1329.778787
796195829525295.000000 32.541165 1.179998 139.048013 16.378134 1.843811 2223.255556
84118928683367.484375 86.320302 0.771687 21.513294 155.649345 1.831505 1462.977630
8592674661018599.000000 6.684783 1.628227 2084.073028 359.492130 2.091027 3283.583618
38662167833202.085938 79.783383 -0.405788 14.279077 87.918206 1.726429 1097.618559
302255281853105.375000 45.605307 1.047725 2747.795606 495.784459 1.281466 1795.889030
340119881836426.250000 2.748101 0.593893 14.220024 1250.969490 1.880763 1011.789855
351374489960757.875000 37.361832 1.108313 272.330858 13.711606 1.585226 1768.879448
184225762890828.343750 3.994159 0.721634 80.818397 871.540615 1.338947 847.994089
293615592298874.937500 1.230474 0.575221 21.366265 1084.058858 1.890518 987.612995
41249166026437.523438 60.208386 -0.188320 15.966212 11.437392 2.031081 1015.989168
588549093216325.500000 10.054835 1.339983 1452.799571 3296.922512 1.671480 1458.059403
33202593506909.625000 25.447176 -0.314003 1376.314655 181.983200 1.376786 714.820803
128488624938663024.000000 28.564343 1.804662 558.821211 42.915939 2.029593 11623.266236
81154175047536.218750 99.382527 -0.403796 202.330637 153.479804 1.496461 1521.264901
153723651562676.437500 7.526619 1.891008 21.504147 171.006481 1.915482 877.709864
440826219520974.500000 4.219044 -0.365984 10.585765 117.862162 2.007722 1140.992986
2100916218181459456.000000 0.401162 0.342814 43.555980 30.393027 2.058928 24086.228115
1535832141349837.250000 11.185018 0.714974 966.741144 37.833161 1.690193 2056.819049
31525477603370.812500 62.717435 -0.380615 1165.045839 86.353276 1.734069 942.132798
515219040376211.875000 56.323774 0.819486 2540.968418 226.159553 1.766701 2303.827295
3555438992748643.500000 16.360822 1.820002 263.453429 32.566469 1.576813 2993.743894
158063820398627.343750 47.271887 1.386996 486.759806 350.136962 1.846434 1464.310493
214442927725053920.000000 34.827819 1.803650 2851.129241 77.378020 1.682964 14670.030877
67587477577718.429688 72.080547 -0.142775 2516.913617 170.173943 1.720206 1275.459693
260233875757233.625000 78.749409 1.625975 697.402384 376.684672 1.963295 2062.803000
66719997468508.765625 66.644271 -0.191411 12.628250 260.603136 1.369101 1235.474567
45577039250894.671875 34.734643 -0.419278 1231.149672 153.468096 1.566715 874.725399
274998181785303.000000 0.665155 0.574248 20.082793 1072.799312 1.875024 1069.959245
454618641266314.250000 3.068428 0.120605 2944.211922 298.324775 2.005925 1120.998031
25797376235693.722656 74.662683 -0.492372 14.290287 73.063108 1.675039 936.785826
511274690361972.312500 39.772522 1.088605 113.157355 15.529798 1.923541 2045.491372
10278960831795734.000000 6.644856 1.644125 2490.306201 411.898940 2.123988 3482.011739
51087357647002.570312 71.256919 0.194161 32.365055 193.039551 1.407348 1157.148900
847203025036417.625000 30.092118 1.439195 1477.255217 241.174283 1.780507 2214.907315
268553962425487.406250 52.177278 1.327898 762.764248 291.823238 1.942103 1806.382066
77597829702503.390625 61.729270 -0.203476 10.395833 134.362409 1.822241 1265.073520
34049873879806.964844 37.811118 1.665085 12.454383 98.208960 1.621168 815.623272
122976380224594.812500 65.430910 1.925390 392.317409 259.716908 1.779504 1505.109659
63864113671092.523438 20.500135 -0.220847 15.441721 75.942682 1.865224 834.494992
134781745194399.500000 85.770046 0.472357 19.900695 240.304267 1.879060 1707.988606
23603006377947108.000000 30.932989 1.690025 861.629749 50.863648 1.814510 6772.351773
46490117987318.992188 55.476193 1.546839 15.085504 112.274562 1.695929 1027.982815
83183506338291936.000000 28.094280 1.927929 505.214331 44.826496 1.957915 10004.050531
157153811550570.843750 8.235339 1.965329 19.734970 210.075620 1.938795 899.937740
9693686930432238.000000 8.141419 1.663986 2746.141354 443.949604 2.126555 3547.594859
2080197907635685.000000 64.301115 1.273789 128.772777 11.052580 1.963642 3840.244744
83659653436581.343750 74.404477 1.213980 45.314920 128.963708 1.875873 1384.908255
273918339502962.187500 1.546462 1.233816 82.653588 2570.417595 1.145680 946.390567
57270617320104248.000000 0.108591 -0.188239 273.784038 67.504513 1.871559 11884.359484
8677972238805099.000000 6.597873 1.632979 2138.538594 370.533738 2.098630 3286.849533
854975495911547.500000 37.645547 1.826426 1449.544367 677.165504 2.366255 2384.989812
45625379006451.203125 5.941297 -0.485615 193.851898 161.268961 1.450499 561.551425
237758123640592.843750 46.630751 1.355695 1178.537001 736.946002 1.485238 1670.137478
804773343814583.750000 17.953916 1.532900 1461.064870 391.808576 1.848176 1871.092220
34280847302241356.000000 19.569375 1.753551 370.282705 51.696117 2.121307 6693.259769
45257952000897.328125 58.609951 -0.116971 41.823467 80.202761 1.816959 1038.210554
93824607478844.968750 78.829336 1.329753 20.928417 212.764199 1.728234 1468.697491
102681200503179.906250 83.259817 -0.164892 72.821305 337.088130 1.391133 1543.389465
830122328623918.625000 14.548397 -0.366237 36.246869 11.335691 2.085884 1787.422084
9839027955910978.000000 73.312377 1.321076 217.063339 12.079315 2.010766 6749.854958
54782140725510.375000 26.409553 -0.437154 891.902734 111.858471 1.879660 854.161058
1240379113436509.500000 27.170167 1.241837 111.479113 14.553425 1.806464 2437.342384
195295679606125.281250 63.752454 0.766732 1473.539327 113.202239 1.706407 1740.174981
248931327666664.375000 0.510529 0.483015 18.435444 1889.195142 1.890924 1104.304017
38912564261225.843750 43.631272 -0.306936 598.990400 78.256403 1.797443 893.601275
48679447249221.195312 20.681091 -0.231632 1192.289194 152.119290 1.683292 764.203598
468402323575798.187500 1.334596 0.633853 1265.115597 1880.348212 2.125090 1144.696908
11494181225405.273438 67.304766 -0.139139 603.046914 75.377295 1.402146 689.826337
190438127636831.656250 68.578414 1.565989 630.316785 255.113790 1.791946 1770.184488
1058215786726388.750000 25.683626 1.203512 101.506506 14.816944 1.833402 2272.672952
113067635917014.859375 90.834656 0.471962 24.563810 209.297083 1.809660 1644.502914
35387044897967.382812 52.276269 1.763096 10.402102 82.598480 1.712601 919.799261
192192726063415.531250 62.920175 0.906181 1060.256417 159.128003 1.739212 1723.021156
118043110523115.406250 74.964300 1.289567 62.300233 10.964368 1.866025 1557.455569
326260138265549.375000 2.247258 0.613383 12.707195 1254.560178 1.879113 992.825807
73041590186748.875000 98.568081 -0.250506 10.664543 104.750915 1.895513 1464.385971
33844972111790.820312 31.863361 -0.364458 1385.626997 147.969075 1.508013 770.798776
125413506775421.781250 22.112517 1.323773 506.810724 166.206619 1.617419 1068.023350
18501560657243740.000000 80.090568 1.898578 410.047187 17.821961 1.721039 8597.146189
20270214779299.796875 23.252142 -0.255834 26.778505 13.418561 1.770443 590.375247
374128334734650.187500 1.358572 0.496306 966.431487 1557.836468 2.160038 1060.382048
72417390087011.906250 10.949523 -0.054074 403.191701 347.090084 1.355200 739.398762
12368615577754316.000000 3.383806 -0.189692 1263.931311 13.512376 2.021902 3394.708445
2480663821765287424.000000 0.418489 0.357288 39.029539 29.677261 2.066269 25136.270057
385062897621238.500000 51.218812 1.966360 1386.461902 1533.387161 1.326926 2024.179545
41040745746332.015625 59.904348 -0.185909 15.839564 10.360484 2.037028 1012.503322
5385897613988146.000000 8.485590 1.425498 524.413307 67.180199 1.696869 2941.011260
118628581317969.765625 7.886016 1.023710 261.702690 380.945447 1.644198 812.375664
86493085192114.109375 88.539010 1.567117 27.397876 125.529564 1.918295 1490.169758
9085817835939550.000000 4.495596 0.659373 1532.174503 169.305296 2.247821 3151.791298
69393947633211.945312 58.365400 -0.229168 12.003649 122.050176 1.821031 1195.462468
98456654635374.062500 79.296517 -0.486329 19.647604 139.310045 1.908471 1495.626157
539346185001402.812500 17.278539 0.037276 25.671800 17.175160 2.115369 1620.331255
63673706268571.859375 95.603153 0.282567 306.402709 84.277197 1.876206 1383.440226
13206741822350.853516 83.608650 0.150372 464.284242 15.434804 1.770526 780.239394
67442746936556.453125 98.653160 0.316933 393.001711 224.574300 1.480369 1426.418880
241202358055251.437500 29.747795 0.796976 1256.699441 318.410928 1.738949 1451.903259
96596338483649328.000000 47.811607 1.196278 535.173859 10.689842 1.857717 12473.640200
774723786973694.125000 10.781542 1.724300 206.365852 39.623371 1.531199 1623.416336
192752215626069.687500 40.053732 0.721008 900.147542 340.596713 1.797197 1481.075071
765678299309050.000000 28.882689 1.219478 486.949265 18.870788 1.499435 2114.473203
157660751449652.250000 66.100441 0.805529 1080.948333 156.002383 1.714976 1640.888982
17125325543613572.000000 93.625614 0.959784 1300.185056 12.728191 1.996704 8862.560029
106093600381652256.000000 47.853230 1.169410 564.609378 10.773002 1.876341 12873.481648
122823963173903.312500 77.728803 1.983678 473.209477 194.306034 1.607130 1598.627731
38397144544628.476562 28.240977 -0.150082 71.440272 25.675915 1.902347 774.383170
124368297383085.593750 88.157682 0.192101 13.935562 175.275177 1.964714 1679.330371
199356910420287.343750 22.154875 1.566221 219.732234 484.327863 1.869969 1247.147534
80235220714957.031250 89.785717 -0.396146 145.321650 223.483491 1.556273 1460.678431
8592674661018599.000000 6.684783 1.628227 2084.073028 359.492130 2.091027 3283.583618
257307134058757.906250 56.694058 1.638913 1150.944215 1087.507929 1.368593 1831.942563
29335881098150395904.000000 60.639358 1.998408 1059.892630 25.126932 2.003341 90911.951631
3264224904709645.500000 7.245535 0.703295 710.495106 45.161775 1.735743 2413.122049
112339473193696.656250 88.282031 0.885605 45.092105 254.644295 1.709657 1624.168212
10696701577544466.000000 3.850858 0.670309 1942.089688 204.145420 2.352971 3271.501422
2527427453418436.500000 98.323321 1.852499 1213.484053 92.577713 1.681470 4767.584635
1403425205076957.500000 9.061959 1.492467 341.831212 68.221581 1.723998 1904.383666
45855378855111.976562 6.666255 0.396521 12.622678 26.087781 1.621766 573.530114
85992398299483.765625 91.132748 0.477796 1365.560427 11.319894 1.777047 1502.875362
36448448555480776.000000 2.143118 -0.287087 1254.861764 12.815123 2.062576 4781.042457
110068223824822432.000000 37.100252 1.167337 647.194767 14.807098 1.904060 11986.114983
65387115908541.296875 92.575495 1.520068 16.832243 80.109006 1.923580 1379.543517
314277396188967.375000 1.056131 0.501860 11.176736 776.896238 1.951787 1029.273146
93926298023921876992.000000 59.305584 1.860085 1597.074889 23.628185 1.975500 132968.413863
100729281149313.156250 71.263128 -0.477787 51.017337 114.364541 1.994967 1451.053239
876186125625119.875000 13.061112 -0.345574 42.829388 12.935981 2.078761 1770.871367
424493499812611.500000 1.047446 1.759124 26.890484 466.066746 1.936380 1139.050990
48664435394666.992188 95.659445 0.902074 15.903231 141.448572 1.589545 1265.135716
206225155090437.906250 38.907350 0.763101 972.769115 300.275360 1.799183 1500.558407
67480406214950.367188 91.359624 0.350997 502.071645 212.392904 1.575258 1387.456354
37064013769444.789062 26.392051 -0.491741 375.531212 74.141974 1.791144 749.705275
1823388019710141952.000000 0.435920 0.315953 47.208903 30.504063 2.054168 22413.961107
209840199581625.406250 52.626958 1.229652 1036.676960 77.947456 1.462571 1668.629680
1103527184212759.750000 3.587247 -0.386030 26.192523 84.820274 2.048920 1524.249010
236758134619876.500000 65.924752 1.978450 739.381913 283.377532 1.660661 1877.309537
25546306093797.851562 79.952580 -0.100724 32.235650 10.363842 2.021386 956.739395
109762691426517.109375 39.675829 0.134637 2977.665661 191.358389 1.749393 1223.827025
210157719378903.562500 45.716172 1.641709 1113.330293 952.749581 1.321440 1592.285554
104420069149398.953125 87.334756 -0.461233 43.367423 259.765771 1.624299 1578.920823
1315442457393841.000000 37.903770 1.177727 405.508004 12.243128 1.544764 2759.425498
58103899506934.562500 85.753802 0.093472 115.854819 116.734064 1.775452 1290.169609
196368485102380.937500 90.948218 1.264367 435.131837 538.528435 1.759417 1977.615936
63047889352270.843750 18.459349 -0.196410 77.864633 12.236436 1.885583 806.784042
799787004059892.375000 31.322795 1.181175 157.695152 19.902081 1.866742 2200.089924
11865513341795.601562 13.909924 1.336647 22.500627 76.250632 1.392268 428.831124
40723344357323344.000000 87.977743 0.961638 1645.022549 11.597266 1.976617 11566.295862
178403894325795.718750 94.951042 1.100753 394.927114 523.834041 1.748542 1945.490301
596834620059114.500000 8.935243 1.259115 2147.102747 1703.683768 1.721965 1427.855360
41379440181745.882812 44.517677 -0.382674 1172.701944 138.220455 1.527873 918.193205
487742151851324.125000 15.420220 0.055562 26.799168 17.977384 2.089437 1519.934352
5466586493663506.000000 8.701249 1.350848 626.796391 70.262900 1.706651 2970.956253
40153601171412.445312 42.873502 -0.465021 78.772438 28.849297 1.969778 897.793529
83730950434667.671875 93.261739 1.612139 25.357292 126.318562 1.891076 1502.087664
10375957920803.117188 8.485424 1.363695 48.944343 73.679679 1.399584 365.947112
27181471449414.937500 33.896059 -0.154953 62.247759 22.863184 1.869616 730.589113
80836536725019.312500 44.029743 0.420281 30.670393 363.856149 1.240074 1143.639807
10291891601271248.000000 76.296256 1.368523 220.011955 10.740346 1.950820 6949.393187
48191543930992.523438 79.482346 -0.486857 149.259754 70.627556 1.605859 1179.670616
2729538972810429.500000 99.487458 1.848395 1293.185744 91.660939 1.681003 4912.449313
309489373087528.937500 70.883796 1.425122 70.565101 10.550373 1.878309 2105.539798
953014248311195.125000 37.499772 1.165958 126.375073 17.222350 1.949643 2469.776903
195537364254451.406250 5.132784 0.300798 127.815430 176.969503 1.927392 892.158038
51495231120363.304688 9.317312 -0.327387 378.289896 180.353510 1.506677 636.585817
166133166079120.156250 2.200104 0.286647 40.247518 740.678171 1.412000 792.726844
1430425003022347.750000 30.434149 1.964944 2694.549854 1890.847407 2.630348 2646.709188
484611888323257.812500 44.588532 1.647189 742.514043 156.241555 1.802109 2086.249671
90644461396421.281250 76.661750 -0.120882 13.074441 142.696084 1.882046 1437.582084
141894406268438448.000000 32.296682 1.910401 495.370024 40.991508 2.049741 12481.703510
17377678611255.742188 6.248414 1.263004 63.728107 112.170072 1.416465 410.444375
261972936022046.906250 78.819700 1.632166 706.936560 381.320516 1.963160 2068.045054
978008900661361.500000 32.044117 1.181740 420.549524 16.875872 1.576070 2369.526691
23075112850894.417969 7.568238 1.710768 41.419132 121.492775 1.430913 466.956773
30699348096537.421875 6.127970 -0.422612 613.098950 176.975752 1.407681 494.566793
70546642979731.453125 77.784378 0.709797 56.998894 126.302872 1.830345 1329.195476
52936416098552.867188 70.817684 -0.277993 496.285598 137.359157 1.542599 1168.396755
614736551136301.750000 33.370693 1.759684 637.624196 126.971791 1.758128 2055.872503
120533110877659.125000 70.665013 -0.372531 92.653017 149.435302 1.948836 1535.951868
232881423310898.843750 63.544538 0.949114 1159.398349 170.145953 1.731913 1843.232977
86291526576361.046875 93.427668 0.039064 15.105041 138.299950 1.879216 1518.223733
46728915007819.882812 33.026858 -0.400892 512.914085 90.105106 1.816163 868.040874
7760533097463577.000000 7.867173 0.691796 724.580085 29.019104 1.720632 3271.802614
26026100435857.511719 96.287575 -0.346461 11.065642 13.861188 1.990907 1029.364362
913944425106727.375000 30.273758 1.250173 160.221736 21.005112 1.867594 2275.854483
59384972329235.593750 81.912077 -0.245721 27.428019 62.507865 1.990426 1278.399570
686549748030112256.000000 89.643162 1.974513 2057.994061 44.806723 1.862071 29858.945612
1069557840842125.250000 6.718436 1.377503 338.118200 83.007934 1.739326 1640.938234
281798280821281.312500 3.260103 1.283778 56.889555 1628.699896 1.238710 959.684637
172507060485384.718750 30.033911 0.312313 2189.996930 246.495975 1.770386 1302.270279
172268573043160.125000 60.089637 1.069153 869.934125 105.074449 1.655191 1635.020515
6867516043644311.000000 5.285515 0.361338 298.729119 30.043884 1.922053 2933.989885
178484348537465.281250 5.423922 0.256743 108.691631 168.487742 1.922941 872.393032
52481048353114104.000000 0.130307 -0.228051 273.347278 67.001502 1.871150 10676.154910
22931704453213.843750 87.637739 -0.095498 947.264933 49.193300 1.783629 953.790032
2480663821765287424.000000 0.418489 0.357288 39.029539 29.677261 2.066269 25136.270057
351827739003151.812500 61.949998 1.681823 1001.036662 709.091368 1.899921 2096.427655
152879805788005.875000 61.177290 0.797109 565.398941 278.091894 1.871813 1580.999023
106936988269513.125000 40.623473 0.027586 1916.526077 181.184698 1.843523 1222.616031
9460203678316968.000000 76.012423 1.340960 224.435919 11.032039 1.953103 6747.984437
113712456086148.640625 83.067869 1.749353 336.355624 108.712762 1.718921 1595.470463
1105944899665722624.000000 91.362522 1.987509 2412.770600 55.466725 1.999519 35243.273990
1249022355127244.000000 12.695067 1.087237 2520.060485 484.320336 2.051520 1979.070896
447923212980989.875000 36.390142 1.106673 323.435724 15.179618 1.609805 1901.774862
11414925332726062.000000 74.233995 1.322671 222.564041 11.580042 2.008709 7123.946444
215814038117838.937500 38.233229 0.954021 1056.139616 374.863973 1.755411 1514.854123
10457288918019106.000000 3.506915 0.572020 1970.794271 194.618884 2.339295 3219.277412
18849190927692.714844 23.856629 -0.383205 21.302820 10.034547 1.780118 580.619276
41958196289883.296875 54.459691 -0.246566 928.415587 84.138868 1.832137 987.177530
256853118493067.781250 41.949940 1.682383 971.048809 1089.075552 1.477454 1654.690190
40325039416975.171875 62.298748 -0.431644 535.291613 83.887570 1.662566 1020.329099
106439388962931.312500 76.180645 -0.356399 143.592324 314.344495 1.522943 1513.266675
1606898216743241.500000 9.821414 1.781793 245.709039 42.595514 1.534354 2027.284042
34676299372148.074219 52.230788 1.767243 10.344405 82.694942 1.715688 913.329852
141213950166078.406250 43.600645 1.475522 739.332143 626.138317 1.410260 1372.899932
29085547284643.917969 96.626022 -0.288739 16.997277 19.671373 1.976535 1069.578124
337661217671963.687500 62.897214 1.725865 995.073945 710.592610 1.915824 2078.820387
257650305346009.250000 71.840697 1.428508 83.609817 13.556634 1.894127 1990.112203
26992853178004.257812 45.863065 -0.405498 565.697893 64.141140 1.781906 804.240635
212422263041245152.000000 34.706474 1.803612 2859.034789 76.797737 1.685885 14607.552807
21097302944449.542969 44.912844 0.123852 22.915512 11.926690 1.894307 735.679039
2272876394447524096.000000 0.769128 0.341542 46.505662 24.390187 2.071698 20985.191037
55222163624226.757812 83.154801 0.112634 1685.510606 76.437098 1.799747 1254.546127
333527689045901.312500 1.392207 0.338111 22.815368 1289.445319 1.991777 1018.406355
10826265788460282.000000 73.294124 1.331977 225.679885 11.275964 1.988280 6967.843333
286159425626742.750000 51.639652 1.325327 771.815993 291.416070 1.939991 1838.558134
217368149397918.562500 24.322154 0.325642 2950.122047 266.791862 1.780974 1319.306159
913931897565937.000000 8.409961 1.779620 204.584981 40.736255 1.500722 1625.253743
97331229647511.093750 17.332887 0.162420 264.906956 409.486902 1.360104 916.438422
66358916062659.648438 69.972139 1.045808 18.244521 226.958231 1.497010 1254.496748
5879793160813729792.000000 0.144675 1.941073 306.017037 95.334198 1.889409 49262.809832
46329924024738.640625 69.526783 -0.030612 1429.647151 88.211335 1.775514 1110.406924
37770002643159.796875 34.466886 -0.316925 1289.554390 146.437339 1.521715 819.600184
335642154071390.812500 29.297172 1.302674 2000.748860 422.028188 1.323916 1613.317518
166154754625404.062500 95.615392 1.120828 442.475615 475.497429 1.788717 1904.721462
80490824624510.421875 94.154615 0.969501 58.209607 189.160242 1.672647 1487.586903
172684015993379424.000000 46.388291 1.121603 581.812593 10.208418 1.903934 14986.569337
1164885130294580.250000 12.419465 1.024563 2441.432877 439.763763 2.050063 1923.235787
115460045974642.953125 39.194151 1.113451 352.710217 323.840995 1.776024 1239.707775
48306032205805.898438 28.721030 -0.369716 1495.252968 116.763761 1.894265 840.305538
10388650344730.949219 86.030578 1.815727 54.025044 67.609058 1.581872 727.669994
28588511852706424.000000 22.008919 1.582340 399.836852 45.291584 2.100570 6515.351915
56415825384082.921875 91.100602 0.832995 21.028998 153.093975 1.599022 1305.713397
21785268212471.167969 6.103775 1.924733 35.994332 97.024146 1.446169 440.844953
88897607708436.671875 20.253476 -0.400023 59.246356 420.063616 1.268157 928.550065
46067944188557.953125 56.550035 -0.269035 1160.971573 118.673155 1.723398 1031.609911
26774892449344.710938 68.042460 0.179043 19.011451 40.996806 1.842397 917.941118
59833044990045080.000000 92.176086 1.030624 2102.148296 17.036527 2.060460 13372.271683
21409395996559.750000 42.032720 -0.162022 19.574406 55.989203 1.695969 723.276929
88114520416476.078125 47.727015 -0.345598 556.040324 130.312076 1.855415 1209.013547
452290720944982.937500 1.247040 1.720873 440.490907 1179.334045 2.445852 1138.982627
28633099736006.750000 17.961921 0.801636 26.123955 80.288045 1.620463 615.479203
30699348096537.421875 6.127970 -0.422612 613.098950 176.975752 1.407681 494.566793
44587262756490.515625 63.296503 -0.309009 57.521365 178.478263 1.482604 1060.917769
5879793160813729792.000000 0.144675 1.941073 306.017037 95.334198 1.889409 49262.809832
38925143163166.515625 29.575988 -0.145375 65.712780 27.167558 1.884613 789.057786
738726538380421376.000000 83.351815 1.863129 2327.361526 43.719269 1.882278 29806.545701
68080169314625.054688 93.862092 -0.321008 16.987034 78.151394 1.956958 1405.239441
240002066469206.812500 2.354929 0.366683 21.959808 655.926996 1.809665 896.711624
4634861231308551.000000 8.742533 1.431964 537.220684 69.869737 1.704204 2814.688027
142434737271653.687500 70.137801 1.428790 62.848230 12.911826 1.873455 1619.582056
127792442992349.515625 28.691150 0.809778 889.110630 321.990120 1.597408 1161.803919
17642081283011.777344 38.738121 -0.171174 31.376214 26.783651 1.745251 660.249018
72633745444869.875000 67.321291 0.505373 48.767979 123.229567 1.828703 1275.451351
344393508364525.312500 53.543785 1.800515 1013.247576 883.977627 1.853732 1979.847454
110881834471321.171875 16.569935 -0.457510 10.577928 114.434830 1.964516 945.547280
35285634901965.273438 77.107982 -0.415977 523.880251 67.885990 1.763486 1051.833986
32756319654407.843750 68.858167 -0.133486 12.518242 33.554758 1.920437 985.869424
7863163126253147.000000 8.233722 1.422223 642.729120 77.878976 1.724738 3316.037379
883470082442226.375000 14.739060 -0.391107 37.753909 11.267959 2.090496 1831.071456
219252930649313.812500 49.118648 1.336020 559.621079 115.135699 1.775149 1654.195588
121744995352971.593750 63.046470 1.092148 21.658671 156.297564 2.001525 1480.804885
53283793420897.492188 11.734438 1.185556 10.212375 111.974073 1.699449 678.468274
457025767516602.875000 32.507773 1.232937 352.665172 20.589215 1.554835 1847.095083
7637553159808116.000000 7.687844 0.691386 723.092925 28.988739 1.718936 3239.845414
1168688755663782.000000 25.825076 1.603532 1615.038248 297.108239 1.794775 2353.037976
39890931312800.046875 7.436178 0.427919 13.847662 23.871243 1.626526 558.551970
55188888262623.742188 13.313931 -0.342754 1809.114947 185.380790 1.758761 707.968690
67661360382015.921875 22.754792 -0.388619 1259.830672 171.722494 1.771876 876.737798
1326306180133555.750000 27.056768 1.270842 111.012392 15.193512 1.838117 2489.206639
158694422518845.062500 35.833916 1.461274 227.525918 78.323867 1.905105 1339.058632
79575833245945.125000 14.809953 0.239690 97.159344 217.429068 1.576509 821.817344
44992378929615.664062 60.566424 -0.001896 495.792617 82.029920 1.812790 1047.981335
35457875750280.851562 64.676697 -0.416423 1169.896209 86.236912 1.733981 990.321061
46596064331171.656250 3.556299 0.004059 1321.969481 192.793530 1.435614 530.376932
1249022355127244.000000 12.695067 1.087237 2520.060485 484.320336 2.051520 1979.070896
87485848932708.046875 85.526138 1.845717 293.282345 127.380410 1.726737 1477.325207
113525057260498.468750 72.452507 0.211788 79.622945 232.690972 1.741633 1518.905799
673573990953973.750000 28.528905 1.792426 706.689154 126.855887 1.704065 2018.379453
5782743215969710080.000000 0.127126 1.947178 305.043157 96.975084 1.894089 51721.171662
276494720779639.375000 79.310489 1.693155 703.218983 398.951172 1.968062 2110.235480
343583693324661.875000 33.153577 1.370831 1500.978254 1114.533323 1.412026 1689.978209
228007807278855.812500 71.936858 1.372616 83.109175 13.055130 1.887476 1911.563928
721433651556471.500000 30.743605 1.207180 1563.789386 207.368590 1.793914 2113.412871
36808279468380.109375 53.089891 -0.171899 1412.688138 79.663043 1.813895 936.852200
52258844034687.257812 25.227863 0.040759 12.935148 85.532734 1.828567 829.341892
25839945902018.148438 21.286349 -0.071927 38.023499 35.182463 1.752396 623.901587
62493523600302.945312 98.325542 0.128240 296.567402 80.224941 1.911954 1388.952590
857510617868000.500000 24.492376 1.906255 1234.775222 366.191268 1.804422 2088.943761
417404628141711616.000000 87.757504 1.972992 1636.076195 42.226252 1.881987 25101.907489
211636770727763.062500 13.915115 0.161261 1446.459101 267.786111 1.992919 1120.544198
2116800990600165.000000 10.580275 1.834787 258.314944 42.343517 1.528801 2259.776834
11906931101567978.000000 6.974016 1.728311 2837.260044 471.339538 2.141483 3688.641260
1074416815694299.000000 35.806373 1.838278 2153.631729 1302.439579 2.494663 2532.579071
83176086755515.609375 94.651016 -0.281686 172.725115 182.857401 1.560795 1506.820730
37577561357411.226562 11.447889 1.504237 17.577556 86.494106 1.650117 600.381463
45242457395408.617188 24.280720 -0.450554 615.354779 94.493717 1.852924 781.464431
978951885844821.875000 28.586911 1.534028 1316.307821 230.555091 1.779378 2287.700177
51231575045710.273438 71.762675 0.221662 31.975034 189.772293 1.416684 1161.128116
1043846591260064.625000 38.113082 1.200184 119.403751 16.635999 1.959552 2559.257427
46586096118629.609375 35.085020 -0.324772 1211.322104 104.787494 1.879183 883.958201
1021952452964863.125000 97.751030 1.631711 1346.501615 122.860807 1.649509 3517.974153
293489219619899.812500 56.103472 0.973716 1595.446339 320.186301 1.605318 1907.218396
302282476924992.375000 28.952000 1.254133 2059.324245 424.646739 1.337106 1552.309263
7328960667588534.000000 6.576395 1.210502 699.274185 93.763644 1.822582 3105.088238
131477827440601.359375 6.082848 0.699482 10.179059 35.019078 1.745208 802.176994
355739824893769.062500 3.491892 0.470229 22.343712 1626.424222 1.861123 1042.734655
20637901890723.875000 44.127073 -0.314750 1526.327704 103.981224 1.536736 726.038086
68504266241283.914062 75.517075 -0.250049 60.643385 126.711618 1.785216 1302.484117
37306378671486.554688 20.312266 -0.098235 535.401582 168.642720 1.476730 695.762186
52163717628986.484375 97.957169 1.060459 24.927450 120.692650 1.696584 1305.985402
336183587758652.937500 0.396347 0.586280 14.627509 843.039175 1.976816 1312.468466
58640129991988.195312 96.720029 0.211268 353.662236 78.460993 1.879920 1351.674044
25681573768701.328125 67.457816 -0.440298 1391.671579 65.317169 1.850965 902.539826
438704849509938.062500 1.176004 1.520821 25.649688 393.300666 1.963021 1134.787246
122621912705357.765625 91.125431 0.195491 13.222221 168.006216 1.970055 1691.529971
13928400595839.916016 8.799293 1.756148 29.174810 102.545218 1.381847 406.728119
86767783616686.000000 83.238570 1.946499 22.013375 117.050190 1.861177 1459.010227
45758985466761.171875 72.205747 -0.108073 18.087530 108.591290 1.703262 1120.648489
41177241934859.789062 67.476601 0.317743 51.030070 161.807734 1.453363 1056.462115
10667879013515.781250 26.456168 -0.370042 35.162021 26.553256 1.629081 495.356269
54515228645610.742188 44.433177 -0.467977 14.729610 29.299227 2.009993 1005.938844
181973038865266.718750 4.976234 -0.172749 208.017682 98.587327 1.882140 867.283859
40760450285643.671875 6.687410 0.376593 11.835821 27.718474 1.619478 551.757686
1003123783615257600.000000 95.248087 1.963815 2976.598523 51.995351 1.843494 34634.185333
223417843015665.062500 25.077916 1.844474 56.691797 22.122575 1.861361 1343.626504
76016753790492.078125 98.588208 0.570350 21.236672 156.787053 1.715817 1484.115029
33335511628173.101562 23.596771 0.064518 37.156250 47.032482 1.788489 699.882768
343324778753088.187500 47.812591 1.316670 632.420356 112.118321 1.845044 1903.608792
866529976001905.500000 14.999176 -0.398768 37.501598 10.910033 2.094571 1827.579353
354224555143100.437500 0.608453 0.591220 17.522687 1031.571096 2.001543 1188.276798
1430425003022347.750000 30.434149 1.964944 2694.549854 1890.847407 2.630348 2646.709188
127497718220116416.000000 27.142002 1.262249 1271.168517 25.665484 1.777039 11413.765039
25546306093797.851562 79.952580 -0.100724 32.235650 10.363842 2.021386 956.739395
40543981329988240.000000 92.521643 1.008703 1885.911410 19.137034 2.122777 11761.299197
122437218147079.171875 87.350434 -0.346618 36.535044 282.538007 1.643948 1665.066495
121141221423808.406250 40.422374 0.208748 43.594876 473.258622 1.254926 1272.448767
107714500980117.062500 73.278272 1.989526 11.174247 152.396166 1.955905 1498.523872
920775048581371.250000 33.208198 1.133905 139.386535 18.815606 1.934074 2348.626892
38963225481815.882812 76.662302 -0.266528 1965.173069 103.054963 1.760888 1084.938128
51601721307078.882812 60.164274 1.603035 25.723773 181.950324 1.490057 1094.448824
25609471473697.277344 83.577105 -0.464021 10.006562 58.559369 1.695152 972.831076
87751310236913.937500 73.190608 -0.300857 114.206843 114.628370 1.836258 1398.963538
266219716097369.812500 56.195075 1.645707 1170.521828 1100.469632 1.393341 1847.250249
39280688537645.070312 42.125401 -0.395862 927.297216 138.005647 1.533575 886.088978
73783592399547.875000 99.457577 0.329293 27.757535 150.573628 1.723304 1474.146624
19706590062466.769531 7.199913 1.791475 47.289196 107.249815 1.443965 438.880464
32100201691728.257812 76.049304 -0.018626 1581.021485 67.678533 1.764854 1014.186746
70180956693076.804688 29.896696 -0.042620 30.635331 110.544170 1.867278 963.581932
34554464736670.917969 52.974467 0.052905 15.851820 61.891865 1.801806 916.648224
89343326945403.171875 56.405167 0.292453 16.987453 241.946291 1.584295 1285.350340
83109437015134.343750 17.039808 -0.452899 12.999831 82.617331 1.930059 865.414056
96378739311713.281250 70.283201 0.377005 670.571433 230.405332 1.642138 1422.900282
26011311180988.441406 57.968752 0.390991 892.048036 125.496429 1.325971 859.932049
12037879103482.734375 7.460490 -0.363415 254.797959 38.345846 1.578858 374.878959
2038301315598833.000000 10.919155 1.834377 228.934052 34.814963 1.503871 2247.715407
236419848749488.281250 63.359741 0.930068 1245.945249 175.629749 1.731286 1850.646664
538199176451141.687500 4.007511 -0.439424 11.161546 126.678948 2.050170 1212.668574
579256945176113.750000 32.268791 1.180083 125.445994 16.424965 1.840698 1994.303274
2480663821765287424.000000 0.418489 0.357288 39.029539 29.677261 2.066269 25136.270057
1880931173766552320.000000 0.515726 0.333254 46.965585 29.947624 2.050716 21611.407015
20618930368576.671875 22.336032 -0.360999 21.763365 10.071176 1.778230 586.801676
271639058304475.406250 74.916691 0.657881 2189.168871 156.194885 1.760636 2055.741118
54420596223352.484375 78.931659 0.142585 1481.872575 66.051817 1.827462 1225.411438
202408013562662.562500 45.453659 1.479535 1040.692582 877.571990 1.381546 1569.457296
123101225979101.250000 22.200939 1.281811 428.085225 319.667150 1.709854 1062.650229
961084159082241.500000 12.567070 1.013720 2251.085958 473.487320 2.033588 1809.028820
84925737062380.515625 69.143302 -0.311032 62.602512 128.800009 1.905425 1356.326511
268620250708712.843750 71.065887 1.415518 66.843620 10.514170 1.875530 2010.266250
84015338133371936.000000 28.336149 1.697485 467.256726 41.452394 2.107490 10063.685254
374860169782855.437500 1.944837 0.655322 11.928724 1529.808309 1.951017 1040.802932
242642564866199.125000 72.007596 1.372220 84.502488 13.012830 1.888631 1952.293764
12524950610788496.000000 7.169191 1.719280 2778.937382 466.766460 2.144338 3770.424367
152759838029273952.000000 46.560500 1.140160 558.496261 10.346967 1.903799 14404.280925
56103679856987008.000000 0.111686 -0.245127 282.546057 64.390203 1.879264 11660.236027
22238280806824.667969 43.897903 -0.142659 22.082915 58.561507 1.689975 743.057990
346470059541366.125000 3.685370 0.577057 10.819417 1174.570640 1.950681 1038.487090
19420909312487072.000000 79.009754 1.973237 654.567899 25.896994 1.644417 8695.016206
87954721590210.390625 71.415045 -0.201255 61.253800 270.907498 1.430713 1387.960453
3282546152420995.000000 19.508801 1.358714 2877.723319 357.492247 2.068949 3059.462196
49988513420698.257812 45.391765 -0.406160 70.883980 39.580844 1.943782 984.238148
33425697245222.050781 15.388851 -0.185991 1217.046852 176.009008 1.406923 621.664175
114735526961266.484375 13.757866 0.778676 13.281162 142.666877 1.918972 911.059013
54104198616019.031250 29.209469 -0.443147 647.286335 105.291244 1.821762 877.208536
76369345785315.265625 54.907392 -0.147824 246.032963 112.887366 1.890484 1208.674623
9253766930052354.000000 75.868116 1.342953 227.244579 11.037644 1.956462 6694.023550
5903301575009567744.000000 0.132523 1.950542 303.302545 95.827630 1.893273 51171.044275
85707808505617.640625 85.231821 1.816082 316.528716 142.250090 1.727285 1465.432510
21837434670531.164062 19.488469 -0.056892 29.711255 10.648009 1.747638 575.238492
146803740033350.156250 63.607063 0.641472 592.275202 231.342544 1.919461 1580.991462
56356490399464.609375 93.890410 0.808499 22.233651 140.580383 1.666983 1319.589766
69786489380274.945312 63.453752 -0.252846 216.917593 168.319003 1.602580 1232.848855
94926534747050.890625 4.570779 -0.334251 1551.686210 218.374419 1.849505 690.433497
2664289650590077.000000 8.060041 0.777978 667.273740 44.693934 1.723782 2301.942847
1229392499373171.250000 14.684861 -0.259469 55.021351 13.108647 2.146471 2042.321016
245243371799468.281250 2.866463 0.249613 16.420583 606.945389 1.828402 909.071907
74400933603795.687500 36.102438 -0.364429 334.735298 77.052752 2.020426 1042.744000
509305905077861.437500 45.572850 1.962549 43.532531 12.847381 1.933011 2136.542549
329390778568072.125000 29.200158 1.302505 2017.014930 422.254225 1.322222 1601.598375
101573489865950.453125 21.758170 0.127980 13.569396 143.867509 1.916244 990.891119
76442627984495.093750 13.425140 0.027764 1443.818046 193.640550 1.677059 790.824755
833053485667932.625000 28.933950 1.475717 1306.874372 208.000491 1.749168 2175.946152
99962924927039280.000000 37.831790 1.124680 534.950706 11.857722 1.886676 11680.842071
85210639409692.921875 16.611547 0.587719 37.256793 174.518173 1.762326 866.670306
23667932323684.503906 73.202274 -0.283396 1691.809883 83.499199 1.611521 903.926450
111400079987125.078125 67.914548 -0.205698 52.814187 151.773247 1.937871 1475.415418
90039065139096.609375 43.612598 -0.185985 230.238304 95.598813 1.981671 1181.760205
718715459934939.250000 29.744441 1.960709 609.150380 132.016589 1.746930 2089.204731
228862160253675360.000000 27.484494 1.156030 2102.889128 26.608636 1.802097 13924.418722
728389497020853120.000000 89.714195 1.986399 2061.278182 44.687133 1.862570 30462.289432
394730706319416.312500 1.205373 1.420416 387.252526 982.630899 2.322772 1092.461058
1199474549281894.000000 27.158768 1.288561 407.336702 18.523239 1.513034 2409.942412
10713687743935328.000000 73.173310 1.328604 226.072005 11.336910 1.987197 6939.559510
45992183456851.937500 44.288005 -0.185411 13.412062 72.726442 1.848379 949.487549
69929097834410.601562 91.706934 -0.309204 22.841821 84.233586 1.955416 1405.968183
537083457790149.562500 83.694914 1.153120 1452.387051 1415.717327 2.036618 2684.131498
85248547796335.125000 79.454443 0.088995 70.140741 259.076556 1.441532 1426.521874
52653759523883.632812 13.040987 1.145179 11.512182 111.156610 1.700542 693.370029
85818553331424.093750 61.501993 -0.232947 84.535408 178.776688 1.738324 1306.585949
45698568833058.070312 19.210794 -0.308294 66.435314 11.072506 1.886276 732.821692
37584327043792.164062 24.667646 -0.348162 212.550390 77.699316 1.710363 738.081105
82496739500899.546875 8.449192 0.010708 128.198493 410.108888 1.352503 729.750631
813900716394671.500000 33.467345 1.143753 126.118862 18.577517 1.941316 2259.545453
29490019765314.410156 76.287085 -0.449172 1223.468108 70.092922 1.803348 987.010188
242393352010828.906250 71.053925 1.984704 674.842645 232.923331 1.631938 1942.473693
21021848235673.507812 43.727437 0.194271 28.692464 14.538009 1.878795 728.316728
46999082868338.171875 16.982858 0.954818 81.005465 162.480712 1.602734 715.006206
62728286146849.820312 98.027599 -0.308582 45.360067 239.387834 1.375549 1389.153594
308449847606698.250000 43.156689 1.784024 709.302111 87.388097 1.452083 1775.305244
48629723056929.164062 76.129070 0.346897 118.145207 51.165030 1.955290 1165.227894
1075575731317138688.000000 85.508296 1.807786 1808.813024 37.456270 2.031668 34093.999226
56167012577287.687500 83.371504 -0.425740 46.329432 115.282288 1.740584 1262.837921
140665495597768.765625 31.917633 1.372058 280.273627 93.666645 1.836507 1239.949613
63365463586132.890625 68.664029 -0.465794 43.091601 115.949907 1.799206 1227.179882
40760450285643.671875 6.687410 0.376593 11.835821 27.718474 1.619478 551.757686
59689848613165.593750 76.766199 -0.465502 16.572209 71.957825 1.941593 1251.302892
87079587435721.765625 98.870266 -0.420588 195.139519 150.180332 1.508904 1554.492538
214224543537997.468750 14.339340 1.235358 615.760981 170.910865 1.673349 1133.754006
14244794376121.324219 8.138600 -0.222438 284.244124 40.958223 1.591955 403.298248
1215028079332568320.000000 92.493424 1.978539 2680.272549 52.979876 1.920827 36528.118355
201483547296367.000000 4.594991 0.143092 11.356985 436.839875 1.826813 887.891000
136495067558242.984375 8.281868 -0.413815 19.479439 339.430646 1.704832 859.613632
90490259779358096.000000 37.687183 1.135648 639.508574 15.088150 1.917960 11285.591366
59881820370640.359375 16.530124 -0.042831 83.624554 254.165821 1.459574 769.509719
497928267799399.812500 46.646129 1.626818 748.900120 152.473465 1.816222 2137.029436
13511035101505.244141 45.669285 -0.252447 17.563902 27.860923 1.715448 637.656859
37358173093591.429688 67.582264 -0.469890 538.962806 73.418726 1.729412 1023.296257
1199216898517155.750000 5.779280 1.373957 348.059305 92.113024 1.764804 1662.283126
16755442632517.261719 41.022336 -0.222356 53.967894 13.680988 1.873717 661.233175
186487452893632.750000 11.170184 1.081341 380.251247 318.149294 1.993873 1018.192829
25683486790532.890625 78.229532 -0.081836 31.327834 11.397589 2.010341 951.035520
84728701565719.312500 34.015470 0.074958 42.655493 142.028176 1.863223 1068.424147
10379177777434010.000000 6.813123 1.640319 2489.251134 409.496125 2.121523 3508.812007
31525477603370.812500 62.717435 -0.380615 1165.045839 86.353276 1.734069 942.132798
98302539006849072.000000 0.104869 -0.141287 334.833781 55.793518 1.877361 14446.996866
88682602849327.718750 74.792173 -0.277375 98.156785 164.343775 1.744435 1414.689717
25384285202422.042969 69.859673 -0.400024 2210.810876 73.038541 1.776363 910.148885
148250889727603.406250 81.419074 0.547287 793.759724 10.876736 1.827554 1730.490855
39930733454785.164062 7.439573 0.428288 13.869044 23.893486 1.626600 558.786012
209526152757746.312500 27.976119 0.338718 2568.995275 261.318345 1.787776 1359.406745
143324460240989.843750 44.851213 1.387957 455.454881 336.272461 1.839590 1392.691259
188798500757788.625000 24.307758 1.871021 55.495376 24.172382 1.875691 1258.549012
88752557671077.640625 57.761381 -0.234155 104.323587 176.545699 1.776763 1293.010357
584676954793773.375000 83.837048 1.230075 1606.553648 1564.836648 2.010990 2762.863332
581378905447285.000000 38.952168 1.152059 141.001180 20.336241 1.946069 2120.579177
1168939773216455168.000000 90.764765 1.942847 2973.584335 50.496515 1.845865 35815.011493
77838749182283.687500 61.604776 -0.200707 10.353064 130.560751 1.840507 1265.495906
22601700604912.605469 44.432117 -0.127258 22.326823 59.201275 1.692274 750.082852
28248027184551.925781 15.813299 0.811693 23.450757 71.368611 1.639602 591.982747
34876512734990.007812 26.632154 -0.458399 352.211428 74.773862 1.742048 736.671524
2432126885575266.500000 21.263330 1.283561 2489.665811 302.752585 2.034610 2837.129192
196514385459016.250000 58.107529 0.751835 1275.420155 143.100107 1.756217 1688.749663
39525665908107776.000000 91.677068 1.064814 1885.699184 18.058692 2.021061 11623.352380
442661093403699.500000 81.692708 1.033465 1435.128609 1205.231548 1.878086 2494.872333
256341377372275.156250 75.871619 0.597530 2410.377615 168.272005 1.777659 2025.478968
91059839745307.625000 46.069397 -0.170746 130.692834 297.871144 1.543435 1207.984980
210137701866076.875000 77.192590 1.489858 597.075522 311.193156 1.922270 1907.297816
29728103917899.562500 98.746493 -0.274010 14.509421 18.393118 1.987865 1085.943825
141562915399251.656250 7.349626 0.071525 36.531128 544.056666 1.475652 850.084690
38882357981398.695312 25.980345 -0.496902 358.696233 70.506781 1.790021 758.165126
117932813317104.109375 13.117210 0.791340 13.558085 142.321741 1.926073 908.508766
150549387100001.781250 9.720297 0.188938 84.387726 722.714348 1.255384 918.662302
1400151303745025536.000000 81.927761 1.889163 2931.807279 56.907485 2.015456 36660.284381
252052830579606.500000 96.493811 0.932432 1424.940906 79.446389 1.690853 2195.841983
345274665522609.875000 18.340730 -0.035906 20.967374 13.379769 2.046534 1419.536405
1956319517767772.500000 12.133737 0.905288 684.105991 30.394195 1.604788 2273.169924
48287606062940.085938 29.692865 -0.468713 699.085692 99.378102 1.859850 848.868808
22745900011464344.000000 91.627633 0.955102 1335.186263 11.591088 1.970415 9666.174600
59281346271266.867188 9.295003 -0.474915 1514.906887 175.663659 1.884208 666.832785
350118427216220.625000 2.475786 1.086053 58.949272 2820.208750 1.139260 1018.016567
72158176787378.312500 12.223155 -0.130421 475.033216 336.572605 1.368629 758.027934
78299942880354.218750 13.589462 0.279139 89.272313 232.459880 1.604823 799.620299
66507707616720.835938 74.139502 -0.070951 10.863097 106.051753 1.855996 1281.320613
115852284023358.656250 18.789454 0.210156 83.451762 285.821914 1.674804 993.057893
45071028507894.015625 38.856122 -0.077265 450.375679 94.118263 1.771629 903.481071
109655928979153.468750 78.335033 0.168179 251.225029 211.814345 1.816773 1543.587173
62902455087417.679688 11.095019 0.274528 228.182892 255.454191 1.514803 707.650237
1718279476271971.000000 20.366620 1.183250 2140.978113 264.367102 2.013464 2495.903913
130549212177139.578125 5.897430 0.451141 60.828615 467.457743 1.526181 796.271546
192047352543532.062500 31.102874 0.038189 736.266493 538.526450 1.720608 1364.464503
227454334995381.968750 25.102061 1.838365 57.099049 22.455621 1.862798 1352.058934
62844020443816.296875 92.511357 1.738507 13.166793 64.456625 1.997152 1361.080055
40265343401327.031250 60.168996 0.068989 14.715726 66.983343 1.819272 1007.618904
55536352217850.359375 6.496607 1.005413 15.606689 179.560700 1.567720 608.599760
51419190548573872.000000 0.121952 -0.230552 274.274988 66.491556 1.875210 10906.277762
63418877795864.867188 79.470788 0.752188 33.063902 135.298475 1.723895 1292.669426
121496799908501.359375 87.894158 0.544333 807.093071 10.433398 1.813961 1664.508542
85755675664351.828125 27.484252 0.081880 100.750931 56.292683 2.026768 1003.857803
25316052384107.941406 92.978559 0.986282 42.328203 91.322515 1.602964 1007.055490
1347333543118171.500000 6.275962 1.413653 353.932733 88.642495 1.763306 1751.472717
54608434841011.710938 71.900681 -0.491277 52.987222 92.609665 1.783403 1186.902655
22165690654918.714844 92.862619 -0.325693 12.554602 12.209871 1.965030 962.983533
24904795792836.914062 39.596745 -0.494446 1215.287072 87.767814 1.665910 745.957156
1431485139796492544.000000 0.671386 0.303428 56.909078 28.393567 2.054477 18505.023405
1776845318651324.250000 10.862984 1.826919 247.387548 44.779267 1.562836 2144.621938
34299243051900408.000000 2.173506 -0.264285 1199.469518 13.622558 2.047467 4685.135747
17255044012219.609375 40.959391 -0.217589 56.263431 14.241777 1.872195 667.405305
17094580777391.361328 40.792150 -0.218572 53.375261 14.048506 1.873937 664.439642
310893450803662.312500 5.077426 1.085739 1102.788785 1306.128679 1.637200 1039.696745
566441999330461.500000 3.584541 -0.407648 11.329542 146.029655 2.050591 1220.350921
372736269280788.312500 3.181807 0.053577 2860.344598 297.775047 1.994520 1051.666981
57793655553626.429688 89.567945 -0.459232 91.412580 166.007948 1.497842 1308.214389
140445548736779.375000 8.645298 0.242375 73.507992 808.839560 1.189282 875.480340
258604915721485.843750 33.840686 1.373550 1396.827635 857.146987 1.355923 1547.281220
124927665496657.734375 72.176953 1.447267 63.149845 13.189168 1.857234 1566.038227
12423090734202744.000000 83.066649 1.798076 478.610091 16.045828 1.648747 7627.116069
159041143860370.218750 70.825425 1.531776 61.840871 11.986110 1.842555 1686.004425
11604248059783.316406 9.954709 1.770977 31.830674 95.646789 1.348001 393.024484
56902916737535.234375 7.437182 0.471838 15.433508 14.895572 1.630734 628.774355
42041445925937.656250 45.254116 -0.413511 88.354604 30.254258 1.981653 928.105758
193846262833418.875000 8.161093 -0.157140 11.729724 463.209173 1.756771 963.385288
74668344412680.906250 87.348495 0.018028 60.627947 282.767622 1.363677 1412.003582
64641223939122.656250 91.232533 0.947794 17.856871 170.123043 1.552169 1367.029821
20302407648824.445312 41.968708 -0.180474 14.444127 47.446253 1.715391 710.233956
487575052728167.562500 19.939408 1.207669 1952.568937 1215.386731 1.708152 1630.288211
207917423755795.687500 27.387539 1.037898 2198.450181 385.681133 1.275164 1347.147430
66023436280365.500000 93.477754 1.823488 12.297618 66.282484 2.008542 1388.875978
9405395587490536.000000 72.596581 1.311900 213.926995 11.398638 1.993178 6626.190295
55072291243080.945312 25.659236 -0.388563 1556.479093 143.524521 1.879497 848.267092
6017831559159374.000000 5.306301 0.444970 303.479834 33.107293 1.904298 2809.229446
181212381929306.593750 63.659071 0.628954 918.849978 296.752327 1.864696 1696.432403
5353818896101933.000000 5.500411 0.474718 269.436769 35.477184 1.933711 2716.308282
421389685037327.875000 1.112532 1.748017 26.798049 462.940353 1.936053 1127.225018
239737959014764.000000 29.618087 0.792583 1279.486239 324.646517 1.738160 1447.000736
138644954530681856.000000 32.323699 1.911133 496.166826 40.995756 2.048557 12388.945253
45266312936763.953125 55.946460 0.300899 31.427650 149.151512 1.507795 1021.828675
11150699913526.001953 11.113733 1.606925 27.323129 97.272214 1.351850 397.680280
98004340703708.390625 93.398727 1.352059 13.982491 133.317451 1.931388 1583.845181
98658080125554.578125 68.202367 -0.183467 48.597083 117.987912 1.967837 1418.972147
13713784223044.798828 9.885108 -0.443472 94.199278 40.145631 1.562438 414.881850
988360908588863.500000 7.154322 1.374201 345.254557 83.836568 1.738182 1616.602758
89042120571980.156250 83.725597 1.811851 311.796933 186.698313 1.799350 1474.728587
114539677351305.125000 99.481379 1.114888 25.354026 279.910727 1.688877 1707.041026
90813166795162.421875 76.871216 -0.106038 17.478098 150.414274 1.852104 1439.868546
53886781484977640.000000 0.112926 -0.242393 278.676297 64.312028 1.883308 11449.837871
259425863232506.343750 34.534110 1.365421 1387.335427 864.282839 1.364733 1558.930457
104485793055851.828125 79.172428 -0.256386 33.921314 311.160393 1.416332 1524.700885
54673625368479.460938 94.655848 0.782103 15.693158 133.476605 1.662633 1310.175361
68781123768177.054688 82.042738 0.389482 28.630515 126.821552 1.805870 1343.316928
94809139776209.296875 35.405458 -0.129681 21.620909 140.966198 1.871190 1123.459714
21687957830468.031250 41.395305 -0.155659 15.201440 47.936252 1.716285 722.764885
267250802146772.500000 71.116161 1.392727 85.594400 13.124619 1.890967 2007.344291
128231361486724.890625 92.564427 1.203439 13.249590 367.950412 1.519784 1726.701598
85140151998679.328125 3.525039 0.708027 21.487227 155.740489 1.561767 647.916226
1078380079438076032.000000 85.602673 1.807896 1816.231882 37.205429 2.030358 34137.132551
169747994948997.937500 17.082468 1.217888 604.295228 165.458711 1.628048 1098.760667
161582257206388320.000000 29.584705 1.189745 1654.463822 26.760434 1.812615 12682.441696
77855696245053.296875 67.888101 -0.212877 10.472701 333.585378 1.292956 1309.151775
128488624938663024.000000 28.564343 1.804662 558.821211 42.915939 2.029593 11623.266236
1185372666250506.500000 26.174133 1.228400 107.234779 14.800010 1.833176 2373.763532
27250705437090.035156 74.409236 -0.475689 14.330842 72.401961 1.669788 952.908942
41216311197336.679688 50.119467 -0.086183 1310.409540 81.412863 1.823361 954.066302
10858458685528.960938 37.726838 -0.281105 39.898331 25.809332 1.653886 556.836026
85248547796335.125000 79.454443 0.088995 70.140741 259.076556 1.441532 1426.521874
22677067836009684.000000 3.107120 -0.164736 1155.383678 14.174386 2.025929 4129.778996
95473794548443.593750 56.636765 -0.406839 124.708427 176.769609 1.797190 1315.948112
447775589865203.312500 45.539611 1.638159 754.698332 161.020634 1.803940 2046.287651
1336841492154743040.000000 91.842461 1.959683 2742.610109 53.027860 1.918364 37613.886204
59903002616614.281250 98.024577 0.438154 13.681055 154.621945 1.612590 1367.961209
141994088744302.000000 94.237029 0.872323 459.151136 401.085655 1.719155 1798.021183
84673533674525.687500 33.924032 0.005765 44.298928 393.227344 1.271959 1067.280127
32702467193917.308594 14.563429 -0.335177 61.025481 30.361671 1.743852 608.352963
69533746562533.945312 17.598864 -0.120583 857.256250 166.349563 1.710791 822.664859
41120631582498.234375 28.037931 0.399972 23.300344 82.940572 1.756280 790.526649
20619914619558.996094 73.763138 -0.494160 1641.568209 70.673357 1.507469 865.660021
93018567277926.656250 37.371749 0.133489 82.066591 323.711489 1.438365 1135.887245
261183340147813.812500 50.943315 1.573189 1158.918103 913.886988 1.384566 1775.258318
71462541287758.609375 65.037125 -0.277048 11.599272 288.059631 1.336914 1253.350603
97808959281393296.000000 0.144391 -0.089852 317.912922 59.350789 1.878350 12585.711024
95068671922292.375000 94.006783 1.555561 15.855380 120.020436 1.935132 1571.563210
40723344357323344.000000 87.977743 0.961638 1645.022549 11.597266 1.976617 11566.295862
132620194864699.531250 38.235175 1.634137 130.443383 37.173071 1.794048 1287.917250
57203009490694.335938 88.796809 1.659209 25.552622 90.759202 1.870087 1299.681405
17251391358276222976.000000 58.204595 1.932702 964.035600 23.567155 1.975772 75097.336183
11000786979235126.000000 7.243019 1.656481 2514.986130 394.781513 2.104500 3617.698764
1222027656344314.250000 25.839460 1.302957 119.558328 18.749644 1.868100 2388.704393
117416127124858.656250 48.860659 -0.158525 155.248933 358.671326 1.530248 1340.948279
536282951391913.875000 3.831425 -0.437286 11.101163 145.842208 2.056496 1205.717903
76436942923915.468750 96.355957 -0.062489 609.049409 106.137079 1.926484 1474.503949
102629846842796.828125 10.267523 1.127972 231.888580 344.669299 1.638689 818.419611
131568803253879168.000000 33.328068 1.878408 425.683942 37.003588 2.079482 12292.547703
60974586252226.703125 89.125589 0.945984 18.151865 210.953693 1.436797 1329.410812
77696690729361.781250 28.506969 1.589143 99.307455 45.100993 1.842467 982.289071
86364618150452.265625 89.031367 0.109697 577.391169 162.226954 1.775727 1492.413423
40055148515193.648438 83.495256 -0.452448 17.063579 68.732771 1.808897 1128.853247
304666634056596.750000 2.058981 1.911223 23.909882 435.292810 1.952270 970.504978
44371241222575.671875 29.013600 -0.215917 1406.815735 180.998520 1.526151 819.392774
709327053741211.625000 30.834666 1.158537 151.933935 19.123018 1.860738 2103.462259
233166192144452.031250 49.274532 1.135843 798.921503 178.090937 1.808958 1690.271692
57243017526454.570312 56.904041 -0.482368 10.877404 281.508437 1.311977 1111.440017
71980160458263.375000 92.027277 0.243788 678.914980 235.771445 1.489223 1421.374277
77214415627169.562500 17.436742 0.174499 111.158500 254.549411 1.559484 849.752683
164080208433047.968750 10.153073 0.298848 68.525357 817.017727 1.209737 954.575289
80483361119631.109375 11.494481 -0.047303 407.264991 356.537659 1.374281 774.645658
234118449156103.406250 4.653983 0.307959 143.816143 178.124069 1.947869 934.958523
771012540818961.125000 9.127284 0.703067 2787.984499 3547.001090 2.038484 1562.095914
84379169033768.312500 93.275344 -0.390040 12.864719 171.104349 1.717795 1506.033541
143616866000657.375000 57.605700 1.750877 462.547264 254.430400 1.784499 1516.610665
103448470235810.250000 33.279496 0.797046 804.168309 226.142964 1.532756 1134.049432
53132904632044.929688 60.225280 -0.398044 78.377270 233.688378 1.366326 1105.555711
36180418764319.312500 42.408529 -0.374178 103.369103 29.633370 1.964377 864.037586
103877885499876.750000 98.137069 1.619769 27.975577 165.540625 1.931688 1644.169768
64267413275680.296875 58.492899 -0.248396 523.826568 136.963778 1.721772 1166.143120
78142768574465.046875 2.070538 -0.340888 184.647607 213.785631 1.464076 616.592581
22670914151453.171875 69.983361 -0.347948 921.065479 58.730032 1.766052 877.035720
97588598970909792.000000 81.365257 1.061702 1973.746865 15.771343 2.008171 15049.910312
352236856315391.937500 54.028309 1.756201 973.697873 853.443279 1.818258 2000.893030
35322723737995.078125 66.614200 -0.342337 787.962689 52.818006 1.921518 999.304836
18347881356071.074219 39.330183 -0.002603 52.327767 11.190007 1.857386 672.243692
47950015984271.453125 25.016593 -0.477615 1831.853491 135.084143 1.873847 803.867466
157096366490713.875000 45.300003 1.502658 657.191014 715.434471 1.413790 1440.699088
5782743215969710080.000000 0.127126 1.947178 305.043157 96.975084 1.894089 51721.171662
38274343872177.210938 69.405960 -0.324946 372.229695 83.303825 1.671625 1041.275064
472486049731085.687500 4.082794 -0.417059 10.340595 130.478653 2.027403 1163.457911
39623741018953.960938 40.862700 -0.318216 409.408128 67.991859 1.857405 879.832752
80448949700780.968750 98.076409 -0.230028 63.927067 388.556761 1.184338 1509.551631
56162990510852.921875 95.333434 1.223660 23.478225 207.866675 1.411793 1325.393367
24877323510114.636719 68.040976 -0.474792 2804.852808 73.666771 1.763587 895.715608
159282042832808.968750 3.873052 1.456564 52.686129 165.613538 1.806762 805.317301
98426332158073.687500 9.068211 -0.421719 1047.108527 212.079085 1.893140 785.462220
68275644620904.718750 73.189960 -0.287469 18.084657 248.737631 1.378582 1286.695463
21908125229827.300781 37.177863 0.248602 32.267169 38.933455 1.788392 700.301934
6017831559159374.000000 5.306301 0.444970 303.479834 33.107293 1.904298 2809.229446
38941828909761.539062 60.105277 -0.483553 669.901374 81.542045 1.657170 996.090977
16770136290743.386719 5.942633 1.793086 34.379393 93.410431 1.410296 402.267852
6674432650382027.000000 7.525118 1.713425 2584.463441 510.751130 2.192519 3084.790369
69563818745516.960938 97.796949 -0.028851 542.579714 93.028005 1.920672 1436.650517
72633745444869.875000 67.321291 0.505373 48.767979 123.229567 1.828703 1275.451351
1005312003072148.375000 15.358275 1.115939 2174.078059 502.915301 2.098895 1932.275951
241617419144564.750000 3.966350 -0.156101 14.813111 649.550070 1.732952 927.548994
15973660176419.232422 13.439225 -0.104284 271.814472 48.808371 1.606847 469.408335
94382795299646.593750 15.333741 0.190147 2810.755574 66.946654 1.760751 877.844475
377923190830100.625000 4.852522 0.672225 842.685934 1145.194976 2.099142 1102.761014
34753220845912.382812 37.942067 1.688198 12.594809 103.059148 1.602932 822.119408
1077997089620201856.000000 85.633992 1.803936 1784.905261 36.702548 2.020507 34137.577663
876186125625119.875000 13.061112 -0.345574 42.829388 12.935981 2.078761 1770.871367
834459213793349.250000 63.090651 1.979068 76.327490 15.647908 1.936736 2813.551506
863910576374035.625000 36.801928 1.803362 1669.406032 877.804469 2.380438 2375.846741
60144713653553.875000 75.780217 0.278926 139.966084 110.701885 1.841423 1248.729134
94416308500268.203125 32.839098 0.032447 48.755998 399.089879 1.259270 1095.416324
55585883560052.687500 99.022257 0.279494 429.315631 74.126636 1.828549 1339.207301
10826265788460282.000000 73.294124 1.331977 225.679885 11.275964 1.988280 6967.843333
144731471532539.343750 93.004583 0.157958 82.816628 275.485347 1.868079 1800.886867
189544411325532.062500 59.481583 0.757401 1558.268859 225.281440 1.542221 1682.029410
84059088380589.671875 74.497611 -0.143480 62.145813 315.384380 1.400692 1387.723419
3199563068389727.500000 7.701004 0.795653 643.700222 42.893568 1.716701 2425.009867
81445975415481.484375 95.779830 1.380769 16.051917 114.634850 1.926237 1502.755042
651899545711330.875000 16.423784 0.035315 27.005391 16.433038 2.131109 1702.513835
163797586422194848.000000 31.937260 1.936059 432.250615 38.594500 2.085911 13047.514412
213346352157383.093750 96.556063 0.848221 1414.941586 79.878872 1.710469 2077.626453
57094164428787.625000 61.444522 -0.146512 491.119393 169.255157 1.507411 1140.252072
58602930485171.195312 69.533614 -0.383762 121.538738 64.871644 1.885058 1200.926436
306720933269326.437500 22.625169 1.173728 2388.671594 477.380406 1.294739 1448.590643
168412649629632.656250 5.353503 0.164109 168.111020 116.072915 1.867269 854.009749
247625598520870.843750 3.926342 0.415912 223.421884 296.280697 1.988204 934.202471
172866364356063.031250 5.491502 0.288831 133.038033 173.376192 1.922351 864.745813
546205995052317.250000 34.294475 1.705233 572.721094 109.472526 1.765061 1993.636225
443013246775882112.000000 33.424431 1.367246 1880.139308 31.243823 1.848543 18441.369081
247106460942955.625000 27.650365 1.017246 2318.319832 379.113650 1.384121 1431.124271
89908916757155.484375 38.191594 0.053295 2916.332973 171.871801 1.749786 1130.989641
109289418331107.484375 86.183415 0.222715 1001.006751 173.182796 1.844470 1595.455223
267691001500444.906250 52.200258 1.327375 739.832962 275.420333 1.933289 1804.714626
56381320994908.523438 15.714431 -0.348954 67.415902 10.053562 1.861840 744.109997
704516377082630.250000 31.971436 1.907687 514.975054 102.039046 1.773297 2122.599696
105143978278658320.000000 36.766520 1.158431 619.121299 15.194629 1.901986 11770.343188
409927692076559.062500 60.798324 0.816464 2159.696733 213.646035 1.792084 2191.712373
88608370575512.781250 57.796185 0.110243 228.843292 137.202300 1.908053 1292.577338
211466823676390.562500 6.292491 0.301406 154.126762 116.793442 1.958754 945.188365
26810249492224.089844 15.245180 -0.398863 50.956091 18.602315 1.757406 576.183514
149125841288480.468750 65.490172 0.562808 729.797144 218.368231 1.870650 1605.520099
50183246930397.421875 10.708040 -0.118110 241.406337 196.670955 1.509145 650.955461
76587865402966.578125 47.082527 -0.284457 11.223239 289.463260 1.381606 1148.575073
46797139196064.148438 87.893284 -0.333182 55.449907 95.073179 1.704846 1211.070133
215223472469973952.000000 35.208390 1.813729 2868.746860 76.572595 1.684556 14738.824129
53886781484977640.000000 0.112926 -0.242393 278.676297 64.312028 1.883308 11449.837871
155671487027887296.000000 0.184962 0.088665 330.333285 59.695653 1.891264 13292.269304
49867860306729.554688 79.373435 -0.494310 24.059793 90.208728 1.787932 1192.609846
278379673003098.000000 73.447303 1.376002 69.901012 10.050958 1.878345 2058.125562
44296600020325.445312 28.898273 -0.041814 35.875725 48.376104 1.886550 817.929099
7929411327821714.000000 9.583036 1.686211 2407.564055 422.670112 2.210332 3432.881914
694836924098740.750000 54.502343 1.998434 86.534590 19.105830 1.911610 2516.903667
23166390104200.003906 78.532112 -0.301013 38.714725 12.531243 1.988938 920.156775
548508400428904.250000 38.692690 1.154322 271.767190 10.625898 1.557118 2075.328701
18714083330523368.000000 28.518216 1.409082 969.227211 43.377382 1.811910 6112.430340
107714500980117.062500 73.278272 1.989526 11.174247 152.396166 1.955905 1498.523872
248829779116316.093750 17.240265 0.485920 2298.643114 241.072612 1.699408 1251.276895
53111152923194.343750 33.779998 -0.357254 757.166806 97.029184 1.885095 912.371541
56896651263186.140625 14.354621 -0.347390 1817.949198 177.159702 1.766017 728.970702
134051656605129.687500 87.671354 1.911764 14.661732 217.057614 1.940996 1718.401794
313989848143997.312500 73.628766 1.364981 72.557002 10.305803 1.877330 2144.257110
36454994853144.585938 55.287892 0.007773 16.397121 61.504421 1.800379 946.847223
341646059891335.625000 9.916956 0.249254 2744.016841 397.071013 1.960980 1212.569873
112497539737886.656250 85.624264 1.877204 371.951606 214.851119 1.794948 1607.151376
360198069989747.437500 16.348924 1.213520 1239.321357 439.923987 1.771489 1395.338086
259631118953444.812500 16.956048 -0.007820 25.104125 15.524394 2.017131 1263.416525
64332888301221.789062 88.225946 0.919240 17.644091 210.205889 1.466385 1348.440385
94735859455378.093750 35.924118 0.040116 2812.981147 181.841681 1.759683 1128.410130
51658786068639184.000000 0.124556 -0.229276 273.630463 66.608154 1.876935 10825.272658
196213829018295.218750 25.949110 0.844119 997.967294 243.300349 1.706459 1299.966420
104774592262494.812500 81.412164 0.159130 1033.941887 139.090049 1.865191 1541.377522
74883273967854.109375 99.873733 0.581668 18.159838 152.843936 1.703675 1483.691674
179201214738441.093750 28.901042 0.167477 11.553848 518.340354 1.620636 1303.322794
85618792865832.921875 12.526039 0.042555 26.612702 275.882840 1.571483 807.297947
28663374463053.796875 78.367219 -0.025899 31.260065 12.664174 2.017032 987.096812
284936118156550.312500 56.738567 1.917596 1156.074971 1187.257886 1.337190 1895.806189
56482246233263.718750 10.224509 -0.113100 174.674482 180.435718 1.552907 670.057367
38849086420325212160.000000 60.206342 1.993059 1055.046190 24.233816 2.007203 99587.737250
66458943880630.578125 78.724591 0.770104 34.796432 134.595157 1.723469 1308.595809
617035858040858.500000 40.022600 1.121568 125.779549 17.558934 1.952624 2182.247042
968628747492121.000000 16.214836 1.254268 1959.377985 532.574379 2.058569 1936.103696
100090454210798.750000 73.197266 -0.225617 11.500293 133.416096 1.913518 1461.728471
43381467605967.820312 63.301908 -0.105190 15.578318 10.025668 2.063538 1051.297800
146780450132222.250000 6.738548 1.841028 19.426469 180.467405 1.896056 846.857508
99427071426430.109375 80.518858 0.403471 21.126178 160.124210 1.898790 1508.735997
20749517579856.046875 49.354849 -0.295377 1382.946278 96.174821 1.536802 755.049379
46514462879873.976562 38.089611 -0.089098 400.419604 94.782282 1.778117 907.147353
66785181474177.390625 70.700112 0.322043 560.246366 210.903580 1.565041 1261.763948
785966913770786.125000 28.953783 1.171413 141.807341 18.854796 1.863766 2134.602035
134262597858429.421875 44.715070 0.276955 2767.088516 183.400460 1.741489 1361.324215
25546306093797.851562 79.952580 -0.100724 32.235650 10.363842 2.021386 956.739395
11899756117624686.000000 72.046271 1.382158 241.108365 12.243048 1.974421 7147.450082
56152494681890.648438 15.961317 -0.294678 63.278074 10.596694 1.855732 746.178860
41667828048466.414062 58.884606 0.005294 17.911691 11.541820 2.049555 1011.626162
64434386977556.492188 96.458943 -0.244780 19.033471 83.606440 1.928558 1393.432900
5903301575009567744.000000 0.132523 1.950542 303.302545 95.827630 1.893273 51171.044275
130694042005400.875000 82.537908 0.491482 770.776196 10.396633 1.848895 1667.410746
285350478632397.000000 53.350994 1.171558 876.445243 178.383166 1.823889 1857.262498
5903301575009567744.000000 0.132523 1.950542 303.302545 95.827630 1.893273 51171.044275
396913191575685.562500 1.148475 1.423320 393.048651 991.174738 2.324544 1100.625731
144783273636279.343750 40.493304 1.389932 324.543213 427.507145 1.776744 1351.132447
352090939504446.375000 1.342095 1.672896 22.307719 460.000245 1.940640 1040.273192
11150699913526.001953 11.113733 1.606925 27.323129 97.272214 1.351850 397.680280
59829318047624.796875 24.457078 0.024189 952.509128 137.872389 1.700687 859.604561
24493240537506016.000000 95.506258 0.887087 1371.901030 10.207324 2.024465 10057.633611
105127576935352.140625 45.082520 0.095556 41.772725 387.355894 1.265100 1258.139668
30081310936781.800781 25.230262 -0.313561 1234.957804 176.462438 1.384818 689.908690
183374199463469.093750 27.881135 1.869640 202.201385 68.852960 1.804287 1298.966011
154646007926034.968750 35.482568 0.707420 774.648268 350.595720 1.733223 1323.393748
187399446610232.718750 24.715974 1.835103 53.858338 22.824792 1.867906 1261.666228
242488149724273.375000 75.214276 0.597874 2256.790941 158.183749 1.776164 1982.187444
548992395911144.125000 3.862339 -0.466081 10.596835 124.379471 2.057710 1216.131610
31460342108459.667969 9.694841 1.411130 14.800973 75.771038 1.591091 544.838229
22669141139653.316406 45.934912 -0.231521 12.612763 52.806493 1.727433 759.173803
