10.000000 0.000000 0.000000 0.000000 0.000000 0.000000 0.000000 0.000000
10.139395 0.000000 0.000000 0.000000 0.000000 0.000000 0.000000 0.000000
10.280732 0.000000 0.000000 0.000000 0.000000 0.000000 0.000000 0.000000
10.424040 0.000000 0.000000 0.000000 0.000000 0.000000 0.000000 0.000000
10.569346 0.000000 0.000000 0.000000 0.000000 0.000000 0.000000 0.000000
10.716676 0.000000 0.000000 0.000000 0.000000 0.000000 0.000000 0.000000
10.866061 0.000000 0.000000 0.000000 0.000000 0.000000 0.000000 0.000000
11.017528 0.000000 0.000000 0.000000 0.000000 0.000000 0.000000 0.000000
11.171107 0.000000 0.000000 0.000000 0.000000 0.000000 0.000000 0.000000
11.326826 0.000000 0.000000 0.000000 0.000000 0.000000 0.000000 0.000000
11.484715 0.000000 0.000000 0.000000 0.000000 0.000000 0.000000 0.000000
11.644806 0.000000 0.000000 0.000000 0.000000 0.000000 0.000000 0.000000
11.807128 0.000000 0.000000 0.000000 0.000000 0.000000 0.000000 0.000000
11.971713 0.000000 0.000000 0.000000 0.000000 0.000000 0.000000 0.000000
12.138593 0.000000 0.000000 0.000000 0.000000 0.000000 0.000000 0.000000
12.307798 0.000000 0.000000 0.000000 0.000000 0.000000 0.000000 0.000000
12.479362 0.000000 0.000000 0.000000 0.000000 0.000000 0.000000 0.000000
12.653318 0.000000 0.000000 0.000000 0.000000 0.000000 0.000000 0.000000
12.829698 0.000000 0.000000 0.000000 0.000000 0.000000 0.000000 0.000000
13.008537 0.000000 0.000000 0.000000 0.000000 0.000000 0.000000 0.000000
13.189869 0.000000 0.000000 0.000000 0.000000 0.000000 0.000000 0.000000
13.373729 0.000000 0.000000 0.000000 0.000000 0.000000 0.000000 0.000000
13.560151 0.000000 0.000000 0.000000 0.000000 0.000000 0.000000 0.000000
13.749172 0.000000 0.000000 0.000000 0.000000 0.000000 0.000000 0.000000
13.940828 0.000000 0.000000 0.000000 0.000000 0.000000 0.000000 0.000000
14.135156 0.000000 0.000000 0.000000 0.000000 0.000000 0.000000 0.000000
14.332192 0.000000 0.000000 0.000000 0.000000 0.000000 0.000000 0.000000
14.531975 0.000000 0.000000 0.000000 0.000000 0.000000 0.000000 0.000000
14.734543 0.000000 0.000000 0.000000 0.000000 0.000000 0.000000 0.000000
14.939935 0.000000 0.000000 0.000000 0.000000 0.000000 0.000000 0.000000
15.148189 0.000000 0.000000 0.000000 0.000000 0.000000 0.000000 0.000000
15.359347 0.000000 0.000000 0.000000 0.000000 0.000000 0.000000 0.000000
15.573448 0.000000 0.000000 0.000000 0.000000 0.000000 0.000000 0.000000
15.790533 0.000000 0.000000 0.000000 0.000000 0.000000 0.000000 0.000000
16.010645 0.000000 0.000000 0.000000 0.000000 0.000000 0.000000 0.000000
16.233824 0.000000 0.000000 0.000000 0.000000 0.000000 0.000000 0.000000
16.460115 0.000000 0.000000 0.000000 0.000000 0.000000 0.000000 0.000000
16.689560 0.000000 0.000000 0.000000 0.000000 0.000000 0.000000 0.000000
16.922204 0.000000 0.000000 0.000000 0.000000 0.000000 0.000000 0.000000
17.158090 0.000000 0.000000 0.000000 0.000000 0.000000 0.000000 0.000000
17.397264 0.000000 0.000000 0.000000 0.000000 0.000000 0.000000 0.000000
17.639773 0.000000 0.000000 0.000000 0.000000 0.000000 0.000000 0.000000
17.885662 0.000000 0.000000 0.000000 0.000000 0.000000 0.000000 0.000000
18.134978 0.000000 0.000000 0.000000 0.000000 0.000000 0.000000 0.000000
18.387770 0.000000 0.000000 0.000000 0.000000 0.000000 0.000000 0.000000
18.644085 0.000000 0.000000 0.000000 0.000000 0.000000 0.000000 0.000000
18.903974 700.669410 470.073475 1292.059031 369.087315 10917.206103 274.793090 91258.557641
19.167485 700.927406 471.040422 1285.360272 370.193645 10966.332332 276.058370 92036.075980
19.434669 702.120293 471.497214 1284.909898 371.290867 11015.919673 277.335394 92817.782788
19.705578 701.548449 469.900506 1285.611863 372.400083 11065.971365 278.624244 93603.721051
19.980263 700.608241 469.268023 1281.422944 373.484918 11117.077581 279.936298 94413.367114
20.258777 702.069070 471.171400 1276.728574 374.576230 11168.744762 281.262074 95230.151134
20.541173 702.809588 473.093490 1272.966754 375.679518 11220.889256 282.599981 96051.229411
20.827506 699.306519 474.578052 1268.628319 376.794887 11273.514363 283.950100 96876.648100
21.117830 698.731815 475.998581 1264.588883 377.890562 11327.178045 285.320759 97724.627489
21.412202 698.952389 476.728281 1260.611885 378.987115 11381.525250 286.706714 98583.305322
21.710676 699.215394 477.671873 1256.566599 380.095722 11436.366338 288.105182 99446.382875
22.013311 698.777329 478.419864 1252.451583 381.409176 11491.704671 289.516246 100313.909842
22.320165 697.997238 480.640548 1257.530277 382.770133 11548.050455 290.945084 101202.403342
22.631296 697.233509 482.144339 1258.680945 383.424236 11616.867029 292.389943 102105.799324
22.946764 694.432142 484.248852 1260.053804 384.537816 11703.064702 293.847689 103013.699569
23.266629 692.180936 485.138495 1254.194222 384.871803 11789.820495 295.318408 103926.157727
23.590953 693.883673 486.289961 1259.716782 385.000215 11879.449495 296.804447 104857.473079
23.919798 691.377857 488.025060 1271.176201 385.307236 11972.115113 298.306066 105808.622679
24.253227 690.616905 489.035031 1266.036742 385.419694 12065.345811 299.820938 106764.379474
24.591304 690.256681 490.056955 1265.708155 385.633653 12159.146250 301.349152 107724.801549
24.934094 691.902301 491.067523 1276.386713 385.893426 12255.489506 302.890909 108701.379905
25.281661 692.009976 492.047019 1278.387235 386.235633 12356.002253 304.446394 109703.545753
25.634074 691.030989 492.837376 1282.925748 386.582300 12457.088075 306.015490 110710.419330
25.991399 690.928493 493.698231 1281.155375 386.844228 12558.752271 307.598286 111722.063692
26.353705 691.703967 495.041601 1281.864059 386.828173 12709.317433 309.182602 112746.486265
26.721062 689.925330 495.297406 1277.411374 387.834055 13003.062705 310.738256 113803.175295
27.093539 687.585550 496.027152 1274.056443 388.351713 13296.644385 312.307684 114864.669291
27.471208 685.942282 496.801041 1273.789581 388.875883 13587.843545 313.890977 115931.036887
27.854142 686.272630 498.232554 1273.541411 389.420375 13799.063910 315.485548 117006.031795
28.242413 683.798860 498.491040 1273.505100 390.103119 14023.529618 317.068611 118121.013771
28.636097 680.063965 499.907199 1275.811839 390.156978 14305.124686 318.665712 119240.893632
29.035269 676.999304 500.953449 1281.605431 390.598485 14497.698134 320.276944 120365.746275
29.440005 674.020053 501.755592 1288.778712 391.787471 14590.699567 321.902402 121495.646141
29.850382 674.744757 502.838853 1293.402789 392.944025 14686.371112 323.528063 122671.523012
30.266481 675.475559 503.071085 1299.409216 393.851733 14782.814069 325.167585 123853.835722
30.688379 676.215741 503.740940 1305.471154 394.693305 14879.963186 326.821564 125041.215696
31.116158 675.478410 503.181990 1311.588987 395.544779 14993.963176 328.490095 126233.744268
31.549901 676.343428 503.597814 1317.819887 396.796506 15234.733131 330.157484 127470.192101
31.989689 677.599151 504.439647 1324.118827 398.074561 15479.453574 331.836469 128719.287309
32.435608 678.962280 506.302739 1335.735397 399.366256 15723.696981 333.530228 129973.538357
32.887743 678.279248 506.734036 1347.863322 400.671705 15967.530974 335.238861 131233.034322
33.346180 678.903471 507.819052 1345.607604 401.968446 16233.265501 336.946064 132533.609789
33.811008 679.440500 508.504848 1359.102584 403.269626 16507.449208 338.661478 133854.162524
34.282315 681.384802 509.199947 1362.869427 404.584671 16780.881502 340.391977 135179.952419
34.760192 683.398601 510.419766 1363.463832 405.913698 17053.649668 341.919902 136511.077246
35.244730 683.878442 511.661059 1370.190458 407.122044 17346.722125 343.273717 137879.541991
35.736022 684.433265 512.801376 1377.304010 408.446005 17571.481427 344.626205 139276.577075
36.234163 684.913495 511.901957 1384.339999 409.838245 17858.060303 345.992148 140678.921866
36.739248 685.332041 512.719340 1391.437740 411.078877 18248.802209 347.371647 142086.683902
37.251373 685.088518 513.675623 1402.896247 412.054301 18588.313861 348.749697 143527.014603
37.770637 685.360742 515.241534 1423.137162 413.944092 18932.641797 350.122802 145005.932728
38.297139 686.102708 516.724155 1443.370445 415.291323 19275.490386 351.509570 146490.222643
38.830980 686.619852 517.864523 1447.827335 416.676095 19617.001179 352.910106 147980.002860
39.372263 685.881493 518.222493 1461.563015 418.053308 19972.364227 354.313522 149496.401650
39.921091 686.006742 519.736514 1485.108997 419.272237 20358.044776 355.707363 151063.007472
40.477570 686.956009 520.726054 1508.106988 420.806380 20741.780656 357.115079 152635.034816
41.041805 686.164642 521.160179 1510.489341 422.204844 21123.749391 358.390925 154212.614526
41.613906 686.456126 522.250923 1512.923767 423.639494 21514.283983 359.200575 155809.519756
42.193981 686.708998 523.573094 1516.163633 425.255890 21945.933682 360.124830 157470.051918
42.782142 685.347556 524.405429 1513.130934 426.489202 22375.099855 361.059553 159136.040896
43.378502 685.133484 525.497926 1510.049743 427.825498 22802.002666 362.004841 160807.631383
43.983175 685.024165 526.056544 1518.135507 429.257711 23230.519607 362.971061 162489.728688
44.596276 686.576623 526.664664 1526.177522 430.666516 23713.049895 364.107188 164250.892044
45.217924 687.852144 527.280545 1529.022545 432.090270 24192.481926 365.255543 166017.530752
45.848238 689.735909 527.904278 1550.502031 433.529096 24669.085551 366.416231 167789.805061
46.487337 691.161591 528.535953 1560.926611 434.983120 25097.331982 367.733005 169567.872562
47.135345 690.756861 529.145086 1559.634112 436.412278 25521.816736 369.460615 171431.038896
47.792386 692.245615 529.759736 1565.607117 437.853635 26183.045112 371.200817 173305.513595
48.458586 693.041437 530.407813 1584.418869 439.310254 26743.200150 372.956986 175185.640577
49.134073 692.970001 531.012649 1607.476985 440.782264 27271.375321 374.729232 177071.594349
49.818975 693.888085 531.670748 1636.178717 442.419787 27856.491229 376.476642 179037.805594
50.513425 694.874372 532.786429 1669.934612 444.019176 28451.993288 378.230037 181027.837396
51.217554 695.710188 534.106043 1700.030228 445.164137 29043.332382 379.999613 183023.518163
51.931499 696.092792 534.972678 1710.451635 446.652765 29265.173599 381.785482 185025.041351
52.655396 695.828321 536.143014 1738.431911 448.125203 29464.398383 383.551518 187100.432083
53.389384 695.878956 537.672824 1767.402522 450.060450 29666.447985 385.316262 189326.952407
54.133603 696.367764 538.838461 1798.304389 451.214458 29943.361693 387.097392 191900.811571
54.888196 696.726004 540.461026 1833.123340 452.589658 30437.357160 388.895021 194475.771812
55.653308 694.687823 539.974588 1862.802259 453.722574 30963.268874 391.260989 197149.535129
56.429085 695.389859 539.838061 1887.300289 453.986177 31515.003512 392.942616 199905.078441
57.215676 694.209361 541.271815 1908.784209 455.335910 32064.737428 394.532281 202660.782464
58.013231 696.101738 542.721686 1911.385357 456.157284 32612.674490 396.137591 205417.158196
58.821904 695.902604 543.960995 1911.003901 456.965272 33186.988811 397.853357 208255.465245
59.641849 695.628903 545.623660 1923.358892 457.749945 33798.422945 399.636026 211207.662411
60.473224 697.605878 546.807573 1961.615154 458.544184 34407.288203 401.435462 214159.464595
61.316188 699.483983 548.018708 1993.352647 459.818309 34743.895917 403.251783 217111.442048
62.170903 699.383520 549.188825 1994.312146 461.404812 35026.621383 405.068481 220124.681640
63.037532 698.446179 550.234994 1995.416880 463.088200 35316.322856 406.860455 223289.018392
63.916241 700.277691 550.642340 1996.536391 464.788828 35614.403729 408.669385 226452.323013
64.807198 700.789079 551.171318 2007.068927 466.506833 36460.598496 410.495392 229615.231842
65.710575 700.568315 551.329849 2033.720129 467.768201 37320.053329 412.329515 232814.404575
66.626545 699.836184 552.309591 2049.955047 468.331017 38283.760026 414.131635 236207.619183
67.555283 700.814380 553.150022 2094.201264 469.732175 39236.740569 415.950905 239599.074045
68.496967 700.571899 553.662503 2138.129594 468.729061 40179.934345 417.787445 242989.479170
69.451778 701.165900 554.291941 2181.953409 471.154384 41118.241193 417.865963 246386.227748
70.419898 702.617475 555.896038 2232.198781 473.231872 42120.903667 419.609942 250026.411630
71.401513 702.815282 557.427663 2282.015286 474.266102 42936.344025 421.370862 253664.007825
72.396811 702.575607 557.977885 2331.439655 475.312451 43747.635126 423.148846 257299.808405
73.405984 702.872832 559.677158 2376.804654 476.371039 44555.154870 424.944018 260934.570623
74.429223 703.399866 560.411599 2406.511645 477.427535 45444.834823 426.742889 264813.155012
75.466726 703.496513 561.162653 2436.397598 478.494716 46339.130612 428.931021 268716.334367
76.518692 703.924800 562.240886 2466.330419 479.574349 47228.605933 431.338083 272616.870397
77.585321 703.758122 562.563994 2496.314057 480.666555 48113.693882 433.765060 276515.606640
78.666818 704.116381 563.679025 2527.417336 482.373531 49073.935227 436.079288 280640.783937
79.763391 704.330324 565.249338 2558.887860 483.660506 50052.319948 438.089378 284830.554667
80.875249 704.925375 564.978756 2590.406733 484.679402 51325.409264 439.956372 288660.038844
82.002606 705.528208 565.495103 2621.978143 486.166214 52600.350737 441.841337 291079.725294
83.145678 706.089522 566.265175 2635.400482 487.888602 54001.264698 443.705432 293562.545468
84.304684 706.417925 566.942751 2648.983159 489.599260 55462.537549 445.565458 296086.806111
85.479845 706.421910 567.930421 2680.991664 491.327683 56259.385427 447.443517 298624.468677
86.671388 706.735433 569.828604 2735.562018 493.074013 56750.075674 449.339741 301175.674540
87.879540 707.757347 570.997326 2788.156419 494.796265 57324.946915 451.223243 303783.868332
89.104533 707.731254 571.363356 2823.027873 496.495737 58488.513057 451.573413 306447.353346
90.346602 708.090625 572.038852 2857.951025 498.212979 59645.127333 453.603055 309124.535534
91.605985 708.529336 572.955791 2892.930574 499.948137 60795.401867 455.651758 311815.568510
92.882923 708.987498 574.388117 2928.579251 501.631962 61873.061090 457.720446 314555.814743
94.177660 708.184982 575.791110 2961.211878 502.989658 62838.947309 459.809759 317367.361405
95.490446 708.348670 576.623690 2980.510721 504.362547 63883.791234 461.918548 320192.894297
96.821531 708.565697 578.729012 2999.951824 505.750769 65462.379758 464.046947 323032.580759
98.171170 708.816323 579.620253 3019.666635 507.139048 67091.086743 466.197117 325911.878362
99.539623 709.127238 580.617030 3039.915218 508.709699 68896.549511 468.318331 328880.875032
100.927151 711.223019 581.889765 3060.309268 510.358961 70680.107335 470.230143 331864.139149
102.334021 710.540204 582.775745 3080.849767 512.025789 72443.707402 472.160702 334861.853427
103.760502 709.712411 583.702112 3101.607803 513.701391 74225.138487 474.102372 337887.533279
105.206867 709.924990 585.394212 3123.020076 515.588652 76244.004320 476.006786 342386.698666
106.673394 711.290974 586.845923 3144.581963 518.016255 78237.840544 477.930000 346914.560654
108.160363 711.468470 588.311170 3166.294498 519.248100 80208.881705 479.872152 351445.983420
109.668060 712.202816 590.005826 3188.158721 520.321461 82159.132653 481.074670 355981.682781
111.196773 712.184820 591.095690 3210.810339 521.950623 84215.159928 481.638562 360811.277158
112.746796 712.752382 591.945956 3233.620519 523.596783 85502.281577 483.917319 365645.245559
114.318425 713.537962 593.418796 3256.585539 525.260622 86787.857335 486.216936 370482.204999
115.911962 713.524432 594.794858 3304.337670 526.942290 88072.195871 488.537557 375322.948852
117.527712 714.694003 595.885388 3370.223057 528.421288 89433.971928 490.763188 380440.293267
119.165984 715.180576 597.649165 3436.652299 528.931464 90806.194277 492.991132 385602.452649
120.827094 716.002573 598.089577 3502.721468 529.470707 92176.689807 495.239899 390766.949616
122.511358 716.788879 599.691319 3568.462875 530.717556 93545.791284 497.435899 395934.663033
124.219100 718.021335 601.575145 3639.302753 531.957834 94985.260890 499.388612 401356.738950
125.950646 718.366969 602.934378 3711.679846 533.204818 96448.537992 501.342635 406870.731915
127.706330 719.295251 603.338507 3751.085194 534.857181 97909.886661 503.316150 412386.317808
129.486487 719.625654 605.079078 3790.543794 535.903509 99647.843936 505.309306 417904.469618
131.291459 720.092686 606.246671 3841.614708 537.018619 102153.821527 506.976856 423649.158074
133.121590 720.763003 607.409458 3906.242343 537.947856 104778.984755 508.581866 429540.282193
134.977233 721.007250 608.397686 3970.697012 539.137753 107375.231805 510.204095 435432.155501
136.858742 721.902773 609.648981 4034.999060 540.570016 109945.091220 511.843687 441325.854479
138.766479 722.101591 610.566340 4093.968547 541.815308 112426.289725 513.487935 447411.972836
140.700809 722.430834 611.991693 4147.201807 542.513406 114039.162436 515.135507 453707.280825
142.662102 724.039596 612.880238 4200.488364 544.278837 115651.554431 516.800682 460002.386940
144.650734 724.709732 613.748544 4253.836234 545.744278 117263.788163 518.483608 466298.481302
146.667087 723.952835 614.739708 4308.210444 547.396149 118915.133017 520.174969 472745.820558
148.711546 724.720242 615.840666 4364.448673 548.980636 120639.480162 521.866360 479474.223182
150.784505 725.372711 616.882869 4420.740431 549.663275 122363.056243 523.575749 486388.594688
152.886359 725.688321 618.312189 4477.094286 550.807445 124086.216809 525.303286 494412.631814
155.017512 726.255694 619.068837 4534.147156 553.192779 126377.301897 527.043141 502572.488322
157.178372 725.673825 620.103884 4593.528911 554.624566 128571.026790 528.779716 511266.668960
159.369353 725.359284 622.500754 4652.964722 556.397425 130339.033420 530.534694 519933.627419
161.590875 725.882218 622.595473 4747.857171 557.295625 132107.528885 532.308229 528576.322914
163.843365 726.593361 624.856539 4840.565143 558.114252 133884.739107 534.098041 537265.250312
166.127252 726.801414 626.539640 4900.677967 559.830446 135744.891625 535.881272 546632.980785
168.442976 726.596880 627.158776 4960.885077 561.958106 137605.302242 537.683322 555970.159967
170.790980 727.137096 628.714508 5021.194412 563.366912 139466.310018 539.504345 565280.046892
173.171713 728.563672 630.288006 5081.613683 564.063774 141328.240955 539.774679 574565.709077
175.585633 728.745359 631.799413 5144.523267 564.747437 143280.417086 540.602123 584624.836085
178.033202 729.046735 633.301543 5207.636668 566.018503 145308.111338 542.863576 594684.715458
180.514888 729.383879 634.108735 5270.858295 568.021012 147413.921827 544.294753 604713.978953
183.031168 729.836924 635.533576 5334.196200 570.135042 149518.808170 544.536523 614716.000126
185.582523 730.840390 636.977654 5399.779411 572.506429 151748.732933 544.644648 625438.124281
188.169442 730.980440 638.109284 5465.908587 573.534397 154002.457150 544.725823 636277.085450
190.792422 732.015656 638.901816 5532.152540 575.419909 156254.411315 544.808117 647081.790213
193.451965 731.833033 640.047962 5598.519664 577.084081 158505.093236 544.891545 657855.946144
196.148581 732.200560 640.737315 5666.864989 578.265487 160869.163454 545.803530 669282.535974
198.882786 732.573508 642.316880 5736.119903 578.767864 163279.837761 547.083232 680961.093329
201.655104 732.656818 643.914507 5805.496744 581.454047 165688.308661 548.377724 692601.413642
204.466067 732.548674 644.817098 5875.004253 583.097821 167192.017802 549.687148 704207.568577
207.316213 733.010210 645.550907 5946.201129 584.075971 168839.160434 551.378905 716382.330117
210.206088 732.930231 647.064916 6048.765737 585.109069 171378.440430 551.900049 728965.360664
213.136247 732.722775 649.061069 6168.017694 586.154709 173915.266719 551.643551 741505.809873
216.107251 733.654569 650.083534 6286.622755 587.213024 176450.220804 551.383357 754008.145743
219.119669 734.049337 650.961258 6370.406255 588.317708 179054.518111 551.037284 766977.097759
222.174078 733.202140 651.929107 6450.040608 589.573790 181745.800278 550.581326 780534.066125
225.271064 733.922269 653.170429 6529.793511 590.870635 184434.505477 550.118627 794043.721696
228.411221 733.336497 654.046851 6609.675680 593.047148 187121.248948 549.649080 807510.963232
231.595149 732.776807 654.724654 6690.836391 595.237132 189859.183543 551.507805 821322.510494
234.823460 732.596095 655.376338 6763.109860 597.430096 192710.617473 553.752842 835927.684184
238.096772 732.623891 656.046902 6850.628648 599.645440 195559.353572 556.019918 850480.403485
241.415712 733.172307 657.350821 6928.531605 601.883340 198406.042219 558.309197 864986.034540
244.780916 732.684921 658.743269 7007.147320 603.131163 201347.307110 560.590410 879691.039196
248.193029 732.983245 659.328763 7088.246092 603.872418 204633.129808 562.757363 895423.688119
251.652705 732.927864 660.124692 7169.538773 605.572886 207911.742102 564.946036 911098.309109
255.160607 733.436457 661.445470 7251.034158 606.610486 212056.676674 567.156594 926720.774448
258.717408 733.985642 662.365729 7332.895555 607.663677 216511.076148 569.380755 942372.625828
262.323788 733.970960 664.073344 7417.709132 608.937608 219888.758568 571.476661 959317.198965
265.980440 734.275738 665.136599 7552.336274 609.913996 222615.144735 572.218136 976197.718798
269.688063 735.045897 665.926425 7659.655194 611.506536 225046.611107 571.447106 993020.604543
273.447368 735.408862 666.727939 7752.792455 613.321110 228559.691479 570.664264 1009791.880217
277.259076 735.784402 667.735573 7849.930781 615.170596 232343.925562 570.354086 1027921.558927
281.123917 736.160683 668.391783 7947.524077 617.008549 236141.491930 572.524850 1046097.282357
285.042632 735.439229 669.365427 8042.121974 616.966628 239930.632532 574.717502 1064209.467092
289.015972 735.226315 670.322828 8122.247621 618.753174 243712.449600 576.932210 1082264.687218
293.044698 736.469427 671.168404 8204.162767 621.131542 247749.380384 579.039238 1101568.804687
297.129582 735.315186 672.519375 8286.771805 623.527948 251843.333618 581.134183 1121559.863207
301.271407 736.603514 673.668235 8377.939182 625.189145 255918.022917 583.250647 1154475.803532
305.470967 736.891047 674.191906 8503.827049 625.574534 259766.217298 585.388800 1186918.931260
309.729067 736.993598 674.687841 8644.022066 626.116354 263802.809436 587.445523 1223242.347845
314.046522 737.444121 675.412422 8766.708913 626.741740 267929.269734 589.471492 1261116.044665
318.424160 737.405296 675.781404 8874.622940 628.364688 272049.352970 591.518617 1298390.197065
322.862820 738.578405 676.155325 8982.717668 628.667085 276164.116473 593.587069 1335121.867685
327.363353 739.319026 677.077661 9093.523992 630.108271 280440.428855 595.597860 1375297.426159
331.926620 739.670783 678.148445 9206.678002 630.693023 284852.977309 596.030133 1418191.875483
336.553498 739.625020 679.589316 9320.006764 631.605451 289258.316381 595.000754 1460398.465855
341.244871 739.732010 680.640894 9433.525306 634.118629 293657.595775 593.955205 1501982.937189
346.001639 739.273648 682.037281 9549.234217 634.751463 298186.672291 592.831744 1546388.885872
350.824714 740.157088 682.980855 9668.020283 635.334097 302904.387904 595.065402 1594966.846587
355.715021 741.935397 684.062089 9784.403691 637.270634 307614.001763 597.488515 1634308.414004
360.673495 742.149044 684.913004 9874.955915 639.086619 312316.762524 595.271565 1662104.627179
365.701088 742.909307 685.472919 9992.697969 641.139945 317075.339553 593.933498 1690507.577708
370.798763 744.058811 686.162093 10082.912838 642.479178 321987.024652 597.022157 1720593.342313
375.967497 744.894199 686.271038 10172.016315 643.790435 326891.834288 598.054980 1750570.642350
381.208280 745.324547 687.898751 10261.571919 645.523966 331790.992497 598.843503 1780450.556472
386.522116 745.691243 688.535336 10352.018719 646.607898 336686.093160 599.958818 1810035.114361
391.910025 746.698052 689.813745 10445.411154 648.970275 341580.253828 599.803644 1838361.227345
397.373038 747.981608 690.727326 10539.260492 650.672170 346472.057941 599.508131 1866643.367350
402.912203 749.280811 692.052847 10633.572382 652.435121 351362.521802 600.485342 1894888.802015
408.528580 750.001527 693.097083 10728.413066 653.417679 356257.780937 603.517460 1923138.212213
414.223247 751.507899 693.879999 10826.827287 652.707638 361416.266126 606.372262 1953080.813619
419.997295 752.585633 694.714627 10925.708291 653.788667 366777.094286 609.192919 1982979.227357
425.851829 753.270314 695.259723 11025.062212 655.730038 372580.316371 611.205995 2012841.024600
431.787973 754.409860 695.980920 11124.895162 655.700613 378373.567799 613.240385 2042673.408473
437.806863 755.722019 696.692792 11234.693938 655.609607 384317.166287 616.098974 2074084.410619
443.909653 756.905551 697.406848 11359.985708 654.207145 390270.685955 619.083432 2105651.352403
450.097513 758.336642 698.177876 11485.628597 653.430502 396215.868526 622.094874 2137182.323995
456.371628 759.762375 699.462675 11620.523114 653.560465 402154.197827 620.554930 2168684.805147
462.733201 761.944437 701.143673 11762.798713 654.596306 408401.151210 620.902511 2201565.632770
469.183451 763.564172 701.176908 11906.564812 653.494599 414737.100280 623.165998 2234847.775741
475.723614 764.945414 702.261387 12050.583869 653.110831 421064.037536 625.452674 2268095.265556
482.354943 767.350454 702.787089 12194.874032 654.378239 427383.548783 627.762720 2301315.837602
489.078709 768.941343 703.502905 12342.813203 656.063542 433973.921600 626.538235 2335698.369063
495.896201 770.252049 704.418724 12492.977910 657.729994 440715.764589 622.449567 2370735.409295
502.808725 771.278735 704.923627 12643.415005 659.444388 447447.881828 623.168887 2405739.907027
509.817606 773.450753 705.149456 12794.143201 661.119863 454171.967274 626.332160 2440719.826352
516.924187 775.215654 705.971868 12947.898129 662.230112 461123.162378 629.326762 2476632.134469
524.129830 777.235052 706.403857 13104.635820 663.126542 468295.535210 632.153210 2513455.312632
531.435916 778.954360 707.193023 13261.667111 663.910148 475457.430329 635.006212 2550248.983003
538.843844 780.746708 707.456996 13419.011259 665.351891 482610.656160 637.885955 2587021.305281
546.355035 783.014846 708.530911 13581.290370 667.004836 489940.759180 640.658447 2624487.168268
553.970928 785.720848 708.896327 13815.729603 668.171209 497569.461518 643.230962 2663117.746976
561.692982 787.627246 709.681319 13993.985370 669.716862 505186.898461 645.828874 2701722.911565
569.522678 790.111271 710.137830 14112.916246 671.501154 512794.999328 648.452374 2740310.978033
577.461515 793.387194 711.087032 14246.233010 673.131299 520522.777677 651.020950 2800333.859419
585.511016 796.419255 712.068347 14428.870007 675.064047 528634.745957 653.363485 2879912.103713
593.672722 797.971572 712.671076 14611.722254 676.542991 536734.629199 655.730129 2958414.895758
601.948197 799.542451 713.158773 14794.816159 677.151934 544824.484062 658.121073 3035940.129070
610.339029 802.160084 713.697255 14979.059317 677.861163 552969.382116 660.501618 3114143.753147
618.846824 804.602116 714.036916 15170.387940 678.917622 561592.638177 661.754640 3203409.652484
627.473213 807.137795 715.006658 15361.950773 679.712422 570202.963182 661.728730 3291449.002315
636.219849 809.700713 715.523457 15553.775196 680.517352 578802.547496 661.702459 3378373.912642
645.088409 812.291101 716.207561 15745.887735 681.120167 587393.474694 661.675821 3464284.310528
654.080591 814.915094 716.799450 15939.609208 681.944986 596548.247041 661.685262 3564178.769751
663.198120 817.083645 717.339708 16127.306874 683.014393 605698.020685 661.695396 3662908.020648
672.442742 819.071042 718.676355 16334.537289 683.172705 614836.328978 661.775517 3760367.825408
681.816229 821.081231 719.004817 16542.005977 683.098874 623965.388465 663.852383 3856672.398660
691.320378 824.567726 719.310757 16756.198966 683.490646 633610.251379 665.703946 3966465.139447
700.957009 828.157897 720.087639 16965.637878 684.259808 643329.375264 667.403203 4077168.181181
710.727970 831.275449 720.415951 17175.388878 684.663352 653036.307115 667.907582 4175672.678988
720.635132 834.107465 720.722959 17385.480140 684.565742 662733.402026 668.418603 4245549.032039
730.680395 836.974586 721.802239 17601.526972 685.031056 671111.350280 668.811252 4319515.262260
740.865683 839.738445 722.235236 17820.004222 684.752079 678399.234754 668.836774 4394832.937492
751.192949 841.884796 722.514246 18038.825458 685.203990 685709.628486 668.862651 4469904.929826
761.664172 844.076177 723.399288 18258.019489 685.679596 693043.197905 667.965581 4544757.444994
772.281357 846.006022 723.834160 18482.098188 686.253739 700459.378184 666.241699 4623150.709715
783.046540 848.063182 724.729607 18709.569364 686.911388 707939.127865 664.528186 4703796.428011
793.961785 850.699681 724.648580 18937.421852 687.285511 715443.304403 662.786264 4784178.523624
805.029181 853.866637 725.413514 19165.684938 687.277946 722972.562811 662.628350 4864325.088700
816.250851 857.058794 725.702946 19397.754797 687.283044 730567.690305 662.753914 4947371.193482
827.628946 860.101621 726.661184 19634.069626 687.356263 738234.409238 662.894065 5033674.980128
839.165644 863.175911 727.098348 19870.809337 688.081828 745927.547813 663.036139 5119696.608478
850.863158 866.281915 727.556358 20108.003490 689.405282 754849.426867 663.180163 5205466.143940
862.723729 869.412202 727.989773 20347.962151 690.702069 766180.147003 663.333264 5293396.329685
874.749630 872.559596 728.443282 20592.845224 691.135737 777970.037714 663.502428 5385696.792337
886.943166 875.739313 729.007506 20838.203811 691.989062 789744.588061 663.673907 5477696.148243
899.306672 879.139253 729.368478 21084.067510 691.769899 801506.680877 663.847730 5569426.513618
911.842520 882.641568 730.332804 21331.743127 691.731973 813415.109523 664.027698 5662476.639823
924.553110 885.751598 731.262070 21584.774480 691.524976 825898.972865 664.224456 5761117.991858
937.440879 888.732109 732.259107 21838.339809 691.842316 838367.077706 664.423896 5859439.124839
950.508296 892.440422 733.268658 22092.468481 693.026487 850822.453705 664.626056 5957474.269828
963.757866 895.961010 734.459213 22347.611759 692.598589 863329.857433 664.375955 6055883.864622
977.192128 899.524455 735.425595 22608.208614 691.800107 876535.100452 663.926645 6161212.021701
990.813657 902.160705 736.342069 22869.406369 691.604215 889724.331288 663.470761 6266201.012060
1004.625062 905.590287 737.387580 23131.233875 690.802215 902900.723847 663.008202 6370887.227089
1018.628990 909.054464 737.881942 23393.719318 689.717804 916067.302753 662.538866 6475304.927875
1032.828126 912.525439 738.366779 23660.911428 689.748195 929980.077637 662.123851 6587255.999513
1047.225190 916.029911 738.788663 23928.989523 690.176791 943916.132155 661.705980 6699256.066756
1061.822941 919.569597 739.216182 24190.164474 690.611090 957839.448611 661.282014 6810937.179552
1076.624177 923.144767 739.649408 24447.468101 690.319407 971753.185448 660.851862 6922335.660684
1091.631734 926.469299 740.060998 24709.125699 689.715771 986328.586711 660.464937 7040513.587649
1106.848489 929.835600 740.685269 24972.390098 690.042406 1001034.531669 660.083230 7159858.978249
1122.277356 933.097123 741.114852 25236.520383 689.500610 1015728.104143 659.695976 7278870.343746
1137.921294 935.888821 742.186488 25501.539476 689.245252 1030412.589059 659.303092 7397586.063029
1153.783300 939.550916 743.137342 25759.396940 688.669234 1045665.741349 658.943512 7522213.927714
1169.866413 943.354282 744.438416 25995.559386 687.932066 1061161.142251 658.596202 7649222.444697
1186.173716 947.266011 744.983736 26232.843174 687.421076 1076644.865461 658.243864 7775883.590075
1202.708335 951.542649 745.659975 26471.263008 687.463504 1092120.311848 657.886422 7902237.757840
1219.473437 955.868044 746.130012 26710.708837 687.674019 1108064.134032 657.553445 8033526.247852
1236.472235 958.752284 746.783586 26951.223849 687.892363 1124364.076192 657.238846 8168490.320826
1253.707987 961.457744 747.785551 27192.919610 688.113681 1140653.436326 656.919707 8303096.141962
1271.183997 964.193166 748.056411 27435.810620 688.338011 1156935.717155 656.595962 8437386.036629
1288.903612 966.908917 748.727636 27679.572005 688.568993 1173580.541279 656.288849 8575529.864138
1306.870230 969.589313 749.564732 27924.116433 688.807849 1190694.556114 656.005346 8718706.122390
1325.087292 972.605146 749.760215 28169.902264 689.049951 1207799.563968 655.717765 8861516.589848
1343.558290 976.411144 749.958371 28416.943774 689.295339 1224899.151484 655.426047 9004005.389452
1362.286764 980.234510 750.498903 28664.838272 689.545737 1242252.330393 655.144064 9149179.486951
1381.276303 984.538231 751.942927 28913.067023 689.803389 1260183.252949 654.890108 9300776.897912
1400.530545 988.776581 752.872471 29162.598749 690.064535 1278107.306438 654.632511 9452005.327384
1420.053182 993.162924 754.132589 29413.447496 690.329220 1296028.139526 654.371220 9602910.505212
1439.847953 997.677102 755.592851 29665.280878 690.597999 1314093.646300 654.113636 9755266.028625
1459.918652 1002.039131 756.277834 29916.830694 690.872826 1332836.444911 653.887741 9915432.805818
1480.269127 1005.829027 756.691599 30169.745619 691.151373 1351575.160785 653.658617 10075232.886344
1500.903276 1009.702233 757.110900 30424.039471 691.433688 1370313.478794 653.426217 10234713.353983
1521.825053 1013.971523 758.092451 30679.606840 691.719842 1389091.499451 653.192304 10394373.506556
1543.038469 1018.593553 758.697332 30934.100596 692.010324 1408632.135509 652.993041 10563183.178321
1564.547589 1023.258695 758.920099 31190.021777 692.304730 1428172.207023 652.790939 10731635.134987
1586.356534 1027.967250 759.167986 31447.383976 692.261914 1447715.405641 652.585955 10899777.495938
1608.469483 1032.719522 760.160164 31706.200820 691.797792 1467265.276774 652.378047 11067655.860414
1630.890676 1037.291693 761.165806 31963.522456 691.303203 1487516.318172 652.200985 11244270.415040
1653.624407 1042.066383 762.181930 32269.033492 690.799186 1507834.473331 652.024508 11421366.908421
1676.675035 1046.448103 763.210836 32576.310230 690.884242 1528160.055926 651.845521 11598171.407523
1700.046975 1050.122624 764.252671 32884.938865 694.149434 1548496.591900 651.663989 11774730.185709
1723.744708 1053.730446 765.285234 33195.701551 694.368723 1569399.625606 651.506719 11958623.714249
1747.772774 1057.347560 766.324697 33508.058865 693.453932 1590461.777319 651.354524 12144256.333582
1772.135779 1061.002505 767.377212 33821.825063 692.525155 1611536.491920 650.757398 12329623.339734
1796.838391 1066.596300 768.442927 34137.020595 692.110260 1632627.243371 649.676039 12514771.270049
1821.885343 1070.388049 769.501768 34453.899132 692.510721 1654403.326280 648.613468 12705815.376401
1847.281437 1074.895311 769.983595 34772.367551 694.143683 1678065.546715 647.553024 12899762.840830
1873.031539 1079.737722 770.568283 35092.324509 694.322304 1701721.707196 646.476022 13093480.957189
1899.140582 1084.814877 771.527678 35413.790140 694.216806 1725376.497156 645.382171 13287016.069136
1925.613572 1089.528189 772.553890 35736.630675 694.261104 1749515.974316 644.301117 13485023.127974
1952.455581 1094.246702 773.563794 36060.883736 694.441773 1774082.791948 643.230058 13686942.527694
1979.671753 1099.010304 774.586431 36386.706611 694.624912 1798649.496354 642.142244 13888679.643524
2007.267304 1103.819319 775.238651 36714.119113 694.810555 1823220.704847 641.037383 14090280.135493
2035.247521 1108.583690 776.167536 37042.755071 695.135635 1848129.280939 639.938664 14295002.501424
2063.617768 1113.257397 777.076490 37372.442472 695.672209 1873537.417898 638.858328 14504425.031235
2092.383480 1117.976304 777.989757 37688.498715 696.215841 1898952.657963 637.761064 14713723.757005
2121.550171 1122.291848 778.918318 37936.411124 696.461254 1924379.493696 636.646574 14922943.153775
2151.123430 1125.909880 779.843025 38181.343812 695.933254 1950014.538515 636.041986 15134073.623229
2181.108924 1129.454089 780.736927 38415.141031 695.733823 1976183.549891 636.650018 15350406.220573
2211.512400 1133.543932 781.642246 38650.753343 696.000877 2002368.185676 636.408422 15566685.118869
2242.339683 1138.316638 781.993910 38888.192497 696.271549 2028572.761583 635.263048 15773275.486564
2273.596682 1143.109867 782.332946 39124.906747 696.544313 2054883.129834 634.108706 15960390.434362
2305.289387 1147.792554 783.133709 39375.909975 696.811104 2081715.889375 632.992163 16148430.145874
2337.423871 1152.521091 784.368859 39722.426460 696.651638 2108103.627308 631.858042 16336881.350603
2370.006292 1157.295814 785.619244 40123.435113 695.766399 2123741.790252 630.706029 16525765.466767
2403.042894 1162.114792 786.687792 40525.972267 695.372657 2139478.321436 629.536576 16715098.708099
2436.540009 1166.786463 787.713094 40836.035233 694.907016 2155068.558776 628.414736 16904508.254064
2470.504055 1171.504235 788.751328 41104.113402 694.117081 2170761.798709 627.275210 17094415.419044
2504.941542 1176.268450 789.728611 41374.155010 693.315216 2186558.798332 626.117682 17284839.593555
2539.859069 1181.079454 790.634718 41689.337859 692.563076 2210938.179451 624.941830 17475799.771676
2575.263327 1185.752819 791.503475 42016.704230 692.882371 2235353.545814 623.807725 17666098.147816
2611.161101 1190.447880 792.376807 42345.036819 693.205059 2259835.095425 622.663829 17856817.113955
2647.559271 1195.790893 792.820628 42675.367099 693.532091 2284390.042918 621.501838 18048137.007951
2684.464811 1200.314364 793.170729 43007.711611 693.863525 2309020.677101 620.321427 18240075.006349
2721.884795 1204.648711 793.630969 43334.711424 694.192890 2333594.637840 619.174879 18430931.056725
2759.826392 1208.968436 794.579953 43661.351810 694.218896 2358205.725422 618.027583 18621889.382643
2798.296876 1213.738407 795.563643 43990.069096 693.933597 2382900.364381 616.862115 18813530.715817
2837.303617 1218.205250 796.559804 44320.879363 694.025868 2407680.643290 615.678149 19005870.564193
2876.854090 1222.045380 797.523504 44646.993910 694.466117 2432352.614854 614.519737 19197002.308999
2916.955876 1226.302336 798.472106 44971.136988 694.903089 2456997.731024 613.369951 19387718.936177
2957.616659 1230.603597 799.432781 45297.430252 694.975847 2481736.517594 612.201932 19579197.389053
2998.844231 1234.820983 800.405671 45625.889428 694.627258 2506570.871609 611.015353 19771451.693610
3040.646493 1238.424024 801.353915 45950.623073 694.279011 2531283.226154 609.845644 19962634.568372
3083.031457 1242.445776 802.276191 46271.518484 693.991809 2555872.424805 608.694223 20152733.202171
3126.007243 1246.510340 803.210241 46594.630640 694.417454 2580565.171952 607.524523 20343668.123266
3169.582089 1250.618075 803.618904 46919.975022 694.848765 2605363.187989 606.336214 20535452.083117
3213.764344 1254.659330 803.960807 47242.859337 695.900048 2630062.306638 605.155765 20726520.829534
3258.562476 1258.551748 804.286621 47559.822813 695.708278 2654514.149048 604.003510 20915736.450075
3303.985070 1262.486170 804.616841 47879.062232 696.141859 2679078.987616 602.832944 21105857.738636
3350.040830 1266.785135 804.951526 48200.592940 696.581209 2703758.385664 601.643736 21296896.384878
3396.738582 1270.828890 805.283532 48521.190577 697.022711 2728395.608291 600.453092 21487745.466618
3444.087276 1275.496449 805.596548 48798.665264 697.198761 2752639.614315 599.300757 21675924.180011
3492.095985 1280.709899 805.913803 49065.063078 696.810420 2777005.474205 598.130092 21865072.510661
3540.773909 1285.222653 806.235353 49432.848185 696.416445 2801494.616789 596.940765 22055201.291809
3590.130377 1289.395840 806.475006 49783.364100 696.018690 2826027.080422 595.740459 22245783.938038
3640.174847 1293.234706 806.355844 50090.719336 695.631512 2850005.523219 594.588751 22432877.046363
3690.916911 1296.622570 806.693376 50400.445268 695.238717 2874113.967721 593.418706 22620998.276666
3742.366291 1300.048646 807.474517 50712.557266 694.840221 2898353.732094 592.229992 22810157.794786
3794.532847 1305.321140 807.788276 51027.070808 694.435935 2922726.136256 591.022266 23000365.784628
3847.426577 1309.644252 808.079609 51329.259397 694.044113 2946414.036297 589.870131 23186537.343234
3901.057617 1313.345902 808.361649 51633.513421 693.647030 2970220.353930 588.701382 23373672.403321
3955.436245 1316.047524 808.367706 51940.188922 693.244179 2994165.267118 587.513967 23561898.574293
4010.572881 1319.653341 808.373847 52249.301512 692.835474 3018250.011185 586.307545 23751225.555973
4066.478092 1322.862364 808.868230 52547.654643 692.437131 3041715.848822 585.147395 23937172.209642
4123.162591 1326.639248 809.669087 52846.077858 692.035943 3065189.385960 583.980575 24123443.980097
4180.637241 1329.718252 810.480299 53146.950095 691.628926 3088808.001347 582.795106 24310855.111193
4238.913057 1334.319656 810.566158 53450.287167 691.215990 3112572.866837 581.590644 24499414.957064
4298.001206 1337.629433 810.703440 53744.635896 690.811204 3135810.872123 580.422907 24685328.163875
4357.913012 1342.149508 810.682258 54036.958167 690.406112 3158934.663056 579.258611 24870926.825776
4418.659956 1346.717102 811.458597 54331.749448 689.995131 3182209.231032 578.075692 25057709.093013
4480.253680 1351.332602 812.887746 54629.025804 689.578171 3205635.703379 576.873807 25245684.090074
4542.705986 1355.577141 813.599536 54919.242653 689.968200 3228646.717847 575.698905 25431781.423742
4606.028844 1359.536421 814.176648 55205.280245 690.365456 3251416.526211 574.537690 25616949.572042
4670.234388 1363.448642 814.148333 55493.799742 690.768016 3274342.069689 573.357888 25803342.195764
4735.334923 1367.103177 813.798295 55784.817493 691.175949 3297424.447367 572.159156 25990968.284974
4801.342924 1370.602345 813.448939 56070.815323 691.201351 3320215.342690 570.977504 26177487.871409
4868.271040 1373.909922 813.101311 56350.466668 690.930657 3342638.263307 569.819892 26362506.392969
4936.132098 1377.255495 813.242122 56646.701624 690.656082 3365221.205312 568.643737 26548787.525339
5004.939103 1380.639426 813.617803 57028.466754 690.377568 3387965.253025 567.448699 26736340.201014
5074.705239 1383.927289 814.100276 57409.237083 690.098704 3410548.309346 566.260704 26923535.668330
5145.443878 1386.979353 814.322568 57785.223969 689.823262 3432641.091514 565.107181 27108711.066684
5217.168576 1390.067119 814.666458 58151.569793 689.543869 3454897.595316 563.935170 27295185.087423
5289.893076 1394.478065 815.014993 58359.900458 689.163515 3477318.901085 562.744330 27482966.666744
5363.631317 1399.243694 815.359792 58568.713254 688.471961 3499711.154368 561.550392 27671102.594145
5438.397428 1403.860137 816.115127 58773.068010 687.793789 3521498.399582 560.401415 27856756.145441
5514.205739 1408.525481 817.058940 59021.524368 687.105480 3543452.574902 559.234011 28043742.763911
5591.070777 1413.240134 818.014797 59338.994536 686.406872 3565574.765012 558.047840 28232071.437931
5669.007271 1417.986371 818.979757 59657.661134 685.700060 3587797.332824 556.848351 28421419.308687
5748.030158 1421.461893 818.986351 59959.759087 685.011832 3609309.697652 555.704342 28607878.187527
5828.154581 1424.868759 818.589101 60264.521954 684.955184 3630991.804897 554.541977 28795703.501474
5909.395895 1428.314817 818.186117 60571.967470 685.102933 3652844.749858 553.360916 28984904.329318
5991.769669 1431.132086 818.220932 60882.113463 685.252708 3674869.635116 552.160813 29175489.814247
6075.291689 1433.498565 818.129975 61175.438226 685.400341 3696194.652489 551.017614 29363329.334513
6159.977960 1435.876394 818.410712 61470.243397 685.269882 3717639.407305 549.860690 29552318.811279
6245.844712 1438.283355 818.695265 61767.721406 684.885541 3739257.522673 548.685148 29742716.632150
6332.908400 1440.719761 819.191531 62067.890416 685.361444 3761050.116142 547.490643 29934532.061374
6421.185709 1442.953049 819.815924 62354.097817 685.195092 3782287.498086 546.342784 30124355.023819
6510.693555 1445.160414 820.442336 62639.139126 684.898510 3803532.546521 545.191674 30314828.247731
6601.449093 1447.700612 821.076991 62926.835489 684.597662 3824953.260531 544.022032 30506742.360615
6693.469713 1451.826401 821.719992 63217.205412 684.292485 3846550.775896 542.833512 30700106.771668
6786.773051 1455.891385 821.637784 63496.498822 683.992207 3867732.019776 541.681313 30892177.302028
6881.376986 1459.952276 820.562292 63772.078045 683.691920 3888816.624514 540.536364 31084444.263170
6977.299650 1464.058272 820.816388 64050.288105 683.387312 3910079.054538 539.372974 31278184.653337
7074.559423 1468.209780 821.073945 64331.147838 682.799257 3931520.466140 538.190799 31473408.045922
7173.174944 1472.321450 821.320682 64603.775666 682.216031 3952677.225204 537.034574 31667983.023750
7273.165113 1476.409802 821.559235 64867.451544 681.997387 3973641.178370 535.896107 31862341.696103
7374.549090 1480.275330 821.801043 65117.049527 682.068942 3994785.032969 534.739296 32058206.558435
7477.346305 1483.496100 822.046149 65369.153722 681.621705 4016109.967357 533.563799 32255587.364076
7581.576458 1486.676410 822.284565 65620.405217 680.976958 4037273.744438 532.403855 32452916.151513
7687.259522 1489.739968 822.512634 65869.616566 680.339271 4058156.503529 531.272167 32649651.109965
7794.415750 1491.977503 822.743817 66121.342785 679.692084 4079221.207613 530.122237 32847925.419374
7903.065679 1494.242808 822.978157 66375.603224 679.035246 4100469.058150 528.953725 33047749.026121
8013.230128 1497.350442 823.209293 66630.071006 678.377585 4121670.947014 527.790364 33248073.381155
8124.930211 1501.709374 823.257134 66881.521647 677.731553 4142510.977582 526.665729 33447455.226415
8238.187331 1505.484817 823.274790 67135.515809 677.075885 4163535.004971 525.522959 33648410.124238
8353.023195 1508.636409 823.292693 67392.073131 677.148487 4184744.254442 524.361717 33850948.225221
8469.459808 1511.795116 823.309159 67712.485978 677.286229 4206014.725871 523.195233 34054502.376080
8587.519485 1514.840803 823.713042 67972.658732 677.421255 4226849.026926 522.077902 34256787.765511
8707.224849 1517.922707 824.506958 68217.383792 677.558135 4247869.416693 520.942549 34460680.559246
8828.598841 1521.228617 824.742627 68464.627053 677.464876 4269077.144698 519.788838 34666191.121836
8951.664721 1525.939849 824.961952 68713.755767 676.989922 4290445.875036 518.619521 34873201.979643
9076.446073 1529.323452 825.166508 68948.982229 676.538472 4311309.659718 517.509725 35078634.094474
9202.966809 1531.479039 825.373863 69189.218971 676.080421 4332361.689028 516.382024 35285708.700423
9331.251175 1533.340623 825.584055 69426.842354 675.615668 4353603.237085 515.236084 35494436.384677
9461.323756 1535.324616 825.797123 69669.516154 675.144110 4375035.584298 514.071562 35704827.803293
9593.209478 1537.057455 825.997494 69899.798481 674.694010 4396025.480490 512.962167 35913933.182816
9726.933615 1540.540874 826.199035 70131.020170 674.240191 4417142.466115 511.842334 36124420.873090
9862.521795 1544.064826 826.081415 70364.689203 673.779734 4438451.232691 510.704384 36336597.760007
10000.000000 1545.535363 825.784716 70600.825834 673.312537 4459953.085455 509.547977 36550474.731044
