10.000000 0.276669 0.060771 0.508814 0.007225 0.627256 0.000704 0.663599
10.139395 0.277280 0.060862 0.510472 0.007232 0.628260 0.000707 0.664862
10.280732 0.277972 0.060950 0.512104 0.007239 0.629633 0.000710 0.666081
10.424040 0.278747 0.061034 0.513710 0.007246 0.630972 0.000712 0.667256
10.569346 0.279581 0.061116 0.515291 0.007253 0.632278 0.000715 0.668390
10.716676 0.280404 0.061194 0.516846 0.007270 0.633551 0.000717 0.669484
10.866061 0.281215 0.061270 0.518376 0.007306 0.634792 0.000720 0.670539
11.017528 0.282015 0.061343 0.520023 0.007343 0.636001 0.000722 0.671556
11.171107 0.282536 0.061414 0.521688 0.007379 0.637180 0.000725 0.672537
11.326826 0.282989 0.061482 0.523338 0.007414 0.638329 0.000727 0.673483
11.484715 0.283427 0.061547 0.524971 0.007450 0.639448 0.000729 0.674394
11.644806 0.283850 0.061610 0.526441 0.007485 0.640539 0.000732 0.675273
11.807128 0.284259 0.061671 0.527786 0.007520 0.641602 0.000734 0.676120
11.971713 0.284653 0.061730 0.528559 0.007555 0.642637 0.000736 0.676936
12.138593 0.285039 0.061787 0.529495 0.007589 0.643486 0.000738 0.677722
12.307798 0.285535 0.061841 0.530553 0.007607 0.644217 0.000740 0.678480
12.479362 0.286294 0.061894 0.531893 0.007620 0.644922 0.000743 0.679209
12.653318 0.286706 0.061944 0.532649 0.007632 0.645602 0.000745 0.679913
12.829698 0.287455 0.061993 0.534139 0.007644 0.646259 0.000747 0.680590
13.008537 0.287891 0.062040 0.535250 0.007656 0.646891 0.000749 0.681242
13.189869 0.288315 0.062085 0.535884 0.007668 0.647792 0.000751 0.681871
13.373729 0.289076 0.062176 0.537240 0.007679 0.648768 0.000752 0.682476
13.560151 0.289829 0.062267 0.538684 0.007706 0.649721 0.000754 0.683059
13.749172 0.290573 0.062357 0.539974 0.007748 0.650681 0.000756 0.683620
13.940828 0.291308 0.062452 0.540284 0.007791 0.651633 0.000758 0.684160
14.135156 0.292036 0.062627 0.540716 0.007832 0.652560 0.000760 0.684680
14.332192 0.292755 0.062800 0.541372 0.007874 0.653461 0.000761 0.685181
14.531975 0.293176 0.062970 0.542790 0.007915 0.654339 0.000763 0.685664
14.734543 0.293529 0.063139 0.544194 0.007929 0.654980 0.000765 0.686128
14.939935 0.293873 0.063306 0.545585 0.007937 0.655785 0.000766 0.686575
15.148189 0.294310 0.063471 0.546962 0.007944 0.656570 0.000768 0.687005
15.359347 0.294574 0.063635 0.547787 0.007951 0.657231 0.000769 0.687419
15.573448 0.294848 0.063796 0.548072 0.007958 0.657851 0.000771 0.687817
15.790533 0.295366 0.063955 0.548347 0.007965 0.658455 0.000772 0.688201
16.010645 0.296017 0.064113 0.548611 0.007971 0.659041 0.000774 0.688570
16.233824 0.296661 0.064268 0.549920 0.007978 0.659645 0.000775 0.688925
16.460115 0.297269 0.064363 0.551242 0.007984 0.660270 0.000777 0.689267
16.689560 0.297898 0.064440 0.552550 0.007990 0.660878 0.000778 0.689595
16.922204 0.298441 0.064515 0.553845 0.007996 0.661467 0.000779 0.689912
17.158090 0.298860 0.064589 0.554619 0.008001 0.662040 0.000781 0.690216
17.397264 0.299476 0.064661 0.554816 0.008007 0.662595 0.000782 0.690509
17.639773 0.300154 0.064732 0.555005 0.008012 0.663135 0.000783 0.690791
17.885662 0.300824 0.064801 0.555189 0.008017 0.663658 0.000784 0.691062
18.134978 0.301488 0.064912 0.555963 0.008022 0.664167 0.000786 0.691323
18.387770 0.302086 0.065039 0.556722 0.008027 0.664660 0.000787 0.691574
18.644085 0.302654 0.065056 0.557465 0.008031 0.665139 0.000788 0.691816
18.903974 0.303216 0.065072 0.558195 0.008036 0.665604 0.000789 0.692048
19.167485 0.303771 0.065123 0.558910 0.008040 0.666055 0.000790 0.692272
19.434669 0.304318 0.065183 0.559610 0.008044 0.666493 0.000791 0.692487
19.705578 0.304842 0.065242 0.560297 0.008048 0.666918 0.000792 0.692693
19.980263 0.305300 0.065300 0.561217 0.008052 0.667330 0.000793 0.692892
20.258777 0.305751 0.065356 0.562216 0.008056 0.667730 0.000794 0.693084
20.541173 0.306193 0.065411 0.563203 0.008060 0.668119 0.000795 0.693268
20.827506 0.306624 0.065465 0.564085 0.008063 0.668495 0.000796 0.693445
21.117830 0.307055 0.065517 0.564617 0.008067 0.668861 0.000797 0.693615
21.412202 0.307474 0.065569 0.565171 0.008070 0.669215 0.000798 0.693779
21.710676 0.307721 0.065619 0.566116 0.008073 0.669560 0.000799 0.693936
22.013311 0.307891 0.065668 0.567049 0.008076 0.669893 0.000800 0.694088
22.320165 0.308057 0.065716 0.567827 0.008079 0.670217 0.000801 0.694233
22.631296 0.308218 0.065762 0.568315 0.008082 0.670531 0.000802 0.694373
22.946764 0.308375 0.065808 0.568791 0.008085 0.670836 0.000803 0.694508
23.266629 0.308528 0.065853 0.569256 0.008088 0.671132 0.000803 0.694638
23.590953 0.308676 0.065896 0.569710 0.008091 0.671419 0.000804 0.694762
23.919798 0.308820 0.065939 0.570154 0.008093 0.671697 0.000805 0.694882
24.253227 0.309154 0.065981 0.570588 0.008096 0.671967 0.000806 0.694997
24.591304 0.309634 0.066021 0.571012 0.008098 0.672229 0.000807 0.695108
24.934094 0.310108 0.066061 0.571425 0.008100 0.672483 0.000807 0.695215
25.281661 0.310457 0.066100 0.571952 0.008103 0.672729 0.000808 0.695317
25.634074 0.310618 0.066138 0.572851 0.008105 0.672968 0.000809 0.695416
25.991399 0.310775 0.066150 0.573322 0.008122 0.673199 0.000809 0.695511
26.353705 0.310928 0.066157 0.573697 0.008142 0.673319 0.000810 0.695602
26.721062 0.311077 0.066164 0.573891 0.008162 0.673390 0.000811 0.695689
27.093539 0.311222 0.066170 0.574051 0.008182 0.673460 0.000811 0.695774
27.471208 0.311363 0.066177 0.574206 0.008202 0.673526 0.000812 0.695855
27.854142 0.311501 0.066183 0.574469 0.008221 0.673590 0.000813 0.695933
28.242413 0.311635 0.066188 0.575308 0.008240 0.673651 0.000813 0.696008
28.636097 0.311765 0.066194 0.575892 0.008258 0.673710 0.000814 0.696080
29.035269 0.311892 0.066199 0.576213 0.008277 0.673767 0.000814 0.696149
29.440005 0.312016 0.066204 0.576431 0.008295 0.673822 0.000815 0.696215
29.850382 0.312281 0.066209 0.576694 0.008312 0.673874 0.000815 0.696279
30.266481 0.312681 0.066214 0.576989 0.008330 0.673938 0.000816 0.696341
30.688379 0.312717 0.066219 0.577320 0.008347 0.674092 0.000817 0.696400
31.116158 0.312738 0.066223 0.577789 0.008364 0.674241 0.000817 0.696457
31.549901 0.312759 0.066228 0.578254 0.008380 0.674386 0.000818 0.696512
31.989689 0.312779 0.066232 0.578701 0.008397 0.674527 0.000818 0.696565
32.435608 0.312798 0.066236 0.579096 0.008413 0.674691 0.000818 0.696615
32.887743 0.312895 0.066239 0.579153 0.008428 0.674870 0.000819 0.696664
33.346180 0.312992 0.066243 0.579230 0.008444 0.675045 0.000819 0.696711
33.811008 0.313087 0.066246 0.579460 0.008459 0.675215 0.000820 0.696756
34.282315 0.313179 0.066250 0.579683 0.008474 0.675380 0.000820 0.696799
34.760192 0.313268 0.066253 0.579902 0.008489 0.675541 0.000821 0.696840
35.244730 0.313356 0.066256 0.580115 0.008503 0.675698 0.000821 0.696880
35.736022 0.313441 0.066259 0.580322 0.008518 0.675851 0.000822 0.696919
36.234163 0.313648 0.066262 0.580525 0.008532 0.676000 0.000822 0.696956
36.739248 0.313964 0.066265 0.580722 0.008545 0.676144 0.000822 0.696991
37.251373 0.314277 0.066267 0.580954 0.008559 0.676285 0.000823 0.697025
37.770637 0.314585 0.066270 0.581103 0.008572 0.676422 0.000823 0.697058
38.297139 0.314779 0.066272 0.581287 0.008585 0.676556 0.000823 0.697090
38.830980 0.314808 0.066275 0.581494 0.008598 0.676686 0.000824 0.697120
39.372263 0.314836 0.066277 0.581640 0.008611 0.676812 0.000824 0.697149
39.921091 0.315111 0.066279 0.581810 0.008623 0.676936 0.000825 0.697177
40.477570 0.315398 0.066281 0.581917 0.008635 0.677056 0.000825 0.697204
41.041805 0.315681 0.066283 0.582019 0.008647 0.677172 0.000825 0.697230
41.613906 0.315750 0.066285 0.582124 0.008659 0.677286 0.000825 0.697255
42.193981 0.315824 0.066287 0.582288 0.008671 0.677397 0.000826 0.697279
42.782142 0.316049 0.066289 0.582449 0.008682 0.677504 0.000826 0.697302
43.378502 0.316270 0.066291 0.582605 0.008693 0.677609 0.000826 0.697324
43.983175 0.316487 0.066292 0.582758 0.008704 0.677711 0.000827 0.697346
44.596276 0.316531 0.066294 0.582907 0.008715 0.677777 0.000827 0.697366
45.217924 0.316553 0.066296 0.583053 0.008726 0.677827 0.000827 0.697386
45.848238 0.316573 0.066297 0.583267 0.008736 0.677875 0.000828 0.697405
46.487337 0.316593 0.066299 0.583427 0.008747 0.677923 0.000828 0.697423
47.135345 0.316613 0.066300 0.583702 0.008757 0.677968 0.000828 0.697440
47.792386 0.316632 0.066301 0.583900 0.008767 0.678012 0.000828 0.697457
48.458586 0.316650 0.066302 0.583916 0.008777 0.678055 0.000829 0.697473
49.134073 0.316667 0.066304 0.583930 0.008786 0.678097 0.000829 0.697489
49.818975 0.316715 0.066305 0.584027 0.008796 0.678137 0.000829 0.697504
50.513425 0.316948 0.066306 0.584138 0.008805 0.678176 0.000829 0.697518
51.217554 0.317178 0.066307 0.584246 0.008814 0.678214 0.000829 0.697532
51.931499 0.317404 0.066308 0.584508 0.008823 0.678251 0.000830 0.697545
52.655396 0.317628 0.066309 0.584525 0.008832 0.678287 0.000830 0.697558
53.389384 0.317848 0.066310 0.584556 0.008840 0.678321 0.000830 0.697570
54.133603 0.318066 0.066311 0.584654 0.008849 0.678355 0.000830 0.697582
54.888196 0.318281 0.066312 0.584754 0.008857 0.678387 0.000831 0.697594
55.653308 0.318493 0.066313 0.584854 0.008865 0.678418 0.000831 0.697604
56.429085 0.318701 0.066314 0.585023 0.008873 0.678449 0.000831 0.697615
57.215676 0.318908 0.066314 0.585386 0.008881 0.678478 0.000831 0.697625
58.013231 0.319111 0.066315 0.585744 0.008889 0.678507 0.000831 0.697635
58.821904 0.319311 0.066316 0.586096 0.008897 0.678535 0.000831 0.697644
59.641849 0.319509 0.066317 0.586443 0.008904 0.678562 0.000832 0.697653
60.473224 0.319578 0.066317 0.586786 0.008912 0.678588 0.000832 0.697662
61.316188 0.319605 0.066318 0.586913 0.008919 0.678613 0.000832 0.697670
62.170903 0.319630 0.066319 0.587029 0.008926 0.678638 0.000832 0.697678
63.037532 0.319665 0.066319 0.587143 0.008933 0.678661 0.000832 0.697686
63.916241 0.319831 0.066320 0.587254 0.008940 0.678685 0.000832 0.697693
64.807198 0.319994 0.066320 0.587363 0.008946 0.678707 0.000833 0.697700
65.710575 0.320155 0.066321 0.587470 0.008953 0.678729 0.000833 0.697707
66.626545 0.320313 0.066321 0.587574 0.008960 0.678749 0.000833 0.697713
67.555283 0.320426 0.066322 0.587675 0.008966 0.678946 0.000833 0.697720
68.496967 0.320439 0.066322 0.587775 0.008972 0.679261 0.000833 0.697726
69.451778 0.320452 0.066323 0.587881 0.008978 0.679571 0.000833 0.697731
70.419898 0.320464 0.066323 0.588165 0.008985 0.679791 0.000833 0.697737
71.401513 0.320476 0.066324 0.588334 0.008991 0.679815 0.000834 0.697742
72.396811 0.320488 0.066324 0.588361 0.008996 0.679838 0.000834 0.697748
73.405984 0.320499 0.066324 0.588387 0.009002 0.679861 0.000834 0.697752
74.429223 0.320510 0.066325 0.588412 0.009008 0.679883 0.000834 0.697757
75.466726 0.320521 0.066325 0.588437 0.009013 0.679904 0.000834 0.697762
76.518692 0.320531 0.066326 0.588497 0.009019 0.679925 0.000834 0.697766
77.585321 0.320541 0.066326 0.588578 0.009024 0.679945 0.000834 0.697770
78.666818 0.320551 0.066326 0.588658 0.009029 0.679964 0.000834 0.697775
79.763391 0.320560 0.066327 0.588736 0.009035 0.679983 0.000835 0.697778
80.875249 0.320569 0.066327 0.588812 0.009040 0.680001 0.000835 0.697782
82.002606 0.320578 0.066327 0.588887 0.009045 0.680019 0.000835 0.697786
83.145678 0.320586 0.066327 0.588960 0.009049 0.680036 0.000835 0.697789
84.304684 0.320592 0.066328 0.589031 0.009054 0.680052 0.000835 0.697793
85.479845 0.320597 0.066328 0.589101 0.009059 0.680068 0.000835 0.697796
86.671388 0.320602 0.066328 0.589169 0.009064 0.680084 0.000835 0.697799
87.879540 0.320606 0.066332 0.589236 0.009068 0.680099 0.000835 0.697802
89.104533 0.320611 0.066344 0.589301 0.009073 0.680111 0.000835 0.697805
90.346602 0.320615 0.066355 0.589365 0.009077 0.680115 0.000835 0.697808
91.605985 0.320620 0.066366 0.589427 0.009081 0.680119 0.000835 0.697810
92.882923 0.320624 0.066377 0.589477 0.009086 0.680155 0.000836 0.697813
94.177660 0.320628 0.066388 0.589478 0.009090 0.680168 0.000836 0.697815
95.490446 0.320661 0.066399 0.589480 0.009094 0.680180 0.000836 0.697818
96.821531 0.320667 0.066409 0.589482 0.009098 0.680193 0.000836 0.697820
98.171170 0.320673 0.066419 0.589483 0.009102 0.680204 0.000836 0.697822
99.539623 0.320679 0.066429 0.589485 0.009106 0.680216 0.000836 0.697824
100.927151 0.320685 0.066439 0.589486 0.009110 0.680227 0.000836 0.697826
102.334021 0.320737 0.066448 0.589487 0.009113 0.680237 0.000836 0.697828
103.760502 0.320818 0.066457 0.589489 0.009117 0.680248 0.000836 0.697830
105.206867 0.320899 0.066466 0.589490 0.009121 0.680258 0.000836 0.697832
106.673394 0.320978 0.066475 0.589491 0.009124 0.680521 0.000836 0.697833
108.160363 0.321056 0.066484 0.589492 0.009128 0.680792 0.000836 0.697835
109.668060 0.321133 0.066493 0.589579 0.009131 0.680809 0.000836 0.697837
111.196773 0.321208 0.066501 0.589699 0.009134 0.680826 0.000836 0.697839
112.746796 0.321282 0.066509 0.589817 0.009138 0.680842 0.000837 0.697841
114.318425 0.321355 0.066517 0.589932 0.009141 0.680898 0.000837 0.697843
115.911962 0.321427 0.066525 0.590073 0.009144 0.681072 0.000837 0.697845
117.527712 0.321498 0.066533 0.590230 0.009147 0.681242 0.000837 0.697847
119.165984 0.321567 0.066541 0.590383 0.009150 0.681410 0.000837 0.697849
120.827094 0.321636 0.066548 0.590422 0.009153 0.681575 0.000837 0.697850
122.511358 0.321703 0.066556 0.590480 0.009156 0.681737 0.000837 0.697852
124.219100 0.321769 0.066563 0.590584 0.009159 0.681897 0.000837 0.697854
125.950646 0.321834 0.066570 0.590686 0.009162 0.682055 0.000837 0.697855
127.706330 0.321898 0.066577 0.590787 0.009165 0.682210 0.000837 0.697857
129.486487 0.321962 0.066583 0.590885 0.009167 0.682363 0.000837 0.697858
131.291459 0.322024 0.066590 0.590982 0.009170 0.682513 0.000837 0.697860
133.121590 0.322085 0.066596 0.591077 0.009173 0.682661 0.000837 0.697861
134.977233 0.322145 0.066603 0.591171 0.009175 0.682806 0.000837 0.697863
136.858742 0.322204 0.066609 0.591262 0.009178 0.682949 0.000837 0.697864
138.766479 0.322262 0.066615 0.591353 0.009180 0.683090 0.000837 0.697865
140.700809 0.322319 0.066621 0.591441 0.009183 0.683229 0.000837 0.697866
142.662102 0.322375 0.066627 0.591528 0.009185 0.683338 0.000837 0.697867
144.650734 0.322431 0.066633 0.591614 0.009188 0.683413 0.000837 0.697868
146.667087 0.322485 0.066638 0.591698 0.009190 0.683486 0.000837 0.697870
148.711546 0.322539 0.066644 0.591780 0.009192 0.683558 0.000837 0.697871
150.784505 0.322591 0.066649 0.591861 0.009195 0.683628 0.000838 0.697872
152.886359 0.322643 0.066654 0.591901 0.009197 0.683778 0.000838 0.697872
155.017512 0.322694 0.066660 0.591906 0.009199 0.683937 0.000838 0.697873
157.178372 0.322744 0.066665 0.591910 0.009201 0.684093 0.000838 0.697874
159.369353 0.322794 0.066670 0.591914 0.009203 0.684247 0.000838 0.697875
161.590875 0.322842 0.066675 0.591918 0.009205 0.684398 0.000838 0.697876
163.843365 0.322890 0.066679 0.591922 0.009207 0.684463 0.000838 0.697877
166.127252 0.322937 0.066684 0.591926 0.009209 0.684468 0.000838 0.697877
168.442976 0.322983 0.066689 0.591930 0.009211 0.684472 0.000838 0.697878
170.790980 0.323029 0.066693 0.591934 0.009213 0.684477 0.000838 0.697879
173.171713 0.323074 0.066698 0.591937 0.009215 0.684513 0.000838 0.697880
175.585633 0.323118 0.066702 0.591941 0.009217 0.684637 0.000838 0.697880
178.033202 0.323161 0.066706 0.591944 0.009219 0.684674 0.000838 0.697881
180.514888 0.323203 0.066710 0.591947 0.009220 0.684674 0.000838 0.697881
183.031168 0.323245 0.066714 0.591950 0.009222 0.684675 0.000838 0.697882
185.582523 0.323287 0.066718 0.591953 0.009224 0.684675 0.000838 0.697883
188.169442 0.323327 0.066722 0.591956 0.009225 0.684675 0.000838 0.697883
190.792422 0.323367 0.066726 0.591959 0.009227 0.684734 0.000838 0.697884
193.451965 0.323406 0.066730 0.591962 0.009229 0.684866 0.000838 0.697884
196.148581 0.323445 0.066734 0.591965 0.009230 0.684996 0.000838 0.697885
198.882786 0.323483 0.066737 0.591967 0.009232 0.685123 0.000838 0.697885
201.655104 0.323520 0.066741 0.591970 0.009233 0.685249 0.000838 0.697886
204.466067 0.323557 0.066744 0.591972 0.009235 0.685355 0.000838 0.697886
207.316213 0.323593 0.066748 0.591974 0.009236 0.685361 0.000838 0.697886
210.206088 0.323636 0.066751 0.591977 0.009238 0.685366 0.000838 0.697887
213.136247 0.323710 0.066754 0.591979 0.009239 0.685371 0.000838 0.697887
216.107251 0.323782 0.066757 0.591981 0.009241 0.685376 0.000838 0.697888
219.119669 0.323854 0.066760 0.591983 0.009242 0.685380 0.000838 0.697888
222.174078 0.323924 0.066764 0.591985 0.009243 0.685385 0.000838 0.697888
225.271064 0.323994 0.066767 0.591987 0.009245 0.685399 0.000838 0.697889
228.411221 0.324063 0.066773 0.591989 0.009246 0.685514 0.000838 0.697889
231.595149 0.324130 0.066779 0.591991 0.009247 0.685627 0.000838 0.697889
234.823460 0.324197 0.066784 0.591993 0.009249 0.685684 0.000838 0.697890
238.096772 0.324263 0.066790 0.591995 0.009250 0.685686 0.000838 0.697890
241.415712 0.324328 0.066795 0.591996 0.009251 0.685687 0.000838 0.697890
244.780916 0.324392 0.066801 0.591998 0.009252 0.685689 0.000838 0.697890
248.193029 0.324455 0.066806 0.592000 0.009253 0.685690 0.000838 0.697891
251.652705 0.324518 0.066811 0.592001 0.009254 0.685691 0.000838 0.697891
255.160607 0.324579 0.066816 0.592003 0.009256 0.685693 0.000838 0.697891
258.717408 0.324640 0.066821 0.592004 0.009257 0.685694 0.000838 0.697891
262.323788 0.324700 0.066826 0.592005 0.009258 0.685695 0.000838 0.697892
265.980440 0.324759 0.066831 0.592007 0.009259 0.685716 0.000838 0.697892
269.688063 0.324818 0.066836 0.592008 0.009260 0.685817 0.000838 0.697892
273.447368 0.324875 0.066840 0.592009 0.009261 0.685916 0.000838 0.697892
277.259076 0.324932 0.066845 0.592011 0.009262 0.686014 0.000839 0.697892
281.123917 0.324953 0.066850 0.592012 0.009263 0.686110 0.000839 0.697893
285.042632 0.324953 0.066854 0.592013 0.009264 0.686205 0.000839 0.697893
289.015972 0.324953 0.066858 0.592086 0.009265 0.686298 0.000839 0.697893
293.044698 0.324954 0.066863 0.592171 0.009266 0.686391 0.000839 0.697893
297.129582 0.324954 0.066867 0.592254 0.009267 0.686481 0.000839 0.697893
301.271407 0.324954 0.066871 0.592337 0.009268 0.686538 0.000839 0.697893
305.470967 0.324954 0.066875 0.592418 0.009268 0.686538 0.000839 0.697893
309.729067 0.324954 0.066879 0.592498 0.009269 0.686538 0.000839 0.697894
314.046522 0.324954 0.066883 0.592577 0.009270 0.686538 0.000839 0.697894
318.424160 0.324954 0.066887 0.592655 0.009271 0.686538 0.000839 0.697894
322.862820 0.324955 0.066891 0.592731 0.009272 0.686538 0.000839 0.697894
327.363353 0.324955 0.066894 0.592807 0.009273 0.686538 0.000839 0.697894
331.926620 0.324955 0.066898 0.592882 0.009273 0.686538 0.000839 0.697894
336.553498 0.324955 0.066902 0.592955 0.009274 0.686538 0.000839 0.697894
341.244871 0.324955 0.066905 0.593028 0.009275 0.686539 0.000839 0.697894
346.001639 0.324955 0.066909 0.593099 0.009276 0.686539 0.000839 0.697895
350.824714 0.324955 0.066912 0.593170 0.009276 0.686539 0.000839 0.697895
355.715021 0.324955 0.066915 0.593239 0.009277 0.686539 0.000839 0.697895
360.673495 0.324955 0.066919 0.593308 0.009278 0.686539 0.000839 0.697895
365.701088 0.324955 0.066922 0.593375 0.009279 0.686539 0.000839 0.697895
370.798763 0.324955 0.066925 0.593442 0.009279 0.686539 0.000839 0.697895
375.967497 0.324956 0.066928 0.593508 0.009280 0.686539 0.000839 0.697895
381.208280 0.324956 0.066931 0.593573 0.009281 0.686539 0.000839 0.697895
386.522116 0.324956 0.066934 0.593636 0.009281 0.686539 0.000839 0.697895
391.910025 0.324956 0.066937 0.593699 0.009282 0.686539 0.000839 0.697895
397.373038 0.324956 0.066940 0.593761 0.009283 0.686539 0.000839 0.697895
402.912203 0.324956 0.066943 0.593823 0.009283 0.686539 0.000839 0.697896
408.528580 0.324956 0.066946 0.593883 0.009284 0.686539 0.000839 0.697896
414.223247 0.324956 0.066949 0.593943 0.009284 0.686539 0.000839 0.697896
419.997295 0.324956 0.066951 0.594001 0.009285 0.686539 0.000839 0.697896
425.851829 0.324956 0.066954 0.594059 0.009285 0.686539 0.000839 0.697896
431.787973 0.324956 0.066957 0.594116 0.009286 0.686586 0.000839 0.697896
437.806863 0.324956 0.066959 0.594172 0.009287 0.686628 0.000839 0.697896
443.909653 0.324956 0.066962 0.594228 0.009287 0.686629 0.000839 0.697896
450.097513 0.324956 0.066964 0.594282 0.009288 0.686630 0.000839 0.697896
456.371628 0.324956 0.066967 0.594336 0.009288 0.686631 0.000839 0.697896
462.733201 0.324956 0.066969 0.594389 0.009289 0.686632 0.000839 0.697896
469.183451 0.324956 0.066971 0.594442 0.009289 0.686633 0.000839 0.697896
475.723614 0.324958 0.066974 0.594493 0.009290 0.686635 0.000839 0.697896
482.354943 0.324971 0.066976 0.594544 0.009290 0.686636 0.000839 0.697896
489.078709 0.324984 0.066978 0.594595 0.009291 0.686637 0.000839 0.697896
495.896201 0.324996 0.066980 0.594644 0.009291 0.686637 0.000839 0.697896
502.808725 0.325009 0.066983 0.594693 0.009292 0.686638 0.000839 0.697896
509.817606 0.325021 0.066985 0.594741 0.009292 0.686640 0.000839 0.697896
516.924187 0.325033 0.066987 0.594756 0.009292 0.686653 0.000839 0.697896
524.129830 0.325045 0.066989 0.594757 0.009293 0.686666 0.000839 0.697896
531.435916 0.325057 0.066991 0.594757 0.009293 0.686679 0.000839 0.697897
538.843844 0.325069 0.066993 0.594757 0.009294 0.686692 0.000839 0.697897
546.355035 0.325080 0.066995 0.594757 0.009294 0.686704 0.000839 0.697897
553.970928 0.325091 0.066997 0.594757 0.009295 0.686716 0.000839 0.697897
561.692982 0.325102 0.066999 0.594758 0.009295 0.686728 0.000839 0.697897
569.522678 0.325113 0.067000 0.594758 0.009295 0.686739 0.000839 0.697897
577.461515 0.325124 0.067002 0.594758 0.009296 0.686751 0.000839 0.697897
585.511016 0.325134 0.067004 0.594758 0.009296 0.686762 0.000839 0.697897
593.672722 0.325144 0.067006 0.594758 0.009296 0.686773 0.000839 0.697897
601.948197 0.325154 0.067007 0.594759 0.009297 0.686784 0.000839 0.697897
610.339029 0.325164 0.067009 0.594759 0.009297 0.686794 0.000839 0.697897
618.846824 0.325174 0.067011 0.594759 0.009297 0.686805 0.000839 0.697897
627.473213 0.325184 0.067012 0.594759 0.009298 0.686815 0.000839 0.697897
636.219849 0.325193 0.067014 0.594759 0.009298 0.686825 0.000839 0.697897
645.088409 0.325202 0.067016 0.594759 0.009298 0.686835 0.000839 0.697897
654.080591 0.325212 0.067017 0.594760 0.009299 0.686844 0.000839 0.697897
663.198120 0.325220 0.067019 0.594760 0.009299 0.686854 0.000839 0.697897
672.442742 0.325229 0.067020 0.594760 0.009299 0.686863 0.000839 0.697897
681.816229 0.325238 0.067022 0.594760 0.009300 0.686872 0.000839 0.697897
691.320378 0.325247 0.067023 0.594760 0.009300 0.686881 0.000839 0.697897
700.957009 0.325255 0.067024 0.594760 0.009300 0.686890 0.000839 0.697897
710.727970 0.325263 0.067026 0.594760 0.009301 0.686899 0.000839 0.697897
720.635132 0.325271 0.067027 0.594761 0.009301 0.686907 0.000839 0.697897
730.680395 0.325279 0.067029 0.594761 0.009301 0.686915 0.000839 0.697897
740.865683 0.325287 0.067030 0.594761 0.009301 0.686923 0.000839 0.697897
751.192949 0.325295 0.067031 0.594761 0.009302 0.686931 0.000839 0.697897
761.664172 0.325303 0.067032 0.594761 0.009302 0.686939 0.000839 0.697897
772.281357 0.325310 0.067034 0.594761 0.009302 0.686947 0.000839 0.697897
783.046540 0.325317 0.067035 0.594761 0.009302 0.686955 0.000839 0.697897
793.961785 0.325325 0.067036 0.594761 0.009303 0.686962 0.000839 0.697897
805.029181 0.325332 0.067037 0.594761 0.009303 0.686969 0.000839 0.697897
816.250851 0.325339 0.067039 0.594761 0.009303 0.686976 0.000839 0.697897
827.628946 0.325346 0.067040 0.594762 0.009303 0.686983 0.000839 0.697897
839.165644 0.325353 0.067041 0.594762 0.009304 0.686990 0.000839 0.697897
850.863158 0.325359 0.067042 0.594762 0.009304 0.686997 0.000839 0.697897
862.723729 0.325366 0.067043 0.594762 0.009304 0.687004 0.000839 0.697897
874.749630 0.325372 0.067044 0.594762 0.009304 0.687010 0.000839 0.697897
886.943166 0.325379 0.067045 0.594762 0.009305 0.687016 0.000839 0.697897
899.306672 0.325385 0.067046 0.594762 0.009305 0.687023 0.000839 0.697897
911.842520 0.325391 0.067047 0.594762 0.009305 0.687029 0.000839 0.697897
924.553110 0.325397 0.067048 0.594762 0.009305 0.687035 0.000839 0.697897
937.440879 0.325403 0.067049 0.594762 0.009305 0.687041 0.000839 0.697897
950.508296 0.325409 0.067050 0.594762 0.009306 0.687046 0.000839 0.697897
963.757866 0.325414 0.067051 0.594762 0.009306 0.687052 0.000839 0.697897
977.192128 0.325420 0.067052 0.594762 0.009306 0.687058 0.000839 0.697897
990.813657 0.325426 0.067053 0.594762 0.009306 0.687063 0.000839 0.697905
1004.625062 0.325431 0.067054 0.594763 0.009306 0.687069 0.000839 0.697932
1018.628990 0.325436 0.067055 0.594763 0.009307 0.687074 0.000839 0.697959
1032.828126 0.325442 0.067055 0.594763 0.009307 0.687079 0.000839 0.697986
1047.225190 0.325447 0.067056 0.594763 0.009307 0.687084 0.000839 0.698012
1061.822941 0.325452 0.067057 0.594763 0.009307 0.687089 0.000839 0.698038
1076.624177 0.325457 0.067058 0.594763 0.009307 0.687094 0.000839 0.698063
1091.631734 0.325462 0.067059 0.594763 0.009307 0.687099 0.000839 0.698088
1106.848489 0.325467 0.067060 0.594763 0.009308 0.687103 0.000839 0.698113
1122.277356 0.325472 0.067060 0.594763 0.009308 0.687108 0.000839 0.698137
1137.921294 0.325476 0.067061 0.594763 0.009308 0.687113 0.000839 0.698162
1153.783300 0.325481 0.067062 0.594763 0.009308 0.687117 0.000839 0.698185
1169.866413 0.325485 0.067063 0.594763 0.009308 0.687121 0.000839 0.698209
1186.173716 0.325490 0.067063 0.594763 0.009308 0.687126 0.000839 0.698232
1202.708335 0.325494 0.067064 0.594763 0.009308 0.687130 0.000839 0.698254
1219.473437 0.325499 0.067065 0.594763 0.009309 0.687134 0.000839 0.698277
1236.472235 0.325503 0.067065 0.594763 0.009309 0.687138 0.000839 0.698299
1253.707987 0.325507 0.067066 0.594763 0.009309 0.687142 0.000839 0.698320
1271.183997 0.325511 0.067067 0.594763 0.009309 0.687146 0.000839 0.698342
1288.903612 0.325515 0.067067 0.594763 0.009309 0.687150 0.000839 0.698363
1306.870230 0.325519 0.067068 0.594763 0.009309 0.687154 0.000839 0.698384
1325.087292 0.325523 0.067069 0.594775 0.009309 0.687157 0.000839 0.698404
1343.558290 0.325527 0.067069 0.594792 0.009309 0.687161 0.000839 0.698424
1362.286764 0.325531 0.067070 0.594809 0.009310 0.687164 0.000839 0.698444
1381.276303 0.325534 0.067070 0.594817 0.009310 0.687168 0.000839 0.698464
1400.530545 0.325538 0.067071 0.594817 0.009310 0.687171 0.000839 0.698483
1420.053182 0.325542 0.067072 0.594817 0.009310 0.687175 0.000839 0.698502
1439.847953 0.325545 0.067072 0.594817 0.009310 0.687178 0.000839 0.698521
1459.918652 0.325549 0.067073 0.594817 0.009310 0.687181 0.000839 0.698539
1480.269127 0.325552 0.067073 0.594817 0.009310 0.687184 0.000839 0.698558
1500.903276 0.325556 0.067074 0.594817 0.009310 0.687187 0.000839 0.698576
1521.825053 0.325559 0.067074 0.594817 0.009310 0.687191 0.000839 0.698593
1543.038469 0.325562 0.067075 0.594817 0.009311 0.687194 0.000839 0.698611
1564.547589 0.325565 0.067075 0.594817 0.009311 0.687196 0.000839 0.698628
1586.356534 0.325568 0.067076 0.594817 0.009311 0.687199 0.000839 0.698645
1608.469483 0.325572 0.067076 0.594817 0.009311 0.687202 0.000839 0.698662
1630.890676 0.325575 0.067077 0.594817 0.009311 0.687205 0.000839 0.698678
1653.624407 0.325578 0.067077 0.594817 0.009311 0.687208 0.000839 0.698685
1676.675035 0.325581 0.067078 0.594818 0.009311 0.687210 0.000839 0.698685
1700.046975 0.325583 0.067078 0.594818 0.009311 0.687213 0.000839 0.698685
1723.744708 0.325586 0.067079 0.594818 0.009311 0.687216 0.000839 0.698685
1747.772774 0.325589 0.067079 0.594818 0.009311 0.687218 0.000839 0.698685
1772.135779 0.325592 0.067080 0.594818 0.009312 0.687221 0.000839 0.698685
1796.838391 0.325595 0.067080 0.594818 0.009312 0.687223 0.000839 0.698685
1821.885343 0.325597 0.067080 0.594818 0.009312 0.687225 0.000839 0.698685
1847.281437 0.325600 0.067081 0.594818 0.009312 0.687228 0.000839 0.698685
1873.031539 0.325602 0.067081 0.594818 0.009312 0.687230 0.000839 0.698685
1899.140582 0.325605 0.067082 0.594818 0.009312 0.687232 0.000839 0.698685
1925.613572 0.325607 0.067082 0.594818 0.009312 0.687234 0.000839 0.698685
1952.455581 0.325610 0.067082 0.594818 0.009312 0.687237 0.000839 0.698685
1979.671753 0.325612 0.067083 0.594818 0.009312 0.687239 0.000839 0.698685
2007.267304 0.325615 0.067083 0.594818 0.009312 0.687241 0.000839 0.698685
2035.247521 0.325617 0.067084 0.594818 0.009312 0.687243 0.000839 0.698685
2063.617768 0.325619 0.067084 0.594818 0.009312 0.687245 0.000839 0.698685
2092.383480 0.325622 0.067084 0.594818 0.009312 0.687247 0.000839 0.698685
2121.550171 0.325624 0.067085 0.594818 0.009312 0.687249 0.000839 0.698685
2151.123430 0.325626 0.067085 0.594818 0.009313 0.687251 0.000839 0.698685
2181.108924 0.325628 0.067085 0.594818 0.009313 0.687253 0.000839 0.698685
2211.512400 0.325630 0.067086 0.594818 0.009313 0.687254 0.000839 0.698685
2242.339683 0.325632 0.067086 0.594818 0.009313 0.687256 0.000839 0.698685
2273.596682 0.325634 0.067086 0.594818 0.009313 0.687258 0.000839 0.698685
2305.289387 0.325636 0.067087 0.594818 0.009313 0.687260 0.000839 0.698685
2337.423871 0.325638 0.067087 0.594818 0.009313 0.687261 0.000839 0.698685
2370.006292 0.325640 0.067087 0.594818 0.009313 0.687263 0.000839 0.698685
2403.042894 0.325642 0.067087 0.594818 0.009313 0.687265 0.000839 0.698685
2436.540009 0.325644 0.067088 0.594818 0.009313 0.687266 0.000839 0.698685
2470.504055 0.325646 0.067088 0.594818 0.009313 0.687268 0.000839 0.698685
2504.941542 0.325648 0.067088 0.594818 0.009313 0.687270 0.000839 0.698685
2539.859069 0.325650 0.067089 0.594818 0.009313 0.687271 0.000839 0.698685
2575.263327 0.325651 0.067089 0.594818 0.009313 0.687273 0.000839 0.698685
2611.161101 0.325653 0.067089 0.594818 0.009313 0.687274 0.000839 0.698685
2647.559271 0.325655 0.067089 0.594819 0.009313 0.687275 0.000839 0.698685
2684.464811 0.325656 0.067090 0.594819 0.009313 0.687277 0.000839 0.698685
2721.884795 0.325658 0.067090 0.594819 0.009313 0.687278 0.000839 0.698685
2759.826392 0.325660 0.067090 0.594819 0.009314 0.687280 0.000839 0.698685
2798.296876 0.325661 0.067090 0.594819 0.009314 0.687281 0.000839 0.698685
2837.303617 0.325663 0.067091 0.594819 0.009314 0.687282 0.000839 0.698685
2876.854090 0.325664 0.067091 0.594819 0.009314 0.687284 0.000839 0.698685
2916.955876 0.325666 0.067091 0.594819 0.009314 0.687285 0.000839 0.698685
2957.616659 0.325667 0.067091 0.594819 0.009314 0.687286 0.000839 0.698685
2998.844231 0.325669 0.067091 0.594819 0.009314 0.687287 0.000839 0.698685
3040.646493 0.325670 0.067092 0.594819 0.009314 0.687288 0.000839 0.698685
3083.031457 0.325672 0.067092 0.594819 0.009314 0.687290 0.000839 0.698685
3126.007243 0.325673 0.067092 0.594819 0.009314 0.687291 0.000839 0.698685
3169.582089 0.325674 0.067092 0.594819 0.009314 0.687292 0.000839 0.698685
3213.764344 0.325676 0.067093 0.594819 0.009314 0.687293 0.000839 0.698685
3258.562476 0.325677 0.067093 0.594819 0.009314 0.687294 0.000839 0.698685
3303.985070 0.325678 0.067093 0.594819 0.009314 0.687295 0.000839 0.698685
3350.040830 0.325680 0.067093 0.594819 0.009314 0.687296 0.000839 0.698685
3396.738582 0.325681 0.067093 0.594819 0.009314 0.687297 0.000839 0.698685
3444.087276 0.325682 0.067093 0.594819 0.009314 0.687298 0.000839 0.698685
3492.095985 0.325683 0.067094 0.594819 0.009314 0.687299 0.000839 0.698685
3540.773909 0.325685 0.067094 0.594819 0.009314 0.687300 0.000839 0.698685
3590.130377 0.325686 0.067094 0.594819 0.009314 0.687301 0.000839 0.698685
3640.174847 0.325687 0.067094 0.594819 0.009314 0.687302 0.000839 0.698685
3690.916911 0.325688 0.067094 0.594819 0.009314 0.687303 0.000839 0.698685
3742.366291 0.325689 0.067095 0.594819 0.009314 0.687304 0.000839 0.698685
3794.532847 0.325690 0.067095 0.594819 0.009314 0.687305 0.000839 0.698685
3847.426577 0.325691 0.067095 0.594819 0.009314 0.687306 0.000839 0.698685
3901.057617 0.325692 0.067095 0.594819 0.009314 0.687306 0.000839 0.698685
3955.436245 0.325693 0.067095 0.594819 0.009315 0.687307 0.000839 0.698685
4010.572881 0.325694 0.067095 0.594819 0.009315 0.687308 0.000839 0.698685
4066.478092 0.325696 0.067095 0.594819 0.009315 0.687309 0.000839 0.698685
4123.162591 0.325697 0.067096 0.594819 0.009315 0.687310 0.000839 0.698685
4180.637241 0.325697 0.067096 0.594819 0.009315 0.687310 0.000839 0.698685
4238.913057 0.325698 0.067096 0.594819 0.009315 0.687311 0.000839 0.698685
4298.001206 0.325699 0.067096 0.594819 0.009315 0.687312 0.000839 0.698685
4357.913012 0.325700 0.067096 0.594819 0.009315 0.687313 0.000839 0.698685
4418.659956 0.325701 0.067096 0.594819 0.009315 0.687313 0.000839 0.698685
4480.253680 0.325702 0.067096 0.594819 0.009315 0.687314 0.000839 0.698685
4542.705986 0.325703 0.067097 0.594819 0.009315 0.687315 0.000839 0.698685
4606.028844 0.325704 0.067097 0.594819 0.009315 0.687315 0.000839 0.698685
4670.234388 0.325705 0.067097 0.594819 0.009315 0.687316 0.000839 0.698685
4735.334923 0.325706 0.067097 0.594819 0.009315 0.687317 0.000839 0.698685
4801.342924 0.325706 0.067097 0.594819 0.009315 0.687317 0.000839 0.698685
4868.271040 0.325707 0.067097 0.594819 0.009315 0.687318 0.000839 0.698685
4936.132098 0.325708 0.067097 0.594819 0.009315 0.687319 0.000839 0.698685
5004.939103 0.325709 0.067097 0.594819 0.009315 0.687319 0.000839 0.698685
5074.705239 0.325710 0.067098 0.594819 0.009315 0.687320 0.000839 0.698685
5145.443878 0.325710 0.067098 0.594819 0.009315 0.687320 0.000839 0.698685
5217.168576 0.325711 0.067098 0.594819 0.009315 0.687321 0.000839 0.698685
5289.893076 0.325712 0.067098 0.594819 0.009315 0.687321 0.000839 0.698685
5363.631317 0.325713 0.067098 0.594819 0.009315 0.687322 0.000839 0.698685
5438.397428 0.325713 0.067098 0.594819 0.009315 0.687323 0.000839 0.698685
5514.205739 0.325714 0.067098 0.594819 0.009315 0.687323 0.000839 0.698685
5591.070777 0.325715 0.067098 0.594819 0.009315 0.687324 0.000839 0.698685
5669.007271 0.325715 0.067098 0.594819 0.009315 0.687324 0.000839 0.698685
5748.030158 0.325716 0.067098 0.594819 0.009315 0.687325 0.000839 0.698685
5828.154581 0.325717 0.067099 0.594819 0.009315 0.687325 0.000839 0.698685
5909.395895 0.325717 0.067099 0.594819 0.009315 0.687326 0.000839 0.698685
5991.769669 0.325718 0.067099 0.594819 0.009315 0.687326 0.000839 0.698685
6075.291689 0.325719 0.067099 0.594819 0.009315 0.687327 0.000839 0.698685
6159.977960 0.325719 0.067099 0.594819 0.009315 0.687327 0.000839 0.698685
6245.844712 0.325720 0.067099 0.594819 0.009315 0.687327 0.000839 0.698685
6332.908400 0.325720 0.067099 0.594819 0.009315 0.687328 0.000839 0.698685
6421.185709 0.325721 0.067099 0.594819 0.009315 0.687328 0.000839 0.698685
6510.693555 0.325722 0.067099 0.594819 0.009315 0.687329 0.000839 0.698685
6601.449093 0.325722 0.067099 0.594819 0.009315 0.687329 0.000839 0.698685
6693.469713 0.325723 0.067099 0.594819 0.009315 0.687330 0.000839 0.698685
6786.773051 0.325723 0.067100 0.594819 0.009315 0.687330 0.000839 0.698685
6881.376986 0.325724 0.067100 0.594819 0.009315 0.687330 0.000839 0.698685
6977.299650 0.325724 0.067100 0.594819 0.009315 0.687331 0.000839 0.698685
7074.559423 0.325725 0.067100 0.594819 0.009315 0.687331 0.000839 0.698685
7173.174944 0.325725 0.067100 0.594819 0.009315 0.687331 0.000839 0.698685
7273.165113 0.325726 0.067100 0.594819 0.009315 0.687332 0.000839 0.698685
7374.549090 0.325726 0.067100 0.594819 0.009315 0.687332 0.000839 0.698685
7477.346305 0.325727 0.067100 0.594819 0.009315 0.687333 0.000839 0.698685
7581.576458 0.325727 0.067100 0.594819 0.009315 0.687333 0.000839 0.698685
7687.259522 0.325728 0.067100 0.594819 0.009315 0.687333 0.000839 0.698685
7794.415750 0.325728 0.067100 0.594819 0.009315 0.687334 0.000839 0.698685
7903.065679 0.325729 0.067100 0.594819 0.009315 0.687334 0.000839 0.698685
8013.230128 0.325729 0.067100 0.594819 0.009315 0.687334 0.000839 0.698685
8124.930211 0.325730 0.067100 0.594819 0.009315 0.687334 0.000839 0.698685
8238.187331 0.325730 0.067100 0.594819 0.009315 0.687335 0.000839 0.698685
8353.023195 0.325730 0.067101 0.594819 0.009316 0.687335 0.000839 0.698685
8469.459808 0.325731 0.067101 0.594819 0.009316 0.687335 0.000839 0.698685
8587.519485 0.325731 0.067101 0.594819 0.009316 0.687336 0.000839 0.698685
8707.224849 0.325732 0.067101 0.594819 0.009316 0.687336 0.000839 0.698685
8828.598841 0.325732 0.067101 0.594819 0.009316 0.687336 0.000839 0.698685
8951.664721 0.325732 0.067101 0.594819 0.009316 0.687336 0.000839 0.698685
9076.446073 0.325733 0.067101 0.594819 0.009316 0.687337 0.000839 0.698685
9202.966809 0.325733 0.067101 0.594819 0.009316 0.687337 0.000839 0.698685
9331.251175 0.325734 0.067101 0.594819 0.009316 0.687337 0.000839 0.698685
9461.323756 0.325734 0.067101 0.594819 0.009316 0.687338 0.000839 0.698685
9593.209478 0.325734 0.067101 0.594819 0.009316 0.687338 0.000839 0.698685
9726.933615 0.325735 0.067101 0.594819 0.009316 0.687338 0.000839 0.698685
9862.521795 0.325735 0.067101 0.594819 0.009316 0.687338 0.000839 0.698685
10000.000000 0.325735 0.067101 0.594819 0.009316 0.687339 0.000839 0.698685
