10.000000 -0.880049 -2.012621 0.299310 -2.496671 0.831961 -2.788764 1.152309
10.139395 -0.888605 -2.021678 0.290871 -2.503485 0.831199 -2.794237 1.149459
10.280732 -0.910803 -2.028727 0.282266 -2.510263 0.849180 -2.799594 1.516141
10.424040 -0.927504 -2.024465 0.276767 -2.514018 0.849028 -2.804831 1.401210
10.569346 -0.952793 -2.030869 0.268201 -2.516964 0.858511 -2.809945 1.500445
10.716676 -0.981386 -2.037028 0.263699 -2.523958 0.848744 -2.814930 1.492702
10.866061 -0.991440 -2.041097 0.259608 -2.531800 0.827232 -2.819783 1.135615
11.017528 -1.000405 -2.050694 0.255487 -2.539636 0.826407 -2.824500 1.132981
11.171107 -1.020752 -2.057379 0.251337 -2.547466 0.848261 -2.829077 1.470166
11.326826 -1.043974 -2.064101 0.247156 -2.555290 0.799058 -2.833509 0.976760
11.484715 -1.054169 -2.070703 0.242945 -2.562910 0.823870 -2.837791 1.125219
11.644806 -1.075516 -2.077657 0.239870 -2.570621 0.847758 -2.841921 1.352115
11.807128 -1.081403 -2.084490 0.234433 -2.579032 0.821939 -2.845892 1.346322
11.971713 -1.089499 -2.085884 0.227606 -2.586551 0.847388 -2.849701 1.434627
12.138593 -1.105545 -2.090496 0.225801 -2.594299 0.820730 -2.853943 1.115293
12.307798 -1.112590 -2.091698 0.221708 -2.602074 0.820083 -2.863372 1.112914
12.479362 -1.111930 -2.094571 0.217052 -2.609840 0.849165 -2.872817 1.414347
12.653318 -1.112583 -2.090496 0.212633 -2.617594 0.818765 -2.882279 1.108192
12.829698 -1.125726 -2.090962 0.208185 -2.625338 0.818093 -2.891757 1.105885
13.008537 -1.139627 -2.094571 0.203708 -2.633071 0.817412 -2.901252 1.103562
13.189869 -1.157341 -2.104813 0.199201 -2.640791 0.816722 -2.910763 1.101303
13.373729 -1.167730 -2.111793 0.194666 -2.648499 0.845902 -2.920291 1.382358
13.560151 -1.173214 -2.118811 0.190103 -2.656195 0.812425 -2.929834 1.376219
13.749172 -1.185269 -2.111529 0.185851 -2.663876 0.783164 -2.939394 0.973243
13.940828 -1.188088 -2.113753 0.182522 -2.670847 0.845320 -2.948970 1.364156
14.135156 -1.191162 -2.119164 0.180528 -2.677087 0.812453 -2.958562 1.090412
14.332192 -1.205304 -2.114491 0.175775 -2.683260 0.810788 -2.968171 1.088301
14.531975 -1.214064 -2.120521 0.171053 -2.689363 0.807200 -2.977795 1.346626
14.734543 -1.222831 -2.126560 0.167222 -2.695394 0.806115 -2.987437 1.340969
14.939935 -1.235023 -2.132608 0.161986 -2.701351 0.805675 -2.997094 1.335332
15.148189 -1.243540 -2.138666 0.156729 -2.707233 0.836035 -3.006768 1.254295
15.359347 -1.256445 -2.145780 0.151509 -2.713035 0.839271 -3.016459 1.324312
15.573448 -1.268209 -2.146923 0.146156 -2.718757 0.778468 -3.026167 0.970609
15.790533 -1.286665 -2.156352 0.140840 -2.724396 0.832943 -3.035892 1.313592
16.010645 -1.297668 -2.162996 0.135506 -2.729949 0.782472 -3.045634 0.969965
16.233824 -1.304452 -2.169103 0.130153 -2.735414 0.830814 -3.055394 1.303090
16.460115 -1.365624 -2.177871 0.124782 -2.740789 0.829727 -3.065172 1.228013
16.689560 -1.376983 -2.184364 0.119393 -2.746071 0.791357 -3.074967 1.292916
16.922204 -1.381467 -2.193661 0.113987 -2.753289 0.826872 -3.084782 1.219666
17.158090 -1.415552 -2.202488 0.107831 -2.761443 0.788955 -3.094615 0.968308
17.397264 -1.424750 -2.209760 0.094301 -2.769588 0.792451 -3.104467 1.278033
17.639773 -1.444041 -2.219396 0.091203 -2.777725 0.821246 -3.114339 1.207565
17.885662 -1.492071 -2.234082 0.081793 -2.785853 0.822945 -3.124232 1.268469
18.134978 -1.500483 -2.247575 0.072585 -2.792467 0.817388 -3.134144 1.263802
18.387770 -1.508949 -2.258301 0.063758 -2.801910 0.800571 -3.144078 1.054048
18.644085 -1.513034 -2.265547 0.057337 -2.810180 0.802250 -3.154034 1.052328
18.903974 -1.544764 -2.273424 0.051214 -2.818268 0.811437 -3.164012 1.188291
19.167485 -1.567625 -2.278272 0.040076 -2.826346 0.783286 -3.174013 1.245441
19.434669 -1.574098 -2.284793 0.034771 -2.834413 0.806959 -3.184037 1.047201
19.705578 -1.576070 -2.290326 0.029446 -2.842468 0.808460 -3.194086 1.236605
19.980263 -1.582486 -2.295293 0.024100 -2.844494 0.809968 -3.204160 1.232285
20.258777 -1.585226 -2.297721 0.018734 -2.852486 0.811565 -3.214260 1.227997
20.541173 -1.593702 -2.300572 0.013349 -2.860465 0.798922 -3.224386 1.166578
20.827506 -1.598698 -2.307243 0.008419 -2.868430 0.808859 -3.234540 1.219587
21.117830 -1.604017 -2.317894 0.005496 -2.876383 0.794564 -3.244722 1.037363
21.412202 -1.609805 -2.332755 0.002545 -2.879547 0.792349 -3.254934 1.035786
21.710676 -1.620721 -2.338857 -0.002788 -2.881402 0.790110 -3.265177 1.034155
22.013311 -1.630734 -2.349158 -0.013858 -2.883043 0.787847 -3.275450 1.149544
22.320165 -1.654892 -2.359333 -0.033987 -2.884464 0.785559 -3.285757 1.146236
22.631296 -1.671909 -2.368864 -0.048262 -2.888804 0.765662 -3.296097 0.960333
22.946764 -1.691347 -2.379280 -0.058892 -2.896364 0.785470 -3.306472 1.027921
23.266629 -1.705753 -2.387898 -0.064572 -2.903903 0.787243 -3.316884 1.136542
23.590953 -1.717661 -2.396678 -0.074032 -2.911420 0.760120 -3.327333 0.958933
23.919798 -1.724139 -2.401516 -0.079560 -2.918916 0.754452 -3.337821 0.958453
24.253227 -1.747638 -2.410094 -0.106516 -2.926389 0.771309 -3.348350 1.176444
24.591304 -1.755208 -2.416628 -0.111188 -2.933840 0.768845 -3.358920 1.172755
24.934094 -1.757406 -2.423048 -0.116933 -2.941268 0.766355 -3.369535 1.018811
25.281661 -1.767022 -2.430250 -0.134256 -2.948673 0.752446 -3.380194 1.017315
25.634074 -1.772982 -2.437318 -0.136939 -2.956054 0.750706 -3.390900 1.015825
25.991399 -1.777039 -2.439223 -0.152162 -2.963411 0.714894 -3.401655 1.158357
26.353705 -1.777047 -2.442801 -0.157849 -2.970744 0.712980 -3.412461 1.109014
26.721062 -1.777047 -2.449656 -0.173745 -2.978053 0.745364 -3.423320 1.011395
27.093539 -1.779170 -2.458685 -0.188239 -2.985338 0.743542 -3.434232 1.147917
27.471208 -1.781293 -2.465165 -0.195402 -2.992597 0.741700 -3.445202 1.144502
27.854142 -1.787600 -2.470357 -0.209419 -2.999831 0.704581 -3.456230 0.844284
28.242413 -1.791632 -2.475784 -0.215154 -3.007039 0.701748 -3.467320 1.137767
28.636097 -1.801159 -2.483554 -0.220889 -3.016076 0.700477 -3.478473 1.134402
29.035269 -1.806464 -2.486644 -0.226574 -3.025691 0.734116 -3.489693 1.131092
29.440005 -1.810414 -2.492150 -0.229557 -3.035320 0.732166 -3.500981 1.086213
29.850382 -1.818451 -2.498405 -0.232570 -3.044962 0.730194 -3.512340 1.124586
30.266481 -1.833176 -2.506508 -0.243806 -3.054616 0.711045 -3.523773 1.080713
30.688379 -1.834042 -2.510020 -0.249373 -3.064284 0.725790 -3.535284 1.077978
31.116158 -1.838393 -2.522136 -0.251576 -3.073965 0.723110 -3.546875 1.114922
31.549901 -1.842555 -2.524326 -0.273073 -3.083660 0.721031 -3.558548 0.993693
31.989689 -1.848543 -2.528828 -0.277057 -3.093368 0.718930 -3.570309 0.992211
32.435608 -1.848543 -2.533202 -0.280418 -3.101193 0.716805 -3.582159 0.990752
32.887743 -1.848895 -2.545381 -0.289675 -3.107522 0.714657 -3.594103 1.102374
33.346180 -1.855732 -2.552880 -0.294548 -3.113828 0.712485 -3.606145 1.099267
33.811008 -1.856808 -2.561945 -0.301129 -3.120113 0.710290 -3.618287 0.986263
34.282315 -1.857234 -2.568297 -0.306709 -3.126375 0.708071 -3.630535 1.093111
34.760192 -1.857717 -2.574586 -0.312277 -3.132615 0.705827 -3.642892 0.845540
35.244730 -1.857234 -2.581264 -0.342189 -3.138834 0.703559 -3.655363 0.981726
35.736022 -1.857717 -2.588838 -0.347720 -3.145031 0.701267 -3.667952 1.083972
36.234163 -1.860087 -2.588090 -0.353241 -3.152431 0.698950 -3.680665 0.978595
36.739248 -1.861361 -2.594791 -0.360120 -3.160939 0.696608 -3.693506 0.977085
37.251373 -1.862798 -2.598622 -0.375291 -3.169440 0.694242 -3.706480 0.846625
37.770637 -1.863766 -2.604217 -0.390943 -3.177935 0.691850 -3.719593 1.071973
38.297139 -1.866025 -2.609397 -0.396418 -3.186424 0.689432 -3.732850 1.069033
38.830980 -1.866791 -2.618818 -0.401920 -3.194907 0.672087 -3.746259 1.066000
39.372263 -1.866791 -2.624633 -0.407424 -3.203384 0.668659 -3.759823 1.063076
39.921091 -1.866791 -2.627094 -0.414338 -3.211855 0.665202 -3.773551 1.060113
40.477570 -1.866742 -2.629850 -0.422029 -3.208554 0.661713 -3.787449 0.965874
41.041805 -1.866025 -2.633004 -0.435881 -3.205872 0.639211 -3.801524 1.054168
41.613906 -1.867594 -2.633960 -0.447979 -3.211850 0.636481 -3.815783 0.962508
42.193981 -1.867594 -2.634657 -0.453340 -3.217809 0.633811 -3.830234 1.048250
42.782142 -1.869616 -2.641014 -0.470412 -3.223750 0.630940 -3.844886 1.045265
43.378502 -1.873455 -2.645859 -0.488531 -3.230701 0.628704 -3.859747 1.042354
43.983175 -1.873717 -2.647682 -0.504848 -3.239331 0.627035 -3.874826 1.039382
44.596276 -1.873717 -2.648855 -0.510658 -3.247953 0.624727 -3.890133 1.036373
45.217924 -1.877330 -2.661381 -0.547459 -3.256568 0.613851 -3.905676 0.952011
45.848238 -1.878309 -2.668194 -0.561334 -3.265175 0.611509 -3.921467 1.001905
46.487337 -1.878309 -2.673173 -0.568766 -3.273775 0.609224 -3.937517 1.027466
47.135345 -1.878309 -2.677418 -0.574181 -3.276404 0.607785 -3.953837 0.946485
47.792386 -1.878345 -2.681607 -0.579964 -3.277667 0.606331 -3.970439 0.944600
48.458586 -1.878795 -2.678939 -0.594489 -3.278702 0.601891 -3.987336 0.842242
49.134073 -1.877330 -2.685901 -0.599673 -3.282254 0.599422 -4.004541 1.015373
49.818975 -1.876341 -2.685014 -0.604874 -3.288022 0.596927 -4.022068 0.840906
50.513425 -1.877330 -2.689001 -0.612102 -3.293777 0.594381 -4.039933 0.982953
51.217554 -1.877330 -2.683662 -0.629817 -3.299519 0.591833 -4.058151 0.839395
51.931499 -1.878345 -2.686799 -0.639332 -3.305248 0.589258 -4.076739 0.932580
52.655396 -1.878795 -2.690748 -0.649028 -3.310965 0.526029 -4.095715 0.999987
53.389384 -1.878795 -2.691410 -0.657357 -3.279019 0.513017 -4.115096 0.836762
54.133603 -1.878795 -2.697128 -0.662694 -3.278001 0.511368 -4.134903 0.993665
54.888196 -1.882278 -2.700515 -0.668432 -3.276699 0.509701 -4.155158 0.965911
55.653308 -1.885583 -2.702376 -0.678493 -3.275106 0.505609 -4.175881 0.987271
56.429085 -1.885583 -2.703942 -0.683742 -3.274960 0.503606 -4.197097 0.984030
57.215676 -1.886676 -2.708725 -0.708616 -3.283344 0.487073 -4.218830 0.831307
58.013231 -1.887476 -2.713785 -0.713806 -3.282781 0.484640 -4.241109 0.914618
58.821904 -1.885583 -2.710502 -0.718980 -3.265707 0.482794 -4.263960 0.950969
59.641849 -1.886550 -2.714343 -0.727638 -3.266391 0.480925 -4.287415 0.970791
60.473224 -1.886676 -2.716618 -0.733543 -3.271731 0.479035 -4.311505 0.944720
61.316188 -1.890754 -2.720181 -0.739449 -3.277054 0.477122 -4.336266 0.963976
62.170903 -1.887476 -2.723991 -0.745354 -3.282362 0.475187 -4.361734 0.938368
63.037532 -1.888631 -2.727728 -0.751258 -3.287654 0.473230 -4.387949 0.956999
63.916241 -1.891078 -2.732541 -0.757161 -3.292931 0.471249 -4.414954 0.953448
64.807198 -1.890967 -2.734989 -0.775917 -3.283092 0.469245 -4.442794 0.893809
65.710575 -1.890754 -2.738518 -0.780490 -3.287058 0.467218 -4.471518 0.946200
66.626545 -1.888631 -2.737533 -0.785052 -3.293057 0.465166 -4.501180 0.942512
67.555283 -1.887476 -2.738601 -0.838536 -3.299042 0.463093 -4.531836 0.938808
68.496967 -1.885583 -2.727472 -0.851603 -3.301555 0.460993 -4.563548 0.935018
69.451778 -1.885583 -2.729688 -0.861460 -3.310970 0.458871 -4.596382 0.879022
70.419898 -1.885583 -2.725306 -0.877144 -3.302778 0.456724 -4.630410 0.907374
71.401513 -1.883772 -2.723901 -0.885213 -3.259083 0.454552 -4.193220 0.872664
72.396811 -1.883308 -2.723143 -0.893342 -3.264601 0.441692 -4.211742 0.899869
73.405984 -1.879264 -2.715344 -0.901531 -3.268266 0.438769 -4.230600 0.865991
74.429223 -1.877361 -2.717034 -0.909783 -3.241106 0.435816 -3.953065 0.911169
75.466726 -1.876935 -2.717555 -0.918100 -3.246790 0.432834 -3.969810 0.888194
76.518692 -1.873717 -2.716360 -0.926485 -3.224581 0.429822 -3.986835 0.790981
77.585321 -1.873717 -2.715531 -0.939674 -3.229935 0.169278 -4.004153 0.898382
78.666818 -1.873455 -2.716240 -0.951906 -3.235265 0.129420 -4.021777 0.848072
79.763391 -1.873717 -2.717485 -0.962501 -3.240569 0.123727 -4.039720 0.889584
80.875249 -1.873455 -2.719215 -0.968270 -3.245849 0.118033 -4.057997 0.867325
82.002606 -1.872195 -2.719101 -0.973971 -3.246201 0.112339 -3.990318 0.880416
83.145678 -1.871559 -2.711651 -0.979861 -3.252318 0.106647 -4.004944 0.832292
84.304684 -1.871150 -2.680223 -0.987231 -3.229613 0.100955 -4.019814 0.870925
85.479845 -1.871559 -2.683087 -0.995480 -3.232975 0.095264 -4.034936 0.849205
86.671388 -1.867594 -2.672735 -1.001407 -3.213370 0.089576 -3.536896 0.844442
87.879540 -1.867594 -2.677299 -1.007360 -3.214818 0.083889 -3.530862 0.815009
89.104533 -1.866791 -2.667826 -1.014123 -3.220490 0.078206 -3.539353 0.810446
90.346602 -1.866742 -2.662456 -1.019346 -3.220716 0.072526 -3.547869 0.829625
91.605985 -1.866052 -2.656655 -1.026311 -3.227386 0.066849 -3.556409 0.800987
92.882923 -1.866742 -2.651117 -1.052163 -3.229464 0.061177 -3.564976 0.796081
94.177660 -1.865224 -2.648259 -1.071216 -3.232386 0.055509 -3.573571 0.829415
95.490446 -1.864206 -2.644217 -1.079414 -3.206225 0.033909 -3.582194 0.786000
96.821531 -1.866742 -2.644861 -1.145649 -3.195486 -0.094532 -3.590847 0.818031
98.171170 -1.866025 -2.648214 -1.162895 -3.192936 -0.156415 -3.599531 0.517997
99.539623 -1.866025 -2.638536 -1.162153 -3.194602 -0.159611 -3.608247 0.515411
100.927151 -1.866742 -2.642152 -1.163933 -3.195579 -0.162839 -3.616996 0.512799
102.334021 -1.866791 -2.645856 -1.168142 -3.195882 -0.166100 -3.625780 0.510157
103.760502 -1.865250 -2.638245 -1.171061 -3.169323 -0.169396 -3.634600 0.507487
105.206867 -1.865224 -2.637809 -1.176073 -3.145682 -0.223996 -3.643457 0.499447
106.673394 -1.863766 -2.629600 -1.181061 -3.129406 -0.229395 -3.652352 0.496663
108.160363 -1.862798 -2.634049 -1.186025 -3.128472 -0.234780 -3.661287 0.493851
109.668060 -1.862071 -2.632930 -1.206392 -3.131165 -0.240150 -3.670263 0.491009
111.196773 -1.862570 -2.640156 -1.206406 -3.121450 -0.245506 -3.679281 0.488137
112.746796 -1.861361 -2.633160 -1.220297 -3.100406 -0.250846 -3.688343 0.485235
114.318425 -1.861361 -2.630504 -1.223766 -3.086581 -0.256172 -3.697449 0.482304
115.911962 -1.860738 -2.625689 -1.227889 -3.087064 -0.261483 -3.706603 0.479342
117.527712 -1.861177 -2.601687 -1.231397 -3.040454 -0.266779 -3.715803 0.476350
119.165984 -1.860738 -2.592085 -1.234903 -3.021464 -0.272060 -3.725053 0.473327
120.827094 -1.859850 -2.583306 -1.238406 -3.023123 -0.280510 -3.734353 0.470273
122.511358 -1.857717 -2.582538 -1.243938 -3.021326 -0.291827 -3.743705 0.467189
124.219100 -1.857386 -2.565140 -1.271953 -2.995047 -0.303347 -3.753111 0.464073
125.950646 -1.857234 -2.563805 -1.278104 -2.979626 -0.314738 -3.762571 0.460926
127.706330 -1.852924 -2.502678 -1.322003 -2.957375 -0.319995 -3.772087 0.457748
129.486487 -1.852924 -2.491553 -1.325279 -2.936093 -0.325237 -3.781661 0.454538
131.291459 -1.854078 -2.487964 -1.325971 -2.933358 -0.330465 -3.791294 0.451296
133.121590 -1.855415 -2.489567 -1.332057 -2.931176 -0.379886 -3.800987 0.448022
134.977233 -1.850795 -2.462158 -1.335554 -2.934413 -0.385094 -3.810741 0.444716
136.858742 -1.848895 -2.457670 -1.348001 -2.937502 -0.390293 -3.820560 0.441376
138.766479 -1.845044 -2.404910 -1.348001 -2.899942 -0.403022 -3.569376 0.438005
140.700809 -1.843811 -2.343945 -1.353646 -2.901496 -0.410947 -3.577096 0.434600
142.662102 -1.843494 -2.336175 -1.367346 -2.902968 -0.416019 -3.584826 0.431163
144.650734 -1.843494 -2.329749 -1.371838 -2.894507 -0.421078 -3.592566 0.427693
146.667087 -1.843811 -2.321977 -1.376047 -2.893455 -0.426126 -3.600315 0.424189
148.711546 -1.842555 -2.290838 -1.381406 -2.892280 -0.431162 -3.340748 0.420651
150.784505 -1.840507 -2.172137 -1.384574 -2.891235 -0.436187 -3.348277 0.417080
152.886359 -1.839237 -2.146471 -1.390871 -2.890485 -0.441200 -3.355781 0.413475
155.017512 -1.838117 -2.121307 -1.393247 -2.888790 -0.446202 -3.344194 0.409836
157.178372 -1.836143 -2.107513 -1.400422 -2.888197 -0.451194 -3.349722 0.406163
159.369353 -1.834473 -2.111137 -1.402146 -2.888731 -0.456175 -3.355211 0.402454
161.590875 -1.833402 -2.090496 -1.407513 -2.890174 -0.461147 -3.360661 0.398712
163.843365 -1.831505 -2.089437 -1.414501 -2.887664 -0.466109 -3.366070 0.394935
166.127252 -1.830345 -2.078761 -1.419827 -2.886894 -0.471062 -3.371437 0.391123
168.442976 -1.828567 -2.069258 -1.430913 -2.888181 -0.476006 -3.376762 0.387276
170.790980 -1.827554 -2.067371 -1.434459 -2.884136 -0.480942 -3.382044 0.383393
173.171713 -1.821762 -2.060460 -1.446169 -2.880739 -0.485870 -3.384704 0.379476
175.585633 -1.821031 -2.056508 -1.446169 -2.879435 -0.490791 -3.390184 0.375522
178.033202 -1.813895 -2.049555 -1.443025 -2.874571 -0.495704 -3.150605 0.371533
180.514888 -1.812790 -2.043819 -1.445847 -2.876179 -0.500612 -3.154452 0.367509
183.031168 -1.811209 -2.031081 -1.446169 -2.876273 -0.505513 -3.089374 0.363448
185.582523 -1.810598 -2.029593 -1.450557 -2.877870 -0.510409 -2.969042 0.359351
188.169442 -1.811910 -2.029593 -1.453288 -2.879447 -0.515300 -2.969040 0.355217
190.792422 -1.812079 -2.027403 -1.452083 -2.878325 -0.520187 -2.961456 0.351047
193.451965 -1.808958 -2.026679 -1.450499 -2.876286 -0.524707 -2.961035 0.346841
196.148581 -1.808958 -2.026334 -1.453371 -2.876668 -0.529008 -2.960526 0.342597
198.882786 -1.808946 -2.024465 -1.461789 -2.879427 -0.533323 -2.959937 0.338317
201.655104 -1.810414 -2.025929 -1.461789 -2.882075 -0.537653 -2.959274 0.334000
204.466067 -1.810598 -2.026334 -1.464631 -2.884054 -0.542000 -2.959168 0.329646
207.316213 -1.810598 -2.026334 -1.473208 -2.885557 -0.546364 -2.966725 0.325253
210.206088 -1.809660 -2.021902 -1.476730 -2.878913 -0.550747 -2.966130 0.320824
213.136247 -1.806464 -2.020507 -1.479598 -2.868905 -0.555149 -2.965487 0.316357
216.107251 -1.806762 -2.020507 -1.484661 -2.871617 -0.559573 -2.964799 0.311852
219.119669 -1.805870 -2.015456 -1.489659 -2.860837 -0.564604 -2.964073 0.307309
222.174078 -1.805870 -2.015456 -1.490057 -2.862619 -0.569797 -2.963315 0.302728
225.271064 -1.805851 -2.012905 -1.489262 -2.859178 -0.575004 -2.952136 0.298109
228.411221 -1.803940 -2.012905 -1.490057 -2.857453 -0.580227 -2.951114 0.293451
231.595149 -1.802565 -2.010766 -1.494140 -2.860954 -0.585466 -2.950085 0.288754
234.823460 -1.801806 -2.008709 -1.496461 -2.864104 -0.590723 -2.926542 0.284019
238.096772 -1.801806 -2.008542 -1.495803 -2.867427 -0.595999 -2.927927 0.279246
241.415712 -1.800412 -2.007722 -1.496461 -2.844892 -0.601296 -2.924463 0.274433
244.780916 -1.800379 -2.008171 -1.496461 -2.843383 -0.606614 -2.924803 0.269581
248.193029 -1.799747 -2.008171 -1.496461 -2.844494 -0.611956 -2.925156 0.264690
251.652705 -1.799350 -2.008171 -1.497010 -2.841861 -0.617322 -2.925524 0.259759
255.160607 -1.797443 -2.007203 -1.499435 -2.832937 -0.622714 -2.925934 0.254789
258.717408 -1.797190 -2.007203 -1.500406 -2.835044 -0.628089 -2.926841 0.249779
262.323788 -1.791946 -1.997214 -1.497842 -2.763574 -0.633092 -2.927742 0.244729
265.980440 -1.791946 -1.999519 -1.500060 -2.747933 -0.638112 -2.928634 0.239639
269.688063 -1.791144 -1.996704 -1.499435 -2.739804 -0.643149 -2.929519 0.234509
273.447368 -1.791144 -1.996704 -1.497842 -2.739351 -0.648206 -2.930397 0.229339
277.259076 -1.791946 -1.993178 -1.497010 -2.711522 -0.653284 -2.929750 0.224127
281.123917 -1.791946 -1.992919 -1.497842 -2.706460 -0.658384 -2.925692 0.218876
285.042632 -1.791144 -1.992594 -1.497010 -2.679612 -0.663506 -2.923972 0.213583
289.015972 -1.788489 -1.990907 -1.499358 -2.665427 -0.668654 -2.924978 0.208249
293.044698 -1.791144 -1.990426 -1.499435 -2.624720 -0.673828 -2.925972 0.202874
297.129582 -1.792084 -1.990426 -1.500406 -2.628296 -0.679029 -2.926952 0.197458
301.271407 -1.791946 -1.989194 -1.500406 -2.610818 -0.684259 -2.927920 0.192000
305.470967 -1.792084 -1.990426 -1.500722 -2.616259 -0.689520 -2.928876 0.186500
309.729067 -1.792084 -1.990426 -1.501297 -2.619756 -0.694813 -2.929819 0.180958
314.046522 -1.792084 -1.990426 -1.503871 -2.620986 -0.700140 -2.930751 0.175374
318.424160 -1.790021 -1.990426 -1.502971 -2.587329 -0.705503 -2.931670 0.169747
322.862820 -1.788489 -1.990907 -1.505148 -2.607712 -0.712200 -2.932578 0.164078
327.363353 -1.787776 -1.989194 -1.503871 -2.521489 -0.726042 -2.933474 0.158366
331.926620 -1.787776 -1.989194 -1.503871 -2.548370 -0.732248 -2.942823 0.152611
336.553498 -1.787776 -1.988280 -1.503589 -2.546231 -0.738517 -2.951125 0.146812
341.244871 -1.787709 -1.987197 -1.500722 -2.509967 -0.757124 -2.945161 0.140970
346.001639 -1.787600 -1.981671 -1.501297 -2.512867 -0.777076 -2.946168 0.135084
350.824714 -1.784600 -1.976617 -1.501297 -2.501307 -0.797199 -2.947138 0.129154
355.715021 -1.785216 -1.976617 -1.503871 -2.519783 -0.817488 -2.948072 0.123179
360.673495 -1.787600 -1.976617 -1.506677 -2.489543 -0.849759 -2.948973 0.117160
365.701088 -1.785216 -1.976617 -1.505148 -2.508167 -0.858532 -2.949842 0.111096
370.798763 -1.787776 -1.976617 -1.507795 -2.499630 -0.885300 -2.950681 0.104986
375.967497 -1.785216 -1.976617 -1.508904 -2.483154 -0.900146 -2.951493 0.098831
381.208280 -1.785216 -1.976535 -1.508904 -2.444453 -0.917264 -2.952278 0.092630
386.522116 -1.787600 -1.976535 -1.508820 -2.449990 -0.923901 -2.953039 0.086382
391.910025 -1.785216 -1.975500 -1.508013 -2.376011 -0.947401 -2.878682 0.080088
397.373038 -1.787600 -1.975500 -1.508904 -2.352971 -0.964571 -2.905345 0.073746
402.912203 -1.786212 -1.974421 -1.508013 -2.349937 -1.006195 -2.932743 0.067358
408.528580 -1.787932 -1.974421 -1.508013 -2.339295 -1.063777 -2.960025 0.060921
414.223247 -1.788392 -1.972290 -1.507795 -2.172336 -1.120942 -2.987167 0.054436
419.997295 -1.788392 -1.972290 -1.508013 -2.178703 -1.128890 -3.014143 0.047903
425.851829 -1.788392 -1.972290 -1.508013 -2.185083 -1.136935 -3.040926 0.041320
431.787973 -1.788392 -1.972290 -1.508904 -2.146471 -1.151742 -2.961499 0.034688
437.806863 -1.788489 -1.970415 -1.508904 -2.146471 -1.173512 -2.985895 0.028005
443.909653 -1.791144 -1.972290 -1.509145 -2.146471 -1.184338 -3.010341 0.021272
450.097513 -1.791946 -1.974421 -1.512752 -2.146471 -1.196551 -3.034818 0.014487
456.371628 -1.792084 -1.974421 -1.512752 -2.146471 -1.202628 -3.059310 0.007651
462.733201 -1.792084 -1.974421 -1.514803 -2.131109 -1.208717 -3.083797 0.000762
469.183451 -1.793914 -1.974421 -1.521216 -2.126555 -1.229068 -3.108258 -0.006179
475.723614 -1.792750 -1.972290 -1.522942 -2.122777 -1.244901 -3.132674 -0.540112
482.354943 -1.792084 -1.970415 -1.521715 -2.121523 -1.248769 -3.157023 -0.545258
489.078709 -1.794048 -1.972615 -1.524642 -2.121307 -1.254926 -2.967838 -0.550438
495.896201 -1.794048 -1.974421 -1.522943 -2.121307 -1.254926 -2.994839 -0.555653
502.808725 -1.794048 -1.974421 -1.522943 -2.121307 -1.254926 -3.021883 -0.560906
509.817606 -1.794948 -1.975772 -1.524642 -2.122777 -1.254926 -3.048950 -0.566198
516.924187 -1.797190 -1.976617 -1.525130 -2.123988 -1.260379 -3.076021 -0.571530
524.129830 -1.794948 -1.976535 -1.525130 -2.121523 -1.265100 -2.955868 -0.576905
531.435916 -1.794948 -1.976535 -1.526151 -2.122090 -1.265100 -2.975965 -0.582325
538.843844 -1.794948 -1.976535 -1.527873 -2.121523 -1.269859 -2.657168 -0.587791
546.355035 -1.794948 -1.975500 -1.527873 -2.115369 -1.271959 -2.657021 -0.593305
553.970928 -1.794948 -1.975500 -1.529779 -2.115369 -1.271959 -2.660916 -0.598869
561.692982 -1.794948 -1.975772 -1.531199 -2.121307 -1.271959 -2.664777 -0.604486
569.522678 -1.797190 -1.975772 -1.532855 -2.121307 -1.271959 -2.668606 -0.610157
577.461515 -1.797197 -1.975772 -1.533575 -2.121523 -1.275164 -2.672401 -0.615884
585.511016 -1.797198 -1.976535 -1.535516 -2.121523 -1.277969 -2.676163 -0.621670
593.672722 -1.797443 -1.976535 -1.536736 -2.121523 -1.281466 -2.679891 -0.627517
601.948197 -1.797443 -1.976535 -1.540707 -2.121523 -1.284662 -2.683586 -0.633426
610.339029 -1.797443 -1.976535 -1.542221 -2.121523 -1.288058 -2.687247 -0.639401
618.846824 -1.799183 -1.976535 -1.542221 -2.121523 -1.291489 -2.690875 -0.645444
627.473213 -1.799183 -1.976535 -1.542599 -2.121307 -1.292956 -2.694470 -0.651557
636.219849 -1.799183 -1.976535 -1.543435 -2.121307 -1.298451 -2.698031 -0.657743
645.088409 -1.799183 -1.976617 -1.544764 -2.121307 -1.301983 -2.701558 -0.664004
654.080591 -1.799183 -1.976617 -1.544764 -2.121307 -1.305549 -2.705052 -0.670342
663.198120 -1.799206 -1.976617 -1.546404 -2.122777 -1.309150 -2.708513 -0.676762
672.442742 -1.799747 -1.976617 -1.551897 -2.122964 -1.311977 -2.711940 -0.683264
681.816229 -1.800379 -1.981653 -1.552169 -2.126555 -1.316455 -2.715334 -0.689851
691.320378 -1.802097 -1.981671 -1.552907 -2.131109 -1.320160 -2.718695 -0.696528
700.957009 -1.803940 -1.981671 -1.552907 -2.131109 -1.322222 -2.725556 -0.703296
710.727970 -1.804287 -1.987197 -1.552907 -2.131109 -1.322222 -2.728817 -0.710158
720.635132 -1.805851 -1.981671 -1.554835 -2.126555 -1.322222 -2.728581 -0.717118
730.680395 -1.804422 -1.981653 -1.552907 -2.126555 -1.311977 -2.709207 -0.724178
740.865683 -1.804286 -1.982967 -1.552169 -2.126555 -1.311977 -2.712630 -0.731342
751.192949 -1.805851 -1.987865 -1.552907 -2.126555 -1.322222 -2.716019 -0.738613
761.664172 -1.805870 -1.987865 -1.552907 -2.128170 -1.323916 -2.719376 -0.745993
772.281357 -1.806464 -1.988204 -1.552907 -2.134972 -1.323916 -2.722699 -0.753487
783.046540 -1.808897 -1.988281 -1.554835 -2.141761 -1.323916 -2.725989 -0.761097
793.961785 -1.808897 -1.988281 -1.554835 -2.144338 -1.325971 -2.729246 -0.768828
805.029181 -1.808958 -1.988280 -1.554835 -2.145519 -1.325971 -2.732470 -0.776682
816.250851 -1.808897 -1.988938 -1.555430 -2.145520 -1.323916 -2.469668 -0.784663
827.628946 -1.808897 -1.989194 -1.556273 -2.144338 -1.322222 -2.463152 -0.792775
839.165644 -1.809665 -1.989194 -1.556273 -2.144338 -1.322222 -2.480387 -0.801021
850.863158 -1.810414 -1.990427 -1.557118 -2.146471 -1.323916 -2.485692 -0.809405
862.723729 -1.809665 -1.990426 -1.556273 -2.146471 -1.323916 -2.490964 -0.817931
874.749630 -1.809659 -1.990714 -1.552907 -2.146471 -1.323916 -2.496514 -0.826604
886.943166 -1.809660 -1.990427 -1.554835 -2.147876 -1.323916 -2.525682 -0.835426
899.306672 -1.808958 -1.990426 -1.552907 -2.159766 -1.323916 -2.494257 -0.844401
911.842520 -1.809660 -1.991293 -1.552907 -2.177930 -1.325971 -2.507773 -0.853535
924.553110 -1.808958 -1.992196 -1.552907 -2.186533 -1.325971 -2.521241 -0.862831
937.440879 -1.808958 -1.992197 -1.552907 -2.192519 -1.325971 -2.534654 -0.872293
950.508296 -1.808958 -1.992196 -1.552907 -2.200222 -1.325971 -2.548003 -0.881925
963.757866 -1.808897 -1.990907 -1.552169 -2.206857 -1.323916 -2.561279 -0.891733
977.192128 -1.808897 -1.992825 -1.554465 -2.210333 -1.325971 -2.574474 -0.901720
990.813657 -1.808958 -1.992594 -1.552907 -2.210332 -1.325971 -2.596921 -0.911891
1004.625062 -1.809659 -1.992594 -1.552907 -2.210332 -1.325971 -2.628400 -0.922249
1018.628990 -1.809665 -1.992825 -1.552907 -2.210332 -1.325971 -2.660105 -0.932801
1032.828126 -1.810599 -1.993178 -1.552907 -2.235825 -1.325971 -2.692023 -0.943551
1047.225190 -1.810599 -1.993178 -1.552907 -2.246248 -1.325971 -2.724136 -0.954503
1061.822941 -1.810599 -1.993179 -1.554835 -2.247821 -1.325971 -2.756430 -0.965661
1076.624177 -1.811910 -1.993178 -1.554835 -2.256844 -1.325971 -2.788887 -0.977032
1091.631734 -1.810415 -1.992825 -1.552169 -2.241799 -1.325971 -2.593481 -0.988620
1106.848489 -1.810599 -1.992594 -1.552169 -2.210333 -1.326020 -2.608339 -1.000429
1122.277356 -1.809665 -1.992197 -1.545461 -2.214225 -1.326020 -2.622998 -1.012465
1137.921294 -1.809665 -1.992825 -1.545461 -2.222607 -1.326020 -2.637445 -1.024733
1153.783300 -1.809665 -1.992825 -1.547825 -2.222230 -1.326020 -2.595468 -1.037238
1169.866413 -1.809665 -1.992830 -1.551897 -2.235297 -1.326020 -2.615413 -1.049984
1186.173716 -1.809665 -1.992920 -1.551897 -2.247821 -1.326020 -2.635629 -1.062978
1202.708335 -1.809660 -1.992920 -1.545461 -2.221489 -1.326020 -2.656112 -1.076223
1219.473437 -1.808958 -1.992594 -1.545461 -2.220625 -1.326020 -2.590611 -1.089727
1236.472235 -1.809660 -1.992594 -1.545461 -2.233951 -1.326020 -2.612741 -1.103493
1253.707987 -1.809660 -1.992197 -1.545461 -2.239305 -1.326020 -2.635154 -1.117527
1271.183997 -1.809660 -1.992197 -1.545461 -2.247650 -1.326020 -2.657843 -1.131834
1288.903612 -1.809665 -1.992594 -1.545461 -2.254136 -1.326020 -2.680805 -1.146420
1306.870230 -1.809665 -1.992594 -1.551897 -2.260599 -1.326020 -2.704035 -1.161290
1325.087292 -1.810415 -1.992594 -1.551897 -2.267039 -1.326019 -2.727525 -1.176449
1343.558290 -1.810599 -1.992594 -1.551897 -2.287894 -1.326020 -2.751270 -1.189283
1362.286764 -1.810599 -1.992594 -1.551897 -2.297948 -1.326020 -2.775263 -1.189282
1381.276303 -1.810599 -1.992594 -1.551897 -2.308117 -1.326020 -2.799495 -1.189283
1400.530545 -1.809665 -1.992197 -1.545461 -2.292953 -1.326020 -2.823959 -1.189283
1420.053182 -1.809665 -1.992197 -1.545461 -2.298872 -1.326020 -2.641770 -1.189283
1439.847953 -1.809665 -1.992197 -1.545461 -2.305163 -1.332145 -2.665869 -1.189283
1459.918652 -1.809665 -1.992594 -1.545461 -2.311426 -1.332145 -2.690248 -1.189282
1480.269127 -1.809665 -1.992594 -1.545461 -2.317663 -1.332145 -2.714902 -1.189283
1500.903276 -1.809665 -1.992825 -1.545461 -2.322772 -1.332145 -2.739822 -1.189282
1521.825053 -1.809665 -1.992825 -1.545461 -2.322772 -1.337106 -2.765002 -1.189283
1543.038469 -1.809660 -1.992594 -1.544764 -2.279826 -1.336914 -2.790435 -1.189282
1564.547589 -1.809660 -1.992594 -1.544764 -2.286193 -1.336914 -2.816110 -1.189283
1586.356534 -1.809660 -1.992594 -1.544764 -2.256844 -1.336914 -2.680065 -1.189282
1608.469483 -1.809660 -1.992594 -1.544764 -2.256844 -1.336914 -2.696438 -1.189283
1630.890676 -1.808958 -1.991777 -1.543435 -2.226863 -1.332145 -2.712956 -1.189283
1653.624407 -1.808959 -1.991777 -1.543930 -2.238363 -1.332145 -2.729613 -1.189282
1676.675035 -1.808958 -1.991777 -1.544764 -2.247821 -1.332145 -2.746405 -1.189283
1700.046975 -1.808958 -1.991777 -1.544764 -2.247821 -1.332145 -2.763324 -1.189282
1723.744708 -1.808897 -1.990907 -1.544764 -2.256844 -1.332145 -2.780362 -1.189283
1747.772774 -1.808958 -1.990907 -1.548300 -2.256844 -1.332145 -2.797512 -1.189282
1772.135779 -1.808958 -1.990427 -1.551897 -2.256844 -1.332145 -2.813087 -1.189282
1796.838391 -1.808958 -1.990427 -1.551897 -2.256844 -1.332145 -2.832117 -1.189282
1821.885343 -1.808958 -1.990427 -1.551897 -2.256844 -1.332145 -2.849553 -1.189283
1847.281437 -1.808959 -1.990427 -1.551897 -2.256844 -1.332145 -2.867065 -1.189283
1873.031539 -1.808958 -1.990427 -1.551897 -2.264531 -1.332146 -2.884644 -1.189283
1899.140582 -1.809665 -1.991777 -1.551897 -2.322772 -1.332145 -2.902279 -1.189283
1925.613572 -1.810415 -1.992197 -1.551897 -2.324543 -1.332145 -2.919958 -1.189282
1952.455581 -1.810415 -1.992197 -1.551897 -2.324544 -1.332145 -2.937669 -1.189283
1979.671753 -1.810415 -1.992197 -1.551897 -2.324544 -1.332145 -2.955401 -1.189283
2007.267304 -1.810415 -1.992196 -1.551897 -2.324544 -1.332145 -2.915508 -1.189282
2035.247521 -1.810415 -1.992197 -1.551897 -2.324544 -1.332145 -2.932617 -1.189283
2063.617768 -1.810414 -1.992196 -1.551897 -2.324543 -1.332145 -2.949384 -1.189282
2092.383480 -1.810414 -1.992196 -1.551897 -2.324543 -1.332145 -2.965790 -1.189282
2121.550171 -1.809664 -1.991776 -1.551897 -2.322772 -1.332145 -2.981817 -1.189282
2151.123430 -1.809665 -1.991776 -1.551897 -2.322772 -1.332145 -2.997445 -1.189283
2181.108924 -1.809665 -1.991777 -1.551897 -2.322772 -1.332145 -3.012656 -1.189282
2211.512400 -1.809665 -1.991776 -1.551897 -2.256844 -1.332145 -3.017613 -1.189282
2242.339683 -1.809664 -1.991776 -1.551897 -2.256844 -1.332145 -3.036347 -1.189282
2273.596682 -1.809665 -1.991776 -1.551897 -2.256844 -1.332145 -3.054966 -1.189282
2305.289387 -1.809664 -1.991776 -1.551897 -2.256844 -1.332145 -3.073452 -1.189282
2337.423871 -1.809665 -1.991776 -1.551897 -2.256844 -1.332145 -3.091787 -1.189282
2370.006292 -1.809665 -1.991776 -1.551897 -2.256844 -1.332145 -3.109951 -1.189282
2403.042894 -1.809664 -1.991777 -1.551897 -2.256844 -1.332145 -3.127924 -1.189282
2436.540009 -1.809659 -1.990906 -1.551897 -2.247821 -1.332145 -3.145686 -1.189282
2470.504055 -1.809660 -1.990906 -1.551897 -2.247821 -1.332145 -3.163216 -1.189282
2504.941542 -1.809659 -1.990906 -1.551897 -2.247821 -1.332145 -3.180494 -1.189282
2539.859069 -1.809659 -1.990906 -1.551897 -2.247821 -1.332145 -3.197498 -1.189282
2575.263327 -1.808958 -1.990427 -1.545461 -2.210332 -1.326926 -3.214206 -1.184338
2611.161101 -1.808958 -1.990426 -1.545461 -2.210332 -1.326926 -3.230597 -1.184337
2647.559271 -1.808958 -1.990426 -1.545461 -2.210332 -1.326926 -3.246649 -1.184338
2684.464811 -1.808896 -1.989194 -1.544764 -2.192519 -1.326019 -3.262338 -1.145680
2721.884795 -1.808897 -1.989194 -1.544764 -2.160038 -1.326019 -3.277644 -1.145680
2759.826392 -1.808897 -1.989194 -1.544764 -2.160038 -1.326019 -3.292544 -1.145680
2798.296876 -1.808897 -1.989194 -1.544764 -2.160038 -1.326019 -3.307015 -1.145680
2837.303617 -1.806762 -1.988938 -1.543434 -2.146471 -1.325971 -3.321036 -1.139259
2876.854090 -1.806762 -1.988938 -1.543434 -2.145519 -1.325971 -2.824756 -1.139259
2916.955876 -1.806762 -1.988938 -1.543434 -2.145519 -1.325971 -2.841689 -1.139260
2957.616659 -1.806762 -1.988938 -1.543434 -2.145519 -1.325971 -2.858633 -1.139259
2998.844231 -1.806763 -1.988938 -1.543434 -2.145519 -1.325971 -2.875577 -1.139259
3040.646493 -1.806762 -1.988938 -1.543435 -2.145519 -1.325971 -2.892510 -1.139259
3083.031457 -1.806762 -1.988938 -1.543434 -2.145519 -1.325971 -2.909416 -1.139260
3126.007243 -1.806762 -1.988938 -1.543434 -2.145519 -1.325971 -2.926285 -1.139259
3169.582089 -1.806762 -1.988938 -1.543434 -2.145519 -1.325971 -2.943102 -1.139259
3213.764344 -1.806762 -1.988938 -1.543435 -2.145518 -1.325971 -2.959851 -1.139260
3258.562476 -1.806762 -1.988938 -1.543434 -2.145519 -1.325971 -2.976520 -1.139259
3303.985070 -1.806464 -1.988281 -1.543435 -2.144338 -1.325971 -2.785634 -1.139259
3350.040830 -1.806464 -1.988280 -1.543434 -2.144337 -1.325971 -2.795826 -1.139259
3396.738582 -1.806464 -1.988280 -1.543435 -2.144337 -1.325971 -2.805763 -1.139259
3444.087276 -1.806464 -1.988280 -1.543434 -2.144337 -1.325971 -2.815435 -1.139259
3492.095985 -1.806464 -1.988280 -1.543434 -2.141483 -1.325971 -2.642307 -1.139259
3540.773909 -1.806464 -1.988280 -1.543435 -2.141483 -1.325971 -2.642307 -1.139260
3590.130377 -1.806464 -1.988280 -1.543434 -2.131109 -1.325971 -2.630348 -1.139259
3640.174847 -1.806464 -1.988280 -1.543434 -2.131109 -1.325971 -2.630347 -1.139259
3690.916911 -1.806464 -1.988280 -1.543434 -2.131109 -1.325971 -2.630347 -1.139259
3742.366291 -1.806464 -1.988280 -1.543435 -2.131109 -1.325971 -2.630348 -1.139259
3794.532847 -1.806464 -1.988280 -1.543434 -2.131109 -1.325971 -2.630348 -1.139260
3847.426577 -1.806464 -1.988280 -1.543434 -2.131109 -1.325971 -2.630348 -1.139259
3901.057617 -1.806465 -1.988280 -1.543434 -2.131109 -1.325971 -2.630347 -1.139259
3955.436245 -1.806464 -1.988280 -1.543434 -2.131109 -1.325971 -2.630348 -1.139260
4010.572881 -1.806464 -1.988280 -1.543434 -2.131109 -1.325971 -2.630348 -1.139260
4066.478092 -1.806465 -1.988280 -1.543434 -2.131109 -1.325971 -2.630347 -1.139260
4123.162591 -1.806465 -1.988281 -1.543435 -2.131110 -1.325972 -2.630348 -1.139260
4180.637241 -1.806464 -1.988282 -1.543435 -2.131110 -1.325972 -2.630349 -1.139260
4238.913057 -1.806465 -1.988282 -1.543435 -2.131111 -1.325971 -2.630349 -1.139260
4298.001206 -1.806465 -1.988281 -1.543435 -2.131110 -1.325972 -2.630349 -1.139260
4357.913012 -1.806465 -1.988281 -1.543435 -2.131110 -1.325972 -2.630349 -1.139260
4418.659956 -1.806465 -1.988281 -1.543435 -2.131110 -1.325972 -2.630348 -1.139260
4480.253680 -1.806464 -1.988281 -1.543435 -2.131110 -1.325971 -2.630349 -1.139260
4542.705986 -1.806465 -1.988281 -1.543435 -2.131110 -1.325972 -2.630349 -1.139260
4606.028844 -1.806465 -1.988282 -1.543435 -2.131110 -1.325971 -2.630349 -1.139260
4670.234388 -1.806465 -1.988281 -1.543436 -2.131110 -1.325971 -2.630349 -1.139260
4735.334923 -1.806465 -1.988281 -1.543435 -2.131110 -1.325972 -2.630349 -1.139260
4801.342924 -1.806464 -1.988281 -1.543434 -2.131110 -1.325971 -2.630349 -1.139260
4868.271040 -1.806464 -1.988281 -1.543436 -2.131110 -1.325971 -2.630349 -1.139260
4936.132098 -1.806465 -1.988282 -1.543434 -2.131110 -1.325972 -2.630349 -1.139260
5004.939103 -1.806465 -1.988281 -1.543435 -2.131110 -1.325972 -2.630349 -1.139260
5074.705239 -1.806465 -1.988282 -1.543434 -2.131110 -1.325971 -2.630348 -1.139260
5145.443878 -1.806465 -1.988281 -1.543435 -2.131110 -1.325972 -2.630349 -1.139260
5217.168576 -1.806464 -1.988281 -1.543435 -2.131110 -1.325972 -2.630349 -1.139259
5289.893076 -1.806465 -1.988281 -1.543435 -2.131110 -1.325972 -2.630349 -1.139260
5363.631317 -1.806465 -1.988281 -1.543435 -2.131109 -1.325972 -2.630349 -1.139260
5438.397428 -1.806465 -1.988281 -1.543435 -2.131110 -1.325971 -2.630349 -1.139260
5514.205739 -1.806464 -1.988282 -1.543435 -2.131110 -1.325972 -2.630349 -1.139260
5591.070777 -1.806465 -1.988281 -1.543436 -2.131110 -1.325971 -2.630349 -1.139260
5669.007271 -1.806465 -1.988281 -1.543434 -2.131110 -1.325971 -2.630349 -1.139260
5748.030158 -1.806466 -1.988281 -1.543434 -2.131110 -1.325972 -2.630349 -1.139260
5828.154581 -1.806465 -1.988280 -1.543436 -2.131110 -1.325972 -2.630349 -1.139259
5909.395895 -1.806465 -1.988281 -1.543435 -2.131110 -1.325972 -2.630349 -1.139260
5991.769669 -1.806465 -1.988281 -1.543436 -2.131110 -1.325971 -2.630349 -1.139260
6075.291689 -1.806465 -1.988280 -1.543436 -2.131109 -1.325972 -2.630349 -1.139259
6159.977960 -1.806465 -1.988281 -1.543436 -2.131111 -1.325971 -2.630349 -1.139260
6245.844712 -1.806465 -1.988281 -1.543435 -2.131111 -1.325972 -2.630349 -1.139260
6332.908400 -1.806466 -1.988282 -1.543436 -2.131110 -1.325972 -2.630349 -1.139259
6421.185709 -1.806464 -1.988281 -1.543435 -2.131110 -1.325971 -2.630348 -1.139260
6510.693555 -1.806465 -1.988280 -1.543435 -2.131110 -1.325971 -2.630348 -1.139261
6601.449093 -1.806465 -1.988281 -1.543434 -2.131110 -1.325972 -2.630347 -1.139260
6693.469713 -1.806466 -1.988280 -1.543435 -2.131110 -1.325971 -2.630348 -1.139259
6786.773051 -1.806465 -1.988281 -1.543435 -2.131110 -1.325972 -2.630348 -1.139260
6881.376986 -1.806465 -1.988281 -1.543435 -2.131111 -1.325972 -2.630349 -1.139260
6977.299650 -1.806464 -1.988281 -1.543435 -2.131110 -1.325972 -2.630348 -1.139260
7074.559423 -1.806465 -1.988280 -1.543435 -2.131110 -1.325972 -2.630348 -1.139259
7173.174944 -1.806465 -1.988281 -1.543435 -2.131110 -1.325972 -2.630349 -1.139259
7273.165113 -1.806464 -1.988282 -1.543435 -2.131110 -1.325972 -2.630349 -1.139260
7374.549090 -1.806465 -1.988281 -1.543436 -2.131110 -1.325971 -2.630348 -1.139261
7477.346305 -1.806465 -1.988281 -1.543435 -2.131110 -1.325972 -2.630348 -1.139259
7581.576458 -1.806464 -1.988281 -1.543435 -2.131110 -1.325971 -2.630349 -1.139261
7687.259522 -1.806465 -1.988281 -1.543435 -2.131109 -1.325972 -2.630349 -1.139261
7794.415750 -1.806465 -1.988280 -1.543435 -2.131110 -1.325972 -2.630349 -1.139259
7903.065679 -1.806465 -1.988279 -1.543436 -2.131110 -1.325972 -2.630349 -1.139260
8013.230128 -1.806465 -1.988282 -1.543436 -2.131110 -1.325971 -2.630349 -1.139259
8124.930211 -1.806465 -1.988282 -1.543435 -2.131109 -1.325972 -2.630349 -1.139259
8238.187331 -1.806465 -1.988281 -1.543434 -2.131111 -1.325972 -2.630349 -1.139260
8353.023195 -1.806464 -1.988281 -1.543435 -2.131110 -1.325971 -2.630350 -1.139260
8469.459808 -1.806465 -1.988280 -1.543436 -2.131110 -1.325971 -2.630349 -1.139260
8587.519485 -1.806465 -1.988282 -1.543435 -2.131111 -1.325971 -2.630349 -1.139259
8707.224849 -1.806466 -1.988281 -1.543435 -2.131110 -1.325972 -2.630349 -1.139259
8828.598841 -1.806465 -1.988281 -1.543435 -2.131110 -1.325971 -2.630349 -1.139260
8951.664721 -1.806465 -1.988281 -1.543434 -2.131110 -1.325971 -2.630348 -1.139260
9076.446073 -1.806465 -1.988281 -1.543435 -2.131110 -1.325972 -2.630350 -1.139260
9202.966809 -1.806463 -1.988280 -1.543435 -2.131110 -1.325972 -2.630350 -1.139260
9331.251175 -1.806464 -1.988280 -1.543436 -2.131110 -1.325972 -2.630349 -1.139261
9461.323756 -1.806465 -1.988282 -1.543434 -2.131111 -1.325971 -2.630349 -1.139260
9593.209478 -1.806467 -1.988280 -1.543437 -2.131111 -1.325971 -2.630349 -1.139260
9726.933615 -1.806464 -1.988280 -1.543435 -2.131111 -1.325972 -2.630349 -1.139259
9862.521795 -1.806465 -1.988280 -1.543436 -2.131110 -1.325970 -2.630349 -1.139260
10000.000000 -1.806465 -1.988282 -1.543435 -2.131109 -1.325971 -2.630347 -1.139260
