10.000000 0.000000 0.000000 0.000000 0.000000 0.000000 0.000000 0.000000
10.139395 0.000000 0.000000 0.000000 0.000000 0.000000 0.000000 0.000000
10.280732 0.000000 0.000000 0.000000 0.000000 0.000000 0.000000 0.000000
10.424040 0.000000 0.000000 0.000000 0.000000 0.000000 0.000000 0.000000
10.569346 0.000000 0.000000 0.000000 0.000000 0.000000 0.000000 0.000000
10.716676 0.000000 0.000000 0.000000 0.000000 0.000000 0.000000 0.000000
10.866061 0.000000 0.000000 0.000000 0.000000 0.000000 0.000000 0.000000
11.017528 0.000000 0.000000 0.000000 0.000000 0.000000 0.000000 0.000000
11.171107 0.000000 0.000000 0.000000 0.000000 0.000000 0.000000 0.000000
11.326826 0.000000 0.000000 0.000000 0.000000 0.000000 0.000000 0.000000
11.484715 0.000000 0.000000 0.000000 0.000000 0.000000 0.000000 0.000000
11.644806 0.000000 0.000000 0.000000 0.000000 0.000000 0.000000 0.000000
11.807128 0.000000 0.000000 0.000000 0.000000 0.000000 0.000000 0.000000
11.971713 0.000000 0.000000 0.000000 0.000000 0.000000 0.000000 0.000000
12.138593 0.000000 0.000000 0.000000 0.000000 0.000000 0.000000 0.000000
12.307798 0.000000 0.000000 0.000000 0.000000 0.000000 0.000000 0.000000
12.479362 0.000000 0.000000 0.000000 0.000000 0.000000 0.000000 0.000000
12.653318 0.000000 0.000000 0.000000 0.000000 0.000000 0.000000 0.000000
12.829698 0.000000 0.000000 0.000000 0.000000 0.000000 0.000000 0.000000
13.008537 0.000000 0.000000 0.000000 0.000000 0.000000 0.000000 0.000000
13.189869 0.000000 0.000000 0.000000 0.000000 0.000000 0.000000 0.000000
13.373729 0.000000 0.000000 0.000000 0.000000 0.000000 0.000000 0.000000
13.560151 0.000000 0.000000 0.000000 0.000000 0.000000 0.000000 0.000000
13.749172 0.000000 0.000000 0.000000 0.000000 0.000000 0.000000 0.000000
13.940828 0.000000 0.000000 0.000000 0.000000 0.000000 0.000000 0.000000
14.135156 0.000000 0.000000 0.000000 0.000000 0.000000 0.000000 0.000000
14.332192 0.000000 0.000000 0.000000 0.000000 0.000000 0.000000 0.000000
14.531975 0.000000 0.000000 0.000000 0.000000 0.000000 0.000000 0.000000
14.734543 0.000000 0.000000 0.000000 0.000000 0.000000 0.000000 0.000000
14.939935 0.000000 0.000000 0.000000 0.000000 0.000000 0.000000 0.000000
15.148189 0.000000 0.000000 0.000000 0.000000 0.000000 0.000000 0.000000
15.359347 0.000000 0.000000 0.000000 0.000000 0.000000 0.000000 0.000000
15.573448 0.000000 0.000000 0.000000 0.000000 0.000000 0.000000 0.000000
15.790533 0.000000 0.000000 0.000000 0.000000 0.000000 0.000000 0.000000
16.010645 0.000000 0.000000 0.000000 0.000000 0.000000 0.000000 0.000000
16.233824 0.000000 0.000000 0.000000 0.000000 0.000000 0.000000 0.000000
16.460115 0.000000 0.000000 0.000000 0.000000 0.000000 0.000000 0.000000
16.689560 0.000000 0.000000 0.000000 0.000000 0.000000 0.000000 0.000000
16.922204 0.000000 0.000000 0.000000 0.000000 0.000000 0.000000 0.000000
17.158090 0.000000 0.000000 0.000000 0.000000 0.000000 0.000000 0.000000
17.397264 0.000000 0.000000 0.000000 0.000000 0.000000 0.000000 0.000000
17.639773 0.000000 0.000000 0.000000 0.000000 0.000000 0.000000 0.000000
17.885662 0.000000 0.000000 0.000000 0.000000 0.000000 0.000000 0.000000
18.134978 0.000000 0.000000 0.000000 0.000000 0.000000 0.000000 0.000000
18.387770 0.000000 0.000000 0.000000 0.000000 0.000000 0.000000 0.000000
18.644085 0.000000 0.000000 0.000000 0.000000 0.000000 0.000000 0.000000
18.903974 1435.283661 1137.933801 1752.307772 906.855501 1992.269238 758.326587 2253.050948
19.167485 1435.053644 1137.939837 1751.093398 906.837002 1989.933843 758.355328 2249.970540
19.434669 1434.820382 1137.945956 1749.861235 906.818244 1987.563092 758.384468 2246.842880
19.705578 1434.583831 1137.952162 1748.570536 906.799225 1985.156403 758.414014 2243.667171
19.980263 1434.340797 1137.972097 1747.140519 906.786722 1982.741812 758.421203 2240.467325
20.258777 1434.093863 1137.994350 1745.688068 906.775059 1980.294842 758.425089 2237.221904
20.541173 1433.843443 1138.016913 1744.214136 906.763233 1977.810672 758.429030 2233.926429
20.827506 1433.589488 1138.039790 1742.718385 906.751243 1975.422784 758.433025 2230.580046
21.117830 1433.331389 1138.074936 1741.198185 906.749872 1973.023413 758.426668 2227.210371
21.412202 1433.069449 1138.114767 1739.529742 906.752271 1970.593446 758.416568 2223.798528
21.710676 1432.803506 1138.155153 1737.823058 906.696139 1968.126543 758.406327 2220.333774
22.013311 1432.532837 1138.196099 1736.090870 906.615984 1965.622092 758.395943 2216.815194
22.320165 1432.259166 1138.247658 1734.887231 906.551765 1963.098254 758.383379 2213.271904
22.631296 1431.982152 1138.306341 1733.253455 906.497530 1960.547916 758.369342 2209.692620
22.946764 1431.701222 1138.365838 1731.595331 906.442536 1957.958636 758.355108 2206.057513
23.266629 1431.416320 1138.342659 1729.912471 906.386772 1955.329762 758.340676 2202.365609
23.590953 1431.128547 1138.289238 1728.209359 906.344141 1952.679535 758.329586 2198.645025
23.919798 1430.837955 1138.241209 1726.486055 906.315917 1950.009100 758.322162 2194.897582
24.253227 1430.543251 1138.192508 1724.519509 906.287300 1947.297702 758.314635 2191.091358
24.591304 1430.244377 1138.142696 1722.388641 906.258282 1944.544649 758.307003 2187.225314
24.934094 1429.908182 1138.094328 1720.757433 906.239268 1941.766153 758.306322 2183.323920
25.281661 1429.210866 1138.053519 1719.353434 906.239149 1938.976047 758.318623 2179.408086
25.634074 1428.503481 1138.012138 1717.514003 906.239029 1936.142943 758.331095 2175.430470
25.991399 1427.785879 1137.970180 1715.646919 906.238906 1933.266109 758.343741 2171.389970
26.353705 1426.842771 1137.930584 1713.357574 906.245682 1930.357552 758.363633 2167.304483
26.721062 1425.607648 1137.900704 1710.991692 906.276573 1927.448448 758.408415 2163.220532
27.093539 1425.230485 1137.870407 1709.144309 906.307893 1924.491938 758.453819 2159.071766
27.471208 1424.827485 1137.839686 1707.683525 906.339649 1921.426948 758.499852 2154.857013
27.854142 1424.334857 1137.809798 1706.198877 906.374851 1918.321189 758.550232 2150.584415
28.242413 1424.158986 1137.791587 1704.345457 906.439334 1915.233764 758.636841 2146.333264
28.636097 1423.865482 1137.773121 1702.621615 906.504711 1912.098212 758.724648 2142.014240
29.035269 1423.511144 1137.754399 1701.047891 906.570995 1908.913693 758.813667 2137.626102
29.440005 1422.875079 1137.735414 1699.450741 906.638198 1905.679351 758.903917 2133.167579
29.850382 1422.548855 1137.728912 1697.251164 906.736931 1902.475159 759.037310 2128.747041
30.266481 1422.218021 1137.722773 1695.667006 906.838121 1899.223671 759.174032 2124.259410
30.688379 1421.882497 1137.716549 1694.089991 906.940709 1895.921165 759.312635 2119.699523
31.116158 1421.542215 1137.710237 1692.489493 907.044716 1892.566740 759.453144 2115.066037
31.549901 1420.933078 1137.714699 1689.784231 907.176013 1889.238292 759.633230 2110.465428
31.989689 1419.615172 1137.721361 1686.543976 907.314208 1885.872985 759.823189 2105.811697
32.435608 1419.314290 1137.728115 1683.758978 907.454307 1882.454626 760.015748 2101.082570
32.887743 1419.009148 1137.734963 1680.515975 907.596338 1878.982267 760.210941 2096.276630
33.346180 1418.188496 1137.751047 1678.258691 907.761367 1875.529462 760.440503 2091.495178
33.811008 1417.313224 1137.771164 1675.968260 907.937435 1872.053142 760.686403 2086.678816
34.282315 1416.322681 1137.791561 1672.591862 908.115922 1868.521761 760.935649 2081.783940
34.760192 1415.524227 1137.812242 1669.161425 908.296862 1864.934327 761.188287 2076.809052
35.244730 1414.639722 1137.840765 1666.405944 908.496745 1861.357567 761.469571 2071.846653
35.736022 1413.742330 1137.875240 1663.741270 908.711469 1857.537775 761.773198 2066.872220
36.234163 1412.736339 1137.910194 1661.035087 908.929134 1854.089086 762.080934 2061.816193
36.739248 1412.471374 1137.945635 1658.758109 909.149780 1850.434210 762.392833 2056.676996
37.251373 1412.014269 1137.987600 1656.016425 909.385956 1846.734471 762.727776 2051.534304
37.770637 1410.591550 1138.037610 1653.281786 909.640834 1843.047756 763.090521 2046.407552
38.297139 1409.086060 1138.088316 1650.504402 909.899191 1839.302104 763.458146 2041.196189
38.830980 1407.813490 1138.139726 1647.683522 910.161075 1835.496436 763.830714 2035.898562
39.372263 1407.060864 1138.259544 1644.850235 910.435723 1831.675336 764.221154 2030.577078
39.921091 1406.569169 1138.408268 1641.968793 910.733826 1827.891050 764.644414 2025.305028
40.477570 1405.413369 1138.481981 1638.656208 911.035984 1824.045997 765.073334 2019.945439
41.041805 1403.492750 1138.556716 1635.749596 911.342252 1820.139052 765.507989 2014.496582
41.613906 1402.082191 1138.635407 1632.818358 911.658421 1816.198927 765.955852 2008.998744
42.193981 1401.452700 1138.727704 1629.931849 912.003479 1812.323476 766.441419 2003.589756
42.782142 1400.345519 1138.821281 1626.999876 912.353215 1808.385523 766.933440 1998.090419
43.378502 1399.222010 1138.916154 1624.021627 912.707689 1804.383902 767.431997 1992.498927
43.983175 1398.082818 1139.013363 1621.003739 913.068874 1800.327873 767.939486 1986.828201
44.596276 1396.940771 1139.127788 1618.054177 913.464619 1796.368716 768.489598 1981.292031
45.217924 1395.781852 1139.243796 1615.058000 913.865705 1792.345441 769.046976 1975.662850
45.848238 1394.605794 1139.361409 1612.014371 914.272203 1788.256842 769.611711 1969.938779
46.487337 1393.679255 1139.480649 1608.922438 914.684182 1784.101684 770.183896 1964.117884
47.135345 1392.391980 1139.618989 1605.907665 915.132182 1780.054574 770.799360 1958.447596
47.792386 1390.780266 1139.760530 1602.854437 915.588455 1775.954666 771.425543 1952.699948
48.458586 1388.751964 1139.904026 1599.752699 916.050856 1771.787921 772.059935 1946.854857
49.134073 1386.692359 1140.049505 1596.601572 916.519464 1767.553065 772.702639 1940.910316
49.818975 1385.848885 1140.213768 1593.518995 917.021807 1763.413130 773.386705 1935.097857
50.513425 1385.214151 1140.384458 1590.416888 917.537678 1759.246405 774.087856 1929.244621
51.217554 1384.570272 1140.557501 1587.539464 918.060443 1755.011498 774.798132 1923.291607
51.931499 1383.490037 1140.732930 1584.726926 918.590191 1750.707099 775.517646 1917.236739
52.655396 1381.590189 1140.926524 1581.396218 919.151798 1746.480835 776.277135 1911.290048
53.389384 1379.813262 1141.130485 1578.452809 919.732999 1742.258237 777.061419 1905.345616
54.133603 1378.958382 1141.337251 1574.685534 920.321926 1738.065304 777.855828 1899.299325
54.888196 1378.269002 1141.546861 1571.542667 921.032767 1733.889669 778.660483 1893.149037
55.653308 1376.941780 1141.773593 1568.438342 921.830684 1729.762696 779.502345 1887.077332
56.429085 1375.615081 1142.015466 1564.970383 922.656484 1725.667335 780.377663 1881.057591
57.215676 1375.109424 1142.260658 1561.748348 923.493040 1721.504940 781.264181 1874.934204
58.013231 1374.650747 1142.509214 1558.811010 924.340486 1717.274222 782.162030 1868.704974
58.821904 1373.744994 1142.485799 1555.226155 925.215829 1713.070200 783.093100 1862.518801
59.641849 1372.224270 1142.709990 1552.036627 926.126513 1708.934381 784.066927 1856.441064
60.473224 1370.688085 1142.990216 1548.795934 927.048979 1704.730666 785.053095 1850.258224
61.316188 1369.599868 1143.274278 1545.503128 927.983366 1700.457743 786.051746 1843.968031
62.170903 1368.041614 1143.571475 1542.214832 928.942275 1696.185428 787.078773 1837.679301
63.037532 1366.560232 1143.896062 1539.019152 929.944938 1692.022563 788.158437 1831.562240
63.916241 1365.269186 1144.225081 1535.772137 930.960476 1687.791188 789.251643 1825.338981
64.807198 1364.361952 1144.558589 1532.472836 931.989040 1683.464914 790.358543 1819.007234
65.710575 1364.021518 1144.931871 1529.153907 933.038076 1678.983168 791.488258 1812.629263
66.626545 1362.896235 1145.473054 1525.965033 934.140236 1674.772441 792.680861 1806.492802
67.555283 1362.090869 1146.021519 1522.724889 935.256433 1670.522455 793.888259 1800.249446
68.496967 1361.619502 1146.491911 1519.432524 936.386830 1666.202158 795.110616 1793.896876
69.451778 1360.313455 1146.557142 1516.871400 937.532919 1661.747948 796.349688 1787.444401
70.419898 1359.242463 1146.887822 1513.707293 938.742209 1657.452494 797.662461 1781.309561
71.401513 1358.551289 1147.332628 1510.492312 939.966768 1652.927727 798.991332 1775.067556
72.396811 1356.608450 1147.783458 1507.225515 941.206770 1648.156848 800.336474 1768.716050
73.405984 1355.539682 1148.342076 1503.905936 942.462391 1643.648459 801.698062 1762.252635
74.429223 1354.041498 1148.741489 1500.751454 943.780843 1639.360209 803.133068 1756.093911
75.466726 1353.392323 1149.520475 1497.571467 945.121202 1635.015335 804.591990 1749.875621
76.518692 1351.956085 1149.797059 1493.996347 946.478307 1630.598074 806.068554 1743.548009
77.585321 1351.121107 1149.959623 1490.244415 947.852345 1626.106988 807.562943 1737.108661
78.666818 1349.212653 1150.173271 1487.101013 949.285335 1621.850154 809.127359 1730.931123
79.763391 1347.822543 1151.031765 1483.967149 950.748789 1617.499229 810.726279 1724.759587
80.875249 1345.395415 1152.046853 1480.782828 952.230347 1613.127280 812.344275 1718.479395
82.002606 1343.442614 1152.648737 1478.121330 953.730208 1608.682256 813.981541 1712.088140
83.145678 1341.584934 1153.289005 1475.003923 955.284541 1604.386917 815.683584 1705.909515
84.304684 1341.239159 1154.388134 1472.197011 956.878404 1600.147902 817.431472 1699.808165
85.479845 1340.199088 1155.231698 1469.082610 958.491778 1595.838301 819.199917 1693.599324
86.671388 1338.807852 1155.926623 1465.918041 960.124875 1591.456711 820.989124 1687.280607
87.879540 1336.727797 1156.655654 1462.844341 961.807318 1587.186783 822.836329 1681.119454
89.104533 1334.804394 1157.418441 1460.233997 963.538668 1583.075306 824.740865 1675.111779
90.346602 1333.820732 1158.191347 1459.051503 965.290981 1578.930456 826.667468 1668.998281
91.605985 1332.115657 1158.974501 1457.206819 967.064479 1574.493715 828.616354 1662.776615
92.882923 1330.549491 1159.786814 1454.106044 968.881563 1570.262635 830.615533 1656.652161
94.177660 1329.470213 1160.640668 1453.057332 970.756824 1566.194599 832.683174 1650.761334
95.490446 1327.630282 1161.505783 1450.794007 972.654534 1562.059040 834.774408 1644.766851
96.821531 1326.206151 1162.382300 1447.655183 974.574925 1557.854625 836.889457 1638.666419
98.171170 1324.942018 1163.088753 1444.357988 976.532687 1553.675757 839.046909 1632.598363
99.539623 1324.128412 1163.895656 1441.299658 978.557090 1549.715632 841.283814 1626.846841
100.927151 1322.842940 1164.550112 1438.110405 980.605446 1545.689946 843.545844 1620.994311
102.334021 1321.840573 1165.309948 1436.811844 982.677996 1541.597411 845.833228 1615.038545
103.760502 1321.125817 1166.401105 1434.128522 984.781739 1537.483817 848.155101 1609.046825
105.206867 1320.345372 1167.436790 1430.909542 986.959207 1533.644725 850.567355 1603.455943
106.673394 1319.969012 1168.485975 1429.434556 989.162134 1529.742282 853.006269 1597.767153
108.160363 1319.006627 1169.548824 1427.607294 991.390771 1525.425204 855.472081 1591.978309
109.668060 1318.488715 1170.625503 1426.230402 993.645370 1520.939422 857.965029 1586.087200
111.196773 1317.487128 1171.760073 1424.175400 995.805270 1516.793873 860.555717 1580.672404
112.746796 1317.626422 1172.725626 1423.192793 997.957630 1513.067352 863.175114 1575.167578
114.318425 1317.237746 1173.616888 1421.753251 1000.135264 1509.378013 865.822934 1569.566306
115.911962 1316.702837 1175.231901 1419.314275 1002.338422 1505.628016 868.499421 1563.866471
117.527712 1315.941925 1176.654339 1415.516417 1004.618300 1502.142367 871.261648 1558.574591
119.165984 1315.163436 1178.356803 1412.115415 1006.932799 1498.652023 874.062507 1553.271985
120.827094 1314.793779 1179.880332 1408.949598 1009.274142 1495.104707 876.893275 1547.876916
122.511358 1314.630066 1181.173580 1405.988031 1011.642589 1491.499329 879.754202 1542.387376
124.219100 1313.361061 1182.650769 1402.338460 1014.077601 1488.110802 882.689028 1537.233998
125.950646 1312.595714 1184.923261 1399.471503 1016.554876 1484.768135 885.670657 1532.149561
127.706330 1312.188169 1186.260285 1397.114715 1019.060533 1481.350855 888.683634 1526.976965
129.486487 1312.014540 1187.053191 1394.931398 1021.594844 1477.763550 891.728217 1521.714314
131.291459 1312.104908 1188.054643 1393.563438 1024.185858 1474.348812 894.835629 1516.713988
133.121590 1312.075666 1189.504497 1393.328477 1026.824558 1471.313794 897.995694 1511.861107
134.977233 1311.923239 1190.951530 1392.129928 1029.493135 1468.205082 901.188495 1507.934293
136.858742 1310.871048 1192.459641 1390.361093 1032.191866 1464.877854 904.414294 1503.959210
138.766479 1310.527519 1193.970077 1389.338370 1034.938326 1461.591202 907.692277 1500.125188
140.700809 1310.474505 1195.504855 1388.385495 1037.734816 1458.452403 910.956460 1496.458551
142.662102 1309.830265 1197.616686 1386.888859 1040.562614 1455.262939 914.087426 1492.731608
144.650734 1308.708096 1199.913435 1384.992547 1043.422005 1451.290825 917.251124 1488.943188
146.667087 1308.369107 1202.130641 1383.674188 1046.321803 1448.098744 920.457230 1485.238498
148.711546 1307.041257 1202.944581 1382.695689 1049.270016 1445.093400 923.714504 1481.751917
150.784505 1306.538797 1204.434991 1381.564272 1052.250892 1442.039769 927.005497 1478.208339
152.886359 1305.791317 1205.845473 1380.726601 1055.264723 1439.320628 930.330479 1474.606671
155.017512 1305.860712 1207.531243 1379.292512 1058.314180 1435.859313 933.692604 1471.034218
157.178372 1305.587782 1209.522609 1378.221948 1061.405825 1433.359793 937.099731 1467.725467
159.369353 1305.771737 1210.632217 1377.186610 1064.531397 1430.871299 940.541751 1464.362961
161.590875 1305.857411 1211.210130 1376.136045 1067.691197 1428.225017 944.018936 1460.945682
163.843365 1305.882579 1212.822025 1375.080391 1070.885124 1425.664268 947.531343 1457.733052
166.127252 1306.018356 1213.358121 1373.982899 1074.109698 1423.055566 951.077168 1454.863950
168.442976 1305.730597 1213.869207 1372.302181 1077.369367 1420.673270 954.658973 1451.949065
170.790980 1305.331842 1214.387197 1371.950729 1080.664436 1418.317903 958.277037 1448.987562
173.171713 1304.987611 1215.290197 1371.017465 1083.995209 1415.925703 961.931640 1445.978584
175.585633 1304.523296 1217.291425 1370.235620 1087.341021 1413.718027 965.603813 1443.249802
178.033202 1304.517194 1219.314269 1369.316691 1090.722077 1411.268041 969.312128 1440.492138
180.514888 1304.536388 1221.759716 1368.439045 1094.139595 1408.779553 973.057706 1437.690633
183.031168 1304.135402 1224.317999 1367.616250 1097.593887 1406.363908 976.840831 1434.844492
185.582523 1303.207842 1225.411005 1367.137344 1101.051638 1404.252924 980.629102 1432.224003
188.169442 1302.929452 1225.491281 1366.668705 1104.539572 1402.225707 984.448531 1429.618493
190.792422 1303.736655 1225.572670 1365.307509 1108.064917 1400.249807 988.306130 1426.971806
193.451965 1303.599869 1226.750167 1363.992908 1111.627989 1398.076975 992.202190 1424.283204
196.148581 1303.299465 1228.752722 1363.160662 1115.186904 1396.133873 996.094983 1423.034801
198.882786 1303.597011 1230.747924 1362.346698 1118.765691 1393.761509 1000.008481 1422.791946
201.655104 1303.211392 1232.767641 1361.462701 1122.382713 1392.457733 1003.960957 1422.545664
204.466067 1303.251178 1234.812140 1360.683062 1126.038292 1391.071944 1007.952703 1422.295904
207.316213 1303.247990 1236.808663 1359.880515 1129.069077 1389.365968 1011.937442 1422.006875
210.206088 1302.928488 1238.774447 1359.223338 1131.796845 1388.275385 1015.926591 1421.686648
213.136247 1302.576787 1240.764454 1358.541550 1135.108612 1387.229069 1019.955418 1421.361883
216.107251 1302.422634 1242.778946 1357.546049 1138.699332 1385.231313 1024.024221 1421.032516
219.119669 1302.394806 1244.752073 1356.719676 1142.265781 1383.397578 1028.087306 1420.666520
222.174078 1302.483550 1245.912022 1356.290657 1145.790756 1381.231525 1032.132264 1420.254551
225.271064 1302.750623 1247.398197 1355.990013 1149.244743 1380.151168 1036.217484 1419.836716
228.411221 1302.425872 1248.280267 1355.021760 1152.203981 1378.608883 1040.343272 1419.412932
231.595149 1302.744803 1249.569800 1354.592555 1155.162482 1378.076958 1044.470150 1417.294383
234.823460 1302.732211 1250.381331 1354.184758 1158.078617 1377.082607 1048.549939 1414.806117
238.096772 1302.889237 1251.054995 1353.431183 1161.027922 1376.313045 1052.670454 1412.278690
241.415712 1302.736669 1253.114058 1353.084820 1164.010710 1376.285057 1056.832004 1409.711406
244.780916 1303.178298 1254.856131 1351.742778 1167.004219 1376.495109 1061.007182 1407.154550
248.193029 1303.542502 1255.748000 1350.906748 1169.927909 1375.847757 1065.099408 1404.787553
251.652705 1304.000165 1257.710011 1349.577186 1172.884912 1375.057101 1069.232686 1405.320107
255.160607 1304.703834 1258.574305 1348.885962 1175.875542 1374.042451 1073.407331 1406.291655
258.717408 1305.099917 1259.432375 1347.595470 1178.892469 1373.016265 1077.614212 1407.262814
262.323788 1305.151398 1260.451350 1346.312310 1181.807291 1373.289502 1081.694903 1408.010222
265.980440 1305.722899 1260.970293 1345.543354 1184.755423 1373.054253 1085.816819 1408.767643
269.688063 1305.647448 1261.566040 1344.384490 1187.906642 1371.737649 1089.980278 1409.535207
273.447368 1305.576998 1262.936471 1343.920639 1191.728520 1370.765679 1094.185598 1410.313044
277.259076 1306.298485 1263.699705 1342.965218 1195.050846 1370.540140 1098.244259 1410.224139
281.123917 1306.652835 1264.446020 1342.646574 1197.959837 1371.362841 1102.328669 1409.308912
285.042632 1306.559605 1265.202288 1342.515959 1200.902184 1370.264602 1106.454620 1408.380320
289.015972 1306.697586 1266.444210 1342.392019 1203.878204 1369.898748 1110.622435 1407.438158
293.044698 1307.236577 1267.800617 1342.071733 1206.747751 1371.413334 1114.647358 1406.404094
297.129582 1307.890122 1268.640041 1341.541542 1209.594242 1370.579967 1118.665653 1405.334512
301.271407 1308.371366 1269.879541 1341.194353 1212.428015 1369.724911 1122.725277 1404.249188
305.470967 1308.970940 1270.718367 1340.646371 1215.294542 1370.818121 1126.826557 1403.147878
309.729067 1309.547759 1272.315114 1340.800046 1218.064269 1368.867466 1130.794498 1401.962177
314.046522 1310.605676 1273.590741 1340.653050 1221.081336 1368.132628 1134.715158 1400.724397
318.424160 1311.182987 1274.593820 1340.537967 1224.379409 1368.946415 1138.676687 1399.468246
322.862820 1311.439744 1275.306364 1339.742024 1227.858499 1369.149828 1142.679416 1398.193433
327.363353 1312.056869 1275.767079 1339.077888 1231.217599 1367.793787 1146.564830 1398.488138
331.926620 1312.071509 1275.638685 1338.916486 1234.476569 1368.945813 1150.353131 1398.652276
336.553498 1312.246207 1275.305023 1338.952340 1237.758561 1368.607213 1154.181545 1398.818681
341.244871 1312.435501 1275.953715 1338.889120 1240.455567 1367.801963 1158.050402 1398.987386
346.001639 1311.953809 1276.521413 1339.045804 1243.084279 1368.153142 1161.825281 1399.032710
350.824714 1311.571452 1277.270117 1338.657161 1246.058405 1368.696045 1165.443185 1398.894185
355.715021 1311.983121 1277.846094 1338.675500 1246.718234 1368.254685 1169.100088 1398.936651
360.673495 1312.150946 1278.547730 1338.748160 1249.327265 1367.211571 1172.796325 1398.987396
365.701088 1312.135170 1279.736766 1338.760258 1251.683643 1366.808252 1176.430151 1398.946002
370.798763 1311.884399 1281.251632 1338.682540 1253.360781 1365.804764 1179.836629 1398.660810
375.967497 1311.727572 1281.704756 1338.719922 1254.400875 1365.620858 1183.280578 1398.371582
381.208280 1311.889745 1281.778859 1338.626825 1254.595893 1365.593772 1186.762330 1398.078262
386.522116 1311.278834 1282.435125 1338.418436 1254.495863 1365.102470 1190.222145 1397.730288
391.910025 1311.027730 1282.713826 1338.170792 1254.160908 1365.188370 1193.373818 1397.690367
397.373038 1310.426616 1283.201615 1337.682120 1254.264660 1364.555213 1196.560947 1397.784506
402.912203 1310.397855 1283.313679 1336.891146 1253.936590 1363.912931 1199.783859 1397.879950
408.528580 1310.548146 1283.760803 1336.194550 1253.705384 1363.257830 1203.034438 1397.969029
414.223247 1310.343504 1283.912266 1335.511646 1253.778227 1362.409629 1205.886716 1397.662531
419.997295 1309.846724 1283.865356 1335.137120 1253.737368 1361.603614 1208.771881 1397.351691
425.851829 1309.528651 1283.914990 1334.778388 1253.179725 1361.421353 1211.690250 1397.683620
431.787973 1309.602093 1283.833192 1334.536449 1253.414272 1361.120424 1214.642140 1396.716738
437.806863 1309.251597 1283.297073 1333.820031 1252.363522 1360.784201 1217.203089 1396.024565
443.909653 1308.752800 1282.769615 1333.075001 1251.911949 1361.560416 1219.741407 1395.443630
450.097513 1307.913568 1281.786604 1332.838753 1251.933252 1361.557548 1222.309727 1395.036104
456.371628 1307.157770 1281.824306 1332.182582 1253.109765 1361.399354 1224.908350 1394.622776
462.733201 1306.091084 1281.210078 1331.318993 1252.668077 1360.953122 1227.151943 1393.850656
469.183451 1305.320565 1280.542253 1330.389915 1252.241561 1359.358629 1229.300599 1392.955399
475.723614 1304.779266 1279.834909 1329.290019 1251.423978 1357.644529 1231.475380 1392.047074
482.354943 1304.134835 1279.186920 1328.350999 1251.224615 1355.904324 1233.676561 1391.125483
489.078709 1303.082058 1278.206084 1326.989185 1251.026639 1354.788588 1235.569812 1389.883184
495.896201 1301.945631 1277.435936 1325.615177 1250.436486 1353.647009 1236.659503 1388.441564
502.808725 1301.007220 1276.507643 1324.866620 1249.990606 1352.111707 1234.827230 1386.978318
509.817606 1300.042276 1275.553372 1323.578215 1249.408598 1350.079185 1232.966637 1385.882102
516.924187 1298.741968 1274.159687 1322.173426 1248.360111 1349.202699 1231.032819 1384.578820
524.129830 1297.623827 1272.377412 1320.898432 1247.198570 1348.503017 1229.024500 1383.016130
531.435916 1296.518929 1271.068995 1319.722523 1245.851000 1347.091250 1226.984831 1381.429852
538.843844 1295.352941 1269.531685 1317.972999 1244.651750 1346.272019 1224.913262 1379.819600
546.355035 1294.365055 1267.886113 1316.201223 1242.709477 1345.274837 1225.539366 1378.014867
553.970928 1292.589310 1266.071310 1314.155134 1240.691109 1342.747683 1226.647772 1375.893891
561.692982 1291.085639 1264.372829 1312.776569 1239.228850 1341.332453 1226.806749 1373.740006
569.522678 1288.920603 1262.813959 1311.356370 1237.744445 1339.110965 1224.898820 1371.552644
577.461515 1286.508977 1260.850249 1309.165319 1236.192908 1337.268591 1222.925486 1369.228596
585.511016 1284.560702 1259.052168 1307.305833 1233.541599 1335.125127 1220.553551 1366.546431
593.672722 1282.535125 1256.557035 1305.532016 1231.746296 1333.203203 1218.025449 1363.821493
601.948197 1280.226151 1254.183019 1303.904147 1229.893204 1331.504054 1215.456738 1361.053000
610.339029 1278.168073 1251.384959 1301.974500 1227.561592 1329.713146 1212.833754 1359.719147
618.846824 1275.286330 1248.692232 1299.298467 1225.333410 1326.671526 1210.067333 1358.533141
627.473213 1272.394990 1245.793588 1296.285706 1222.611046 1323.580371 1207.255877 1357.329545
636.219849 1269.503394 1242.766295 1293.754869 1219.711542 1320.438738 1204.398531 1356.108081
645.088409 1266.084899 1239.730309 1291.289695 1217.368199 1317.245663 1201.494416 1354.868466
654.080591 1263.017502 1236.533384 1288.633790 1214.066208 1313.697369 1198.447654 1353.064377
663.198120 1259.732140 1233.281720 1285.895104 1211.778414 1311.410231 1195.349026 1351.224257
672.442742 1256.469802 1229.975953 1283.094959 1208.957593 1308.237627 1192.198982 1349.355925
681.816229 1253.903905 1226.615009 1279.896229 1206.023262 1305.625892 1188.996508 1347.458905
691.320378 1250.422652 1222.988999 1276.745099 1202.869139 1302.133434 1185.681545 1343.324458
700.957009 1246.894921 1219.319803 1273.326479 1199.650760 1299.535051 1182.300831 1338.965892
710.727970 1243.651781 1215.760700 1269.808078 1196.378678 1295.844715 1178.863093 1334.532037
720.635132 1240.156840 1212.275218 1266.801815 1193.051824 1293.146526 1175.367169 1330.021285
730.680395 1236.709484 1208.500773 1262.795104 1189.761540 1289.486908 1171.787763 1326.702768
740.865683 1233.033218 1204.692505 1259.223517 1186.440469 1286.087489 1168.138094 1323.457119
751.192949 1229.006302 1200.843039 1255.395179 1182.594903 1282.922812 1164.425870 1320.158081
761.664172 1224.949400 1197.196567 1251.674155 1178.985689 1279.495905 1160.649778 1316.804617
772.281357 1221.085535 1193.150808 1247.722959 1175.261693 1276.242349 1156.813902 1313.193426
783.046540 1216.928699 1189.189503 1243.777899 1170.907674 1272.135449 1152.915233 1309.383920
793.961785 1212.608529 1185.013279 1239.556392 1166.476369 1268.486562 1148.948711 1305.509962
805.029181 1207.976203 1180.960340 1235.043519 1161.966039 1264.114247 1144.912868 1301.570231
816.250851 1203.809255 1176.504529 1230.567079 1157.230476 1259.606897 1140.832333 1297.444971
827.628946 1199.645095 1172.603308 1226.245423 1153.310114 1254.952829 1136.710015 1293.112705
839.165644 1195.139568 1167.901704 1221.685179 1148.903393 1250.815252 1132.514914 1288.705179
850.863158 1190.422820 1163.277946 1217.093426 1144.166918 1246.920198 1128.245410 1284.220770
862.723729 1185.679722 1159.110497 1212.377546 1140.039232 1242.630588 1123.935427 1279.602914
874.749630 1181.094528 1154.882029 1207.261077 1135.833606 1238.551843 1119.618720 1274.795216
886.943166 1175.905908 1150.828221 1202.051052 1130.989878 1234.468077 1115.224781 1269.901919
899.306672 1170.885626 1146.391488 1197.267547 1126.057359 1230.313546 1110.570739 1264.921084
911.842520 1165.734018 1142.037510 1192.410857 1121.077780 1224.771894 1104.608479 1259.836395
924.553110 1160.846827 1137.490890 1187.262145 1115.995622 1220.067967 1098.861297 1254.605086
937.440879 1156.257947 1133.094761 1181.803710 1110.259051 1215.279880 1093.003149 1249.278490
950.508296 1151.034297 1127.616759 1176.523606 1105.648616 1210.405712 1087.031108 1243.854355
963.757866 1146.003862 1122.567285 1171.698695 1100.930742 1206.277680 1081.351586 1238.332409
977.192128 1141.089473 1117.039711 1166.273401 1095.843241 1201.197238 1075.796647 1232.732156
990.813657 1135.943863 1112.115282 1161.421104 1090.531824 1195.925963 1069.574005 1227.027742
1004.625062 1130.831815 1106.908115 1156.263502 1085.019574 1190.690307 1063.410356 1221.216606
1018.628990 1125.254646 1101.493899 1151.002133 1079.326476 1185.109650 1057.323014 1215.296095
1032.828126 1119.981098 1096.416508 1145.636244 1074.355430 1179.783037 1051.590789 1209.377294
1047.225190 1114.607001 1090.837436 1140.237527 1069.230649 1174.594893 1045.771549 1203.352234
1061.822941 1108.954949 1084.890412 1134.809681 1063.613272 1169.310927 1039.837941 1197.212229
1076.624177 1103.512623 1079.033648 1129.373341 1058.459458 1163.928813 1033.786851 1190.954316
1091.631734 1098.239389 1073.645157 1123.875367 1053.524495 1158.502295 1028.050769 1184.747947
1106.848489 1092.659596 1068.168881 1119.053317 1047.912202 1153.542512 1022.297749 1178.459650
1122.277356 1087.275805 1061.990756 1113.489737 1042.575090 1147.596825 1016.431290 1172.049250
1137.921294 1081.822828 1055.991845 1107.633354 1037.085401 1141.432296 1010.448282 1165.513496
1153.783300 1076.471637 1050.105250 1101.930651 1031.578310 1135.185611 1004.729667 1159.053593
1169.866413 1071.122804 1044.506641 1096.510761 1025.946129 1129.417821 999.070904 1152.558799
1186.173716 1065.526158 1038.760482 1090.614501 1019.791442 1124.050633 993.300346 1145.935889
1202.708335 1059.691007 1032.560164 1085.198892 1013.963914 1118.538841 987.414918 1139.181346
1219.473437 1053.964235 1026.729688 1079.951510 1007.867763 1112.605911 981.734590 1132.502688
1236.472235 1048.429131 1021.346299 1074.489519 1002.291601 1106.969402 976.195434 1125.856565
1253.707987 1042.869744 1015.840697 1068.666182 996.605855 1100.792510 970.546789 1119.077500
1271.183997 1037.171011 1010.272428 1062.856046 990.807541 1095.171583 964.785638 1112.766026
1288.903612 1031.694398 1004.470132 1056.745014 985.117966 1089.379344 959.163665 1107.490743
1306.870230 1026.252137 999.094226 1051.608802 979.612151 1083.168243 953.766526 1102.250298
1325.087292 1020.546029 993.645938 1045.691963 973.997812 1076.833985 948.262791 1096.911243
1343.558290 1014.871925 987.769432 1039.668779 968.271974 1070.373159 942.649528 1091.471100
1362.286764 1009.080469 981.851200 1033.494596 962.361684 1063.905312 937.105008 1086.014633
1381.276303 1003.243980 975.970118 1028.221663 956.704618 1057.591943 931.869219 1080.655982
1400.530545 997.323437 970.504343 1022.678208 951.196050 1051.151854 926.530238 1075.195366
1420.053182 991.352495 964.793743 1017.426346 945.491891 1044.581456 919.441220 1069.630170
1439.847953 985.490641 958.852270 1011.281442 939.564493 1037.957201 911.948036 1064.016487
1459.918652 979.913174 953.745837 1006.121101 933.984474 1032.432680 905.080592 1057.485264
1480.269127 974.353316 948.133309 1000.838745 928.162880 1027.180315 897.825459 1050.619001
1500.903276 968.559074 942.548010 995.446295 922.300174 1021.341830 890.580866 1044.349669
1521.825053 962.682920 936.806775 989.751430 916.739984 1014.746648 883.605975 1039.247449
1543.038469 957.569058 932.128938 984.607669 911.249098 1008.580941 877.077579 1034.323992
1564.547589 952.043567 926.972619 978.935034 906.266028 1003.497411 870.408188 1029.307860
1586.356534 946.570141 921.714972 973.053726 901.086715 998.316591 863.593242 1024.196722
1608.469483 940.688715 916.361450 967.695640 895.211333 992.786416 856.627946 1018.988164
1630.890676 935.290361 911.384160 962.758706 889.555070 987.110880 850.383561 1013.471190
1653.624407 929.985731 906.364060 957.382260 883.839032 980.574552 844.085884 1007.856303
1676.675035 924.460943 901.166672 951.852970 878.496360 975.287261 837.652081 1002.131027
1700.046975 918.488272 894.922335 946.507031 872.672199 969.896840 831.077742 996.292353
1723.744708 913.089060 889.679806 941.107793 867.043876 964.604735 825.093633 990.702923
1747.772774 907.476745 884.739726 935.592922 861.462219 958.362572 819.182956 985.103281
1772.135779 901.752494 879.520364 930.065301 855.765587 951.991608 813.146022 979.392895
1796.838391 896.274533 873.821873 924.508133 849.950565 945.488006 806.978827 973.568713
1821.885343 890.834803 868.880561 919.087631 844.466906 939.470499 801.270923 967.955079
1847.281437 885.721313 863.514113 913.745273 838.362454 934.326039 795.754514 962.402162
1873.031539 880.000777 858.445228 908.344964 832.674100 929.552403 790.121887 956.738934
1899.140582 874.476901 853.134364 903.041452 826.866499 924.116788 784.369447 950.962331
1925.613572 869.340078 847.731365 897.905802 821.363999 919.333048 778.949676 945.347531
1952.455581 864.409679 842.864751 892.890570 816.581940 914.641044 773.827812 939.871530
1979.671753 859.446926 837.765084 887.688570 811.800296 909.858933 768.599705 934.286427
2007.267304 854.121664 832.714767 882.521783 806.923068 904.757167 763.262159 928.589174
2035.247521 848.775341 827.798767 877.438380 802.018754 898.848494 758.138659 923.369295
2063.617768 843.991732 822.879880 872.615146 797.352374 893.127386 753.406136 918.843040
2092.383480 839.356319 818.111263 867.234675 792.766836 887.881582 748.577097 914.230812
2121.550171 834.132473 813.482271 862.019539 788.090136 882.807381 743.648727 909.530412
2151.123430 829.212967 808.401814 857.047844 783.380901 877.738280 738.825970 904.863546
2181.108924 824.667552 803.830261 852.358483 779.127282 872.961981 734.472642 900.445906
2211.512400 820.075327 799.025162 847.420565 775.013823 868.242713 730.032127 895.944447
2242.339683 815.385986 793.990885 842.647577 770.647435 863.431326 725.501964 891.357030
2273.596682 810.787883 788.994365 837.801348 766.282414 858.598705 720.980845 886.745516
2305.289387 806.273141 784.450979 833.226759 762.372079 854.123752 716.993039 882.440598
2337.423871 802.111997 779.781631 828.361144 758.386650 849.140196 712.926872 878.054123
2370.006292 797.443269 775.006581 823.498146 754.324167 844.269721 708.780208 873.584014
2403.042894 792.802748 770.212015 818.640398 749.814868 839.521235 704.558567 869.033329
2436.540009 788.804066 765.889166 814.567182 745.919063 835.148651 700.919912 864.843929
2470.504055 784.690854 761.626297 809.539395 742.028822 829.569143 697.211149 860.443852
2504.941542 780.551709 757.432269 804.976937 738.254765 824.711745 693.430434 855.519556
2539.859069 776.226285 752.970087 800.412996 734.408299 819.967154 689.575855 850.497509
2575.263327 772.190497 748.983218 796.229386 730.965352 815.720870 686.195604 845.844862
2611.161101 768.177335 745.265241 791.914544 727.553616 811.132828 682.825371 841.164515
2647.559271 763.955991 741.255372 787.443708 724.063023 806.684131 679.391088 836.392187
2684.464811 759.541429 737.076029 782.884484 720.038680 802.148232 675.891117 831.525370
2721.884795 755.494092 733.401323 778.622534 716.029638 798.178929 672.755019 826.967552
2759.826392 751.675100 729.894767 774.394225 712.091978 793.681198 669.703231 822.455215
2798.296876 747.708887 726.253023 770.276276 708.347215 789.386367 666.594637 817.854559
2837.303617 743.584899 722.267898 766.195275 704.302857 785.357162 663.427839 813.163198
2876.854090 739.568284 718.436857 762.051293 700.451453 781.379322 660.527946 808.715011
2916.955876 735.736394 714.638160 758.131752 696.765131 777.188911 657.773708 804.385064
2957.616659 732.074489 711.145432 753.892857 693.007404 772.765486 654.969252 799.970831
2998.844231 728.109296 706.997400 750.064203 689.176377 768.617922 652.113390 795.470056
3040.646493 724.546468 703.433519 746.150950 685.606078 764.569256 649.440912 791.142075
3083.031457 721.141997 700.082307 742.525315 682.366010 760.515851 646.963779 787.000230
3126.007243 717.704616 696.667922 738.464800 679.179357 756.564676 644.442394 782.778276
3169.582089 714.344187 693.188771 734.699774 675.997955 752.716041 641.875751 778.474092
3213.764344 710.798841 689.975838 730.813414 672.666976 748.956488 639.420988 774.270820
3258.562476 707.511708 686.847812 727.131651 669.496496 745.411676 637.200168 770.311597
3303.985070 704.388911 683.939299 723.485171 665.990808 741.800156 634.940460 766.276300
3350.040830 701.008013 680.561967 720.223610 662.589738 738.043804 632.641012 762.162939
3396.738582 697.561565 677.239607 716.708817 659.458965 734.281713 630.393432 758.083349
3444.087276 694.456354 674.333106 713.559213 656.893930 730.811802 628.408875 754.297670
3492.095985 691.270010 671.417817 710.162622 654.282872 727.656087 626.390235 750.439723
3540.773909 688.034595 668.211977 706.791161 651.226355 724.151129 624.336792 746.507641
3590.130377 684.926122 665.002716 703.752652 648.118694 720.769225 622.285543 742.548399
3640.174847 682.007034 662.284904 700.455621 645.736877 717.512132 620.517957 738.998193
3690.916911 679.143200 659.604337 697.635173 642.830451 714.230800 618.720577 735.902496
3742.366291 676.273984 656.999226 694.718372 640.006383 710.678026 616.892795 732.750294
3794.532847 673.235416 654.262471 691.769794 637.053699 707.101974 615.033989 729.540245
3847.426577 670.846172 651.954754 688.965403 634.666617 704.004267 613.457446 726.611282
3901.057617 668.103710 649.479362 685.878293 632.237954 700.713304 611.862105 723.637341
3955.436245 665.441006 647.032982 683.167295 629.850002 697.395747 610.240268 720.609413
4010.572881 662.639428 644.467911 680.407478 627.419484 694.594667 608.591410 717.526231
4066.478092 660.286498 641.973083 677.839261 625.288610 691.680844 607.160170 714.667114
4123.162591 657.620165 639.414201 675.332039 622.353721 688.845793 605.749830 711.807212
4180.637241 654.843475 636.854494 672.588872 619.222755 685.816835 604.316471 708.895665
4238.913057 651.865943 634.281006 669.703788 616.327091 682.716002 602.859651 705.931271
4298.001206 649.343566 632.035523 666.936630 613.772078 680.010122 601.564810 703.138724
4357.913012 647.019158 629.983098 664.360911 611.876760 677.274151 600.322419 700.385197
4418.659956 644.750410 627.754242 661.894294 609.649262 674.318043 597.998148 697.582191
4480.253680 642.241049 625.214919 659.059731 607.120092 671.006192 594.402070 694.728566
4542.705986 639.783265 623.049724 656.522770 605.069511 668.378163 591.063214 691.999226
4606.028844 637.177405 620.769370 654.131252 603.120689 665.669147 587.890784 689.344702
4670.234388 634.809174 618.325310 651.869071 601.104920 663.065489 584.656556 686.642698
4735.334923 632.140949 616.123650 649.485247 599.121482 660.635374 581.358875 683.892129
4801.342924 629.925575 614.006866 647.202975 596.555854 658.562443 578.238852 681.222561
4868.271040 628.012991 612.131661 645.092543 594.074277 656.746764 575.346205 678.659931
4936.132098 626.142400 610.063713 642.819824 592.210849 654.817171 572.398312 676.051661
5004.939103 624.234821 608.114580 640.233925 590.192614 652.713940 569.393744 673.396719
5074.705239 622.109374 606.020096 638.087362 588.403324 650.527004 567.520721 670.783520
5145.443878 620.178257 604.012316 636.385587 587.195960 648.700074 566.394938 668.306238
5217.168576 618.316466 602.298189 634.231372 585.376484 647.121989 565.251173 665.785013
5289.893076 616.305158 600.571659 632.222778 583.628769 645.112032 564.089096 663.218858
5363.631317 614.186411 598.530371 630.322010 581.979354 643.573915 562.943620 660.658704
5438.397428 612.459843 597.043143 628.502312 580.623349 642.218104 561.920497 658.260448
5514.205739 610.780616 595.349404 626.215789 579.245200 640.078068 560.881206 655.819808
5591.070777 608.829189 593.731630 624.247664 577.549018 637.689357 559.318923 653.335837
5669.007271 606.739768 591.845661 622.433804 576.130962 635.175383 557.039970 650.825361
5748.030158 605.084546 590.244509 620.636736 574.928504 633.320850 555.114074 648.500200
5828.154581 603.534042 588.635525 618.723395 573.009602 632.204159 553.154486 646.134085
5909.395895 601.750744 587.142027 617.093972 571.100585 631.044346 551.160469 643.595483
5991.769669 600.060576 585.799460 615.361569 569.724884 629.369980 549.131264 640.942770
6075.291689 598.728069 584.382688 613.673502 568.327196 628.137720 547.437147 638.528702
6159.977960 597.288848 582.731331 611.633492 566.814261 626.828437 545.736609 636.089088
6245.844712 595.660808 580.970001 610.025470 565.276102 624.897836 544.006939 633.731679
6332.908400 594.103934 579.424855 608.367097 563.834088 623.026664 542.247525 631.991663
6421.185709 592.854164 577.664436 606.969471 562.827601 621.070060 540.750364 629.978135
6510.693555 591.364332 576.331032 605.245025 561.691812 619.118151 539.295621 628.797531
6601.449093 589.823214 574.925193 603.619973 560.281456 617.290396 537.816581 627.598202
6693.469713 588.179770 572.765214 601.907187 559.175513 616.250742 536.312760 626.457511
6786.773051 586.867901 571.357462 600.597442 558.178878 614.661914 535.007637 625.472699
6881.376986 585.389610 569.773027 599.314054 556.485374 613.298844 533.785170 624.521280
6977.299650 583.984974 568.135088 598.066968 555.106816 612.546428 532.542798 623.555116
7074.559423 582.563947 566.551940 596.596686 553.567067 611.421209 531.280141 622.573954
7173.174944 581.267594 564.861561 595.293655 552.255553 609.749276 530.165353 621.655017
7273.165113 580.123297 563.413350 594.096018 550.600932 608.373038 529.168748 620.784432
7374.549090 578.880063 561.848411 592.780160 549.052784 606.597548 528.156330 619.900464
7477.346305 577.573963 560.573141 591.597777 547.520084 605.121316 527.127814 619.002884
7581.576458 576.264961 559.236895 590.441784 545.714185 604.287138 526.198790 618.144178
7687.259522 575.140399 558.138762 589.129170 543.904154 603.255107 525.412540 617.343870
7794.415750 574.021275 556.861120 588.064970 542.290482 601.601101 524.614128 616.531346
7903.065679 572.836098 555.588020 586.784137 540.924302 600.496970 523.803343 615.706401
8013.230128 571.271910 554.576814 585.560864 540.315894 599.941672 522.131218 614.902609
8124.930211 570.056671 553.709117 584.545619 539.084048 599.460579 520.494909 614.167221
8238.187331 568.896658 552.932667 583.493567 538.370704 598.972385 518.830521 613.420682
8353.023195 567.506665 551.903271 582.443922 536.725566 598.476979 517.137463 612.662809
8469.459808 566.039017 550.737131 581.430059 534.573007 597.991209 515.455142 611.937757
8587.519485 565.227617 549.607076 580.607506 532.561981 597.583179 513.944560 611.456423
8707.224849 564.224502 548.293983 579.730533 530.968740 597.169176 512.408375 610.967992
8828.598841 562.968114 547.183641 578.741645 529.773324 596.749109 510.846060 610.472354
8951.664721 562.012501 545.913299 577.667798 528.919414 596.326489 509.265387 609.972669
9076.446073 561.143587 544.974255 576.790351 527.678762 595.988936 507.868630 609.548495
9202.966809 560.177873 543.937149 575.985322 526.369293 595.646482 506.448469 609.118106
9331.251175 559.092052 542.893954 574.792992 525.043775 595.299053 505.004435 608.616224
9461.323756 558.359742 541.551268 573.935643 524.358859 594.946574 503.536043 608.104402
9593.209478 557.034225 540.381165 573.229556 522.466902 594.662198 502.219505 607.723838
9726.933615 556.000013 539.506750 572.523809 521.061517 593.965151 500.898939 607.344240
9862.521795 555.194848 538.207928 571.806584 519.405977 593.609672 499.556402 606.959109
10000.000000 554.095861 536.944878 571.000583 518.183728 593.145815 498.191456 606.568359
