69.404072 38.158428 7.631686
181.837338 23.491681 4.698336
279.677947 11.990330000000002 2.398066
376.884578 11.503637 2.300727
456.384895 10.854142 2.170828
521.824327 12.431487000000002 2.486297
580.283054 10.514828 2.102966
644.376729 8.397194 1.679439
711.206723 7.864797 1.572959
790.509894 5.006542 1.001308
888.684415 3.998094 0.7996190000000001
970.980737 6.193496 1.238699
1045.271546 4.021481 0.804296
1123.105182 4.798388 0.959678
1211.688057 2.784621 0.556924
1304.302181 3.695051 0.73901
1389.736139 2.79645 0.55929
1491.43343 2.265397 0.453079
1574.916952 4.013106 0.8026210000000001
1652.506879 2.292995 0.458599
1768.928897 1.529999 0.306
1894.098946 1.6948680000000003 0.338974
2025.819292 1.218462 0.243692
2165.689425 1.297619 0.259524
2281.510112 1.598012 0.319602
2391.704744 1.285577 0.257115
2509.47484 1.263056 0.252611
2629.454958 1.127649 0.22553000000000004
2763.000065 0.92969 0.185938
2919.677423 0.739577 0.147915
3122.861155 0.498539 0.099708
3385.357348 0.37591100000000005 0.075182
3662.419027 0.378408 0.075682
3928.833882 0.349688 0.069938
4175.885282 0.3886160000000001 0.077723
4379.027839 0.46700900000000006 0.093402
4597.429037 0.311076 0.062215
4823.991002 0.388644 0.077729
5074.090002 0.238226 0.04764500000000001
5398.077315 0.19805 0.03961
5720.719893 0.21318400000000004 0.042637
6195.748958 0.091475 0.018295
6673.287939 0.17976 0.035952
