69.404072 1180.374845 123.175812
181.837338 1066.026776 144.997035
279.677947 1128.538698 136.818169
376.884578 1066.619268 151.01028
456.384895 999.838463 152.356067
521.824327 1002.625652 147.80482
580.283054 1157.271723 128.431276
644.376729 905.522009 146.344138
711.206723 1201.859748 114.451775
790.509894 939.649164 144.819183
888.684415 1079.071536 147.025032
970.980737 988.651442 147.751666
1045.271546 1106.307335 134.226651
1123.105182 1074.775011 142.364352
1211.688057 1032.839546 148.982959
1304.302181 960.913704 152.827531
1389.736139 939.061472 146.641314
1491.43343 898.595673 146.724307
1574.916952 768.698619 125.775932
1652.506879 731.08832 111.157793
1768.928897 839.101594 148.40324
1894.098946 935.272199 156.024585
2025.819292 919.481624 154.851588
2165.689425 781.405233 124.992885
2281.510112 905.023014 140.515517
2391.704744 963.939228 154.931577
2509.47484 625.792454 81.482727
2629.454958 757.885258 116.936825
2763.000065 651.870387 85.42636
2919.677423 837.155037 142.342792
3122.861155 690.885832 105.451392
3385.357348 780.348488 123.549446
3662.419027 693.453819 101.527662
3928.833882 651.651547 85.490063
4175.885282 710.873679 108.326738
4379.027839 680.559564 95.483932
4597.429037 798.607693 132.954942
4823.991002 806.564227 135.638175
5074.090002 690.74618 109.71951
5398.077315 840.208295 142.92171
5720.719893 703.977825 111.491678
6195.748958 582.387777 54.626937
6673.287939 553.01075 16.147683
