10.000000 0.000082 -0.007066 0.006756 -0.009590 0.009696 -0.009949 0.010015
10.139395 0.000082 -0.007066 0.006756 -0.009589 0.009697 -0.009949 0.010018
10.280732 0.000082 -0.007066 0.006756 -0.009588 0.009698 -0.009949 0.010020
10.424040 0.000082 -0.007065 0.006756 -0.009587 0.009699 -0.009949 0.010023
10.569346 0.000083 -0.007065 0.006756 -0.009586 0.009700 -0.009949 0.010025
10.716676 0.000083 -0.007065 0.006756 -0.009585 0.009701 -0.009949 0.010028
10.866061 0.000083 -0.007065 0.006757 -0.009583 0.009701 -0.009949 0.010030
11.017528 0.000094 -0.007065 0.006757 -0.009582 0.009702 -0.009949 0.010033
11.171107 0.000095 -0.007063 0.006757 -0.009581 0.009703 -0.009949 0.010064
11.326826 0.000113 -0.007061 0.006757 -0.009579 0.009704 -0.009949 0.010109
11.484715 0.000114 -0.007058 0.006757 -0.009578 0.009721 -0.009949 0.010155
11.644806 0.000114 -0.007056 0.006757 -0.009575 0.009728 -0.009949 0.010202
11.807128 0.000114 -0.007055 0.006757 -0.009572 0.009728 -0.009948 0.010250
11.971713 0.000114 -0.007055 0.006757 -0.009569 0.009729 -0.009948 0.010298
12.138593 0.000115 -0.007055 0.006757 -0.009566 0.009729 -0.009948 0.010347
12.307798 0.000115 -0.007050 0.006757 -0.009562 0.009729 -0.009948 0.010396
12.479362 0.000115 -0.007042 0.006758 -0.009559 0.009729 -0.009948 0.010430
12.653318 0.000115 -0.007040 0.006758 -0.009556 0.009730 -0.009948 0.010440
12.829698 0.000115 -0.007037 0.006758 -0.009554 0.009730 -0.009948 0.010450
13.008537 0.000116 -0.007036 0.006758 -0.009554 0.009730 -0.009948 0.010461
13.189869 0.000116 -0.007031 0.006773 -0.009554 0.009748 -0.009948 0.010472
13.373729 0.000116 -0.007028 0.006780 -0.009554 0.009748 -0.009948 0.010483
13.560151 0.000117 -0.007025 0.006781 -0.009553 0.009748 -0.009948 0.010494
13.749172 0.000117 -0.007021 0.006782 -0.009553 0.009749 -0.009948 0.010505
13.940828 0.000117 -0.007018 0.006783 -0.009553 0.009749 -0.009948 0.010517
14.135156 0.000117 -0.007015 0.006783 -0.009553 0.009749 -0.009948 0.010529
14.332192 0.000118 -0.007011 0.006784 -0.009552 0.009750 -0.009948 0.010541
14.531975 0.000118 -0.007008 0.006785 -0.009550 0.009750 -0.009948 0.010553
14.734543 0.000118 -0.007004 0.006786 -0.009548 0.009751 -0.009948 0.010609
14.939935 0.000119 -0.007001 0.006787 -0.009546 0.009751 -0.009948 0.010665
15.148189 0.000119 -0.006997 0.006788 -0.009544 0.009751 -0.009948 0.010722
15.359347 0.000119 -0.006993 0.006789 -0.009542 0.009752 -0.009948 0.010779
15.573448 0.000120 -0.006990 0.006790 -0.009540 0.009752 -0.009948 0.010838
15.790533 0.000120 -0.006986 0.006791 -0.009537 0.009753 -0.009948 0.010897
16.010645 0.000150 -0.006982 0.006792 -0.009535 0.009753 -0.009948 0.010957
16.233824 0.000156 -0.006978 0.006793 -0.009533 0.009754 -0.009948 0.011018
16.460115 0.000156 -0.006973 0.006794 -0.009530 0.009757 -0.009948 0.011080
16.689560 0.000156 -0.006969 0.006795 -0.009528 0.009767 -0.009948 0.011143
16.922204 0.000164 -0.006968 0.006796 -0.009526 0.009776 -0.009948 0.011207
17.158090 0.000179 -0.006968 0.006797 -0.009523 0.009787 -0.009948 0.011271
17.397264 0.000208 -0.006968 0.006797 -0.009520 0.009795 -0.009948 0.011336
17.639773 0.000243 -0.006968 0.006797 -0.009518 0.009797 -0.009948 0.011403
17.885662 0.000285 -0.006968 0.006797 -0.009515 0.009799 -0.009948 0.011470
18.134978 0.000324 -0.006968 0.006805 -0.009512 0.009801 -0.009948 0.011538
18.387770 0.000324 -0.006968 0.006806 -0.009509 0.009804 -0.009948 0.011607
18.644085 0.000324 -0.006958 0.006807 -0.009506 0.009806 -0.009948 0.011677
18.903974 0.000324 -0.006948 0.006808 -0.009503 0.009808 -0.009947 0.011748
19.167485 0.000324 -0.006944 0.006809 -0.009500 0.009811 -0.009947 0.011820
19.434669 0.000329 -0.006944 0.006810 -0.009500 0.009813 -0.009947 0.011893
19.705578 0.000347 -0.006944 0.006811 -0.009500 0.009816 -0.009947 0.011967
19.980263 0.000364 -0.006944 0.006812 -0.009500 0.009819 -0.009947 0.012042
20.258777 0.000389 -0.006944 0.006830 -0.009500 0.009821 -0.009947 0.012119
20.541173 0.000403 -0.006944 0.006839 -0.009499 0.009824 -0.009947 0.012196
20.827506 0.000423 -0.006943 0.006849 -0.009499 0.009827 -0.009947 0.012274
21.117830 0.000442 -0.006943 0.006850 -0.009499 0.009830 -0.009947 0.012353
21.412202 0.000463 -0.006943 0.006850 -0.009499 0.009833 -0.009947 0.012434
21.710676 0.000477 -0.006941 0.006856 -0.009499 0.009836 -0.009947 0.012515
22.013311 0.000479 -0.006935 0.006913 -0.009499 0.009839 -0.009947 0.012598
22.320165 0.000481 -0.006932 0.006913 -0.009499 0.009843 -0.009947 0.012682
22.631296 0.000484 -0.006926 0.006914 -0.009498 0.009846 -0.009947 0.012767
22.946764 0.000486 -0.006919 0.006914 -0.009498 0.009849 -0.009947 0.012853
23.266629 0.000489 -0.006914 0.006914 -0.009498 0.009856 -0.009946 0.012940
23.590953 0.000491 -0.006907 0.006915 -0.009498 0.009864 -0.009946 0.013029
23.919798 0.000494 -0.006896 0.006915 -0.009498 0.009872 -0.009946 0.013119
24.253227 0.000497 -0.006889 0.006915 -0.009497 0.009876 -0.009946 0.013210
24.591304 0.000500 -0.006882 0.006916 -0.009497 0.009877 -0.009946 0.013302
24.934094 0.000503 -0.006872 0.006916 -0.009497 0.009878 -0.009946 0.013396
25.281661 0.000505 -0.006870 0.006924 -0.009497 0.009880 -0.009946 0.013491
25.634074 0.000509 -0.006867 0.006954 -0.009497 0.009881 -0.009946 0.013587
25.991399 0.000545 -0.006865 0.006954 -0.009496 0.009891 -0.009946 0.013684
26.353705 0.000595 -0.006862 0.006955 -0.009496 0.009891 -0.009946 0.013783
26.721062 0.000647 -0.006832 0.006955 -0.009496 0.009892 -0.009945 0.013883
27.093539 0.000650 -0.006793 0.006976 -0.009496 0.009897 -0.009945 0.013985
27.471208 0.000650 -0.006752 0.006995 -0.009495 0.009902 -0.009945 0.014088
27.854142 0.000650 -0.006733 0.006996 -0.009495 0.009906 -0.009945 0.014192
28.242413 0.000650 -0.006716 0.006998 -0.009495 0.009911 -0.009945 0.014298
28.636097 0.000650 -0.006710 0.007000 -0.009494 0.009916 -0.009945 0.014406
29.035269 0.000650 -0.006702 0.007001 -0.009494 0.009921 -0.009945 0.014514
29.440005 0.000650 -0.006682 0.007023 -0.009494 0.009926 -0.009945 0.014625
29.850382 0.000650 -0.006667 0.007035 -0.009490 0.009932 -0.009945 0.014737
30.266481 0.000651 -0.006654 0.007048 -0.009481 0.009937 -0.009945 0.014850
30.688379 0.000651 -0.006653 0.007053 -0.009472 0.009960 -0.009945 0.014965
31.116158 0.000663 -0.006640 0.007059 -0.009463 0.009975 -0.009945 0.015081
31.549901 0.000663 -0.006626 0.007065 -0.009453 0.009991 -0.009945 0.015200
31.989689 0.000663 -0.006620 0.007137 -0.009443 0.010007 -0.009945 0.015319
32.435608 0.000664 -0.006589 0.007137 -0.009433 0.010053 -0.009945 0.015441
32.887743 0.000664 -0.006554 0.007138 -0.009423 0.010057 -0.009945 0.015564
33.346180 0.000664 -0.006553 0.007180 -0.009412 0.010060 -0.009945 0.015688
33.811008 0.000664 -0.006543 0.007184 -0.009402 0.010073 -0.009944 0.015815
34.282315 0.000664 -0.006543 0.007209 -0.009391 0.010091 -0.009944 0.015943
34.760192 0.000664 -0.006543 0.007211 -0.009379 0.010108 -0.009944 0.016073
35.244730 0.000664 -0.006515 0.007221 -0.009368 0.010126 -0.009944 0.016205
35.736022 0.000664 -0.006462 0.007228 -0.009365 0.010142 -0.009944 0.016338
36.234163 0.000664 -0.006455 0.007242 -0.009365 0.010154 -0.009944 0.016474
36.739248 0.000664 -0.006449 0.007248 -0.009365 0.010183 -0.009944 0.016611
37.251373 0.000664 -0.006442 0.007255 -0.009365 0.010202 -0.009944 0.016750
37.770637 0.000664 -0.006430 0.007261 -0.009364 0.010222 -0.009944 0.016891
38.297139 0.000665 -0.006424 0.007267 -0.009364 0.010242 -0.009944 0.017034
38.830980 0.000668 -0.006417 0.007274 -0.009364 0.010263 -0.009944 0.017179
39.372263 0.000668 -0.006410 0.007280 -0.009364 0.010284 -0.009943 0.017326
39.921091 0.000668 -0.006400 0.007315 -0.009364 0.010305 -0.009943 0.017474
40.477570 0.000668 -0.006395 0.007322 -0.009363 0.010337 -0.009943 0.017625
41.041805 0.000668 -0.006379 0.007329 -0.009363 0.010355 -0.009943 0.017778
41.613906 0.000675 -0.006352 0.007336 -0.009363 0.010372 -0.009943 0.017933
42.193981 0.000678 -0.006325 0.007344 -0.009363 0.010394 -0.009943 0.018090
42.782142 0.000678 -0.006297 0.007363 -0.009362 0.010418 -0.009943 0.018250
43.378502 0.000679 -0.006294 0.007364 -0.009362 0.010441 -0.009943 0.018411
43.983175 0.000705 -0.006293 0.007368 -0.009362 0.010466 -0.009942 0.018575
44.596276 0.000713 -0.006288 0.007429 -0.009361 0.010490 -0.009942 0.018740
45.217924 0.000729 -0.006281 0.007440 -0.009361 0.010549 -0.009942 0.018909
45.848238 0.000748 -0.006259 0.007441 -0.009361 0.010647 -0.009942 0.019079
46.487337 0.000758 -0.006233 0.007459 -0.009360 0.010746 -0.009942 0.019252
47.135345 0.000758 -0.006219 0.007523 -0.009360 0.010832 -0.009942 0.019427
47.792386 0.000759 -0.006219 0.007539 -0.009360 0.010949 -0.009941 0.019604
48.458586 0.000759 -0.006218 0.007539 -0.009359 0.011054 -0.009941 0.019784
49.134073 0.000773 -0.006205 0.007539 -0.009359 0.011112 -0.009941 0.019966
49.818975 0.000782 -0.006182 0.007573 -0.009358 0.011219 -0.009941 0.020151
50.513425 0.000831 -0.006159 0.007603 -0.009358 0.011286 -0.009941 0.020338
51.217554 0.000840 -0.006141 0.007605 -0.009358 0.011438 -0.009940 0.020528
51.931499 0.000841 -0.006141 0.007614 -0.009357 0.011551 -0.009940 0.020720
52.655396 0.000841 -0.006141 0.007628 -0.009357 0.011666 -0.009940 0.020915
53.389384 0.000843 -0.006141 0.007632 -0.009356 0.011783 -0.009940 0.021112
54.133603 0.000913 -0.006141 0.007633 -0.009355 0.011902 -0.009939 0.021312
54.888196 0.000972 -0.006119 0.007665 -0.009355 0.012001 -0.009939 0.021515
55.653308 0.000994 -0.006096 0.007708 -0.009354 0.012071 -0.009939 0.021721
56.429085 0.000999 -0.006083 0.007723 -0.009354 0.012142 -0.009938 0.021929
57.215676 0.001005 -0.006083 0.007723 -0.009353 0.012215 -0.009938 0.022140
58.013231 0.001050 -0.006083 0.007734 -0.009352 0.012289 -0.009938 0.022354
58.821904 0.001051 -0.006083 0.007736 -0.009352 0.012364 -0.009937 0.022571
59.641849 0.001051 -0.006083 0.007737 -0.009351 0.012441 -0.009937 0.022791
60.473224 0.001076 -0.006069 0.007784 -0.009350 0.012519 -0.009937 0.023013
61.316188 0.001082 -0.006053 0.007813 -0.009350 0.012599 -0.009936 0.023239
62.170903 0.001141 -0.006041 0.007821 -0.009349 0.012680 -0.009936 0.023467
63.037532 0.001179 -0.006025 0.007821 -0.009348 0.012762 -0.009936 0.023699
63.916241 0.001182 -0.006000 0.007822 -0.009344 0.012887 -0.009935 0.023934
64.807198 0.001182 -0.005983 0.007856 -0.009339 0.013089 -0.009935 0.024172
65.710575 0.001199 -0.005981 0.007881 -0.009333 0.013255 -0.009934 0.024413
66.626545 0.001214 -0.005971 0.007888 -0.009328 0.013385 -0.009934 0.024657
67.555283 0.001246 -0.005952 0.007896 -0.009322 0.013641 -0.009933 0.024905
68.496967 0.001257 -0.005941 0.007909 -0.009316 0.013901 -0.009933 0.025155
69.451778 0.001265 -0.005920 0.007929 -0.009309 0.014141 -0.009932 0.025410
70.419898 0.001273 -0.005919 0.007966 -0.009303 0.014315 -0.009932 0.025667
71.401513 0.001275 -0.005908 0.007999 -0.009296 0.014408 -0.009931 0.025928
72.396811 0.001277 -0.005897 0.008037 -0.009289 0.014631 -0.009931 0.026192
73.405984 0.001279 -0.005885 0.008040 -0.009282 0.014857 -0.009930 0.026460
74.429223 0.001281 -0.005863 0.008042 -0.009275 0.015087 -0.009929 0.026732
75.466726 0.001284 -0.005841 0.008056 -0.009271 0.015345 -0.009929 0.027007
76.518692 0.001286 -0.005815 0.008081 -0.009269 0.015640 -0.009928 0.027285
77.585321 0.001289 -0.005795 0.008106 -0.009267 0.015884 -0.009927 0.027567
78.666818 0.001291 -0.005793 0.008125 -0.009255 0.016142 -0.009927 0.027853
79.763391 0.001294 -0.005791 0.008140 -0.009247 0.016365 -0.009926 0.028143
80.875249 0.001299 -0.005787 0.008186 -0.009245 0.016533 -0.009925 0.028437
82.002606 0.001303 -0.005767 0.008195 -0.009236 0.016775 -0.009924 0.028734
83.145678 0.001308 -0.005710 0.008201 -0.009222 0.016949 -0.009923 0.029035
84.304684 0.001312 -0.005652 0.008202 -0.009208 0.017083 -0.009923 0.029340
85.479845 0.001332 -0.005623 0.008210 -0.009194 0.017281 -0.009922 0.029650
86.671388 0.001365 -0.005620 0.008264 -0.009179 0.017529 -0.009921 0.029963
87.879540 0.001380 -0.005619 0.008268 -0.009166 0.017793 -0.009920 0.030280
89.104533 0.001384 -0.005618 0.008333 -0.009155 0.018061 -0.009919 0.030602
90.346602 0.001387 -0.005618 0.008409 -0.009143 0.018314 -0.009918 0.030927
91.605985 0.001462 -0.005612 0.008456 -0.009131 0.018549 -0.009917 0.031257
92.882923 0.001466 -0.005594 0.008520 -0.009119 0.018836 -0.009915 0.031591
94.177660 0.001471 -0.005590 0.008543 -0.009106 0.019193 -0.009914 0.031930
95.490446 0.001522 -0.005587 0.008562 -0.009099 0.019556 -0.009913 0.032272
96.821531 0.001632 -0.005583 0.008594 -0.009096 0.019925 -0.009912 0.032620
98.171170 0.001671 -0.005580 0.008635 -0.009093 0.020299 -0.009910 0.032971
99.539623 0.001702 -0.005558 0.008674 -0.009090 0.020680 -0.009909 0.033328
100.927151 0.001734 -0.005551 0.008690 -0.009087 0.021016 -0.009908 0.033688
102.334021 0.001766 -0.005543 0.008707 -0.009079 0.021329 -0.009906 0.034054
103.760502 0.001855 -0.005532 0.008732 -0.009063 0.021647 -0.009905 0.034424
105.206867 0.001891 -0.005528 0.008803 -0.009047 0.021968 -0.009903 0.034799
106.673394 0.001973 -0.005519 0.008877 -0.009030 0.022295 -0.009901 0.035179
108.160363 0.002015 -0.005510 0.008918 -0.009012 0.022625 -0.009900 0.035563
109.668060 0.002041 -0.005501 0.008962 -0.009005 0.022960 -0.009898 0.035953
111.196773 0.002118 -0.005492 0.008993 -0.009000 0.023299 -0.009896 0.036347
112.746796 0.002225 -0.005482 0.009020 -0.008994 0.023643 -0.009894 0.036747
114.318425 0.002289 -0.005472 0.009048 -0.008988 0.023991 -0.009892 0.037151
115.911962 0.002409 -0.005461 0.009092 -0.008982 0.024344 -0.009890 0.037561
117.527712 0.002445 -0.005450 0.009148 -0.008963 0.024702 -0.009888 0.037976
119.165984 0.002478 -0.005425 0.009153 -0.008940 0.025064 -0.009886 0.038396
120.827094 0.002556 -0.005423 0.009179 -0.008916 0.025431 -0.009883 0.038821
122.511358 0.002593 -0.005415 0.009238 -0.008892 0.025803 -0.009881 0.039252
124.219100 0.002627 -0.005402 0.009294 -0.008886 0.026179 -0.009878 0.039688
125.950646 0.002663 -0.005389 0.009355 -0.008866 0.026561 -0.009876 0.040130
127.706330 0.002700 -0.005375 0.009416 -0.008844 0.026948 -0.009873 0.040577
129.486487 0.002745 -0.005361 0.009479 -0.008837 0.027339 -0.009870 0.041030
131.291459 0.002832 -0.005346 0.009543 -0.008829 0.027736 -0.009867 0.041488
133.121590 0.002901 -0.005331 0.009601 -0.008822 0.028138 -0.009864 0.041952
134.977233 0.003014 -0.005315 0.009615 -0.008814 0.028545 -0.009861 0.042422
136.858742 0.003129 -0.005299 0.009657 -0.008805 0.028957 -0.009858 0.042898
138.766479 0.003246 -0.005282 0.009682 -0.008797 0.029374 -0.009855 0.043379
140.700809 0.003279 -0.005265 0.009716 -0.008788 0.029797 -0.009851 0.043867
142.662102 0.003281 -0.005264 0.009855 -0.008779 0.030225 -0.009847 0.044427
144.650734 0.003373 -0.005263 0.009891 -0.008769 0.030659 -0.009844 0.045034
146.667087 0.003387 -0.005208 0.010012 -0.008759 0.031099 -0.009840 0.045648
148.711546 0.003398 -0.005157 0.010140 -0.008749 0.031543 -0.009836 0.046271
150.784505 0.003452 -0.005149 0.010185 -0.008738 0.031994 -0.009831 0.046901
152.886359 0.003455 -0.005148 0.010230 -0.008727 0.032450 -0.009827 0.047539
155.017512 0.003458 -0.005127 0.010302 -0.008716 0.033019 -0.009822 0.048186
157.178372 0.003610 -0.005121 0.010406 -0.008704 0.033603 -0.009818 0.048840
159.369353 0.003827 -0.005120 0.010544 -0.008691 0.034155 -0.009815 0.049503
161.590875 0.004048 -0.005119 0.010593 -0.008678 0.034635 -0.009811 0.050175
163.843365 0.004287 -0.005117 0.010719 -0.008665 0.035121 -0.009807 0.050854
166.127252 0.004445 -0.005099 0.010828 -0.008651 0.035613 -0.009803 0.051543
168.442976 0.004678 -0.005068 0.011019 -0.008637 0.036111 -0.009798 0.052240
170.790980 0.004807 -0.005018 0.011124 -0.008622 0.036615 -0.009794 0.052945
173.171713 0.004950 -0.004960 0.011261 -0.008607 0.037124 -0.009789 0.053660
175.585633 0.005044 -0.004907 0.011507 -0.008590 0.037640 -0.009784 0.054383
178.033202 0.005140 -0.004850 0.011760 -0.008574 0.038161 -0.009779 0.055116
180.514888 0.005222 -0.004790 0.012032 -0.008545 0.038689 -0.009774 0.055857
183.031168 0.005279 -0.004718 0.012287 -0.008511 0.039223 -0.009769 0.056608
185.582523 0.005289 -0.004663 0.012541 -0.008476 0.039763 -0.009763 0.057368
188.169442 0.005300 -0.004597 0.012798 -0.008439 0.040310 -0.009757 0.058031
190.792422 0.005325 -0.004528 0.013050 -0.008423 0.040863 -0.009751 0.058686
193.451965 0.005366 -0.004457 0.013293 -0.008414 0.041422 -0.009745 0.059347
196.148581 0.005398 -0.004403 0.013553 -0.008405 0.041988 -0.009738 0.060017
198.882786 0.005505 -0.004369 0.013754 -0.008396 0.042560 -0.009731 0.060730
201.655104 0.005578 -0.004335 0.013907 -0.008371 0.043138 -0.009724 0.061621
204.466067 0.005595 -0.004300 0.014152 -0.008321 0.043723 -0.009717 0.062524
207.316213 0.005641 -0.004286 0.014400 -0.008269 0.044315 -0.009709 0.063438
210.206088 0.005674 -0.004279 0.014716 -0.008216 0.044914 -0.009701 0.064363
213.136247 0.005731 -0.004200 0.014998 -0.008161 0.045519 -0.009691 0.065299
216.107251 0.005743 -0.004156 0.015204 -0.008145 0.046235 -0.009680 0.066248
219.119669 0.005779 -0.004119 0.015446 -0.008142 0.047018 -0.009668 0.067207
222.174078 0.005816 -0.004082 0.015598 -0.008138 0.047819 -0.009656 0.068130
225.271064 0.006124 -0.004035 0.015862 -0.008135 0.048633 -0.009644 0.069097
228.411221 0.006243 -0.003999 0.016378 -0.008130 0.049460 -0.009631 0.070092
231.595149 0.006407 -0.003966 0.016609 -0.008126 0.050300 -0.009618 0.071099
234.823460 0.006501 -0.003854 0.016822 -0.008122 0.051153 -0.009604 0.072119
238.096772 0.006597 -0.003752 0.017029 -0.008118 0.051968 -0.009590 0.073150
241.415712 0.006751 -0.003676 0.017485 -0.008113 0.052650 -0.009575 0.074194
244.780916 0.006840 -0.003571 0.017684 -0.008108 0.053342 -0.009560 0.075251
248.193029 0.007031 -0.003401 0.018028 -0.008104 0.054043 -0.009544 0.076320
251.652705 0.007178 -0.003248 0.018358 -0.008098 0.054753 -0.009527 0.077402
255.160607 0.007212 -0.003198 0.018548 -0.008093 0.055473 -0.009510 0.078496
258.717408 0.007387 -0.003081 0.018886 -0.008088 0.056202 -0.009492 0.079603
262.323788 0.007556 -0.003029 0.019104 -0.008028 0.056941 -0.009473 0.080723
265.980440 0.007695 -0.002999 0.019518 -0.007965 0.057690 -0.009454 0.081857
269.688063 0.007813 -0.002969 0.019948 -0.007953 0.058449 -0.009434 0.083003
273.447368 0.008003 -0.002938 0.020402 -0.007946 0.059219 -0.009413 0.084163
277.259076 0.008186 -0.002903 0.020884 -0.007929 0.059998 -0.009392 0.085335
281.123917 0.008313 -0.002778 0.021332 -0.007875 0.060787 -0.009369 0.086522
285.042632 0.008438 -0.002569 0.021757 -0.007819 0.061587 -0.009346 0.087721
289.015972 0.008617 -0.002393 0.022292 -0.007760 0.062397 -0.009322 0.088934
293.044698 0.008771 -0.002267 0.022702 -0.007699 0.063218 -0.009297 0.090161
297.129582 0.008931 -0.002176 0.023199 -0.007636 0.064050 -0.009270 0.091402
301.271407 0.009097 -0.002033 0.023588 -0.007570 0.064892 -0.009243 0.092656
305.470967 0.009212 -0.001842 0.024059 -0.007501 0.065745 -0.009215 0.093924
309.729067 0.009384 -0.001784 0.024612 -0.007430 0.066609 -0.009186 0.095207
314.046522 0.009581 -0.001737 0.025161 -0.007356 0.067484 -0.009156 0.096503
318.424160 0.009810 -0.001689 0.025575 -0.007279 0.068503 -0.009124 0.097813
322.862820 0.010025 -0.001640 0.026168 -0.007200 0.069552 -0.009092 0.099137
327.363353 0.010152 -0.001589 0.026926 -0.007117 0.070618 -0.009058 0.100476
331.926620 0.010345 -0.001536 0.027402 -0.007030 0.071677 -0.009023 0.101829
336.553498 0.010500 -0.001482 0.027988 -0.006941 0.072555 -0.008986 0.103196
341.244871 0.010661 -0.001349 0.028458 -0.006847 0.073441 -0.008948 0.104578
346.001639 0.010807 -0.001265 0.029078 -0.006751 0.074336 -0.008909 0.105975
350.824714 0.010938 -0.001222 0.029716 -0.006673 0.075240 -0.008868 0.107385
355.715021 0.011088 -0.001196 0.030150 -0.006633 0.076269 -0.008826 0.108811
360.673495 0.011221 -0.001172 0.030536 -0.006539 0.077431 -0.008781 0.110251
365.701088 0.011433 -0.000947 0.030928 -0.006443 0.078717 -0.008736 0.111706
370.798763 0.011548 -0.000864 0.031427 -0.006393 0.080021 -0.008688 0.113176
375.967497 0.011681 -0.000818 0.032120 -0.006341 0.081290 -0.008639 0.114660
381.208280 0.011954 -0.000617 0.032826 -0.006288 0.082675 -0.008588 0.116159
386.522116 0.012239 -0.000565 0.033544 -0.006232 0.084077 -0.008535 0.117674
391.910025 0.012529 -0.000536 0.034274 -0.006174 0.085503 -0.008480 0.119203
397.373038 0.012732 -0.000484 0.035017 -0.006114 0.086949 -0.008422 0.120747
402.912203 0.013002 -0.000252 0.035740 -0.006016 0.088416 -0.008363 0.122306
408.528580 0.013206 -0.000010 0.036542 -0.005967 0.089903 -0.008301 0.123880
414.223247 0.013454 0.000191 0.037324 -0.005920 0.091262 -0.008237 0.125469
419.997295 0.013722 0.000427 0.038120 -0.005850 0.092635 -0.008171 0.127074
425.851829 0.013952 0.000647 0.038929 -0.005795 0.094097 -0.008102 0.128693
431.787973 0.014190 0.000802 0.039713 -0.005783 0.095611 -0.008030 0.130328
437.806863 0.014435 0.000931 0.040543 -0.005770 0.097145 -0.007956 0.131978
443.909653 0.014689 0.001045 0.041403 -0.005752 0.098584 -0.007879 0.133643
450.097513 0.015083 0.001234 0.042229 -0.005740 0.099790 -0.007799 0.135323
456.371628 0.015528 0.001362 0.043051 -0.005668 0.101267 -0.007716 0.137018
462.733201 0.015845 0.001471 0.044060 -0.005617 0.102772 -0.007629 0.138729
469.183451 0.016156 0.001545 0.044987 -0.005590 0.104298 -0.007540 0.140454
475.723614 0.016599 0.001683 0.045796 -0.005562 0.105843 -0.007447 0.142195
482.354943 0.016985 0.001829 0.046484 -0.005502 0.107407 -0.007350 0.143951
489.078709 0.017301 0.002022 0.047366 -0.005394 0.108992 -0.007303 0.145722
495.896201 0.017625 0.002197 0.048217 -0.005282 0.110597 -0.007264 0.147508
502.808725 0.018086 0.002354 0.049178 -0.005166 0.112222 -0.007224 0.149310
509.817606 0.018579 0.002480 0.050161 -0.005082 0.113867 -0.007182 0.151126
516.924187 0.018937 0.002660 0.051164 -0.004952 0.115232 -0.007138 0.152958
524.129830 0.019341 0.002880 0.052190 -0.004827 0.116598 -0.007092 0.154804
531.435916 0.019880 0.003121 0.053232 -0.004803 0.117977 -0.007044 0.156666
538.843844 0.020280 0.003344 0.054291 -0.004779 0.119860 -0.006994 0.158542
546.355035 0.020771 0.003528 0.055386 -0.004743 0.121796 -0.006942 0.160433
553.970928 0.021369 0.003675 0.056478 -0.004664 0.123756 -0.006887 0.162339
561.692982 0.021949 0.003856 0.057571 -0.004645 0.125739 -0.006831 0.164260
569.522678 0.022535 0.004092 0.058656 -0.004626 0.127747 -0.006772 0.166196
577.461515 0.023152 0.004334 0.059597 -0.004605 0.129670 -0.006711 0.168146
585.511016 0.023656 0.004587 0.060614 -0.004584 0.131725 -0.006648 0.170111
593.672722 0.024138 0.004908 0.061597 -0.004541 0.133804 -0.006581 0.172090
601.948197 0.024650 0.005191 0.062831 -0.004517 0.135907 -0.006512 0.174146
610.339029 0.025308 0.005480 0.063959 -0.004492 0.138034 -0.006440 0.176153
618.846824 0.026005 0.005777 0.065167 -0.004466 0.139951 -0.006365 0.178175
627.473213 0.026718 0.006095 0.066454 -0.004439 0.141422 -0.006287 0.180211
636.219849 0.027610 0.006331 0.067655 -0.004330 0.143012 -0.006206 0.182261
645.088409 0.028384 0.006665 0.068841 -0.004172 0.145013 -0.006121 0.184325
654.080591 0.029039 0.007012 0.070061 -0.004071 0.147035 -0.006033 0.186403
663.198120 0.029729 0.007274 0.071527 -0.003995 0.149079 -0.005941 0.188494
672.442742 0.030335 0.007452 0.072651 -0.003917 0.151144 -0.005845 0.190599
681.816229 0.031107 0.007716 0.073757 -0.003774 0.153312 -0.005745 0.192718
691.320378 0.031642 0.007999 0.075229 -0.003714 0.155508 -0.005642 0.194850
700.957009 0.032658 0.008266 0.076798 -0.003654 0.157679 -0.005535 0.196995
710.727970 0.033808 0.008707 0.078764 -0.003577 0.159619 -0.005422 0.199153
720.635132 0.034800 0.009040 0.080406 -0.003485 0.161790 -0.005305 0.201325
730.680395 0.035595 0.009303 0.081866 -0.003371 0.163983 -0.005200 0.203509
740.865683 0.036353 0.009743 0.083253 -0.003120 0.166838 -0.005166 0.205706
751.192949 0.037111 0.010082 0.084913 -0.002859 0.170000 -0.005132 0.207915
761.664172 0.038091 0.010519 0.086497 -0.002589 0.171650 -0.005096 0.210137
772.281357 0.038915 0.010997 0.088225 -0.002455 0.173911 -0.005060 0.212371
783.046540 0.039758 0.011448 0.089765 -0.002383 0.176315 -0.005022 0.214616
793.961785 0.040620 0.011865 0.091247 -0.002311 0.178741 -0.004983 0.216874
805.029181 0.041389 0.012234 0.092768 -0.002239 0.181189 -0.004943 0.219144
816.250851 0.042160 0.012613 0.094718 -0.002166 0.183660 -0.004902 0.221424
827.628946 0.043024 0.013004 0.096513 -0.002093 0.186153 -0.004859 0.223717
839.165644 0.043948 0.013405 0.098241 -0.002019 0.188668 -0.004815 0.226020
850.863158 0.044955 0.013919 0.100157 -0.001946 0.191205 -0.004770 0.228334
862.723729 0.045856 0.014508 0.102187 -0.001871 0.193764 -0.004723 0.230659
874.749630 0.047100 0.015134 0.104800 -0.001797 0.196345 -0.004675 0.232995
886.943166 0.048122 0.015386 0.107198 -0.001689 0.198947 -0.004626 0.235340
899.306672 0.049269 0.015790 0.109157 -0.001537 0.201570 -0.004575 0.237696
911.842520 0.050329 0.016538 0.111433 -0.001381 0.205196 -0.004522 0.240062
924.553110 0.051526 0.016920 0.113540 -0.001220 0.209015 -0.004468 0.244112
937.440879 0.052971 0.017243 0.116336 -0.001054 0.212486 -0.004413 0.249427
950.508296 0.054263 0.017755 0.119434 -0.000884 0.216760 -0.004355 0.253260
963.757866 0.055031 0.018471 0.122317 -0.000708 0.220683 -0.004297 0.255889
977.192128 0.056364 0.019130 0.124886 -0.000527 0.223640 -0.004236 0.259623
990.813657 0.057994 0.019653 0.126693 -0.000341 0.226499 -0.004174 0.264826
1004.625062 0.059452 0.020192 0.128500 -0.000149 0.229458 -0.004110 0.270068
1018.628990 0.060867 0.020884 0.130334 0.000173 0.232345 -0.004044 0.275346
1032.828126 0.062346 0.021607 0.132185 0.000510 0.235248 -0.003977 0.280657
1047.225190 0.063684 0.022448 0.134054 0.000860 0.238164 -0.003907 0.285999
1061.822941 0.065015 0.023344 0.136118 0.001223 0.241093 -0.003836 0.291368
1076.624177 0.066594 0.024274 0.138332 0.001524 0.244035 -0.003763 0.296762
1091.631734 0.068091 0.025237 0.140248 0.001719 0.246990 -0.003688 0.302178
1106.848489 0.069691 0.025812 0.142181 0.001983 0.249956 -0.003611 0.307613
1122.277356 0.071275 0.026763 0.144132 0.002393 0.252934 -0.003532 0.313065
1137.921294 0.073179 0.027803 0.146144 0.002820 0.255922 -0.003451 0.318529
1153.783300 0.075166 0.028881 0.148376 0.003262 0.258920 -0.003368 0.324003
1169.866413 0.077312 0.029999 0.150949 0.003721 0.261928 -0.003283 0.329484
1186.173716 0.079234 0.030832 0.154116 0.004198 0.264945 -0.003196 0.334969
1202.708335 0.080771 0.031947 0.156992 0.004692 0.267971 -0.003106 0.340455
1219.473437 0.082605 0.033107 0.159227 0.005204 0.271004 -0.003015 0.345939
1236.472235 0.084006 0.034036 0.162240 0.005735 0.274045 -0.002922 0.351416
1253.707987 0.085329 0.035394 0.164819 0.006286 0.277093 -0.002826 0.356886
1271.183997 0.086777 0.036672 0.167269 0.006857 0.280146 -0.002728 0.362343
1288.903612 0.088134 0.037327 0.169745 0.007448 0.283206 -0.002628 0.367787
1306.870230 0.089728 0.038627 0.172247 0.008056 0.286207 -0.002526 0.373212
1325.087292 0.091070 0.039977 0.174775 0.008691 0.289338 -0.002421 0.378617
1343.558290 0.092471 0.041181 0.177329 0.008860 0.292410 -0.002309 0.383998
1362.286764 0.093930 0.042448 0.180291 0.008881 0.295486 -0.002189 0.389353
1381.276303 0.096188 0.043532 0.183416 0.008901 0.298563 -0.002067 0.394678
1400.530545 0.098577 0.044867 0.187189 0.008922 0.301587 -0.001943 0.399972
1420.053182 0.101020 0.046268 0.189864 0.008943 0.304667 -0.001815 0.405231
1439.847953 0.103459 0.047522 0.192563 0.008964 0.307750 -0.001686 0.410453
1459.918652 0.105490 0.048961 0.195287 0.008985 0.310832 -0.001553 0.415635
1480.269127 0.108531 0.050111 0.198036 0.009007 0.313914 -0.001418 0.420775
1500.903276 0.109681 0.051423 0.201776 0.009029 0.316994 -0.001281 0.425870
1521.825053 0.111278 0.052824 0.205174 0.009050 0.320073 -0.001140 0.430918
1543.038469 0.113700 0.054279 0.208932 0.009072 0.323149 -0.000997 0.435918
1564.547589 0.116010 0.055952 0.212172 0.009341 0.326222 -0.000852 0.440866
1586.356534 0.119167 0.058018 0.216268 0.009751 0.329272 -0.000704 0.445761
1608.469483 0.121747 0.059463 0.220177 0.010169 0.332012 -0.000553 0.450602
1630.890676 0.124716 0.061492 0.223201 0.010520 0.334749 -0.000400 0.455385
1653.624407 0.127471 0.062378 0.226375 0.010569 0.338516 -0.000245 0.460110
1676.675035 0.128946 0.063439 0.230403 0.010618 0.341563 -0.000087 0.464776
1700.046975 0.130268 0.065121 0.235570 0.010837 0.344559 0.000074 0.469380
1723.744708 0.132640 0.066821 0.240486 0.011213 0.347593 0.000237 0.473921
1747.772774 0.135004 0.068601 0.244940 0.011594 0.350619 0.000402 0.478398
1772.135779 0.137691 0.070415 0.249001 0.011980 0.353637 0.000570 0.482810
1796.838391 0.140039 0.071469 0.253046 0.012371 0.356645 0.000740 0.487156
1821.885343 0.143191 0.073473 0.257072 0.012766 0.359644 0.000912 0.491435
1847.281437 0.146034 0.074660 0.261075 0.013166 0.362673 0.001059 0.495646
1873.031539 0.147745 0.075858 0.266894 0.013570 0.365650 0.001126 0.499789
1899.140582 0.150143 0.078194 0.272070 0.013857 0.368616 0.001192 0.503862
1925.613572 0.152916 0.080864 0.275579 0.013946 0.371570 0.001258 0.507866
1952.455581 0.155279 0.082982 0.279770 0.014036 0.374512 0.001340 0.511799
1979.671753 0.157754 0.084201 0.283410 0.014127 0.377441 0.001499 0.515662
2007.267304 0.160083 0.085332 0.287114 0.014218 0.380356 0.001658 0.519454
2035.247521 0.163364 0.086208 0.291778 0.014309 0.383988 0.001818 0.523175
2063.617768 0.166323 0.087294 0.295941 0.014401 0.387485 0.001979 0.526825
2092.383480 0.169168 0.088049 0.301031 0.014493 0.390012 0.002141 0.530404
2121.550171 0.172616 0.089031 0.304965 0.014586 0.393530 0.002303 0.533913
2151.123430 0.176293 0.090661 0.310049 0.014680 0.397273 0.002466 0.537350
2181.108924 0.179715 0.091728 0.313888 0.014774 0.400556 0.002629 0.540717
2211.512400 0.182861 0.092919 0.318293 0.014868 0.403443 0.002792 0.544014
2242.339683 0.185592 0.093923 0.322330 0.014963 0.406101 0.002956 0.547241
2273.596682 0.188755 0.095118 0.325020 0.015058 0.408751 0.003120 0.550399
2305.289387 0.191948 0.096278 0.327489 0.015312 0.411391 0.003284 0.553488
2337.423871 0.195171 0.097433 0.331246 0.015677 0.414022 0.003447 0.556508
2370.006292 0.198166 0.098635 0.334049 0.016040 0.416644 0.003611 0.559461
2403.042894 0.201707 0.099764 0.337925 0.016403 0.419255 0.003774 0.562346
2436.540009 0.204527 0.100939 0.342618 0.016765 0.422059 0.003879 0.565165
2470.504055 0.207704 0.102213 0.345820 0.017126 0.425119 0.003947 0.567918
2504.941542 0.210883 0.104081 0.349021 0.017485 0.428166 0.004015 0.570607
2539.859069 0.213377 0.105947 0.352751 0.017842 0.431199 0.004082 0.573231
2575.263327 0.216414 0.107808 0.358136 0.018197 0.434219 0.004149 0.575792
2611.161101 0.219874 0.109414 0.361997 0.018551 0.437224 0.004216 0.578290
2647.559271 0.223551 0.110660 0.366084 0.018902 0.440215 0.004282 0.580727
2684.464811 0.225791 0.111882 0.369124 0.019250 0.443191 0.004348 0.583103
2721.884795 0.228308 0.113609 0.372093 0.019596 0.446151 0.004413 0.585420
2759.826392 0.232318 0.116207 0.376428 0.019939 0.451854 0.004477 0.587678
2798.296876 0.236819 0.116941 0.380252 0.020279 0.457666 0.004541 0.589878
2837.303617 0.240010 0.117978 0.383779 0.020615 0.462398 0.004605 0.592021
2876.854090 0.243905 0.120100 0.387425 0.020949 0.466644 0.004668 0.594109
2916.955876 0.248084 0.122262 0.390473 0.021279 0.471814 0.004731 0.596142
2957.616659 0.252038 0.123891 0.394591 0.021605 0.474200 0.004793 0.598121
2998.844231 0.255765 0.124784 0.397211 0.021928 0.477667 0.004855 0.600047
3040.646493 0.259773 0.125802 0.400381 0.022246 0.483085 0.004916 0.601922
3083.031457 0.262954 0.126912 0.402787 0.022561 0.486855 0.004976 0.603746
3126.007243 0.265741 0.128759 0.406927 0.022871 0.489872 0.005036 0.605521
3169.582089 0.270052 0.129672 0.409741 0.023177 0.495002 0.005096 0.607247
3213.764344 0.273641 0.131177 0.413282 0.023479 0.500047 0.005155 0.608925
3258.562476 0.276823 0.132090 0.416766 0.023777 0.505062 0.005213 0.610557
3303.985070 0.278462 0.132770 0.420742 0.024070 0.510072 0.005271 0.612144
3350.040830 0.282603 0.133904 0.424415 0.024358 0.514992 0.005329 0.613686
3396.738582 0.287004 0.134806 0.427551 0.024642 0.519821 0.005385 0.615184
3444.087276 0.291179 0.136099 0.429876 0.024921 0.524559 0.005442 0.616641
3492.095985 0.294765 0.138491 0.433078 0.025196 0.529205 0.005498 0.618055
3540.773909 0.298613 0.140871 0.436530 0.025465 0.533758 0.005553 0.619429
3590.130377 0.300330 0.143236 0.440009 0.025730 0.537841 0.005608 0.620764
3640.174847 0.303435 0.145585 0.442869 0.025990 0.541478 0.005662 0.622060
3690.916911 0.306193 0.147455 0.446420 0.026245 0.545628 0.005715 0.623318
3742.366291 0.308688 0.149756 0.450289 0.026495 0.549687 0.005769 0.624540
3794.532847 0.311075 0.151108 0.454104 0.026741 0.553655 0.005821 0.625726
3847.426577 0.313415 0.152452 0.457865 0.026981 0.557533 0.005873 0.626877
3901.057617 0.315313 0.153799 0.461571 0.027217 0.561320 0.005925 0.627995
3955.436245 0.317949 0.155147 0.465221 0.027447 0.565017 0.005976 0.629079
4010.572881 0.321210 0.156497 0.468815 0.027673 0.568626 0.006026 0.630130
4066.478092 0.322527 0.157849 0.472353 0.027894 0.571391 0.006076 0.631151
4123.162591 0.326071 0.159201 0.475835 0.028110 0.572932 0.006125 0.632141
4180.637241 0.329958 0.160555 0.478791 0.028322 0.574439 0.006174 0.633101
4238.913057 0.332115 0.162401 0.482352 0.028528 0.575913 0.006223 0.634032
4298.001206 0.334578 0.163660 0.485148 0.028730 0.579256 0.006270 0.634936
4357.913012 0.337502 0.165255 0.488513 0.028928 0.582799 0.006318 0.635811
4418.659956 0.339403 0.166046 0.491302 0.029120 0.586252 0.006364 0.636661
4480.253680 0.341918 0.167336 0.494068 0.029308 0.589617 0.006411 0.637484
4542.705986 0.344680 0.168983 0.496811 0.029492 0.592202 0.006456 0.638282
4606.028844 0.347208 0.171395 0.499531 0.029671 0.593782 0.006501 0.639056
4670.234388 0.349524 0.172987 0.502227 0.029845 0.596642 0.006546 0.639805
4735.334923 0.352009 0.173340 0.504900 0.030016 0.598615 0.006590 0.640532
4801.342924 0.354533 0.174121 0.507711 0.030182 0.601078 0.006634 0.641237
4868.271040 0.357392 0.175259 0.510342 0.030343 0.602837 0.006677 0.641919
4936.132098 0.360154 0.175590 0.512949 0.030501 0.604178 0.006684 0.642581
5004.939103 0.362659 0.175913 0.515532 0.030654 0.606654 0.006684 0.643221
5074.705239 0.364400 0.176330 0.517790 0.030804 0.609050 0.006683 0.643842
5145.443878 0.366733 0.176637 0.519679 0.030949 0.611367 0.006683 0.644444
5217.168576 0.367852 0.176937 0.521916 0.031091 0.613607 0.006683 0.645026
5289.893076 0.368959 0.177235 0.523953 0.031229 0.615772 0.006682 0.645591
5363.631317 0.370056 0.177520 0.525765 0.031363 0.618073 0.006682 0.646138
5438.397428 0.370986 0.177798 0.527651 0.031493 0.620374 0.006681 0.646667
5514.205739 0.372070 0.178069 0.530258 0.031620 0.622597 0.006681 0.647180
5591.070777 0.373276 0.179107 0.531922 0.031743 0.624588 0.006680 0.647677
5669.007271 0.374327 0.180265 0.533988 0.031863 0.625545 0.006680 0.648158
5748.030158 0.375366 0.180895 0.536407 0.031979 0.627578 0.006679 0.648624
5828.154581 0.377347 0.182187 0.538822 0.032092 0.629543 0.006679 0.649644
5909.395895 0.379276 0.183475 0.541021 0.032202 0.631442 0.006678 0.651282
5991.769669 0.381057 0.184555 0.543071 0.032309 0.633275 0.006678 0.652868
6075.291689 0.382580 0.185166 0.545555 0.032412 0.635188 0.006678 0.654404
6159.977960 0.383640 0.185769 0.547776 0.032513 0.637142 0.006677 0.655891
6245.844712 0.384224 0.186364 0.549289 0.032611 0.639029 0.006677 0.657330
6332.908400 0.385229 0.187721 0.550986 0.032705 0.640850 0.006676 0.658723
6421.185709 0.388326 0.188330 0.553942 0.032797 0.642607 0.006676 0.660072
6510.693555 0.389773 0.188676 0.555851 0.032887 0.644302 0.006675 0.661376
6601.449093 0.390879 0.189338 0.557270 0.032973 0.645937 0.006675 0.662638
6693.469713 0.391732 0.189676 0.558669 0.033057 0.647425 0.006675 0.663859
6786.773051 0.392435 0.190009 0.560073 0.033139 0.648568 0.006674 0.665039
6881.376986 0.393264 0.190339 0.561962 0.033218 0.649715 0.006674 0.666181
6977.299650 0.393924 0.190663 0.563443 0.033294 0.651209 0.006673 0.667285
7074.559423 0.395139 0.190984 0.565654 0.033369 0.652653 0.006673 0.668352
7173.174944 0.396909 0.191300 0.567493 0.033441 0.653695 0.006673 0.669384
7273.165113 0.399186 0.191612 0.569097 0.033510 0.654578 0.006672 0.670382
7374.549090 0.400676 0.191919 0.570807 0.033578 0.655435 0.006672 0.671346
7477.346305 0.401221 0.192222 0.572460 0.033643 0.656268 0.006671 0.672277
7581.576458 0.401450 0.192521 0.574077 0.033707 0.657076 0.006671 0.673177
7687.259522 0.402078 0.192816 0.575658 0.033768 0.657897 0.006671 0.674047
7794.415750 0.402737 0.193107 0.577420 0.033828 0.658912 0.006670 0.674888
7903.065679 0.403204 0.193394 0.578977 0.033886 0.659933 0.006670 0.675699
8013.230128 0.403654 0.193745 0.580186 0.033942 0.660924 0.006670 0.676483
8124.930211 0.404087 0.194127 0.581626 0.033996 0.661912 0.006669 0.677241
8238.187331 0.405168 0.194415 0.583034 0.034048 0.662904 0.006669 0.677972
8353.023195 0.407600 0.194893 0.584408 0.034099 0.663860 0.006668 0.678679
8469.459808 0.408817 0.195248 0.585516 0.034148 0.664783 0.006668 0.679361
8587.519485 0.409193 0.195589 0.586544 0.034196 0.665673 0.006668 0.680019
8707.224849 0.409555 0.195918 0.587751 0.034242 0.666532 0.006667 0.680655
8828.598841 0.409902 0.196234 0.589329 0.034286 0.667360 0.006667 0.681269
8951.664721 0.410236 0.196539 0.590909 0.034329 0.667966 0.006667 0.681862
9076.446073 0.410557 0.196832 0.592364 0.034371 0.668597 0.006666 0.682434
9202.966809 0.410942 0.197113 0.593512 0.034412 0.669326 0.006666 0.682986
9331.251175 0.411277 0.197384 0.594800 0.034451 0.670032 0.006666 0.683519
9461.323756 0.411872 0.197645 0.596387 0.034489 0.670716 0.006665 0.684034
9593.209478 0.413130 0.197896 0.597935 0.034525 0.671379 0.006665 0.684530
9726.933615 0.413215 0.198137 0.599445 0.034561 0.672021 0.006665 0.685009
9862.521795 0.413297 0.198369 0.600818 0.034595 0.672644 0.006664 0.685471
10000.000000 0.413377 0.198591 0.601749 0.034628 0.673248 0.006664 0.685918
