10.000000 72619154.459590 6779170.549072 638341185.672284 1082961.483849 1137187202.153582 49195.778729 1571122096.990105
10.139395 71856279.181292 6781967.887620 625508513.877184 1088171.699349 1109496978.012339 49618.219345 1536070976.940692
10.280732 71099058.725625 6784432.948670 612931767.274150 1093366.327489 1082458716.509078 50044.226882 1501641663.872657
10.424040 70347457.904424 6786562.499938 600605872.772860 1098544.492812 1056057201.982723 50473.829716 1467826462.480410
10.569346 69601441.966364 6788353.350496 587672385.292285 1103705.309349 1030277535.385022 50907.056383 1434617729.828417
10.716676 68860976.593695 6789802.352750 573402953.429791 1108847.880735 1005105129.918164 51343.935603 1402007874.977577
10.866061 68126027.898962 6790906.404428 561447282.756561 1113971.300325 980525706.732955 51784.496254 1369989358.630814
11.017528 67396562.421663 6791662.450588 546314428.914429 1119074.651326 956525290.682815 52228.767393 1338554692.797248
11.171107 66672547.124884 6792067.485634 533219756.006616 1124157.006931 933341590.253744 52676.778235 1307696440.474223
11.326826 65953949.391878 6777687.705983 520345214.786227 1129217.430470 931148417.076568 53128.558172 1277407215.346538
11.484715 65240737.022612 6788304.890317 506265361.258521 1134254.975560 918466733.041203 53584.136753 1247679681.502159
11.644806 64705120.417160 6791147.250992 492547140.903965 1139268.686273 916493084.988013 54043.543693 1218506553.163769
11.807128 64098480.881515 6804907.675600 479182094.381443 1144257.597308 914007061.190190 54506.808874 1189880594.435432
11.971713 63408007.028586 6844353.325214 466161925.557999 1149220.734172 892047995.340192 54973.962333 1161794619.063734
12.138593 62528684.476502 6883689.195174 453478499.146778 1154157.113376 871858963.323118 55445.034270 1134241490.212723
12.307798 61754357.355352 6922907.809003 445373918.063001 1159065.742633 850853443.099562 55920.055042 1107214120.252000
12.479362 61072803.856007 6962001.607586 434727441.489811 1163945.621068 827508797.289269 56399.055161 1080705470.557325
12.653318 60396421.687607 7000962.950780 423835196.042536 1168795.739446 803182731.659567 56882.065292 1054708551.323128
12.829698 59845149.061393 7032597.329998 413198051.326964 1173615.080395 785817097.916862 57369.116252 1029216421.386316
13.008537 59059055.740538 7035565.682154 402810097.672503 1178402.618649 783997610.692791 57860.239009 1004222188.060811
13.189869 58398015.114772 7038104.738887 392665557.733027 1183157.321303 762901876.539262 58355.464674 979719006.982270
13.373729 57742032.117744 7040211.175270 382758784.553089 1187878.148067 739707565.011175 58854.824505 955700081.962455
13.560151 57091079.262237 7041881.755542 373084259.626492 1192564.051542 717097833.537181 59358.349899 932158664.852771
13.749172 56445129.428148 7043113.335708 368089124.610544 1197213.977499 695179185.920519 59866.072396 909088055.416509
13.940828 55804155.858277 7043902.866130 358051705.212121 1201826.865171 675464988.079861 60378.023664 886481601.209366
14.135156 55168132.154049 7044247.394086 350694651.663408 1204691.471589 654821426.224527 60894.235512 864332697.467855
14.332192 54537032.271167 7044144.066315 344023837.240461 1206567.117019 634808772.933805 61414.739871 842634787.005257
14.531975 53910830.515214 7043590.131531 341095788.983989 1208443.312387 615407746.379312 61939.568800 821381360.114792
14.734543 53489252.104616 7038615.162414 338072660.043147 1210320.017708 596599654.023931 62468.754479 800565954.479752
14.939935 53020100.607911 7016886.942880 334956037.781686 1212197.192334 579394372.909721 63002.329206 780182155.090360
15.148189 52431763.738068 6991316.766259 328299739.243920 1214074.794879 570617903.274551 63540.325393 760223594.167169
15.359347 51849186.193237 6964305.271882 322680121.801379 1215952.783251 553126268.194965 64082.775560 740683951.090863
15.573448 51569906.033752 6937088.935894 313428314.569777 1217831.114625 536170819.056972 64629.712332 721556952.338366
15.790533 51060711.985702 6929203.669040 304441772.941065 1219709.745440 519735119.697649 65181.168433 702836371.425193
16.010645 50428653.812006 6920987.558896 295712891.283361 1221588.631365 504040648.377817 65737.176684 684516028.854054
16.233824 49750967.958963 6884891.544929 288258327.654488 1223467.727321 488735361.570075 66297.769995 666589792.069724
16.460115 49047060.111182 6862615.841497 280093972.760909 1225346.987436 473771756.499146 66862.981358 649051575.420268
16.689560 48568247.485600 6835516.507490 272134357.000284 1227226.365062 459266291.956456 67432.843845 631895340.124750
16.922204 48144570.844798 6829799.546327 264375240.847670 1229105.812748 445204941.058603 68007.390600 615115094.247547
17.158090 47850028.469478 6865601.302418 256812446.154806 1230985.282220 431574106.383115 68586.654833 598704892.679501
17.397264 47552772.512499 6851630.278721 249441855.857626 1232864.724389 418360606.819650 69170.669815 582658837.126117
17.639773 47252791.557574 6815391.951823 242259413.679920 1234744.089327 405551664.823777 69759.468867 566971076.103067
17.885662 46950075.755054 6778914.352708 235261123.832745 1236623.326241 393134894.060996 70353.085358 551635804.939297
18.134978 46644616.899941 6742200.611136 228443050.709185 1238502.383492 381098287.429073 70951.552694 536647265.788039
18.387770 46336408.510934 6705253.944944 221801318.574051 1240381.208553 369447949.821132 71554.904311 521999747.646075
18.644085 46025445.910382 6668077.659713 216767651.865232 1242259.748006 358154811.831433 72163.173667 507687586.381587
18.903974 45353696.741912 6642736.362789 212265650.716392 1244137.947534 348826796.202600 72776.394235 493705164.770963
19.167485 44822155.990994 6677091.877006 206176207.392447 1246015.751894 338819408.096202 73394.599492 480046912.544930
19.434669 44517509.835887 6692322.213154 200252004.085921 1247893.104922 329014584.592610 74017.822911 466707306.444368
19.705578 44210136.246549 6660211.337940 194676755.392520 1249769.949494 319412421.783988 74646.097951 453680870.286185
19.980263 43900036.144641 6694385.766507 189863497.297001 1251646.227534 310372778.113130 75279.458046 440962175.039590
20.258777 43587212.525239 6679247.566502 185152964.101672 1253521.879989 302466284.125629 75917.936598 428545838.913116
20.541173 43158165.717747 6713725.170164 180543457.355211 1255396.846816 293896532.513296 76561.566963 416426527.452694
20.827506 42712034.102839 6747947.665801 176033293.268811 1257271.066962 284875858.776085 77210.382440 404598953.651077
21.117830 42265061.770564 6781906.476465 172428033.591233 1259144.478359 276132059.876347 77864.416260 393057878.068854
21.412202 41817315.632126 6815592.998933 167398331.477577 1261017.017898 267656637.593453 78523.701574 381798108.967270
21.710676 41368865.504304 6791666.170565 163082242.903208 1262888.621423 259441354.545771 79188.271440 370814502.453017
22.013311 40744963.105451 6753155.110954 158952911.236702 1264759.223708 251478226.184631 79858.158813 360101962.635106
22.320165 40111221.212329 6714460.861446 154598757.873820 1266628.758443 243759513.034038 80533.396521 349655441.793873
22.631296 39466591.948168 6675586.202904 150857714.444658 1268497.158215 236277713.168564 81214.017266 339469940.562114
22.946764 38674876.978799 6636533.990264 146511234.539249 1270364.354501 229025554.922120 81900.053596 329540508.118260
23.266629 37898935.947948 6597307.152350 142927778.027765 1272230.277636 221995989.820522 82591.537897 319862242.391451
23.590953 37138463.962027 6557908.691644 138472168.609559 1274094.856812 215182185.730985 83288.502374 310430290.278282
23.919798 36568478.071659 6518341.684003 134208845.443101 1275958.020047 208577520.221870 83990.979037 301239847.870897
24.253227 36180962.042721 6489094.005194 130342049.157648 1277819.694173 202175574.126256 84698.999681 292286160.696060
24.591304 35793218.838128 6492976.541677 126586662.172110 1279679.804824 195970125.303060 85412.595867 283564523.964700
24.934094 35262573.709995 6496611.235766 124419480.598978 1281538.276406 190415979.202377 86131.798911 275070282.831387
25.281661 34685878.358758 6550172.550350 121993843.244946 1283395.032087 185120826.654610 86856.639854 266798832.663060
25.634074 34333688.373833 6615444.929890 118447333.158404 1285249.993778 179433002.930018 87587.149451 258745619.316282
25.991399 33951127.206235 6595140.328224 115115592.441675 1287103.082108 174413395.860164 88323.358146 250906139.422173
26.353705 33569970.455759 6614786.622847 112441238.069504 1288954.216417 169052717.969790 89065.296052 243275940.678100
26.721062 33119905.092432 6685847.430169 109185087.495891 1290803.314719 163856803.039867 89812.992926 235850622.145127
27.093539 32583041.860741 6768753.929524 106885650.301011 1292650.293701 158934124.160202 90566.478150 228625834.550114
27.471208 32276780.451515 6802528.648968 105080656.655039 1294495.068686 154315079.047542 91325.780705 221597280.591315
27.854142 31970776.654694 6834795.919440 102384807.794678 1296337.553627 149989522.984977 92090.929144 214760715.246207
28.242413 31665076.098182 6817188.118977 99400946.937162 1298177.661080 145796157.931807 92861.951573 208111946.080249
28.636097 31359724.164482 6799164.980948 98072861.942345 1300015.302177 141708554.593230 93638.875615 201646833.555174
29.035269 30860144.503889 6769839.496011 97352031.803332 1301850.386618 137724399.609409 94421.728390 195361291.335386
29.440005 30394746.893682 6725765.079835 95958772.856290 1303682.822644 133841422.298761 95210.536483 189251286.590955
29.850382 30112211.289228 6681754.124816 93589147.686396 1305512.517007 130057393.958512 96005.325916 183312840.295692
30.266481 29829433.891679 6648840.404999 91231074.362792 1307339.374962 126319701.711035 96806.122114 177542027.518702
30.688379 29407628.048082 6628839.779860 89349575.082700 1309163.300234 122417446.728088 97612.949879 171934977.707847
31.116158 28971220.273939 6608438.506691 87807559.695909 1310984.195002 118728470.058049 98425.833349 166487874.963470
31.549901 28539390.861894 6584405.027657 85399004.033500 1312801.959873 115061769.710242 99244.795975 161196958.300775
31.989689 28173767.063875 6546180.245075 84502300.060659 1314616.493857 111508308.347440 100069.860473 156058521.899211
32.435608 27953491.033641 6510904.186318 82354900.301414 1316427.694346 108064588.801480 100901.048797 151068915.337257
32.887743 27635321.675723 6469437.754403 80135014.464841 1318235.457092 104768723.955633 101738.382100 146224543.810999
33.346180 27091000.834375 6430922.745635 78435107.254263 1320039.676179 101645332.400659 102581.880688 141521868.334920
33.811008 26777561.783876 6393735.110344 76024011.405406 1321840.244001 98608035.956878 103431.563990 136957405.923381
34.282315 26463864.506758 6387201.115476 73604446.601769 1323637.051235 95654744.741814 104287.450509 132527729.751285
34.760192 26095312.878014 6380254.373974 71086233.561058 1325429.986815 92783411.280237 105149.557778 128229469.292508
35.244730 25600462.555214 6372006.238610 68652413.858539 1327218.937911 89992029.794373 106017.902323 124059310.434713
35.736022 25239116.991321 6308992.650555 66300173.083961 1329003.789902 87278635.506014 106892.499608 120013995.569266
36.234163 24912405.667931 6323202.253343 64156206.626449 1330784.426343 84641303.950236 107773.363994 116090323.655018
36.739248 24586339.789439 6333101.718680 62257985.297561 1332560.728947 81896490.208964 108660.508685 112285150.254838
37.251373 24165901.955503 6293447.067855 60411369.662727 1334332.577554 79199494.416096 109553.945678 108595387.543856
37.770637 23700999.884267 6315096.330106 58615126.010491 1336099.850104 76585976.149507 110453.685715 105018004.288482
38.297139 23543785.497313 6255767.268067 56817685.445374 1337862.422611 74164750.549314 111359.738220 101550025.795364
38.830980 23175743.987064 6203752.317448 54864261.681830 1339620.169130 71874314.931797 112272.111252 98188533.829570
39.372263 22865361.701709 6146143.249608 53192783.754773 1341372.961736 69654615.011214 113190.811440 94930666.501381
39.921091 22549129.421978 6080186.804575 52120183.133205 1343120.670488 67503466.251670 114115.843925 91773618.121205
40.477570 22319160.596870 6002737.058003 51059930.995020 1344863.163405 65418751.582457 115047.212302 88714639.022236
41.041805 21902023.371584 5921113.906736 49998697.062872 1346600.306434 63398419.314525 115984.918549 85751035.350600
41.613906 21528149.656263 5843137.893434 48495471.497660 1348331.963422 61440481.121290 116928.962969 82880168.822861
42.193981 21375304.111196 5766184.004330 47158689.976875 1350057.996081 59543010.081811 117879.344114 80099456.450865
42.782142 21042538.760170 5738247.387838 45808976.575569 1351778.263964 57704138.784390 118836.058723 77406370.234034
43.378502 20641096.256446 5667359.114984 44286110.685230 1353492.624428 55922057.488748 119799.101642 74798436.819321
43.983175 20325745.992745 5626927.178983 42810453.894851 1352658.667559 54195012.344952 120768.465756 72273237.129183
44.596276 20036752.165867 5603009.566494 41380667.240536 1350692.348427 52521303.667349 121744.141907 69828405.958000
45.217924 19748758.419732 5576288.692978 39995446.458346 1347493.559828 50899284.261808 122726.118818 67461631.537520
45.848238 19461826.882972 5522619.286698 38819775.570631 1342045.585343 49327357.804618 123714.383009 65170655.071975
46.487337 19052092.271536 5482350.686259 37749980.066870 1336512.608261 47803977.271456 124708.918716 62953270.243647
47.135345 18690199.651055 5442036.509856 36543065.121507 1330895.860423 46499441.246688 125709.707799 60807322.689735
47.792386 18200619.052568 5372902.768028 35267956.840336 1325196.597161 44916130.680967 126716.729658 58730709.451472
48.458586 17809255.493336 5301254.816561 34244207.920760 1319416.096592 43463706.994103 127729.961139 56721378.396522
49.134073 17504485.572021 5248904.254899 33155186.975807 1313555.658906 42121030.714016 128749.376438 54777327.615767
49.818975 17234356.896994 5169241.140298 32176073.817439 1307616.605629 40819832.248818 129774.947005 52896604.795661
50.513425 16936583.433741 5164414.456545 31225875.066267 1301600.278882 39558830.270200 130806.641443 51077306.567385
51.217554 16761768.954388 5159576.906139 30303736.844539 1295508.040619 38299614.367460 131844.425406 49317577.834116
51.931499 16647294.021788 5154322.252627 29331270.185451 1289341.271868 37116443.421409 132888.261491 47615611.077740
52.655396 16379192.024125 5118204.194610 28459836.239455 1283101.371942 35887395.782202 133938.109130 45969645.646407
53.389384 16043104.767395 5077602.300299 27689409.340484 1276789.757659 34858625.709454 134993.924478 44377967.024346
54.133603 15650784.837493 5017424.324996 26780514.952311 1270407.862540 33814624.543677 136055.660297 42838906.085393
54.888196 15407824.144842 4972421.728781 26057829.439128 1263957.136005 32770026.707119 137123.265837 41350838.331708
55.653308 15231012.170540 4974949.645103 25196797.185864 1257439.042561 31757698.477421 138196.686716 39912183.119153
56.429085 14950410.271943 4927739.585200 24387562.307841 1250855.060980 30767606.697382 139275.864795 38521402.870831
57.215676 14642057.394331 4874390.128569 23596776.811794 1244206.683479 29788501.714125 140360.738046 37177002.280277
58.013231 14387010.937689 4833728.850768 22850061.583427 1237495.414888 28839755.969812 141451.240427 35877527.505782
58.821904 14072330.336710 4795054.272762 22178707.578112 1230722.771815 27920496.121876 142547.301741 34621565.357321
59.641849 13715774.814728 4752412.891445 21535927.459175 1223890.281812 27029870.254843 143648.847501 33407742.477537
60.473224 13420916.129030 4708400.295877 21005897.726861 1216999.482538 26167047.478830 144755.798787 32234724.518222
61.316188 13191603.365450 4671301.584350 20406562.950473 1210051.920914 25331217.533271 145868.072099 31101215.313674
62.170903 12877599.851123 4631880.648072 19749994.939250 1203049.152286 24479246.201074 146985.579213 30005956.052308
63.037532 12614735.135085 4566828.329657 19230979.612057 1195992.739584 23727136.181943 148108.227024 28947724.447848
63.916241 12303214.722384 4502293.125953 18700454.889326 1188884.252483 22977883.335781 149235.917389 27925333.911379
64.807198 12052143.151882 4441096.603823 18203905.726323 1181725.266565 22242321.110507 150368.546974 26937632.725494
65.710575 11763048.737670 4379651.599129 17721404.323586 1174517.362484 21643906.150924 151506.007083 25983503.221729
66.626545 11442210.197603 4319236.921333 17229707.154259 1167262.125136 20918200.016911 152648.183498 25061860.962411
67.555283 11222447.620863 4259826.869016 16788163.512096 1159961.142828 20299331.504472 153794.956304 24171653.928011
68.496967 10929239.058240 4201396.401144 16338159.050769 1152616.006464 19675646.833760 154946.199715 23311861.710996
69.451778 10671249.275297 4143921.129435 15822709.681846 1145228.308719 19071124.496961 156101.781900 22481494.717182
70.419898 10383065.402003 4088133.882320 15315190.458094 1137799.643235 18485175.742966 157261.564800 21739813.111189
71.401513 10101145.326167 4087665.371418 14866606.470846 1130331.603817 17859494.847844 158425.403942 21316129.307634
72.396811 9853803.297480 4068105.976484 14427090.805750 1122825.783637 17310574.859836 159593.148256 20648621.476878
73.405984 9654820.905579 4067986.904412 14008470.906639 1115283.774448 16778526.186262 160764.639876 20321213.258345
74.429223 9486506.276843 4016916.345797 13640908.189589 1107762.373664 16262830.279327 161939.713952 19869638.568544
75.466726 9278842.619322 3951746.135547 13290211.410252 1110134.305636 15762984.529043 163118.198449 19135517.345209
76.518692 9093726.779498 3887502.845383 12885400.792303 1112390.594411 15278501.773379 164299.913947 18423560.427192
77.585321 8891852.452146 3831729.831017 12512381.922470 1108467.733425 14808909.823456 165484.673437 17733518.809726
78.666818 8681827.480673 3776432.626739 12268639.256818 1101209.683460 14353751.003346 166672.282112 17065116.556291
79.763391 8475677.734689 3714499.807171 11936661.801701 1094855.501233 13912581.704003 167862.537161 16526088.780019
80.875249 8269250.636257 3653456.968938 11579184.562602 1096774.323567 13484971.950917 169055.227554 16008579.549651
82.002606 8089823.444272 3596795.327733 11287019.128873 1098562.908631 13114257.073102 170250.133825 15507275.956749
83.145678 7888007.450308 3583337.766532 11088425.952465 1100217.824390 12711329.464256 171447.027861 15021670.526916
84.304684 7694618.006338 3543916.211883 10791885.944103 1101735.628518 12320781.562249 172645.672678 14551271.677151
85.479845 7538734.200890 3525629.358260 10487658.655311 1103112.872336 11942233.008083 173845.822202 14095603.218221
86.671388 7357962.568880 3507094.860075 10170178.514048 1104346.104957 11575315.129060 175047.221045 13654203.872608
87.879540 7190412.071172 3474379.921264 9869916.020224 1100768.969467 11264205.931283 176249.604284 13226626.807552
89.104533 7008418.416635 3437053.668906 9604246.924371 1093519.361049 10917240.836202 177452.697232 12812439.182721
90.346602 6869915.823688 3399858.887872 9328331.547432 1086275.603038 10604485.789699 178656.215217 12411221.712039
91.605985 6704650.279069 3360003.944540 9052733.027415 1079037.665956 10325168.584129 179859.863353 12022568.239240
92.882923 6545118.987092 3302908.064488 8785276.857811 1071805.523652 10059003.456055 181063.336316 11646085.326715
94.177660 6414141.422397 3246648.745436 8525722.479020 1064579.153355 9798536.843090 182266.318119 11281391.857228
95.490446 6264225.323424 3191215.100413 8281835.588734 1057358.535728 9496998.745906 183468.481885 10928118.648108
96.821531 6105288.188389 3136596.376913 8037170.332835 1050143.654923 9204740.118249 184669.489628 10585908.077523
98.171170 5949556.258459 3082781.955262 7810310.738376 1042934.498633 8921475.395691 185868.992028 10281526.502339
99.539623 5819537.019037 3037192.403163 7574993.498680 1035731.058151 8604217.619093 187066.628216 10157038.015829
100.927151 5661999.795194 3002497.012627 7364904.801064 1028533.328421 8358281.799040 188262.025557 9963253.158043
102.334021 5502005.361415 2983309.638179 7142529.046025 1021341.308096 8106006.173837 189454.799437 9649115.291595
103.760502 5346531.983759 2931364.427844 6933268.889718 1014154.999592 7861344.911562 190644.553057 9344882.081546
105.206867 5206334.901284 2905962.460397 6744798.451232 1006974.409145 7630665.843805 191830.877229 9050241.237563
106.673394 5063315.510340 2887608.274833 6557689.282720 999799.546865 7458155.779725 193013.350179 8764890.315720
108.160363 4926383.571901 2869064.461075 6386225.711569 992630.426794 7258892.440829 194191.537360 8488536.408041
109.668060 4802657.223893 2850333.390166 6205809.981498 985467.066962 7013282.271768 195364.991262 8220895.841834
111.196773 4680660.956915 2804403.796461 6030441.139587 978309.489442 6803153.725730 196533.251245 7961693.888508
112.746796 4555117.369296 2752525.531566 5854547.765178 971157.720409 6625940.254055 197695.843365 7710664.481570
114.318425 4428081.447151 2715293.702442 5699166.064417 964011.790195 6428183.544282 198852.280226 7467549.943506
115.911962 4317953.356930 2680329.825801 5527541.927875 956871.733346 6232727.865237 200002.060830 7232100.721286
117.527712 4215227.992104 2630105.056131 5367983.110105 949737.588680 6043215.221608 201144.670446 7004075.130198
119.165984 4103500.862136 2580635.183272 5221502.921991 942609.399346 5859464.909157 202279.580489 6783239.105765
120.827094 3998191.760995 2531913.924379 5063775.699911 935487.212876 5681301.718144 203406.248419 6569365.963481
122.511358 3910372.928519 2497007.937478 4917447.583939 928371.081248 5508555.766270 204524.117647 6362236.166120
124.219100 3826139.711680 2458288.216721 4786552.880939 921261.060941 5341062.336681 205632.617463 6161637.098390
125.950646 3723061.861050 2410933.765322 4657585.033364 912713.676934 5201622.737916 206731.162987 5967362.848684
127.706330 3620085.455581 2370343.410099 4524747.585931 902141.352544 5061110.195177 207819.155124 5779213.997715
129.486487 3526900.223759 2332339.163972 4403958.444532 891625.866150 4905812.006877 208895.980560 5596997.413815
131.291459 3427632.622718 2290179.256780 4274436.118783 883397.810514 4776523.230070 209961.011764 5420526.054692
133.121590 3333485.512625 2261221.578071 4152573.056901 877277.684673 4684549.379370 211013.607020 5249618.775430
134.977233 3237774.480904 2240309.549032 4038200.629391 868023.465017 4579177.061376 212053.110489 5084100.142548
136.858742 3147160.825833 2219014.862533 3918682.306406 857592.570053 4468893.335672 213078.852288 4923800.253922
138.766479 3064255.521532 2185239.391559 3806168.969450 847226.480465 4389035.864957 214090.148607 4768554.564382
140.700809 2979246.885812 2149170.065079 3690456.207112 836926.122006 4312566.830567 215086.301849 4618203.716809
142.662102 2909206.193184 2130240.382930 3579229.061213 827769.105092 4179245.807344 216066.600806 4472593.378559
144.650734 2826810.190414 2084299.749649 3473181.736512 825247.702941 4050046.342333 217030.320871 4386767.339565
146.667087 2748847.128777 2060773.225983 3374030.970662 819917.128725 3958544.331340 217976.724275 4367326.556845
148.711546 2684328.737035 2006365.827000 3282122.924182 809879.227548 3845764.526887 218905.060376 4347618.613243
150.784505 2613618.055015 1965178.623054 3198420.350036 799907.333234 3761877.412025 219814.565973 4327647.099269
152.886359 2552886.871799 1920786.300538 3108065.264173 792892.421756 3703365.289550 220704.465670 4307415.686022
155.017512 2487911.595980 1894629.013394 3022407.083523 786367.861511 3595773.210720 221573.972279 4286928.123388
157.178372 2423525.791232 1865052.577033 2942966.124728 779830.853831 3490978.934707 222422.287265 4174177.063738
159.369353 2357890.490526 1822776.496033 2863637.791604 773282.501040 3382302.180754 223248.601245 4039482.166787
161.590875 2293617.360351 1775968.758615 2776082.551754 766723.894317 3276740.535965 224052.094522 3909133.687103
163.843365 2230287.222110 1742343.554120 2700905.235810 760156.113352 3182352.663334 224831.937684 3782991.371837
166.127252 2170985.502872 1702164.632946 2630081.684318 753580.226025 3098562.900878 225587.292239 3683438.074986
168.442976 2111090.899681 1656525.076952 2553963.201355 746997.288093 3006853.844343 226317.311313 3613519.036501
170.790980 2056384.020515 1612821.134811 2489110.259940 740408.342892 2923831.381781 227021.140400 3583130.302350
173.171713 1998929.528944 1569779.295615 2416356.048688 733814.421065 2843733.724239 227697.918166 3484057.381209
175.585633 1943108.823354 1527886.126833 2344452.855310 727216.540294 2756331.939219 228346.777310 3370765.792307
178.033202 1895163.059290 1489507.410071 2273612.219440 720615.705055 2678802.509694 228966.845486 3261158.122098
180.514888 1845966.496501 1458568.282846 2212357.492770 711644.135297 2594340.809115 229557.246282 3155114.580076
183.031168 1798134.747734 1425206.062789 2149024.247870 702569.537013 2516778.390418 229473.961940 3052519.270977
185.582523 1755332.692114 1391702.250679 2093389.729100 693562.877449 2446747.182890 229278.982125 2953260.068121
188.169442 1712721.085970 1353049.925281 2036201.379475 685757.066090 2397303.032704 229063.867792 2857228.490868
190.792422 1665226.794144 1320878.368253 1986062.715064 679596.769374 2346390.720738 228828.632341 2764319.586057
193.451965 1618893.832854 1284728.751939 1930884.235867 670506.005314 2299545.957326 228573.293636 2674431.813305
196.148581 1573733.972523 1249807.957019 1882601.357587 661492.354573 2251251.486122 228297.873936 2595324.080629
198.882786 1530254.997337 1220298.366983 1837140.678564 652555.928885 2203358.679149 228002.399836 2529947.972488
201.655104 1487654.345722 1190600.634270 1787073.268757 643696.816629 2155876.728613 227686.902194 2465371.584578
204.466067 1447290.995467 1160769.547326 1736797.284894 634915.083310 2112270.225207 227351.416065 2401609.450672
207.316213 1414138.402686 1133400.039930 1688708.268179 626210.772048 2058607.113396 226995.980627 2338675.731385
210.206088 1376263.595534 1103158.086666 1641102.940116 617583.904067 2003071.085630 226620.639107 2276584.187561
213.136247 1341939.714687 1082475.743021 1595669.491375 609034.479194 1948401.617203 226225.438708 2215348.153467
216.107251 1302566.391551 1056371.585860 1549040.095880 600865.932026 1894603.440447 225810.430525 2154980.509886
219.119669 1266749.802415 1028013.572593 1504937.392619 592467.360992 1865669.642408 225375.669475 2095493.657222
222.174078 1233952.892386 1001993.111959 1461994.052480 584146.136236 1838406.564893 224921.214206 2036899.488717
225.271064 1199338.943131 974816.963740 1430808.893958 577694.604877 1791901.790966 224447.127027 1979209.363890
228.411221 1166124.693548 948377.889482 1391199.568284 571467.592195 1734661.943408 223953.473816 1922434.082332
231.595149 1136202.294210 929448.960161 1353613.779496 565155.566449 1681577.002936 223440.323941 1878043.975940
234.823460 1105243.515760 906323.643940 1319048.053281 558762.579483 1638116.168227 222907.750175 1854838.691481
238.096772 1076682.023506 882220.774244 1284197.283687 552292.802180 1585338.326637 222355.828609 1812193.273294
241.415712 1046350.499415 857959.841870 1248333.239707 545750.517025 1541228.878654 221784.638571 1758038.089715
244.780916 1016356.554016 836250.164366 1213676.195390 539140.110217 1491511.536556 221194.262536 1700535.556461
248.193029 990466.998263 813217.759426 1182908.760137 532466.063337 1445746.051505 220584.786043 1663772.958366
251.652705 963457.915659 792292.009982 1160824.136165 525732.944602 1427098.098387 219956.297608 1640506.617915
255.160607 936940.283047 770814.719915 1127360.608790 518945.399747 1385297.074081 219308.888640 1600782.424460
258.717408 914286.710874 750436.673710 1098318.472046 512108.142545 1342845.389667 218642.653356 1569460.522251
262.323788 888381.061596 731703.061862 1069241.562358 505225.945021 1319000.268727 217957.688695 1538266.315956
265.980440 864721.732136 714197.271209 1040748.047536 498303.627383 1285367.204361 217254.094237 1507209.037682
269.688063 840869.611285 696122.336677 1011333.095408 491346.047721 1252175.557450 216531.972119 1476298.023953
273.447368 818554.432536 678480.925489 983817.496293 484358.091505 1220377.878040 215791.426956 1445542.706850
277.259076 795883.585812 662952.663154 954292.354566 477344.660938 1197240.793593 215032.565756 1414952.604410
281.123917 774672.861730 644870.551168 929047.381495 470310.664192 1160535.452145 214255.497848 1384537.310298
285.042632 751990.761297 627281.630915 906548.100820 462807.723913 1123930.115348 213460.334802 1354306.482738
289.015972 732879.894190 610468.691709 884871.388112 450679.796181 1093764.560662 212647.190353 1324269.832718
293.044698 711103.449836 594475.029004 861516.543970 438869.682140 1062590.300896 211816.180332 1294437.111464
297.129582 689822.202009 578261.924013 838140.023877 429219.077525 1028936.988640 210967.422593 1264818.097214
301.271407 669177.839728 561963.040433 815853.239592 422619.431303 995784.313530 210101.036944 1235422.581287
305.470967 649151.302871 546625.320259 795434.739723 416086.571996 970124.473113 209217.145087 1206260.353485
309.729067 630018.780304 531805.715511 779978.751047 409620.198722 944684.308829 208315.870550 1177341.186845
314.046522 612499.035368 517279.995321 754385.929896 403220.002268 931521.015828 207397.338629 1148674.821769
318.424160 594413.506479 504002.578389 734062.028147 396885.665516 909147.133615 206461.676335 1120270.949570
322.862820 576898.574802 492556.985882 719044.980219 390616.863875 880675.334055 205509.012337 1092139.195475
327.363353 559351.851025 479522.686335 696890.966867 384413.265706 852011.975724 204539.476916 1064289.101123
331.926620 542514.834192 466407.118539 678144.768090 378274.532742 824281.524309 203553.201917 1036730.106607
336.553498 526755.224814 453790.878319 660343.184249 372200.320511 797453.616472 202550.320711 1009981.715898
341.244871 510852.586867 441719.276272 643431.570277 365743.074528 771498.877106 201530.968154 985105.001204
346.001639 495911.322517 429652.970364 627613.962843 360221.284148 746388.887179 200495.280555 960465.549360
350.824714 481697.669426 418004.341431 608691.565295 354361.278966 722096.152615 199443.395651 936071.680228
355.715021 467686.252845 407487.503649 592419.842052 345740.219501 700029.466766 198375.452579 911931.624458
360.673495 453935.073258 396366.087690 576540.518689 339968.954473 680635.976219 197291.591858 888053.507696
365.701088 440827.512891 385548.204702 560536.141700 334263.660840 662144.190514 196191.955375 864445.334496
370.798763 427984.683288 375138.880040 544308.644367 328453.374396 643058.510136 195076.686380 841114.971990
375.967497 416339.780968 365045.948677 528470.361097 320077.928502 624938.532306 193945.929477 818070.133367
381.208280 404181.925656 354909.439766 512354.266203 311143.045266 608407.571447 192799.830628 795318.361231
386.522116 391759.151730 345149.672673 496849.172207 303990.169849 588499.620198 191638.537163 773452.213435
391.910025 380076.959209 335770.876166 483066.269385 295738.134375 570879.026005 190462.197793 752058.786665
397.373038 368859.786844 326694.265722 469091.908725 290459.973692 553815.671177 189270.962626 730936.963479
402.912203 357850.319211 317678.608652 454764.760999 282688.895711 537326.820023 188064.983199 710094.065850
408.528580 347155.431922 309034.473922 440749.335474 276723.532224 519650.234798 186844.412502 689537.207108
414.223247 336854.623390 300835.094797 427752.857987 269390.219189 504440.720242 185609.405026 669273.275261
419.997295 327055.583226 292502.773432 413989.868407 262664.642488 489320.941831 184360.116798 649308.916517
425.851829 317494.071326 284375.924420 401635.830172 255529.990019 477121.990982 182676.985281 629650.519090
431.787973 307927.989152 277011.016805 388834.912872 248718.259494 463848.177819 180527.975825 609366.564501
437.806863 298540.814001 269348.445604 376993.417665 242025.260844 451562.585948 178357.121411 591275.776473
443.909653 289770.773604 262246.669324 366490.410589 235512.370526 441950.351911 176166.191520 572570.777478
450.097513 280994.410649 255185.756335 356111.868143 229174.741832 428373.675180 173956.973081 554194.403024
456.371628 272502.772189 248088.695158 345587.432673 223007.658479 413855.481732 171731.266281 536151.523761
462.733201 264251.155965 240866.278734 334986.464278 217006.531098 399724.082983 169490.880320 518446.665480
469.183451 256479.432476 234654.709814 325645.189202 211166.893821 385972.448355 167237.629126 501994.473012
475.723614 249191.782936 228401.925918 316304.035854 205484.400954 373744.024695 164973.327065 489058.795272
482.354943 241715.800390 221947.839353 307543.359360 199954.823749 362370.489137 162699.784646 476263.323751
489.078709 234854.794219 215676.129679 298256.841899 195510.679112 351515.343588 160374.703037 463612.134675
495.896201 228113.512292 209742.760153 289830.822495 189014.140141 341072.065908 157761.776017 451109.245535
502.808725 221283.837788 204018.323307 282893.412209 183861.866689 330899.816166 155166.162375 438758.606441
509.817606 215695.360563 198450.121543 275326.464732 178918.275349 320963.404332 151717.337980 426564.091369
516.924187 209478.825444 192919.548411 267290.009479 174107.604967 311260.942225 147741.568312 414529.489328
524.129830 203441.456482 187627.592325 260259.853602 169426.281626 301790.397316 143869.984130 402249.074920
531.435916 197575.770872 182383.799596 252628.836064 164870.827504 292549.597030 140099.855240 389249.627490
538.843844 191883.710931 177211.288088 246012.443099 160070.312330 283045.145919 136428.522996 376497.208515
546.355035 186353.449062 172256.737830 239147.050583 156124.080662 275333.903920 132853.398421 363994.044867
553.970928 181109.169696 167347.411054 232614.062561 151504.394107 266855.847839 129371.960381 351742.142562
561.692982 175671.965914 162659.152258 225888.036049 147406.175371 258596.161210 125981.753812 339743.280166
569.522678 170607.315707 158103.563965 219486.430885 143411.498347 252255.543553 122876.345507 327999.002759
577.461515 165719.358204 153769.645668 212681.657660 139525.076249 247187.157515 120915.993097 316652.032228
585.511016 160403.858028 149572.738772 206613.049936 135395.715566 239246.802451 118969.384515 306297.187269
593.672722 155822.318760 145452.332303 201074.133051 131708.723675 231525.909971 117037.537976 296379.831295
601.948197 151426.855728 141439.345836 195105.193673 128099.693278 224038.448311 114122.904684 287958.422416
610.339029 147003.398065 137542.013528 189525.774038 124597.677269 216717.616123 111035.561603 279656.471733
618.846824 142858.159054 133784.840893 183834.867266 121202.775285 209600.483070 108031.739769 271476.174625
627.473213 138697.333911 130122.260706 178250.561921 117937.799073 203517.614542 105109.179698 263419.653224
636.219849 134729.202261 126487.512784 172814.004373 114764.504954 196038.340248 102265.683035 255415.138967
645.088409 130785.921911 122919.131835 167403.841192 111602.071957 190726.084221 99499.110892 246351.702526
654.080591 127015.324348 119389.396468 162399.034443 108523.311246 184616.042988 96807.382247 237491.423636
663.198120 123284.695308 115855.778620 157145.836651 105566.386103 180501.307244 94188.472374 228835.190910
672.442742 119741.618631 112466.653054 152433.622585 102690.028040 174971.800496 91640.411323 220383.676575
681.816229 116298.029240 109194.314287 147512.429911 99892.041852 169680.078518 89161.282434 212928.139962
691.320378 112987.317137 106098.453955 142751.703280 97170.292149 165865.963472 86749.220901 206360.281760
700.957009 109781.722843 103026.480709 138498.398541 94522.701722 160755.017520 84402.412364 199905.434470
710.727970 106743.142059 100058.810635 134094.039560 91947.249959 157801.614339 82119.091548 193564.882989
720.635132 103634.300519 97151.599006 129864.140009 89441.971303 153316.815806 79897.540933 187339.829427
730.680395 100663.242288 94377.270406 125706.218732 87004.953756 148845.293774 77736.089462 181231.389159
740.865683 97739.448765 91580.993218 121739.336389 84634.337412 145010.456475 75633.111286 175240.587029
751.192949 94933.007465 88924.180883 118075.597447 82328.313044 141307.524440 73429.236042 169368.353753
761.664172 92059.339155 86289.878432 114641.144964 80085.120719 137676.045874 70707.041065 163615.522522
772.281357 89339.515412 83832.519348 111387.571287 77711.890909 134015.451386 68400.604431 157982.825832
783.046540 86759.766495 81430.439084 107875.736128 75099.737785 130623.499582 66608.159006 152470.892570
793.961785 84244.486540 79140.018220 104326.918960 73027.147503 127346.068913 64862.684813 147080.245351
805.029181 81866.713729 76990.947678 100894.848188 70695.594048 123845.043391 63162.950964 141811.298154
816.250851 79567.529568 74755.820076 97788.436404 68730.499451 120556.223886 61507.758829 136664.354247
827.628946 77187.550373 72584.738902 94585.673646 66856.106148 117333.101163 59895.941187 131639.604432
839.165644 74990.580540 70550.107766 91636.100877 64554.106145 113691.291005 58326.361406 126737.125617
850.863158 72745.456152 68499.518194 88630.559454 62717.313521 110919.336848 56797.912637 121956.879732
862.723729 70594.890952 66477.491112 85728.532592 61005.674807 107286.693762 55309.517037 118783.763449
874.749630 68463.504535 64547.664604 83083.121829 59333.113518 103703.311001 52945.066473 115996.035956
886.943166 66442.141914 62726.718348 80519.343142 57713.215972 101003.495558 50407.001677 113235.412960
899.306672 64504.321367 60924.798722 78022.482124 55685.058595 97962.935176 47983.435947 110502.555861
911.842520 62628.249059 59101.438554 75072.638546 53668.859726 95218.935077 46136.616594 107798.121974
924.553110 60839.489975 57394.266792 72566.745624 52067.554600 92466.401168 44424.612582 105122.763449
937.440879 59077.328269 55688.219883 70160.116751 50661.806494 89391.348961 42118.541103 102477.126150
950.508296 57396.426474 54099.898034 68017.512959 49182.148542 86737.449099 39935.367217 99861.848498
963.757866 55764.634347 52495.461252 65898.643506 47796.598278 84358.518095 37873.706822 97442.522429
977.192128 54185.071229 50982.341890 63676.245945 46502.524702 81123.382127 36810.804733 95310.829086
990.813657 52651.572128 49481.407245 61580.173631 45243.487644 79168.390830 35777.732332 93195.485222
1004.625062 51191.370656 48105.768444 59563.149226 44018.538506 77024.642764 34773.652467 90857.053058
1018.628990 49727.033622 46716.175996 57607.592977 42826.754371 74926.378776 33797.751481 88444.897577
1032.828126 48303.059484 45392.061583 55672.920526 41667.237310 72689.565529 32849.238550 86061.177942
1047.225190 46912.546711 44055.861926 53899.517487 40539.113704 70485.349446 31391.213529 83706.685346
1061.822941 45572.159577 42703.121010 52109.462286 39441.533589 68332.647998 29818.856813 81382.192840
1076.624177 44254.469202 41442.045700 50467.021487 38373.670011 66230.623061 28330.575683 79088.453643
1091.631734 43017.196675 40239.229154 48780.363017 37273.149428 63957.031871 26921.983673 76826.199444
1106.848489 41808.735742 39024.402502 47206.053139 36161.777190 62029.536533 25588.881754 74596.138734
1122.277356 40615.192777 37839.716908 45756.061934 35150.365228 60147.193617 24327.254867 72747.661428
1137.921294 39463.845617 36700.368070 44243.056676 34187.488572 58306.293030 23133.268086 71137.779364
1153.783300 38351.970576 35604.657202 42818.475435 33250.988070 56414.091313 22003.262485 69538.090419
1169.866413 37253.298968 34567.116985 41410.933782 32340.141198 54605.409372 20933.750719 67949.172901
1186.173716 36208.996621 33552.088591 40159.497707 31419.248429 52842.959066 19921.412382 66371.605168
1202.708335 35161.554881 32562.122316 38894.310999 30456.127530 51141.951300 18963.089154 64805.964748
1219.473437 34152.619013 31598.121787 37701.844351 29522.529994 49460.140617 18055.779802 63252.827436
1236.472235 33133.842060 30652.061674 36282.240428 28617.550815 47954.769228 17440.886176 61712.766343
1253.707987 32171.668346 29734.326970 35221.137757 27593.044961 46405.832175 16593.806678 60186.350925
1271.183997 31230.346210 28844.069603 34115.765707 26868.764195 44895.953792 15792.392938 58528.956210
1288.903612 30333.493151 27980.466888 33079.151919 26059.570145 43596.582516 15034.061918 56824.866005
1306.870230 29427.341071 27146.857588 32005.086051 25048.277856 42198.305546 14316.365018 55147.207364
1325.087292 28567.149714 26300.935500 31046.874831 24370.374334 40919.228359 13636.983169 53496.369089
1343.558290 27713.110463 25514.073353 29988.545648 23509.093640 39490.810655 13082.211025 51872.721382
1362.286764 26933.625873 24717.604433 29047.484769 22659.558524 38138.002420 12772.513377 50276.614837
1381.276303 26125.659077 23944.838908 28175.176192 21959.761659 36854.287018 12470.147260 48708.379467
1400.530545 25353.898676 23223.716083 27277.963818 21281.576674 35604.397699 12174.939113 47168.323748
1420.053182 24602.865667 22529.451077 26382.026149 20608.672049 34423.045043 11886.719484 45656.733719
1439.847953 23871.541760 21857.179267 25633.387401 19921.500824 33510.151411 11605.322933 44173.872110
1459.918652 23160.097118 21181.470498 24847.234491 19284.443495 32352.935547 11330.587935 42719.977524
1480.269127 22482.084812 20517.425579 24120.622900 18688.698770 31326.054068 11062.356790 41295.263672
1500.903276 21801.944960 19863.815500 23435.882199 18111.358090 30445.753457 10800.475533 39899.918664
1521.825053 21155.720184 19262.114543 22772.933895 17520.230407 29587.392552 10544.793839 38534.104358
1543.038469 20519.306679 18658.412908 22103.613126 16971.763437 28601.013763 10206.303651 37197.955783
1564.547589 19927.389529 18079.248406 21453.055177 16440.466106 27576.165927 9736.376722 35891.580625
1586.356534 19345.864118 17528.954182 20814.447348 15874.926967 26580.432155 9513.869530 34615.058786
1608.469483 18787.820573 16975.763362 20211.428553 15286.532645 25613.264759 9296.447336 33368.442026
1630.890676 18223.720991 16435.892507 19634.961217 14785.496544 24746.105293 9003.767460 32151.753684
1653.624407 17678.492960 15922.928333 19097.578293 14245.728102 23918.492470 8555.282443 30964.988472
1676.675035 17139.890476 15428.565652 18573.593345 13805.680669 23113.246672 8335.004819 29993.349101
1700.046975 16612.644968 14959.776221 18043.135476 13296.087937 22329.904020 8142.972122 29425.125786
1723.744708 16119.934081 14511.082459 17526.054110 12799.947689 21568.009353 7955.363724 28866.201806
1747.772774 15643.101260 14058.994260 17041.447652 12321.801835 20875.554757 7772.077693 28316.423801
1772.135779 15160.929933 13648.037320 16570.240868 11861.022871 20203.310141 7593.014444 27775.642899
1796.838391 14708.148997 13209.251173 16093.100738 11451.332175 19457.384602 7418.076687 26917.409922
1821.885343 14273.620099 12807.615088 15637.587328 11023.146879 18815.252986 7247.169374 26043.478898
1847.281437 13857.033912 12420.925430 15188.800889 10610.534077 18100.686210 7080.199647 25489.745250
1873.031539 13448.870667 12041.747618 14763.500985 10212.948691 17422.596885 6917.076785 24945.952670
1899.140582 13052.945866 11665.989828 14336.553722 9835.802673 16798.774910 6757.712161 24411.948475
1925.613572 12672.679834 11297.174088 13929.710975 9557.050504 16193.044641 6602.019186 23887.583103
1952.455581 12289.151427 10921.085979 13541.993513 9234.440353 15605.018764 6449.913269 23372.709955
1979.671753 11925.297840 10569.223665 13156.366414 8882.891198 15097.861632 6299.432825 22867.185231
2007.267304 11580.707579 10214.991610 12776.591439 8543.829779 14635.108313 6151.710682 22370.867793
2035.247521 11237.141753 9884.803856 12410.602329 8216.843682 14186.538501 6007.452633 21883.619025
2063.617768 10904.556819 9561.988739 12058.063135 7898.663366 13751.717470 5866.577446 21405.302708
2092.383480 10593.712153 9243.522693 11717.981159 7586.339745 13330.223813 5729.005791 20935.784901
2121.550171 10280.926590 8955.819426 11383.827075 7300.484240 12921.649046 5594.660202 20474.933835
2151.123430 9979.841667 8666.920390 11066.341567 7021.848958 12499.942881 5463.465027 19954.261424
2181.108924 9687.735860 8383.539309 10754.107742 6749.492578 12126.361726 5335.346387 19512.223715
2211.512400 9406.254056 8116.779819 10457.920949 6486.995311 11761.655216 5210.232139 19078.448694
2242.339683 9128.466586 7854.946730 10165.324218 6258.429394 11407.105315 5088.051828 18652.809549
2273.596682 8854.475949 7596.006557 9888.387833 6088.769178 11004.449806 4968.736654 18149.028427
2305.289387 8588.157035 7351.521864 9614.749594 5881.793746 10676.142832 4852.219430 17466.806866
2337.423871 8340.871202 7101.723373 9344.645123 5665.436429 10359.732874 4738.434543 16810.229997
2370.006292 8096.261832 6869.610872 9061.371885 5463.525967 10050.658484 4627.317919 16178.333838
2403.042894 7864.879065 6653.828464 8803.655699 5251.450597 9753.953218 4476.954693 15570.190640
2436.540009 7634.181060 6443.953482 8554.248301 5047.065485 9465.050650 4297.628051 14984.907532
2470.504055 7415.847500 6214.839214 8286.109801 4858.160613 9175.813616 4125.099117 14421.625202
2504.941542 7203.152280 6015.990383 8054.424503 4689.303468 8893.730036 3959.128660 13879.516642
2539.859069 6993.057978 5817.968573 7829.653164 4527.607614 8621.134936 3799.485305 13357.785930
2575.263327 6789.496650 5633.116722 7600.279345 4340.012357 8356.894947 3693.880236 12855.667064
2611.161101 6591.420006 5451.659812 7392.175621 4172.220559 8100.753980 3607.475492 12372.422834
2647.559271 6393.498002 5277.126003 7184.526975 4047.620838 7852.463799 3523.091870 11907.343744
2684.464811 6199.094528 5108.208220 6984.870978 3940.822476 7611.783776 3440.682092 11459.746967
2721.884795 6002.980115 4940.120544 6785.432139 3830.450624 7363.174690 3360.199988 11028.975341
2759.826392 5820.250248 4785.386905 6587.799502 3705.865731 7152.328339 3281.600467 10620.035647
2798.296876 5635.152494 4627.688969 6408.827663 3579.059481 6933.107647 3204.839492 10229.760964
2837.303617 5470.207680 4486.003068 6218.508181 3453.569935 6728.467462 3103.621553 9853.828449
2876.854090 5308.450784 4348.655162 6049.775231 3356.273812 6546.808243 2983.574311 9491.711042
2916.955876 5144.390584 4212.824269 5885.620679 3241.500808 6373.764583 2868.100042 9142.901053
2957.616659 4994.089647 4081.014039 5723.859604 3125.457375 6201.155308 2757.027508 8806.909450
2998.844231 4842.237191 3949.524050 5568.356390 3009.652855 6034.378165 2669.191568 8483.265170
3040.646493 4690.871371 3828.724884 5417.593431 2891.047350 5854.236871 2580.632019 8171.514463
3083.031457 4552.209906 3702.160077 5268.966715 2780.387358 5696.669985 2462.055804 7871.220253
3126.007243 4413.826259 3586.680931 5118.888900 2669.463633 5545.679990 2353.546998 7581.961526
3169.582089 4279.617542 3472.110120 4972.045775 2571.371693 5398.691978 2262.128374 7303.332741
3213.764344 4149.489635 3361.453251 4838.125109 2472.718157 5249.555923 2174.209190 7034.943259
3258.562476 4024.028585 3256.273462 4704.789909 2377.777614 5079.440931 2089.657898 6776.416797
3303.985070 3903.945743 3156.226432 4575.434754 2286.413927 4939.395766 2008.347806 6527.390899
3350.040830 3787.446347 3047.147816 4446.739602 2198.495774 4807.841574 1930.156896 6287.516430
3396.738582 3674.423462 2949.232534 4321.340574 2113.896481 4679.791152 1854.967658 6056.457085
3444.087276 3565.823184 2858.617583 4202.184727 2032.493872 4555.151181 1782.666921 5833.888918
3492.095985 3458.395344 2775.020076 4086.015088 1942.944904 4433.830829 1713.145692 5619.499887
3540.773909 3355.191817 2694.223194 3973.639181 1860.424265 4315.741682 1646.299009 5412.989419
3590.130377 3256.419560 2612.156142 3864.070788 1773.029225 4198.674279 1582.025789 5214.067984
3640.174847 3159.105570 2525.266261 3757.894799 1701.488432 4086.623005 1513.085394 5022.456695
3690.916911 3064.476210 2446.046928 3653.914351 1635.618881 3967.190586 1441.212888 4837.886910
3742.366291 2972.703782 2368.910124 3552.548065 1574.932937 3862.414356 1381.254082 4660.099863
3794.532847 2884.280628 2295.170240 3453.464671 1513.869076 3760.405338 1348.753798 4488.846295
3847.426577 2800.080808 2224.627101 3358.225637 1471.490050 3661.090448 1285.693761 4317.918762
3901.057617 2714.040767 2156.252139 3266.749069 1405.914999 3564.398533 1225.788718 4152.894514
3955.436245 2633.049860 2089.978714 3173.371956 1344.316408 3470.260317 1168.878400 3994.177240
4010.572881 2557.872683 2025.742233 3085.777378 1300.386588 3375.357373 1135.733412 3841.525898
4066.478092 2483.433855 1961.723020 2998.764759 1257.551592 3280.957796 1111.977567 3694.708656
4123.162591 2409.932679 1894.420603 2915.827898 1208.610316 3189.198318 1065.999930 3553.502545
4180.637241 2336.763650 1834.378082 2836.639146 1166.137320 3100.005104 1014.696501 3417.693115
4238.913057 2266.577326 1784.572544 2758.919551 1124.090213 3013.306382 966.012367 3287.074114
4298.001206 2199.974034 1732.415588 2682.765102 1080.350413 2929.032387 919.814811 3161.447171
4357.913012 2134.630611 1677.809334 2599.138314 1038.288031 2850.053576 875.976982 3040.621497
4418.659956 2070.856154 1628.097539 2526.731951 999.367826 2767.489226 834.377728 2924.413596
4480.253680 2009.915411 1578.057194 2456.966891 968.312184 2692.401790 794.901427 2812.646983
4542.705986 1950.461800 1526.728199 2389.128100 944.679378 2614.855557 757.437815 2733.741472
4606.028844 1893.483622 1482.543274 2323.162392 924.874362 2542.828752 723.853360 2657.589463
4670.234388 1838.169928 1437.432533 2259.018048 899.130048 2474.647158 696.813644 2564.927367
4735.334923 1784.046338 1391.931061 2196.644780 877.185714 2406.694458 684.504742 2497.126807
4801.342924 1728.626913 1346.769416 2132.446812 855.776957 2336.545332 672.413271 2431.118467
4868.271040 1677.539127 1303.089936 2071.406193 838.145780 2273.944332 660.535390 2366.854973
4936.132098 1627.384906 1261.190904 2014.553417 820.991435 2206.614338 648.867328 2304.290202
5004.939103 1579.848474 1219.701167 1957.909908 804.188188 2147.140882 637.405376 2243.414524
5074.705239 1533.157681 1179.576329 1899.972281 787.728853 2089.270376 626.145894 2184.185130
5145.443878 1487.846787 1142.453164 1846.454909 770.923623 2032.959617 615.085307 2126.519478
5217.168576 1446.086399 1107.119087 1792.093053 752.590191 1978.166565 604.220099 2070.376283
5289.893076 1403.287172 1077.336393 1742.415331 736.415527 1924.953952 593.546821 2015.715349
5363.631317 1360.997220 1046.077160 1692.834901 721.502305 1873.768107 583.062081 1962.497544
5438.397428 1320.820287 1018.675235 1643.646704 706.891092 1823.943328 572.762550 1910.684765
5514.205739 1282.485332 987.745524 1600.082310 692.575772 1775.418520 562.644955 1860.239919
5591.070777 1244.299937 956.914022 1556.402919 678.550354 1725.716351 552.706083 1811.126890
5669.007271 1207.296823 928.201302 1513.414349 664.808965 1679.064924 542.942777 1763.310516
5748.030158 1171.632081 899.672598 1463.324761 650.314515 1634.176483 533.351935 1716.756563
5828.154581 1137.136894 872.020736 1422.587340 634.366460 1589.775134 523.930511 1671.431703
5909.395895 1103.481518 844.545123 1382.984006 618.809508 1546.926949 514.675512 1627.303484
5991.769669 1070.822227 817.932826 1344.483187 603.634069 1505.233623 505.583999 1584.340314
6075.291689 1039.129540 791.311549 1308.326312 588.830786 1464.664030 496.653083 1542.511434
6159.977960 1008.374848 765.556716 1274.041476 574.390533 1425.193456 487.879928 1501.786898
6245.844712 978.530390 741.000887 1240.655078 560.304408 1386.897279 479.261747 1462.137548
6332.908400 949.569226 717.324149 1207.690111 546.563725 1349.630154 470.795802 1423.534998
6421.185709 921.465215 696.869403 1173.888499 531.511897 1313.364428 460.427450 1385.951611
6510.693555 894.228546 675.117311 1141.032949 512.877326 1278.073193 449.313728 1349.360481
6601.449093 867.727922 654.322983 1109.096981 499.874467 1243.730264 438.468267 1313.735409
6693.469713 842.098166 635.108577 1078.302285 487.986889 1210.310160 427.884593 1279.050891
6786.773051 816.905935 617.355988 1049.080515 472.009642 1177.788082 417.556385 1245.282094
6881.376986 792.656592 598.386158 1020.650649 455.586139 1146.139901 407.477478 1212.404843
6977.299650 769.472010 580.784993 992.991226 441.276244 1115.342134 397.641854 1180.395598
7074.559423 746.277144 562.727402 966.081368 430.986500 1085.371929 388.043640 1149.231444
7173.174944 724.221693 545.568607 939.602620 420.936694 1056.207049 378.677107 1118.890069
7273.165113 703.554083 528.413948 913.593436 410.437780 1027.825855 369.536661 1089.349750
7374.549090 683.959352 511.492148 888.304214 398.438077 1000.207288 360.616846 1060.589338
7477.346305 664.285273 495.585405 863.715024 388.784814 973.330856 351.912336 1032.588243
7581.576458 645.636034 481.386127 839.806488 380.041680 947.176617 343.417934 1005.326417
7687.259522 626.798129 466.716457 816.559765 368.058490 921.725165 333.137303 978.784343
7794.415750 609.403191 452.651213 793.956537 359.005501 896.957615 321.450064 952.943018
7903.065679 591.735657 438.381769 771.978989 349.255023 872.855590 310.172840 927.783942
8013.230128 574.282551 424.414378 750.609803 337.039185 849.401208 300.276361 903.289102
8124.930211 559.060880 410.892006 729.832138 327.353600 826.577065 289.748805 879.440961
8238.187331 543.396872 397.856833 709.629621 318.729834 803.758052 279.590340 856.222445
8353.023195 528.050057 385.527334 689.986330 311.125513 781.503601 269.788027 833.616932
8469.459808 512.733032 373.368698 670.886786 303.134826 760.250202 260.329379 811.608237
8587.519485 498.602751 362.344604 652.185395 293.753294 739.759668 251.202346 790.180604
8707.224849 484.139292 352.460733 633.734758 284.924060 719.821402 242.395304 769.318691
8828.598841 469.996295 341.819159 615.806098 278.141714 700.420519 233.897032 749.007563
8951.664721 456.498781 331.701699 598.384649 269.908250 681.301777 225.696706 729.232678
9076.446073 443.431666 321.942523 581.456061 261.567344 662.439577 217.783880 709.979879
9202.966809 430.641400 312.247744 565.006390 253.981132 644.099586 210.148473 691.235381
9331.251175 418.178488 302.789941 549.022089 246.263214 626.267347 202.780761 672.985766
9461.323756 406.236225 293.231277 533.489991 239.069567 608.928804 195.671358 655.217966
9593.209478 394.798078 284.818115 518.397304 233.411982 592.070287 188.811207 637.919263
9726.933615 383.497123 276.685943 503.731596 225.937310 575.678507 182.191570 621.077270
9862.521795 373.201407 268.984939 489.897160 217.864173 559.740543 175.804014 604.679930
10000.000000 362.155623 260.708060 476.743749 211.251653 544.596485 169.640404 588.715504
