10.000000 390540557356.929321 28021483046.068344 3791447379101.655762 4010002370.622274 10353063903073.058594 170827218.561092 12243600874970.707031
10.139395 404308592852.904785 29265290559.991722 3936374079493.439453 4202825752.293401 10557375279568.214844 179603170.401039 12519522199122.830078
10.280732 413420726720.729858 30563414946.860027 4086445116651.613281 4404788867.272164 10765271818186.570312 188829806.111047 12800711943057.408203
10.424040 422285781546.004944 31918178077.724842 4241821132255.450195 4616317029.172613 10976806016907.470703 198530258.476255 13087240039917.718750
10.569346 434943094658.634460 33331998311.498783 4402666695747.982422 4837854879.090340 11192030927340.822266 208728846.705942 13379176394924.765625
10.716676 446008199589.817139 34807394355.504692 4569150356685.389648 5069867237.189817 11411000154423.564453 219451137.415164 13676590851802.369141
10.866061 457368541529.205383 36322206416.632935 4731571285722.602539 5312839990.313724 11633767855680.746094 230724008.298855 13979553158488.230469
11.017528 469032393239.474182 37784639973.804947 4906231560451.925781 5567281017.058397 11860388740019.212891 242575715.540974 14288132932154.431641
11.171107 481008262820.278198 39621025347.957214 5090099822163.566406 5833721151.811620 12090918066023.617188 255035964.208141 14602399623563.996094
11.326826 496137872471.202087 41378851670.466125 5280298476030.728516 6112715189.301997 12325411639720.595703 268135982.661742 14922422480791.265625
11.484715 512835125457.878174 43203708724.675972 5448113508696.442383 6404842931.269494 12563925811778.820312 281908600.436816 15248270512337.843750
11.644806 530063866459.410217 45107596481.964691 5582123671035.390625 6710710276.924834 12806517474110.468750 296388330.282593 15580012449677.082031
11.807128 549787768186.680054 47093857173.811127 5776164003005.708984 7030950358.923576 13053244055838.507812 311611454.433553 15917716709263.851562
11.971713 574672292548.472900 49165969998.881317 5979166132162.336914 7366224726.647624 13304163518595.775391 327616115.103784 16261451354047.937500
12.138593 601914174128.781250 51321038345.229111 6218624714252.472656 7717224578.650095 13581320910650.697266 344442409.793272 16611284054532.830078
12.307798 630392437078.666748 53386781469.228271 6338603058987.916992 8084672046.183388 13863324087261.037109 362132491.386415 16967282049424.056641
12.479362 655395130743.027710 55534064939.318207 6482923944814.509766 8469321529.806273 14144306015520.166016 380730673.369048 17329512105914.283203
12.653318 672346847766.468018 57766023618.939316 6618869221879.640625 8871961091.128889 14391418438828.857422 400283540.376943 17698040479654.523438
12.829698 696255953600.219116 60085908619.765404 6821605365421.630859 9293413901.836025 14642514592055.753906 420840064.489558 18072932874464.613281
13.008537 716873917623.409058 62497091399.680496 7099266679712.067383 9734539752.197229 14899418319200.441406 442451727.466657 18454254401837.531250
13.189869 746985226604.780396 65003067994.903564 7240544510455.633789 10196236621.356796 15176851503035.117188 465172649.009599 18842069540296.105469
13.373729 770758988110.268677 67607463390.230698 7369403344231.920898 10679442311.773918 15439618643017.818359 489059721.929634 19236442094663.117188
13.560151 797925288303.115845 70314036031.343033 7543976229099.192383 11185136150.266109 15705312456658.873047 514172753.880606 19637435155307.472656
13.749172 833537284982.628784 73126682483.323105 7761578444049.489258 11714340758.197138 15973965540951.621094 540574616.604028 20045111057433.433594
13.940828 862498884773.390747 76049442239.539780 8007508823227.067383 12268123893.435848 16245610855951.330078 568331402.479770 20459531340480.976562
14.135156 891682659548.105469 79281358236.663223 8305174005531.469727 12847600366.805532 16517268913762.539062 597512589.490417 20880756707708.976562
14.332192 926621500364.473511 82662175190.083649 8514598822997.324219 13453934035.835281 16791035078591.328125 628191214.085084 21308846986034.089844
14.531975 955863600761.770874 86182923114.120300 8687463799773.210938 14088339878.722605 17067869311300.121094 660444053.407241 21743861086201.812500
14.734543 984215771695.096924 89849173925.136627 8938762031593.296875 14752086151.514687 17347805995394.695312 694351816.324317 22185856963367.417969
14.939935 1016874546945.573486 93666710423.919586 9201624932087.162109 15446496631.617918 17630879899713.105469 729999344.589808 22634891578166.570312
15.148189 1046832447731.675781 97641533753.175354 9534676378564.578125 16172952950.851315 17917126182743.996094 767475823.984252 23091020858357.496094
15.359347 1076986965251.941528 101779871095.213715 9878498172677.833984 16932897021.366642 18206580396993.433594 806875006.375673 23554299661118.398438
15.573448 1107709176589.115967 106102948063.596527 10179427503982.722656 17727833557.869972 18499278493400.546875 848295443.086648 24024781736084.113281
15.790533 1136462637856.311279 111082859275.652924 10390726421118.484375 18559332699.693005 18795256825802.804688 891840730.049762 24502519689209.156250
16.010645 1171365364472.227783 115515044182.506424 10582131391664.580078 19429032736.380600 19094552155451.171875 937619765.624609 24987564947542.925781
16.233824 1212776316464.509521 121094027051.413605 10776580513668.857422 20338642940.584381 19397201655576.000000 985747021.374361 25479967725005.703125
16.460115 1246558322764.461914 126936211738.335236 10974107438243.429688 21289946512.171597 19703242916004.050781 1036342826.737811 25979776989252.804688
16.689560 1283265602351.861816 133053654868.645706 11222980609390.611328 22284803637.589874 20012713947827.179688 1089533668.095501 26487040429715.398438
16.922204 1322808752162.543457 139458945131.176605 11491917129588.537109 23325154668.663410 20325653188123.460938 1145452503.329847 27001804426905.722656
17.158090 1360797027269.608643 146165225663.221863 11764011883354.011719 24413023425.119328 20642099504731.171875 1204239091.975051 27524114023074.234375
17.397264 1396129033873.598389 152722138595.678253 12039301959139.207031 25550520625.299843 20962092201076.257812 1266040342.561038 28054012894304.980469
17.639773 1432976832313.342773 159260448224.684540 12304393380464.445312 26739847449.637264 21285671021053.890625 1331010677.312586 28591543324134.539062
17.885662 1477559292305.149902 166068862971.397308 12555269517886.498047 27983299241.636955 21612876153964.835938 1399312415.721471 29136746178777.687500
18.134978 1523470086841.097900 173158047132.300659 12809207176218.921875 29283269351.244328 21943748239506.964844 1471116177.286647 29689660884041.656250
18.387770 1574577226254.895508 180539062341.947754 13066243716170.423828 30642253125.640820 22283059932361.046875 1546601304.917436 30250325404007.863281
18.644085 1619510568045.042725 188223381307.271881 13326416954374.203125 32062852052.662815 22659189180137.433594 1625956309.858635 30818776221556.601562
18.903974 1684319403692.279785 196222901972.165039 13589765168951.867188 33547778062.207333 23004744170853.230469 1709379339.275603 31395048320808.695312
19.167485 1735695722725.581055 204549962124.151794 13856327105145.003906 35099857991.146667 23354153992742.441406 1797078667.334330 31979175171551.480469
19.434669 1791298728192.267822 213217354455.279327 14126141981015.687500 36722038217.455902 23707461648290.300781 1889273211.441332 32571188715715.628906
19.705578 1851003662988.968506 222238342089.611481 14399249493216.378906 38417389469.421715 24113562983928.125000 1986193074.709201 33171119355961.464844
19.980263 1905502266309.365479 231626674590.011963 14675689822830.390625 40189111815.990028 24475866306727.750000 2088080115.754847 33778995946431.578125
20.258777 1961182360957.383545 241396604457.198761 14955503641283.476562 42040539844.489479 24842204927058.281250 2195188547.707446 34394845785717.507812
20.541173 2015979967981.656250 251562904134.324615 15229114667821.773438 43944570910.157097 25212623789652.878906 2307785567.257414 35018694612086.410156
20.827506 2075342974836.203369 262140883530.687805 15496354548479.970703 45878669558.294655 25587168339834.574219 2426152015.816123 35650566601003.500000
21.117830 2131692700683.400635 273146408078.434998 15767750404997.910156 47897788748.547394 25965884529091.750000 2550583074.252725 36290484364982.031250
21.412202 2192496484719.866211 284595917336.489014 16043357901327.158203 50005659795.726112 26348818820715.781250 2681388992.496708 36938468955784.367188
21.710676 2259414110464.795898 296410296949.871887 16323233450971.431641 52206177414.333450 26736018195501.500000 2818895856.459259 37594539868990.546875
22.013311 2328272345535.868164 308808342201.668823 16604368330786.832031 54503406852.954887 27127530157511.027344 2963446393.884880 38258715050942.882812
22.320165 2396116920768.262207 320865160933.309204 16877551084366.210938 56901591338.220879 27523402739901.875000 3115400820.153461 38931010908067.265625
22.631296 2464820731191.489258 333385427065.122925 17154375584278.359375 59405159843.838715 27932216869400.781250 3275137728.142298 39611442318563.703125
22.946764 2536687143526.398926 346386578780.603149 17434862637881.503906 62018735197.106171 28335296983955.414062 3443055021.990079 40300022646449.492188
23.266629 2624172521913.650391 359886691288.179810 17719032320412.851562 64747142535.735832 28742884068375.093750 3619570898.802551 40996763757930.445312
23.590953 2703540733603.081055 373904499136.830994 18006903963270.949219 67595418135.809486 29155028516555.765625 3805124879.463394 41701676040066.023438
23.919798 2792991243150.508789 390692332805.257751 18298496143558.093750 70568818619.184204 29571781285863.976562 4000178892.002019 42414768421686.078125
24.253227 2876318398557.424316 405140150982.493164 18573778547126.296875 73672830563.134933 29993193903437.109375 4205218409.270441 43136048396506.625000
24.591304 2978505766434.213379 420097043351.485229 18846260475529.089844 76913180528.262009 30420756835720.074219 4420753644.084941 43865522048384.625000
24.934094 3066201943492.911621 435579825384.456238 19122308628607.718750 80295845517.330002 30853309041639.171875 4647320805.106019 44603194078640.976562
25.281661 3167077228139.454102 452463800308.518555 19401969680864.671875 83827063893.057343 31290678969998.828125 4885483415.402851 45349067835373.757812
25.634074 3270936643277.853516 470021130452.382263 19685290917675.042969 87513346766.506790 31732920280101.179688 5135833698.205696 46103145344672.492188
25.991399 3366907691366.186523 488247793819.104980 19972320243281.714844 91361489879.541779 32180087228900.226562 5398994031.518882 46865427343639.390625
26.353705 3465292259611.300293 507168695994.493530 20263106188894.980469 95378586005.051544 32632234677658.421875 5675618477.242732 47635913315110.968750
26.721062 3574177214813.324707 528364336964.372559 20557697920898.234375 99572037879.629501 33089418098677.335938 5966394386.074583 48414601523967.843750
27.093539 3698963680735.808594 548635145265.843079 20856145249161.121094 103949571703.872620 33551693582103.382812 6272044083.702913 49201489054913.109375
27.471208 3827701773751.825195 574779845597.692993 21158498635461.433594 108519251219.552231 34019117842809.359375 6593326642.095266 49996571851590.406250
27.854142 3960495605423.302246 600730940608.666626 21492552563689.199219 113289492403.769943 34544824531621.156250 6931039739.210693 50799844756908.421875
28.242413 4087780879884.315430 626179270865.642212 21843021345637.992188 118269078794.687485 35085579377287.000000 7286021612.338287 51611301554429.460938
28.636097 4218237747316.010254 655916638490.260498 22272133875966.378906 123467177481.610199 35632037052964.734375 7659153109.673481 52430935010677.445312
29.035269 4352378023900.228516 687022359821.388550 22753423773166.910156 128893355788.998566 36184257701009.843750 8051359844.400257 53258736918212.062500
29.440005 4490285539815.450195 718600809894.397827 23129096881682.011719 134557598680.536591 36742302098042.343750 8463614457.447140 54094698139314.148438
29.850382 4638780306243.951172 749210385903.588135 23482108464463.308594 140470326914.866058 37258071163851.078125 8896938993.080299 54938808650121.671875
30.266481 4797635376617.607422 782325232720.704102 23839037206407.203125 146642415988.633118 37811548683355.359375 9352407393.397751 55791057585054.007812
30.688379 4961358871881.593750 810898968166.381348 24244761005947.886719 153085215897.812683 38385782631882.453125 9831148118.181974 56651433281359.585938
31.116158 5130071445113.066406 840468512594.854492 24664320128548.644531 159810571751.460968 38966069080916.390625 10334346895.480223 57519923323619.851562
31.549901 5303895470563.009766 871066433353.535278 25088931663940.859375 166830845276.892365 39552471824599.726562 10863249609.606041 58396514588042.531250
31.989689 5464361905241.268555 902726272424.281006 25518656454264.906250 174158937252.621857 40145055329473.617188 11419165333.086012 59281193286378.546875
32.435608 5614004568531.037109 935482572022.255859 25953556074333.988281 181808310911.765778 40743884741564.906250 12003469510.808107 60173945009294.898438
32.887743 5755068288906.138672 969370900739.252930 26393692840457.304688 189793016352.089844 41384635423435.773438 12617607302.385157 61074754769041.429688
33.346180 5915447056185.836914 1012997674671.586426 26824341003022.195312 198127716003.048004 42037121210087.484375 13263097090.599993 61983607041250.062500
33.811008 6085138527640.871094 1055733070505.482910 27217838345196.464844 206827711185.658142 42656890224000.789062 13941534165.604685 62900485805708.632812
34.282315 6249871784409.575195 1104768521419.861816 27650409594438.156250 215908969822.533203 43283195355641.601562 14654594591.836197 63825374585958.359375
34.760192 6418597941354.127930 1149402433866.574707 28042217835050.468750 225388155337.203522 43916105535262.945312 15404039266.888315 64758256487565.859375
35.244730 6591409420918.237305 1210214880613.290283 28544772888052.148438 235282656803.921906 44570965716988.382812 16191718182.600355 65699114234930.726562
35.736022 6768400879425.071289 1274218882186.047852 29066081271812.242188 245610620389.874115 45272812910425.492188 17019574897.610699 66647930206493.195312
36.234163 6949669247984.365234 1342189580441.217773 29473721013665.281250 256390982152.491180 45982969850007.695312 17889651230.775093 67604686468217.296875
36.739248 7135313772835.700195 1412473054521.846436 29886626833736.437500 267643502251.013885 46596637965982.007812 18804092188.494854 68569364805231.539062
37.251373 7325436055095.608398 1484852716431.152100 30304866761653.242188 279388800624.740540 47210384368753.718750 19765151134.249268 69541946751518.640625
37.770637 7520140089879.422852 1536666927280.676025 30766397957120.511719 291648394209.002136 47856225282253.914062 20775195215.664017 70522413617557.031250
38.297139 7719532304778.609375 1589233267494.475342 31274450720786.101562 304444735746.745422 48537362884190.312500 21836711057.828487 71510746515825.640625
38.830980 7928043076569.955078 1648823878622.052734 31788579240693.664062 317801254270.207825 49225683800321.101562 22952310738.999180 72506926384095.796875
39.372263 8177957780887.713867 1714210356260.277344 32308856176252.937500 331742397319.392822 49921263786268.484375 24124738059.736893 73510934006445.125000
39.921091 8446600247938.447266 1782074126671.917480 32835355055800.812500 346293674974.218079 50624179396577.515625 25356875121.332592 74522750031939.781250
40.477570 8723303675599.896484 1852503687282.515137 33368150286992.781250 361481705771.409668 51325428933774.890625 26651749227.877045 75542354990944.906250
41.041805 9008280210604.419922 1925590462802.953857 33907317167318.703125 377334264597.137634 51994073885462.242188 28012540127.197868 76569729309034.203125
41.613906 9277256965961.812500 2001428892561.009521 34466549133799.957031 393880332625.985840 52777717680526.906250 29442587607.376617 77604853318483.687500
42.193981 9515019098248.865234 2080116520088.872070 35037844239838.664062 411150149401.737854 53509712572416.109375 30945399464.575394 78647707267345.828125
42.782142 9789386052177.306641 2161754085013.507324 35522853058913.960938 429175267151.905029 54207422516570.203125 32524659863.168755 79698271326115.421875
43.378502 10105216682957.505859 2246445617297.590820 36014045853070.937500 447988607421.524780 54912701738382.531250 34184238101.903984 80756525592008.968750
43.983175 10345450278489.638672 2327389445762.394043 36511501469428.046875 467624520132.697937 55696119936283.054688 35928197810.053864 81822450090894.328125
44.596276 10637014539028.365234 2409820629349.654297 37015299760422.859375 488118845173.085815 56509542925805.937500 37760806591.684944 82896024776917.640625
45.217924 10981912971577.246094 2495084278631.927734 37525521596630.015625 509508976607.329590 57293560950107.031250 39686546138.026291 83977229529888.828125
45.848238 11336955977868.388672 2594682996647.774414 38083785174134.703125 531833929643.765503 58074225207255.929688 41710122833.864655 85066044150497.656250
46.487337 11677110120900.808594 2700660216978.585449 38681467676370.578125 555134410449.687988 58863122392117.960938 43836478877.366547 86162448353444.000000
47.135345 11965806594253.726562 2810772867422.268066 39208612597094.750000 579452888955.458740 59660339329596.562500 46070803939.607086 87266421758577.046875
47.792386 12311973973487.050781 2907327410229.890625 39742518149003.484375 604833674754.487915 60465963760255.289062 48418547387.765472 88377943880148.156250
48.458586 12731897308279.214844 3007707498700.370117 40283271037160.617188 631322996250.414185 61280084349974.437500 50885431100.408401 89496994114292.609375
49.134073 13137988891935.714844 3118046878664.212402 40968748883697.398438 658969083164.418823 62102790699709.562500 53477462900.555016 90623551724863.031250
49.818975 13564912168978.537109 3245306893427.814453 41776315777527.562500 687822252566.749023 62934173355352.757812 56200950634.350021 91757595827747.015625
50.513425 13973933101655.009766 3377510096387.257324 42592725603880.085938 717934998563.692993 63774323817697.976562 59062516929.316963 92899105373807.328125
51.217554 14346352050710.568359 3514832791038.432617 43413538708894.109375 749362085801.904053 64637482979296.710938 62069114658.852776 94048059130591.031250
51.931499 14727769763570.943359 3657463548673.138184 44115057151084.406250 782160646948.048218 65538067452592.203125 65228043149.643379 95204435662957.937500
52.655396 15118371981918.970703 3819387254044.866211 44793327804392.703125 816390284310.083008 66447839843326.906250 68546965161.890465 96368213312784.281250
53.389384 15518347285407.687500 3986022664948.147461 45469127331131.546875 852113175773.100586 67366893888212.242188 72033924681.930466 97539370177900.578125
54.133603 15927887106811.382812 4171791613358.056152 46153008682213.343750 889394185231.552368 68295324280277.625000 75697365561.161392 98717884090426.156250
54.888196 16347185746512.283203 4365689298833.454590 46854532732401.093750 927083226384.741333 69233226678626.976562 79546151042.165817 99903732594661.812500
55.653308 16907379904587.332031 4553563926406.573242 47520270379007.562500 965482133005.617554 70180697718294.906250 83589584209.779678 101096892924706.625000
56.429085 17614112173813.261719 4676548021560.505859 48178167269365.562500 1005398859512.847046 71137835020203.296875 87837429412.024750 102297341981959.312500
57.215676 18328962667086.316406 4820673260522.755859 48844339952313.390625 1046890049008.879761 72121796217485.984375 92299934689.726105 103505056312667.343750
58.013231 18861032506963.566406 5019536195509.880859 49518892530399.585938 1090014313300.376587 73117463788181.218750 96987855266.375259 104720012085681.937500
58.821904 19563701617893.886719 5171310658972.900391 50180750263550.335938 1134832295508.766113 74103233073717.890625 101912478139.355820 105942185070573.265625
59.641849 20014937274188.843750 5334277194154.810547 50837340339162.828125 1181406734459.132812 75099058722338.875000 107085647826.611084 107171550616257.000000
60.473224 20477226970769.312500 5530489014881.869141 51502262082396.960938 1229802530890.812744 76105043324417.000000 112519793314.660278 108408083630276.062500
61.316188 20977434792702.605469 5679000239692.765625 52190935569388.625000 1280086815533.857910 77121290516904.578125 118227956267.213196 109651758558876.687500
62.170903 21473623094209.816406 5879669451218.547852 52893063062471.640625 1332329019096.377930 78116863364679.015625 124223820543.223038 110902549368008.562500
63.037532 21979996820224.949219 6048271028803.170898 53604010857840.250000 1386120003232.201416 79154966791259.718750 130521743086.584457 112160429525372.703125
63.916241 22536777511468.628906 6240036336504.514648 54323889758351.726562 1439174437414.516846 80203661127254.906250 137136786242.350510 113425371983630.265625
64.807198 23278260451400.578125 6407110841945.549805 55052811958796.695312 1494147716487.908936 81263054422941.015625 144084751567.011780 114697349164877.187500
65.710575 23842054348511.339844 6583609066461.250000 55953142198634.648438 1551104773721.781494 82333255830941.968750 151382215191.313507 115976332946479.000000
66.626545 24373511670461.730469 6835591836768.693359 56749172973958.953125 1610112576846.968262 83370829812346.875000 159046564804.334167 117262294648349.937500
67.555283 24916217911304.031250 7071004033728.324219 57523161739543.656250 1671240186483.120605 84387690099910.125000 167096038328.132904 118555205021748.703125
68.496967 25588769385689.523438 7367001903681.163086 58411119251679.828125 1734558816090.601807 85415408548589.343750 175549764354.995117 119855034239654.140625
69.451778 26340767641221.644531 7639321600268.231445 59192354629902.117188 1800141893482.345459 86454101103184.531250 184427804417.293488 121161751888769.781250
70.419898 27113326466533.687500 7857387342398.291992 59983415044870.562500 1868065123932.078613 87503884946569.000000 193751197172.453613 122475326963197.890625
71.401513 27905277968667.132812 8081668852270.643555 60967654044634.601562 1938406554915.805908 88564878512909.281250 203542004575.957245 123795727859808.968750
72.396811 28717557486518.269531 8312342919234.812500 62000601165222.960938 2011246642524.283691 89637201501026.687500 213823360128.874542 125122922375323.671875
73.405984 29541407377825.929688 8549591344034.769531 63045035853467.843750 2086668319584.831299 90720974887901.593750 224619519283.840302 126456877705112.203125
74.429223 30404366906255.093750 8793601080923.808594 63950587799767.679688 2164757065531.566162 91816320942321.593750 235955912093.283142 127797560443703.515625
75.466726 31280168891605.125000 9050535167250.462891 64971975641152.984375 2245600978063.847168 92923363238675.781250 247859198195.712280 129144936586988.828125
76.518692 32177984791473.195312 9413965638094.250000 66047379090537.015625 2329290846633.420898 94042226670895.843750 260357324228.920502 130498971536090.718750
77.585321 33084102783921.625000 9762219632864.123047 67037944372848.429688 2415920227801.480957 95173037466546.531250 273479583767.930908 131859630102861.578125
78.666818 33871370280202.867188 10048311707760.464844 68034985516018.453125 2505585522507.545898 96315923201066.343750 287256679885.169128 133226876516964.750000
79.763391 35007832666858.636719 10434195149570.609375 68981875063672.984375 2598386055292.770508 97471012812160.250000 301720790439.696411 134600674434482.906250
80.875249 35904193465312.820312 10850965347190.552734 69940167239955.968750 2694424155521.023926 98638436614346.062500 316905636191.267517 135980986947990.796875
82.002606 36704056861125.859375 11170862426564.091797 70909999357545.375000 2793805240641.757812 99818326313656.218750 332846551855.139832 137367776598022.062500
83.145678 37462458471258.093750 11499335409636.591797 71891510382665.468750 2896637901539.417480 101010815022496.781250 349580560206.902710 138761005385854.000000
84.304684 38265474046067.789062 11881246614029.380859 72884840954998.718750 3003033990014.746094 102218232525469.640625 367146449344.751648 140160634787526.265625
85.479845 39084816313779.195312 12388315316709.144531 73890133407838.125000 3113108708444.138184 103455971912634.890625 385584853235.756104 141566625769007.906250
86.671388 39956549099855.281250 12916295210158.894531 74907531788481.984375 3226980701663.807617 104732376801172.828125 404938335655.459778 142978938802420.500000
87.879540 40878882957564.289062 13466011473819.791016 76025156146824.046875 3344772151126.207520 106022145859124.484375 425251477651.001099 144397533883223.625000
89.104533 41833393579468.601562 13947165495351.529297 77264581130958.984375 3466608871376.761719 107325419011544.796875 446570968646.896423 145822370548265.125000
90.346602 43111687701397.109375 14386704583868.638672 78517873293672.218750 3592620408899.692871 108619607754817.468750 468945701324.021484 147253407894598.937500
91.605985 44100762117274.453125 14839312115479.078125 79785187786460.750000 3722940143382.222656 109903835625595.375000 492426870401.492126 148690604598971.281250
92.882923 45386083934064.593750 15309644436144.314453 81066681496718.031250 3857705391447.170898 111201738156158.687500 517068075452.385010 150133918937876.062500
94.177660 46709260585699.203125 15785167972346.373047 82316917302878.781250 3997057512904.436523 112513460956429.437500 542925427889.863220 151583308808083.187500
95.490446 47810211406761.921875 16237327966039.201172 83285961915487.031250 4141142019572.457520 113858900854585.359375 570057662260.143433 153038731747541.937500
96.821531 48937346356243.867188 16772327089435.527344 84563727535951.406250 4290108686721.271973 115178957574678.312500 598526251977.286499 154500144956566.906250
98.171170 49917648502981.335938 17311163575747.425781 85866750477983.312500 4444111667189.314453 116473026286157.406250 628395529648.850342 155967505319214.937500
99.539623 50882321817019.570312 17850611290809.105469 87184343165124.312500 4603309608226.557617 117877800403277.093750 659732812125.652588 157440769424765.875000
100.927151 51978011120083.078125 18591612046120.546875 88421301307843.171875 4767865771117.005859 119297389344636.171875 692608530423.233643 158919893589224.500000
102.334021 53135074462004.859375 19192510637835.355469 89661581683117.546875 4937948153633.916992 120731949348176.515625 727096364660.272705 160404833876761.906250
103.760502 54067761771865.320312 19721640527553.347656 91055973046173.984375 5113729615381.737305 122181638299534.250000 763273384153.162720 161895546121026.593750
105.206867 55128435075686.828125 20273750373319.808594 92396140698967.078125 5301044058405.422852 123646615749415.843750 801220192821.285034 163391985946251.625000
106.673394 56053267494767.750000 21026689146994.535156 93754798729920.531250 5533505985589.014648 125127042931158.203125 841021080040.314087 164894108788097.281250
108.160363 56993227860325.265625 21907096104186.546875 95196864470793.687500 5775476106683.430664 126623082778473.812500 882764177088.398193 166401869914169.156250
109.668060 58074854320799.203125 22549597157976.011719 96654986777013.125000 6027298354965.962891 128134899943382.968750 926541619336.632202 167915224444160.625000
111.196773 59050610123628.273438 23168243894979.468750 98129344429117.843750 6289326260603.152344 129662660814334.921875 972449714317.509888 169434127369570.468750
112.746796 60111521891206.531250 23804536629937.136719 99672059234740.562500 6554507125003.037109 131206533534520.906250 1020589115814.280396 170958533572957.875000
114.318425 61308715560893.140625 24458972310148.582031 101127490868392.609375 6787008317376.318359 132766688020379.015625 1071065004113.259399 172488397846695.218750
115.911962 62552355521709.320312 25132061272758.164062 102455037578599.390625 7027528539959.622070 134343295980295.578125 1123987272546.925537 174023674911192.093750
117.527712 63817507512509.890625 25824327611133.140625 103888596054572.953125 7295072933971.034180 135936530933502.875000 1179470720464.740479 175564319432563.093750
119.165984 64897154806427.132812 26536309553670.851562 105416213221601.828125 7608477956057.665039 137546568229176.453125 1237635252751.571533 177110286039721.468750
120.827094 65972224602899.757812 27268559845152.238281 106606921838931.718750 7934251912846.883789 138827113639721.250000 1298606086024.916748 178661529340882.218750
122.511358 67244313089206.757812 28021646161155.054688 108008893545683.312500 8272813348325.448242 140466556126142.625000 1362513961611.789551 180218003939467.093750
124.219100 68624576451167.125000 28796151508511.949219 109419158603016.984375 8624590756922.493164 142123281821251.343750 1429495365423.222900 181779664449401.625000
125.950646 69739099351042.757812 29592674665528.941406 110846528956224.593750 8990022576238.105469 143797472926805.187500 1499692754825.966553 183346465509806.937500
127.706330 71052704254141.265625 30411830615287.324219 112295710612071.140625 9369557164326.070312 145489313565355.656250 1573254792596.453613 184918361799084.031250
129.486487 72515026960158.875000 31254251000438.316406 113753417956524.187500 9763652760990.164062 147198989800497.093750 1650336588042.821289 186495308048398.000000
131.291459 73982066217893.406250 32120584596034.933594 115305467240041.750000 10116912067196.792969 148926689657329.812500 1731099945364.462646 188077259054569.718750
133.121590 75611961865766.812500 33011497793984.175781 116731250707226.359375 10474400961137.884766 150672603143138.406250 1815713619302.805908 189664169692384.843750
134.977233 77226536134484.125000 33927675095375.453125 118247310415849.562500 10844084138149.257812 152436922268288.156250 1904353578134.594971 191255994926334.312500
136.858742 78502846058414.796875 34869819631030.511719 119781758618000.062500 11226355850088.941406 154219841067341.593750 1997203274030.271484 192852689821799.250000
138.766479 79821977064870.843750 35838653688138.773438 121272658979044.453125 11621622022039.845703 156021555620398.125000 2094453920799.275391 194454209555699.437500
140.700809 81247671201572.578125 36834919261546.078125 122580016344930.890625 12030300544493.380859 157842264074657.937500 2196304779006.801758 196060509426618.906250
142.662102 82689394723876.734375 37859378603964.390625 123904738833973.062500 12452821570100.314453 159682166666214.343750 2302963448457.807617 197671544864432.500000
144.650734 84300613690679.812500 38992603840463.750000 125247057100397.468750 12889627814901.925781 161541465742074.250000 2414646167982.362793 199287271439447.093750
146.667087 85986534306657.875000 40180874368492.125000 126607204862121.906250 13341174863943.775391 163420365782412.468750 2531578122482.130859 200907644871082.218750
148.711546 87647755889108.703125 41401955376064.632812 128407657592707.328125 13807931481162.660156 165319073423059.250000 2653993757128.089844 202532621036106.562500
150.784505 89664170022917.921875 42656607898803.914062 130106543067447.656250 14290379923423.832031 167237797478226.031250 2782137098624.494629 204162155976451.687500
152.886359 91181007723899.609375 43945604443351.179688 131599798182483.531250 14789016258567.785156 169154933988343.656250 2916262083365.006348 205796205906623.250000
155.017512 92933725851963.171875 45269728879321.648438 133329888238496.968750 15304350687316.373047 171092204093938.406250 3056632892348.821777 207434727220728.687500
157.178372 94286615810097.078125 46514522560043.085938 135305837954480.031250 15836907868871.462891 173052558208183.875000 3203524292639.604004 209077676499138.656250
159.369353 96087936121514.343750 47651210912838.328125 136581489349639.406250 16387227250016.654297 175052249987605.250000 3357221985140.548828 210725010514805.343750
161.590875 97706500949511.093750 49204084201967.789062 137875382543894.000000 16955863397526.582031 177073018778477.031250 3518022958438.861816 212376686239249.125000
163.843365 99734247695383.734375 50933573146811.507812 139641826552298.093750 17543386333659.050781 179136526907208.687500 3686235848404.825195 214032660848236.343750
166.127252 101637325821998.843750 52211929595282.031250 141258586325681.781250 18150381874495.652344 181178678353877.750000 3862181303227.196777 215692891727159.937500
168.442976 103598471248698.812500 53629673538521.875000 143062065628864.750000 18777451970870.828125 183264020496581.281250 4046192353516.302734 217357336476141.312500
170.790980 105445600300044.828125 55590346168964.687500 144903108063453.875000 19425215051611.664062 185371342416704.718750 4238614787050.577148 219025952914866.093750
173.171713 107294238744522.343750 57075638111503.031250 146818216106350.125000 20094306368789.207031 187500875783961.000000 4439807527732.010742 220698699087168.156250
175.585633 109322289660110.375000 58792510060374.929688 148641073643107.843750 20785378344660.171875 189652854709892.125000 4650143018257.128906 222375533265374.812500
178.033202 111517292661986.812500 60184747639223.109375 150549606043983.500000 21499100919951.644531 191827515773605.531250 4870007605951.352539 224056413954423.656250
180.514888 113666313049952.718750 61632010885288.421875 152481259409400.750000 22217452127043.597656 194025098047784.093750 5099801931223.916016 225741299895765.093750
183.031168 115769425891177.609375 63266711355066.398438 154128185926351.718750 22901035982086.105469 196245843124967.062500 5339941317958.882812 227430150071056.375000
185.582523 117434459089721.421875 64906219477634.070312 155872092628633.062500 23604046181742.570312 198489995144110.968750 5590856165235.357422 229122923705661.812500
188.169442 119594057076638.843750 66583904981718.000000 157972396102224.468750 24326986992608.601562 200746974306016.406250 5852992339609.009766 230819580271963.250000
190.792422 122027591798712.703125 68300527244467.593750 160301290676189.968750 25070374516449.867188 202853251061710.187500 6126811567211.830078 232520079492491.625000
193.451965 123844582556674.671875 70056856243139.507812 162333767594484.031250 25834736938442.960938 205068036948379.250000 6412791824845.572266 234224381342887.093750
196.148581 125994567246482.125000 71853672502080.875000 164390686018485.062500 26620614779877.699219 207390038122829.125000 6711427729217.491211 235932446054693.031250
198.882786 128328124691431.781250 73691767026895.562500 166552515425042.093750 27494852306605.000000 209736914507720.125000 7023230923390.233398 237644234117991.593750
201.655104 130359892853407.812500 75520611715639.296875 169246821201569.312500 28452907423643.550781 212108932587023.875000 7348730459518.156250 239359706283886.781250
204.466067 132864134696608.031250 77463541867617.921875 171476615713819.531250 29380123025672.179688 214506361699509.750000 7688473176842.788086 241078823566839.250000
207.316213 135001067149100.890625 79630014088352.265625 173479669977649.437500 30263832079684.960938 216929474069328.625000 8043024073905.504883 242801547246859.781250
210.206088 137342566428561.109375 81857138226057.015625 175454855861124.000000 31172081110967.179688 219378544836923.281250 8412966673911.236328 244527838871564.218750
213.136247 139829471296494.515625 84146598312299.718750 177684411640264.218750 32105493059511.796875 221853852090269.812500 8798903382086.158203 246257660258095.500000
216.107251 142489497785469.375000 86500125355474.062500 179979031783654.656250 33064705181442.582031 224370215573639.812500 9201455833887.097656 247990973494916.562500
219.119669 144581720183413.125000 88919498653673.343750 182163828914523.437500 34050369341895.304688 226960221753930.031250 9621265232852.986328 249727740943477.843750
222.174078 146786691791922.062500 91406547130117.218750 184650564957950.312500 35176558274118.847656 229577187618506.656250 10058992676866.150391 251467925239763.218750
225.271064 149165098152512.531250 93963150710721.187500 187625040559765.875000 36414718002112.289062 232221393793949.250000 10515319471577.298828 253211489295717.406250
228.411221 151586910690933.562500 96591241740294.000000 190330090507213.312500 37750175811762.804688 234893123827914.031250 10990947429708.044922 254958396300559.281250
231.595149 154420373709427.875000 99292806427751.218750 193323788846719.000000 38900853525840.101562 237576362661342.562500 11486599154959.353516 256708609721981.937500
234.823460 157171634338796.812500 102423371344106.453125 195712303092442.468750 40174127871483.523438 239953114297745.625000 12003018309181.781250 258467174329035.562500
238.096772 159601516918989.718750 106289786242180.187500 198560749113407.218750 41522246796403.250000 242635192171326.656250 12540969861559.261719 260249617363318.562500
241.415712 162137950237745.687500 109086313955655.703125 201647151063445.562500 42912071794813.531250 245359644000036.375000 13101240318452.410156 262057337828180.062500
244.780916 165217965848904.843750 112002953050298.031250 204339494191406.562500 44344755425432.164062 248113282425773.656250 13684637932648.435547 263890694191455.718750
248.193029 167637915777633.343750 114610801492743.359375 207184111813916.968750 45821476406341.523438 250896420119673.875000 14291992890738.824219 266142846653210.062500
251.652705 170440075102532.656250 117271708889292.562500 209475755577692.625000 47343439939849.539062 253709373102465.468750 14924157477372.666016 268945577998770.187500
255.160607 172968062722929.437500 120439881664319.937500 212336778131787.531250 48911878025673.117188 255886461931042.062500 15582006215221.937500 271776909465173.500000
258.717408 175678522930447.906250 123807713189473.375000 215485925601965.593750 50528049761211.726562 257873853169903.875000 16244166704612.732422 274637132898769.312500
262.323788 178591664040898.781250 127269577447117.968750 218314719348957.000000 52193241627621.875000 260874775382288.875000 16915634082169.435547 277526543124016.906250
265.980440 181538828994911.531250 130683433682459.343750 221777229374081.125000 53908767760330.000000 263908249606007.468750 17613348042454.984375 280445437973874.718750
269.688063 184625396404082.062500 134235530975980.234375 225289861568120.437500 55675970202557.273438 266974628943661.718750 18338265045575.687500 283394118320500.250000
273.447368 187854955390199.687500 137974369856319.500000 227855076853207.906250 57496219140358.742188 270074270328076.375000 19091373200279.523438 286372888106263.250000
277.259076 191110568460830.718750 141218009716998.625000 230927717952292.875000 59370913117606.007812 273207534563846.187500 19873693155946.507812 289382054375075.312500
281.123917 194220578392972.000000 144083187677503.281250 233757135383141.125000 61225118158472.859375 276374786369335.000000 20686279011354.285156 292421927304039.375000
285.042632 197743096265836.281250 147308372469410.906250 236568627349339.875000 63009675413810.367188 279576394419128.437500 21530219239997.101562 295492820235421.000000
289.015972 201115661937770.250000 150092069531925.093750 240224301389290.187500 64841843398158.078125 282001799186466.875000 22406637631690.003906 298595049708948.625000
293.044698 204474317754526.781250 154252072957837.531250 243941552420388.656250 66722740715844.210938 285187113576364.250000 23316694250136.238281 301728935494439.875000
297.129582 207586024329400.843750 158173213348996.250000 247322191416661.812500 68653506322882.914062 288405881694623.375000 24261586406083.484375 304894800624763.812500
301.271407 210742795647306.437500 161551037889289.937500 250739339720822.843750 70635299615598.593750 291658454888648.125000 25242549645632.753906 308092971429137.875000
305.470967 214131202928163.375000 164625021334916.812500 254171897584015.437500 72669300502142.750000 294945188195864.500000 26260858753203.902344 311323777566765.375000
309.729067 217224276461631.062500 168726114526385.781250 257684745644157.062500 74756709455717.734375 298266440382474.937500 27317828768592.523438 314587552060815.125000
314.046522 220927683399288.500000 171772176244272.781250 261213804650175.000000 76898747548275.781250 301622573982620.187500 28414816017483.671875 317884631332749.750000
318.424160 224388366598268.750000 176024186648833.718750 264780975830236.437500 79096656463407.562500 304357212629013.687500 29553219154710.425781 321215355237001.687500
322.862820 227752691724321.687500 179221650139448.093750 268386670777859.656250 81351698487089.015625 307733881294944.250000 30734480219468.140625 324580067096006.500000
327.363353 231640647279169.250000 182486446672332.906250 272208372086338.843750 83665156474894.250000 311146613733824.375000 31960085701605.480469 327979113735589.125000
331.926620 235130548101946.062500 186257319960296.000000 276241401266242.125000 86174156021171.343750 314595795116912.625000 33231567618029.375000 331412845520716.437500
336.553498 238940431508538.687500 190673250624266.031250 279509588041106.531250 88722445777941.062500 318081814729205.062500 34550504598159.570312 334881616391610.062500
341.244871 242719194597290.187500 194601579209323.968750 282967143815678.187500 91303727262460.265625 321605066013371.187500 35918522977272.929688 338385783900230.500000
346.001639 246823746501378.750000 197750829140209.750000 287555943366021.375000 93846482850339.093750 325194805085443.875000 37337297896468.578125 341925709247132.250000
350.824714 250663827560666.718750 200724503484734.406250 292184592099380.000000 96501915228305.968750 329538457016941.625000 38808554407874.007812 345501757318695.875000
355.715021 254498926057847.687500 203984976982157.281250 296623928359761.562500 99175752224306.015625 333459174906308.750000 40334068583594.617188 349114296724739.250000
360.673495 258353727613086.625000 207469399024335.968750 300061844698741.625000 101916567688161.171875 337184919802846.250000 41915668626784.296875 352763699836512.500000
365.701088 262462690294121.031250 211329042433738.437500 305222546300862.500000 104725785798963.296875 340949794293030.812500 43555235983087.070312 356450342825082.250000
370.798763 266596552522276.875000 215358104205017.437500 310691000656200.250000 107604850463569.687500 344754209334976.687500 45254706450558.367188 360174605700104.500000
375.967497 270562238615845.500000 219481125285247.156250 314531493051808.375000 110555225054313.000000 348598580202881.937500 47016071286037.898438 364088346303971.250000
381.208280 274661053638930.687500 224088887263222.812500 318777155319877.500000 113578392109576.125000 352867541077108.812500 48841378305789.984375 368086007515254.000000
386.522116 279021197548241.781250 228169790136369.968750 322884721771834.500000 116675852995373.375000 358389134218775.812500 50732732978074.992188 372124945725560.250000
391.910025 283705618338340.437500 232360433528659.812500 327465384980682.687500 119851806941592.984375 362342297615671.812500 52692299505149.718750 377947388324234.250000
397.373038 288097489421397.937500 236034276336790.750000 332559370526426.687500 123132626652483.703125 367166350891208.625000 54722301892025.554688 384222921703350.187500
402.912203 292034396899103.812500 239392040854768.531250 337337197771869.062500 126493513339017.296875 371633997417869.625000 56825024999133.023438 390557700651265.812500
408.528580 295941047066948.875000 242798032354167.687500 341693011673583.500000 129936048916505.953125 375832387036119.937500 59002815575862.132812 396950792199377.937500
414.223247 300193983797671.000000 247258482448000.187500 346326152384338.375000 133461830057528.921875 380206206165949.625000 61258083271747.664062 403401206560504.625000
419.997295 304407971312160.812500 251230877394624.781250 350647404264995.750000 137072467436007.593750 384579340390458.812500 63593301621879.546875 409907896824079.187500
425.851829 309379572829024.062500 255728275852751.906250 355014364904813.750000 140769584911648.531250 388836982523778.687500 66011009002904.375000 417776269770021.625000
431.787973 313434398710870.187500 259809415642593.031250 359427517795780.937500 144554818652464.125000 393489382207974.250000 68513809555776.218750 426277321215190.562500
437.806863 317651731557741.687500 263945774256185.406250 364265882805706.500000 148429816193056.468750 398076625753107.437500 71104374071194.015625 434842488433842.312500
443.909653 323220772120077.125000 268430402986541.281250 368923917307979.187500 152396235426346.781250 402598374537836.312500 73785440833435.875000 441570094832433.937500
450.097513 327748101039330.187500 272916160189706.000000 373564942544710.500000 156455743526426.093750 407200828648691.937500 76559816418069.093750 446112922321288.750000
456.371628 332740114506689.562500 277345214342802.781250 378330540523089.812500 160610015800215.468750 411681106031656.187500 79430376438777.656250 450700141312933.437500
462.733201 337135885324214.687500 281333438894670.468750 383398024134317.312500 164860734465628.125000 416207822514668.437500 82400066238299.859375 456930475558333.000000
469.183451 341856936848851.375000 285399503503959.250000 389342812065562.812500 169209587353956.312500 420781459449624.125000 85471901518224.828125 463842814864323.187500
475.723614 346253960354377.437500 289811754611475.937500 395060333085803.250000 173658266534239.812500 425954937290135.437500 88648968902140.156250 470799441877142.937500
482.354943 351109223151963.000000 294059583782762.062500 400556721486029.250000 178208466857404.187500 430777719808194.687500 91934426426362.328125 477798746776646.187500
489.078709 356137301119415.312500 298559231359406.500000 406902498275373.687500 182861884418025.718750 436861977003004.937500 95331503952222.718750 485268934793009.375000
495.896201 361121257260979.125000 302909073817805.687500 412799322650172.250000 187620214931636.625000 442453282446524.562500 98843503493615.078125 493715348103636.625000
502.808725 366771459921868.750000 307353192223271.625000 418750359521871.562500 192485152025566.625000 447558999482837.187500 102473799453244.390625 502175370198999.625000
509.817606 371844146091123.625000 312407867801084.312500 424961240940366.062500 197458385441409.343750 452479194140776.687500 106225838760747.296875 510644863329084.437500
516.924187 376757650942791.312500 317865090207014.250000 431062456742734.312500 202541599147314.281250 458315929480208.000000 110103140905590.500000 519119687774506.625000
524.129830 381849030877129.562500 323097509362855.375000 436933752100617.500000 207736469358416.812500 464806475976597.562500 114005957330006.859375 527595711477383.625000
531.435916 387056353075220.187500 328090171429074.687500 443106669021409.562500 213044662463876.062500 471551930504677.625000 117802979659996.765625 536068819747637.937500
538.843844 392162426578554.312500 332926972745784.062500 448869563280190.812500 218467832859130.000000 477908585895547.437500 121700661454591.734375 544534925003204.062500
546.355035 397368320773391.187500 337784040381662.625000 455173262842768.687500 224007620682167.468750 484809638088568.187500 125700802233717.328125 552989976501756.250000
553.970928 402540672911713.375000 343477137636092.687500 460841447504736.437500 229665649452801.687500 491775229541453.750000 129805223287228.656250 562029289089111.500000
561.692982 408110627994498.812500 349216105705742.625000 466189247225797.312500 235443523614151.750000 498446451690248.000000 134015769214144.640625 571258729923190.000000
569.522678 413571321182107.312500 354662091680173.375000 471737807719370.812500 241538215434247.781250 505419861431420.687500 138334309563763.281250 580487409018790.500000
577.461515 419250663564528.750000 360063965942613.562500 476990740476544.875000 248339063930161.718750 512725051469370.000000 142762740575925.562500 589710925010547.875000
585.511016 424791117926334.125000 365669737319355.625000 482440230601188.625000 255300803702607.281250 520098593348192.062500 147302987017383.343750 598924913368881.500000
593.672722 430484786645403.812500 371741838182564.812500 488288754823521.437500 262425814119125.031250 527540491339951.000000 151957004110426.343750 608125056795471.625000
601.948197 436735616106207.000000 377395506400363.750000 493823577120998.250000 269716436746706.125000 535050740984843.125000 156726779549580.375000 617307095527601.375000
610.339029 442138683687340.875000 383122204221850.312500 499965649011204.187500 276362010201519.906250 542581545147924.437500 161614335601488.375000 626466837505003.750000
618.846824 448553797500330.562500 388637797119445.000000 505978066044102.937500 282829958263479.500000 549964114029592.062500 166621731282800.500000 635600168353125.500000
627.473213 454807412334462.312500 394818684591608.125000 511708113603192.375000 289415581243834.562500 557404818539324.937500 171751064610196.218750 644703061137250.000000
636.219849 460849686099206.125000 400585613858504.812500 518383773796963.437500 296120743233661.812500 565540374727245.125000 176969950005146.656250 653771585842818.875000
645.088409 466754118340281.125000 406829764274694.000000 524824166467125.250000 302947339737626.562500 573626502328601.000000 182313365795339.218750 662801918538477.500000
654.080591 473462321070426.812500 413183944319993.062500 532227048911180.187500 309897296985036.250000 581546285055848.375000 187783894738788.125000 671790350179901.625000
663.198120 479818084601217.687500 419191221096714.875000 538753220937075.875000 316972571168326.062500 589781840491754.000000 193383832883056.656250 680733295014233.750000
672.442742 486262277529651.187500 425461434450314.875000 545516668590418.250000 324175147612209.812500 598127499742634.000000 199115530480082.531250 689627298547112.000000
681.816229 492773798899983.312500 432971484371268.625000 552494658358578.937500 331507039877014.500000 605713814906775.125000 204981394500639.156250 698469045036586.250000
691.320378 499395883796038.750000 439625633298923.812500 560393044696209.500000 338970288799956.937500 613905449824540.000000 210983891159113.093750 707255364480887.625000
700.957009 506024256400483.562500 445901376390836.375000 567641274464365.250000 348218997852452.000000 622164825775296.500000 217125548440687.000000 715983239069840.500000
710.727970 513453983927300.375000 453152707229478.000000 575068495820818.250000 358118919523441.000000 630491837859161.750000 223408958622884.843750 724649809072784.750000
720.635132 520670617158147.875000 459220473714492.062500 582880860563559.500000 366471726403617.687500 639002605373446.000000 229836780783592.000000 733252378139108.750000
730.680395 527515847501658.000000 465513999700963.500000 590842026729294.500000 374493130910610.437500 647348311390362.000000 236411743287656.750000 743303178813716.375000
740.865683 534231019377169.687500 472314356880920.625000 597884090538547.250000 382651559553697.562500 657841804616857.750000 243136646244250.781250 754174498788995.625000
751.192949 540852909465567.250000 478975956584397.687500 605949051605235.500000 391417084094710.000000 665994738738745.750000 250014363927414.750000 765013675589877.125000
761.664172 548054385897388.375000 485928547635022.062500 613399252943047.000000 402413322047095.000000 675933026439669.250000 257047847152314.531250 775815877710411.000000
772.281357 555468059721435.750000 492698720374543.125000 621122191866919.500000 413642231576069.000000 684963211846876.375000 264240125600030.625000 786576381149026.250000
783.046540 562644349165832.500000 501176349710179.500000 629148678612457.000000 424851445481777.250000 693994537359899.500000 271594310083965.812500 797290580408026.000000
793.961785 569851837799099.875000 508932260655232.500000 637406294836366.125000 433762309095706.250000 703090922612224.125000 279113594751184.031250 807953999114876.125000
805.029181 577200773269638.500000 516048892025640.437500 645421788861291.125000 442822900509888.687500 712252836280311.625000 286801259212546.562500 816689810733636.250000
816.250851 585107647531438.125000 523555333722559.625000 653089342760918.500000 452035256821231.187500 720060189902775.875000 294660670595618.125000 824319386312529.000000
827.628946 592625738227022.250000 531324468530213.812500 661014419806207.750000 461401418816292.187500 729947243015357.750000 302695285514876.875000 831870913245349.375000
839.165644 600844146874362.125000 539979312861800.562500 669238745219744.875000 470383471724485.687500 739702030901153.875000 310908651954284.437500 839344162569610.375000
850.863158 608817240962661.875000 547058059393420.250000 677318707446284.500000 478936248751508.125000 749565267320060.750000 319304411057405.000000 846739063408031.625000
862.723729 616725818451070.375000 555017494781018.250000 685041675587192.000000 487604846857458.500000 759061972237398.500000 327886298821109.562500 854055698889984.625000
874.749630 626255822360948.625000 564023422444891.750000 694430899244295.750000 496693760237025.625000 768627089387830.125000 336658147689169.250000 863079202271289.875000
886.943166 634561927331903.875000 572240348297551.625000 702971035278798.125000 508456164849585.687500 778261111598465.625000 345623888042509.125000 874457195924257.625000
899.306672 642680888453149.250000 580254760595468.000000 711546877265282.625000 517661205358631.875000 787964535246636.500000 354787549583631.562500 885764921377750.500000
911.842520 650593002175572.500000 588974870779919.000000 719668983778489.375000 526987957685496.250000 797737860285468.625000 364153262612992.125000 896997809930809.375000
924.553110 658848035271913.500000 597564557240153.625000 730725315791339.625000 536693033119816.062500 807581590269646.250000 373725259195752.437500 908151483641293.750000
937.440879 667466163714783.750000 606235524644071.250000 739038489551912.500000 548987247703582.500000 817496232381350.750000 383507874217924.250000 919221764630288.625000
950.508296 675660015927484.375000 615023869695317.250000 747431979742270.250000 557242314738200.500000 827572339853999.875000 393505546331210.687500 930204683655553.750000
963.757866 685833823514646.875000 624497437263041.625000 757673319705971.125000 566452339205827.625000 837255620254249.875000 403722818786677.562500 941096487917474.125000
977.192128 695146449915681.750000 632602556169807.625000 769179389327813.250000 577493688874452.375000 846926620503392.625000 414005098902026.062500 951893648065433.750000
990.813657 704347001351428.000000 641911935142689.875000 778553613926295.250000 587248326828304.125000 857121983078640.625000 424432070981814.250000 962592864377158.875000
1004.625062 714044121452282.625000 650702305063349.000000 789642096290807.500000 598489468498021.875000 867680710084104.750000 435092817723501.312500 973191072088384.875000
1018.628990 722860826304802.875000 659612332360877.625000 800831556133405.125000 610134155710363.250000 877588672339512.125000 445992397628062.375000 983685445855140.750000
1032.828126 732324425867848.125000 669001041888677.500000 810516374654767.250000 619973329702045.250000 886583525864901.125000 457135960840022.500000 994073403335987.625000
1047.225190 741605433198288.250000 678643369747830.250000 820593074001514.500000 631197871003737.125000 896925059873155.625000 468528749063375.875000 1004352607886577.000000
1061.822941 751227074438461.875000 688239136285568.125000 831028531970294.625000 644155638064572.500000 908107081394234.625000 480176095447260.812500 1014040207917569.250000
1076.624177 761524487454114.125000 698270373990932.750000 842149083335899.000000 656455703075874.375000 919055790209814.125000 492083424444693.250000 1022812932953432.125000
1091.631734 771441397618956.625000 708231591427259.500000 851885300607219.625000 666052598730255.500000 928932100687398.125000 504256251647645.187500 1031483291216976.375000
1106.848489 781540903809286.500000 718089864381674.250000 862691188114735.750000 675788417079713.500000 938860337366461.250000 516700183601640.187500 1040051504986876.625000
1122.277356 791724873964236.500000 727600013411514.125000 873768355449141.625000 685665169140716.875000 949268875545629.625000 529420917602930.750000 1048517982793990.375000
1137.921294 801908224243513.750000 737361846738166.000000 886059930816200.500000 695684895040795.375000 960047696186971.750000 542424241481173.000000 1056883313038488.375000
1153.783300 812697006343388.000000 747912132885371.375000 897747404801586.875000 705809928685891.000000 970881405802806.875000 555716033370315.562500 1065148257144494.625000
1169.866413 823881787775806.500000 758564871231576.875000 910351375136882.500000 716161576958149.250000 981757087177949.750000 569302261470216.500000 1073553192633877.375000
1186.173716 835824056992589.625000 769005744869818.750000 922524843506846.125000 727877525076505.125000 992385220873101.500000 583188983801351.125000 1085018422661597.500000
1202.708335 846695032525431.875000 779747683632235.125000 933842953167882.000000 738387252609190.750000 1004256678938467.500000 597382347954614.250000 1096366108262871.750000
1219.473437 857779414482078.125000 790458205122570.250000 945668248809594.500000 749607985875491.625000 1013979860280305.750000 611888590838122.875000 1107593612201346.875000
1236.472235 867807742482407.500000 801160986004038.250000 956308014451839.750000 760981710104824.125000 1024295369931015.750000 626714038422440.750000 1118698565786204.375000
1253.707987 878059642979149.875000 813043943575355.375000 968021093178102.250000 771755585334231.500000 1035177177377264.875000 641865105485586.000000 1127470182652838.750000
1271.183997 889496411674377.625000 824846145946381.625000 979587392647643.875000 782676824805662.250000 1046099630204817.875000 657348295358687.750000 1136118071512401.250000
1288.903612 900599162198662.750000 835683402247269.125000 993892131126009.500000 793637697310639.500000 1057105079603128.375000 673170199673031.625000 1144650857608807.000000
1306.870230 910625657326901.000000 847086451711999.000000 1006945654519791.125000 804757291359477.875000 1070252583153548.875000 689337498108733.500000 1153069822231508.000000
1325.087292 921901435280983.000000 859018043653495.500000 1020338919127084.625000 816201921688128.375000 1081498808731006.625000 705856958145147.000000 1161376417512976.000000
1343.558290 932751654545056.375000 870717075160876.875000 1033453248223525.000000 827875785838877.250000 1093789791436164.500000 722735434812659.125000 1169572256882348.000000
1362.286764 943226660967278.875000 882812940743895.250000 1045938188814769.625000 839720342778355.375000 1105065552096470.500000 739979870445373.000000 1177659105242865.750000
1381.276303 954348567758107.250000 895027429397521.250000 1057667824454738.875000 851738088340655.000000 1119836242471293.000000 757597294433615.875000 1185819826557458.000000
1400.530545 965569504837408.250000 906924975907674.000000 1070869124584128.750000 863931554853428.625000 1134437920571606.500000 775594822975272.625000 1196570544040649.750000
1420.053182 977137178212886.375000 919485746621826.875000 1083494115042929.500000 875881992770826.875000 1150581227938729.750000 793979658824374.750000 1207187478370370.250000
1439.847953 988151204146761.750000 931679901166535.000000 1097265549855907.125000 888289592160309.750000 1164244804782532.500000 812759091035137.125000 1217669903529101.000000
1459.918652 1000350165896736.375000 944297735759422.500000 1110837369678550.250000 900873610566533.375000 1177386166604169.500000 831940494699680.750000 1228017355275873.250000
1480.269127 1012023698006638.250000 956905681221712.250000 1125623005099879.625000 913636556425536.250000 1193549027207335.500000 851531330676971.250000 1238229626190727.000000
1500.903276 1024227434446831.000000 969623064439345.750000 1138548946817896.500000 926580973839873.125000 1207776995668301.500000 871539145310713.375000 1249762065955042.000000
1521.825053 1036726646332419.125000 982913060722960.000000 1152183039393285.500000 939730653925964.750000 1223524712442988.250000 891971570133519.625000 1263448978299809.000000
1543.038469 1048556981714314.500000 996544113744837.250000 1166742827931090.750000 953324783126202.125000 1240178641202206.500000 912836321554634.750000 1277223780278890.250000
1564.547589 1061153172639938.500000 1010294675592139.000000 1180455141344958.500000 966640572913976.875000 1254034580093135.000000 926636567035595.750000 1287718065220278.750000
1586.356534 1074039827619277.250000 1024032500642025.250000 1194009140449054.500000 980225518031543.250000 1269603710456252.500000 940632635876256.875000 1296508504052387.750000
1608.469483 1086599087399299.250000 1037955473844940.750000 1207678034936125.500000 994116738994539.000000 1288870765787443.000000 954836873856971.375000 1319081185942658.500000
1630.890676 1099511631037111.250000 1052572972697914.500000 1221462798758500.250000 1010303094677443.125000 1303448979723311.750000 968233624057147.875000 1333213226593448.250000
1653.624407 1112802611726643.375000 1066747297161102.750000 1235364414124571.500000 1025313319939803.250000 1318301158009358.000000 983882288021457.625000 1351708594816629.000000
1676.675035 1125677655764958.375000 1080828255528443.500000 1249383871568775.000000 1040232728682977.875000 1334241330241682.750000 998729795408540.000000 1371529774507021.250000
1700.046975 1138830774744557.250000 1094669944006829.500000 1264590908665651.750000 1054279274770242.625000 1349964057747610.000000 1013798135722346.000000 1391307142897839.750000
1723.744708 1152438564697671.000000 1109293739002329.125000 1278496857444371.000000 1068956387987646.500000 1365771139563189.500000 1029090593499479.125000 1411032327760680.750000
1747.772774 1166444120517193.500000 1123847210036270.125000 1292159328091573.500000 1083376891135505.875000 1392520578912650.000000 1044610502128776.500000 1430697128612451.250000
1772.135779 1180558748713104.750000 1139102113644203.750000 1306660228196432.250000 1098087830853016.125000 1412924289694716.750000 1060361244577900.625000 1451811725450606.750000
1796.838391 1195111259706745.000000 1154573665075704.250000 1321284050433588.250000 1112969051624403.750000 1429434270626457.750000 1076346254130750.000000 1474917858888806.000000
1821.885343 1210018219037872.750000 1169433683474243.750000 1336031836797018.000000 1128408698047175.750000 1445922668489529.750000 1092569015135825.750000 1498061450532474.250000
1847.281437 1224637945297175.250000 1185569404895541.500000 1349890228615190.000000 1144100111248736.000000 1462384571907601.750000 1109033063765744.250000 1521232665782854.750000
1873.031539 1239702376229127.500000 1201521563634996.250000 1364671354212555.500000 1160594165233128.250000 1478815131324840.750000 1125741988788033.750000 1544421647357280.750000
1899.140582 1254814435129757.500000 1217455633853430.750000 1379255015229430.500000 1177095373358436.750000 1494785114174340.500000 1142699432347399.500000 1567618535879214.500000
1925.613572 1271010450827657.500000 1233257552220099.000000 1394344265466346.250000 1193739774960556.000000 1511968916009487.250000 1159909090759622.500000 1590813490757392.000000
1952.455581 1286823300743762.000000 1249187632683421.500000 1408812908722344.250000 1208961572831758.500000 1531392794044163.500000 1175969807155038.500000 1613996711275043.000000
1979.671753 1303191629639159.000000 1265284173279072.000000 1424409879986270.750000 1224851299258635.000000 1550922397803222.000000 1191398760528706.250000 1638996880268397.250000
2007.267304 1318816261280136.500000 1280928851254518.750000 1437379977445452.000000 1242274443459716.000000 1570322449450153.750000 1207050140107814.250000 1666711883223997.000000
2035.247521 1335770309463741.500000 1296711812188228.500000 1452944911889850.000000 1259830513299515.250000 1590299233572924.250000 1222927152423332.000000 1694444298020203.750000
2063.617768 1353107913456930.500000 1313426594882616.000000 1469462198421794.250000 1276001592390942.750000 1610146734229764.250000 1238627209146218.250000 1722180949040813.750000
2092.383480 1370333222049264.750000 1330129234986639.250000 1486787275273769.500000 1293567418376880.000000 1629010582337562.750000 1253052570984609.000000 1749908743750736.750000
2121.550171 1387645906195018.500000 1346477445456764.250000 1502042709995706.250000 1311385754455703.500000 1645770978305275.000000 1267688728507691.500000 1777614703975129.500000
2151.123430 1404645616282123.000000 1362347918986968.500000 1516947889245702.000000 1329119292161101.750000 1662461776280542.500000 1282538762041713.750000 1805285997002225.750000
2181.108924 1422618893519174.250000 1379004979122672.250000 1533133708180901.000000 1345922282608201.750000 1679078923294145.250000 1295327890801118.000000 1832909966370373.250000
2211.512400 1440588645876126.750000 1395997612070319.500000 1549619379412947.000000 1363126296193721.750000 1695618521843558.500000 1306291988394720.000000 1860474162200002.250000
2242.339683 1458712720129859.750000 1412936865753769.750000 1566323031892562.500000 1380039694611575.000000 1712076836985164.500000 1317400911529620.750000 1887966370932211.750000
2273.596682 1477091556584175.500000 1430431674016104.000000 1583635079378698.000000 1398269711165406.000000 1728450302987730.750000 1328656573216648.500000 1915374644337853.000000
2305.289387 1495104583121705.750000 1448648866286560.000000 1601298858635597.500000 1413133475616247.500000 1761187212553382.000000 1340340239298238.500000 1942687327663930.750000
2337.423871 1513856305992177.750000 1467545632416850.000000 1620204693938841.250000 1429781557991282.000000 1786470694001071.750000 1358365027504173.500000 1969893086788202.500000
2370.006292 1533723969439746.250000 1486295797745195.500000 1639234087556165.750000 1447672955195363.750000 1808068229583260.500000 1374268468316131.500000 1996980934257685.000000
2403.042894 1552655756844483.750000 1505284195082030.500000 1655670125370579.250000 1462711344132400.500000 1825917981483753.000000 1385713078154691.500000 2021826689506341.500000
2436.540009 1571765759005005.000000 1523670987023986.250000 1674067561692654.250000 1478879037516370.500000 1843684973403999.250000 1397360566367940.750000 2044605975302137.750000
2470.504055 1591219919053223.750000 1542027748193757.500000 1691799369251486.000000 1497698518837480.000000 1864017099076387.750000 1409214529376858.250000 2067203449549822.000000
2504.941542 1612488098653018.250000 1561578763766219.250000 1710941006613322.750000 1513927846342873.000000 1888245360569164.250000 1421278627356107.000000 2089613877612007.250000
2539.859069 1633241527489354.750000 1579300243441365.000000 1728124004554295.750000 1530330805745928.000000 1909301951112207.000000 1433556585364195.750000 2111832482740621.500000
2575.263327 1653329656974674.500000 1597964601860812.000000 1747999252661966.250000 1546909254673576.500000 1927062167730127.500000 1446052194493669.750000 2133854950270982.000000
2611.161101 1674656964853230.250000 1616691753033912.000000 1766618253460890.750000 1563665070626853.750000 1951810007171225.000000 1458769313041700.500000 2155677430179350.250000
2647.559271 1695286229719650.250000 1636229205988251.750000 1785141076506491.000000 1580600151193520.750000 1976728231075894.000000 1471711867701416.000000 2177296538012627.750000
2684.464811 1716513983578914.500000 1655964331389502.250000 1803820914971026.000000 1597716414262966.250000 2005864861067420.250000 1484883854774358.250000 2198709354207719.250000
2721.884795 1738455209291166.500000 1673902773308497.750000 1823208206493339.250000 1615015798243407.750000 2029624412598779.000000 1498289341404428.250000 2224776093157837.000000
2759.826392 1760869470876484.000000 1692543626349139.250000 1842782093647302.750000 1632500262281410.000000 2051733455818229.250000 1511932466833705.000000 2264952907731827.000000
2798.296876 1782922983277033.750000 1712020632658865.000000 1864618711927783.500000 1650171786483766.000000 2073950731202616.500000 1525817443680532.500000 2305232772657563.000000
2837.303617 1805722799900313.750000 1731710788939834.500000 1884644814953462.500000 1668032372141736.750000 2097962228948142.500000 1539948559240258.750000 2334518105148613.500000
2876.854090 1828580444885740.250000 1751446385978100.250000 1903822477406489.250000 1686084041957700.500000 2119889245872146.000000 1554330176809032.500000 2373645196656547.000000
2916.955876 1851766695890055.500000 1770796576684036.000000 1923987075500890.500000 1703837305539221.750000 2143212978071448.250000 1568966737031064.500000 2412898279916800.000000
2957.616659 1874668626561894.500000 1791399600067306.000000 1943413527984696.750000 1719451413462977.500000 2168849011953023.500000 1583862759269782.000000 2452277760630927.000000
2998.844231 1897045220924594.000000 1811074420655064.500000 1965701293932482.250000 1737662417572864.750000 2194694644935955.750000 1599022843003278.500000 2491784045806859.500000
3040.646493 1921024309819838.000000 1831476042632013.000000 1991238346129651.250000 1756063732356218.250000 2220751590693411.000000 1614451669244506.500000 2531417543763128.000000
3083.031457 1945783856679826.000000 1850918781532533.000000 2015703294642866.000000 1775178146148390.500000 2239963493845732.000000 1630154001986640.500000 2571178664133067.000000
3126.007243 1969594097948574.000000 1870045419599429.500000 2042057023407872.500000 1793445269950565.000000 2258985337817802.500000 1646134689674071.750000 2611067817869062.000000
3169.582089 1993266073767761.250000 1889876549552371.500000 2069779929552178.750000 1811564434814835.250000 2278748201225528.500000 1662398666699469.250000 2651085417246790.500000
3213.764344 2016718625500157.750000 1909050951887386.250000 2097638409681469.500000 1828818909275128.750000 2305069060091031.000000 1678950954927385.750000 2691231875869483.000000
3258.562476 2042623125024537.250000 1929363325995312.750000 2122875069300512.250000 1845779796159039.500000 2331017507045666.500000 1695796665244865.000000 2731507608672200.500000
3303.985070 2067530733842419.250000 1949811843665628.750000 2151466411082299.500000 1859170439157627.000000 2357491671807690.500000 1711288537927450.250000 2771913031926120.000000
3350.040830 2091568175543465.000000 1971697802179905.000000 2178542507063857.500000 1873789387085295.750000 2385997239023393.000000 1725779512961504.250000 2812448563242837.000000
3396.738582 2116423165975416.500000 1993582347067607.000000 2204689271597624.500000 1892876357192209.250000 2416029568695113.000000 1740555324546066.750000 2853114621578692.000000
3444.087276 2141884729934965.500000 2014429877623433.750000 2232411642153178.500000 1908128988905499.250000 2445060306021335.500000 1755621571466611.000000 2893911627239084.000000
3492.095985 2167132581236795.000000 2035973073663060.500000 2259220112823353.500000 1927837190274893.000000 2473734306964248.000000 1770983962559086.250000 2934840001882818.000000
3540.773909 2192624748807513.250000 2058044466418399.000000 2291228568408318.000000 1947746458098824.250000 2502637775701965.000000 1786648318873091.250000 2975900168526479.000000
3590.130377 2217680538744904.500000 2080100991870696.250000 2321579029394543.000000 1967858843691788.000000 2531772548583343.500000 1802620575877555.250000 3017092551548783.000000
3640.174847 2245851700787077.500000 2103907350382470.250000 2351417494898088.000000 1986338126608291.750000 2561140476652885.500000 1818906785709783.500000 3058417576694986.000000
3690.916911 2271676366184624.500000 2126883426685610.500000 2383400380284301.500000 2000774638671848.000000 2590743425768337.000000 1835513119468699.750000 3099875671081250.000000
3742.366291 2298069191577646.500000 2150643262521752.750000 2414950161229774.000000 2015263246063323.750000 2617420911385820.000000 1852445869553182.000000 3141467263199097.000000
3794.532847 2325325623541739.500000 2174683238095038.000000 2448537712864363.500000 2035259914418205.000000 2639504652568911.000000 1869711452046342.250000 3183192782919810.000000
3847.426577 2350920685745784.500000 2197754240842229.500000 2480269770416119.500000 2054600288974412.250000 2668164296101359.000000 1887316409146685.500000 3225052661498891.000000
3901.057617 2378444893182063.000000 2221491497860092.500000 2512218270979635.000000 2071992131115669.000000 2699765364489683.000000 1905613247047571.500000 3267047331580508.000000
3955.436245 2405328468959465.000000 2242169346785237.750000 2545479149243869.500000 2089253425399873.000000 2731617332986283.000000 1924638647115949.500000 3309177227201969.500000
4010.572881 2434561335444937.500000 2263914198225891.000000 2576996841128982.500000 2105231492036216.000000 2760962740885916.000000 1943915355040701.500000 3351442783798220.000000
4066.478092 2463725970756952.000000 2288537907557307.500000 2610722471666993.000000 2126541993017035.500000 2789819189476953.500000 1963446690365094.500000 3393844438206326.000000
4123.162591 2493087293821798.500000 2314436704423431.000000 2647155278010250.000000 2142992405424619.000000 2827075043658005.000000 1983236016480474.000000 3436382628669996.000000
4180.637241 2522419183288220.000000 2339782370791826.500000 2682717077615399.000000 2157736172024426.750000 2863058084016215.000000 2003286741205463.250000 3479057794844117.000000
4238.913057 2551875656158189.000000 2363893743668632.000000 2720276396892923.000000 2172135746999642.000000 2900120394828062.500000 2023602317372801.500000 3521870377799290.000000
4298.001206 2582771807024943.500000 2386527920432301.500000 2757730327646209.500000 2191759542243983.500000 2937372136933933.000000 2044186243423943.000000 3564820820026394.000000
4357.913012 2615169839036851.500000 2409429032818952.500000 2795258958432238.500000 2211688690090656.000000 2974642069051053.000000 2065042064011497.000000 3607909565441152.000000
4418.659956 2647042604190911.000000 2432600228927482.000000 2831592452694475.000000 2233490089882863.750000 3011534540429891.500000 2086173370609643.500000 3651137059388728.000000
4480.253680 2677800721561263.000000 2455234655713145.500000 2870194384103253.000000 2248478803073805.000000 3043557598901444.000000 2107583802132600.500000 3694503748648328.000000
4542.705986 2711030253908737.000000 2478542613004536.500000 2907915654565941.000000 2267085251052684.500000 3080906150481631.000000 2129277045561259.000000 3738010081437812.000000
4606.028844 2742499221935185.500000 2503397593513000.500000 2943907533900475.500000 2282000014654163.500000 3119636302297252.000000 2151256836578104.500000 3782412421609379.000000
4670.234388 2774322166779480.000000 2526952151100110.000000 2984102544566713.000000 2298054697341455.000000 3160605899013348.500000 2173526960210512.500000 3827681557965822.000000
4735.334923 2809164090688794.500000 2547649564085657.000000 3018783350457545.000000 2321334222736251.500000 3196436594703508.000000 2196091251482556.500000 3873136152967466.000000
4801.342924 2843123942689355.500000 2571770989023156.500000 3056641539792670.500000 2343677658405822.500000 3232915124078105.000000 2218953596075413.500000 3918776966401488.500000
4868.271040 2878257421300186.500000 2595536208823062.000000 3095072743280065.000000 2359946762815532.500000 3272768225888180.500000 2242117930996500.000000 3964604761167758.000000
4936.132098 2913462366075957.000000 2621158217579474.000000 3136193301859580.500000 2377067271289619.000000 3313037954324533.000000 2259601406508427.000000 4010620303291586.000000
5004.939103 2948062292577463.000000 2648236612876292.500000 3178111920654339.500000 2396125811229912.000000 3354467158032074.500000 2276038749562050.500000 4056824361936550.000000
5074.705239 2984550528250696.500000 2677924655098434.500000 3220044531879361.000000 2419635733552594.500000 3397192572243412.500000 2292764306974256.000000 4103217709417326.000000
5145.443878 3022575143531488.500000 2705050391126660.000000 3262518490173863.500000 2438277315002915.500000 3441400530397723.500000 2309783132330422.000000 4149801121212622.000000
5217.168576 3061082884177398.500000 2732438198216528.500000 3307541356149131.000000 2457232830086690.500000 3491092153134363.500000 2327100367826099.500000 4196575375978110.000000
5289.893076 3099165227733101.000000 2759905307834907.500000 3353619693005697.500000 2476507565604640.000000 3541500848347590.500000 2344721245820721.000000 4243541255559477.000000
5363.631317 3138088589208338.500000 2787209837520766.000000 3397557015691657.500000 2496106897389873.500000 3587009334389109.000000 2362651090418540.000000 4290699545005467.000000
5438.397428 3175154639099151.000000 2814836382525235.000000 3443403171673968.000000 2516036291807242.500000 3632433741867284.000000 2380895319077298.500000 4338051032581021.000000
5514.205739 3214494503122868.500000 2842788740528277.500000 3491087991875072.500000 2536301307277935.500000 3678371667965274.000000 2399459444245094.000000 4385596509780428.000000
5591.070777 3254519212886290.500000 2870726584951290.000000 3535518903708626.500000 2556907595829762.000000 3730298466290908.000000 2418349075025956.500000 4433336771340587.000000
5669.007271 3292326670072565.500000 2897843375583340.500000 3584562280052360.500000 2585716238862738.000000 3785715338069745.000000 2437569918874624.500000 4481272615254271.000000
5748.030158 3331403630438842.000000 2926559565171356.000000 3635035257418792.000000 2616364596539726.000000 3839680054599627.000000 2457127783321036.000000 4529404842783471.000000
5828.154581 3369081076982281.000000 2955343208466865.500000 3686103052309720.000000 2647565262104538.500000 3891805915884688.500000 2477028577725062.500000 4577734258472794.000000
5909.395895 3407161981856890.500000 2983146773989196.000000 3735098949595946.000000 2679328188586503.000000 3948113316143135.000000 2497278315062000.500000 4626261670162889.000000
5991.769669 3445519083452540.000000 3013889898083461.000000 3788011704510221.000000 2711663508376493.000000 4005461523883789.000000 2517883113739386.500000 4674987889003985.000000
6075.291689 3482197721234353.500000 3043660336132176.500000 3833413005534745.000000 2743234555152238.000000 4057324152148162.000000 2538849199445652.000000 4723913729469430.000000
6159.977960 3520889552057460.000000 3075825403670505.000000 3885496589007556.500000 2768272773059174.000000 4117346225849537.000000 2560182907031203.000000 4773040009369300.000000
6245.844712 3560319983054478.000000 3105260834374310.000000 3938541465420992.000000 2793589007370493.000000 4170744153726915.000000 2581890682422473.500000 4822367549864077.000000
6332.908400 3603692076512274.500000 3135005255564635.000000 3992309371716739.500000 2819186345091886.000000 4225458942460330.000000 2603979084569553.500000 4871897175478381.000000
6421.185709 3644527879492175.000000 3166834151824612.000000 4046810163176703.500000 2850695284333832.000000 4286040408959297.500000 2626454787427956.000000 4920992966161161.000000
6510.693555 3686848150697994.000000 3200182345992733.500000 4102053829415529.500000 2887582591326877.000000 4348579645814468.000000 2649324581975138.000000 4968085363767302.000000
6601.449093 3730904582816955.000000 3231988224493106.500000 4158050496211612.000000 2909685055715530.000000 4412031021193721.500000 2672595378262369.500000 5015298549648696.000000
6693.469713 3778779718432847.500000 3266821931438969.500000 4214810427363103.000000 2929776857532292.000000 4466641730871765.500000 2696274207502599.500000 5062632833617734.000000
6786.773051 3821532243698120.500000 3300004168412912.000000 4272344026569178.500000 2951500050880514.000000 4529040442404689.000000 2720368224194912.000000 5110088526281422.000000
6881.376986 3867372686087573.500000 3333549549794941.500000 4330661839336974.000000 2978850782581168.500000 4592303751083880.000000 2744884708286245.000000 5157665939043468.000000
6977.299650 3913788415536910.500000 3371733600911806.000000 4391940132346086.500000 3006505208103521.000000 4656443636775693.000000 2769831067370999.000000 5205365384106289.000000
7074.559423 3960874362201160.000000 3406253712956899.000000 4454315187173912.000000 3034466699567134.000000 4721472245339637.000000 2795214838929236.500000 5253187174473087.000000
7173.174944 4004276112188648.500000 3444301369075287.000000 4514278342094171.000000 3062738666534509.500000 4787401890928364.000000 2821043692604102.000000 5301131623949892.000000
7273.165113 4050526605215258.000000 3483802977522663.500000 4572230757782778.000000 3091324556426846.000000 4854245058319542.000000 2847325432519190.000000 5349199047147622.000000
7374.549090 4097297926487159.500000 3521897646166845.500000 4634393371681748.000000 3120227854944414.000000 4922014405280046.000000 2874067999636544.000000 5397389759484143.000000
7477.346305 4145412729461268.000000 3559026089294746.000000 4697646109612666.000000 3149452086491583.000000 4990722764962870.000000 2901279474155987.500000 5445704077186340.000000
7581.576458 4192426580065975.000000 3605912225687698.000000 4761761016008371.000000 3179000814606593.500000 5060383148337321.000000 2928968077956551.000000 5494142317292208.000000
7687.259522 4236236358636284.000000 3646363451162839.000000 4826749842683658.000000 3208877642396078.000000 5131556049676023.000000 2957142177080682.500000 5542704797652907.000000
7794.415750 4285204887222715.500000 3682825996908090.000000 4892624501636819.000000 3241256236231962.500000 5204816138220846.000000 2985810284262030.000000 5591391836934866.000000
7903.065679 4333791393067863.500000 3718991545811142.500000 4959397067233003.000000 3277924239099056.000000 5279944315563610.000000 3014981061497537.000000 5640203754621865.000000
8013.230128 4384478714091402.000000 3759201321571765.000000 5022021755143669.000000 3315076592211870.000000 5358370997369229.000000 3044663322664653.000000 5689140871017135.000000
8124.930211 4436535514298350.500000 3797103200476860.500000 5085363741172377.000000 3352719693387089.500000 5438282028175699.000000 3074866036184417.500000 5738203507245460.000000
8238.187331 4489213489221981.000000 3836563065809972.500000 5156552466840296.000000 3390187794968032.000000 5519381607763485.000000 3105689326777088.000000 5787391985255294.000000
8353.023195 4535524927122337.000000 3878222133637845.000000 5222166931758815.000000 3429504154853838.500000 5601687413894846.000000 3137665861012819.000000 5836706627820840.000000
8469.459808 4589498638878679.000000 3919493532990277.500000 5293811457109850.000000 3468658737804700.000000 5677880949485305.000000 3170202367359832.000000 5886147758544209.000000
8587.519485 4645986551309642.000000 3955706649705446.500000 5369133607389963.000000 3508330516413642.000000 5761315639432412.000000 3203308652032994.000000 5950170084051024.000000
8707.224849 4701813307608663.000000 3995051277210149.000000 5445392901643800.000000 3547156017509423.500000 5839286780407516.000000 3236994692973315.500000 6038776006439898.000000
8828.598841 4758991594406781.000000 4040569756389973.000000 5521982784651332.000000 3583468169535112.000000 5920810514550336.000000 3269238744862033.000000 6123437906642965.000000
8951.664721 4816722495683888.000000 4084838374887159.000000 5600590544472393.000000 3620651464811941.500000 5998421589627780.000000 3301644772368333.000000 6178297758656635.000000
9076.446073 4875431403189242.000000 4128807860702832.000000 5679284563948354.000000 3658726802419743.500000 6085148298142422.000000 3336353429668197.000000 6251803496551613.000000
9202.966809 4934709757980888.000000 4171298124228452.000000 5756723412416162.000000 3697715582815749.500000 6170985833194080.000000 3371670672757645.000000 6344704152092689.000000
9331.251175 4993707351521076.000000 4213871385571441.500000 5831234329823447.000000 3737639719862833.000000 6258269933396912.000000 3407607172653419.500000 6438984326251556.000000
9461.323756 5051833172161765.000000 4259230026248942.500000 5908615627655822.000000 3778521653146326.000000 6343503552687665.000000 3444173787479164.500000 6534664504046388.000000
9593.209478 5115281474585652.000000 4303457049963481.000000 5987978125287392.000000 3820384360586316.000000 6429741430644510.000000 3481381565746175.000000 6631765474685503.000000
9726.933615 5172944424540469.000000 4348459733527396.500000 6066275871511140.000000 3863251371352505.000000 6512208977417813.000000 3519241749691677.500000 6730308336084404.000000
9862.521795 5229800330052471.000000 4394174534529482.500000 6142634904660349.000000 3907146779088922.000000 6602842699008142.000000 3557765778675644.000000 6830314499449901.000000
10000.000000 5288202890965228.000000 4440845758723358.500000 6220565265797531.000000 3942695718197238.000000 6697631541302131.000000 3596965292637162.000000 6931805693932268.000000
