10.000000 0.398414 0.192446 0.581297 0.033071 0.651182 0.006203 0.663506
10.139395 0.399688 0.192768 0.582856 0.033152 0.652342 0.006251 0.664639
10.280732 0.400384 0.193077 0.584485 0.033231 0.653464 0.006299 0.665734
10.424040 0.400940 0.193375 0.586417 0.033307 0.654550 0.006346 0.666793
10.569346 0.401476 0.193662 0.588310 0.033381 0.655599 0.006392 0.667816
10.716676 0.401991 0.193937 0.589916 0.033453 0.656615 0.006438 0.668806
10.866061 0.402692 0.194202 0.591056 0.033522 0.657602 0.006483 0.669762
11.017528 0.403720 0.194457 0.592382 0.033589 0.658764 0.006528 0.670685
11.171107 0.404730 0.194703 0.593904 0.033654 0.659753 0.006573 0.671578
11.326826 0.405525 0.194938 0.595622 0.033718 0.660586 0.006616 0.672441
11.484715 0.406007 0.195165 0.597315 0.033779 0.661390 0.006660 0.673274
11.644806 0.407062 0.195383 0.598985 0.033838 0.662166 0.006663 0.674079
11.807128 0.408125 0.195593 0.600630 0.033895 0.662915 0.006662 0.674856
11.971713 0.409173 0.195794 0.602252 0.033951 0.663639 0.006662 0.675607
12.138593 0.410204 0.195988 0.603810 0.034005 0.664387 0.006662 0.676332
12.307798 0.411219 0.196174 0.605377 0.034057 0.665327 0.006662 0.677033
12.479362 0.412036 0.196353 0.606262 0.034107 0.666014 0.006661 0.677709
12.653318 0.413018 0.196525 0.606638 0.034156 0.666678 0.006661 0.678362
12.829698 0.413770 0.196690 0.606999 0.034204 0.667398 0.006661 0.678992
13.008537 0.414602 0.196848 0.608394 0.034249 0.668215 0.006660 0.679600
13.189869 0.415484 0.197001 0.609447 0.034294 0.669009 0.006660 0.680188
13.373729 0.416274 0.197147 0.610851 0.034337 0.669780 0.006660 0.680755
13.560151 0.417049 0.197341 0.612157 0.034378 0.670236 0.006660 0.681302
13.749172 0.417808 0.197810 0.613494 0.034418 0.670847 0.006659 0.681830
13.940828 0.418553 0.198274 0.614886 0.034457 0.671356 0.006659 0.682340
14.135156 0.419228 0.198732 0.615834 0.034495 0.671729 0.006659 0.682832
14.332192 0.419999 0.199184 0.616629 0.034531 0.672286 0.006659 0.683307
14.531975 0.420701 0.199631 0.617302 0.034567 0.672977 0.006658 0.683765
14.734543 0.421389 0.200072 0.618165 0.034601 0.673649 0.006658 0.684207
14.939935 0.421877 0.200507 0.619183 0.034634 0.674301 0.006658 0.684633
15.148189 0.422297 0.200937 0.620179 0.034666 0.674934 0.006658 0.685045
15.359347 0.422531 0.201361 0.621400 0.034696 0.675549 0.006657 0.685442
15.573448 0.422758 0.201718 0.622601 0.034726 0.676093 0.006657 0.685824
15.790533 0.423223 0.201809 0.623784 0.034755 0.676589 0.006657 0.686194
16.010645 0.423919 0.201897 0.624942 0.034783 0.677128 0.006657 0.686550
16.233824 0.424650 0.201982 0.626086 0.034810 0.677674 0.006656 0.686894
16.460115 0.425370 0.202063 0.626664 0.034836 0.678203 0.006656 0.687226
16.689560 0.425626 0.202141 0.627747 0.034861 0.678717 0.006656 0.687545
16.922204 0.425873 0.202216 0.628665 0.034886 0.679215 0.006656 0.687854
17.158090 0.426113 0.202375 0.628870 0.034909 0.679699 0.006656 0.688151
17.397264 0.426345 0.202744 0.629067 0.034932 0.680168 0.006655 0.688438
17.639773 0.426569 0.203108 0.629257 0.034954 0.680624 0.006655 0.688715
17.885662 0.426827 0.203467 0.629440 0.034976 0.680989 0.006655 0.688982
18.134978 0.427003 0.203822 0.630042 0.034996 0.681262 0.006655 0.689239
18.387770 0.427199 0.204153 0.630869 0.035016 0.681525 0.006655 0.689487
18.644085 0.427468 0.204458 0.631681 0.035035 0.681779 0.006654 0.689727
18.903974 0.427735 0.204638 0.632278 0.035054 0.682024 0.006654 0.689957
19.167485 0.427995 0.204765 0.632499 0.035072 0.682261 0.006654 0.690180
19.434669 0.428247 0.204888 0.632711 0.035089 0.682489 0.006654 0.690394
19.705578 0.428434 0.205008 0.632916 0.035106 0.682709 0.006654 0.690601
19.980263 0.428599 0.205125 0.633114 0.035123 0.682982 0.006653 0.690801
20.258777 0.428759 0.205238 0.633304 0.035138 0.683177 0.006653 0.690993
20.541173 0.428913 0.205381 0.633973 0.035153 0.683347 0.006653 0.691178
20.827506 0.429063 0.205690 0.634689 0.035168 0.683514 0.006653 0.691357
21.117830 0.429503 0.205995 0.635226 0.035182 0.683670 0.006653 0.691530
21.412202 0.429811 0.206296 0.635518 0.035196 0.683849 0.006653 0.691696
21.710676 0.430008 0.206593 0.636006 0.035209 0.684000 0.006652 0.691856
22.013311 0.430199 0.206886 0.636250 0.035222 0.684146 0.006652 0.692010
22.320165 0.430385 0.207174 0.637021 0.035235 0.684287 0.006652 0.692159
22.631296 0.430564 0.207459 0.637779 0.035247 0.684506 0.006652 0.692303
22.946764 0.430739 0.207740 0.638301 0.035258 0.684641 0.006652 0.692441
23.266629 0.430908 0.208016 0.639030 0.035269 0.684767 0.006652 0.692574
23.590953 0.431071 0.208289 0.639256 0.035280 0.684888 0.006651 0.692703
23.919798 0.431230 0.208558 0.639457 0.035290 0.685005 0.006651 0.692827
24.253227 0.431384 0.208823 0.639652 0.035301 0.685117 0.006651 0.692946
24.591304 0.431534 0.209085 0.639841 0.035310 0.685226 0.006651 0.693062
24.934094 0.431679 0.209343 0.640099 0.035320 0.685330 0.006651 0.693173
25.281661 0.431819 0.209597 0.640518 0.035329 0.685539 0.006651 0.693280
25.634074 0.431955 0.209847 0.640765 0.035338 0.685684 0.006651 0.693383
25.991399 0.432087 0.210094 0.641295 0.035346 0.685791 0.006650 0.693482
26.353705 0.432215 0.210337 0.641775 0.035354 0.685871 0.006650 0.693578
26.721062 0.432339 0.210577 0.642084 0.035362 0.685929 0.006650 0.693675
27.093539 0.432459 0.210814 0.642448 0.035370 0.685985 0.006650 0.693807
27.471208 0.432575 0.210996 0.642868 0.035377 0.686038 0.006650 0.693935
27.854142 0.432688 0.211164 0.643246 0.035384 0.686090 0.006650 0.694058
28.242413 0.432798 0.211391 0.643545 0.035391 0.686139 0.006650 0.694177
28.636097 0.432904 0.211614 0.643629 0.035398 0.686186 0.006650 0.694292
29.035269 0.433006 0.211833 0.643710 0.035404 0.686232 0.006649 0.694403
29.440005 0.433106 0.212050 0.643972 0.035411 0.686275 0.006649 0.694510
29.850382 0.433203 0.212210 0.644538 0.035417 0.686317 0.006649 0.694613
30.266481 0.433296 0.212308 0.644916 0.035423 0.686362 0.006649 0.694713
30.688379 0.433387 0.212466 0.645025 0.035428 0.686421 0.006649 0.694809
31.116158 0.433475 0.212621 0.645130 0.035434 0.686479 0.006649 0.694903
31.549901 0.433560 0.212773 0.645232 0.035439 0.686534 0.006649 0.694992
31.989689 0.433643 0.212923 0.645330 0.035444 0.686641 0.006649 0.695079
32.435608 0.433723 0.213069 0.645426 0.035449 0.686727 0.006648 0.695163
32.887743 0.433800 0.213213 0.645518 0.035454 0.686794 0.006648 0.695244
33.346180 0.433875 0.213353 0.645683 0.035458 0.686888 0.006648 0.695322
33.811008 0.433948 0.213492 0.645792 0.035462 0.686979 0.006648 0.695397
34.282315 0.434019 0.213627 0.646122 0.035467 0.687067 0.006648 0.695470
34.760192 0.434087 0.213760 0.646328 0.035471 0.687194 0.006648 0.695540
35.244730 0.434154 0.213891 0.646619 0.035475 0.687329 0.006648 0.695608
35.736022 0.434218 0.214019 0.646759 0.035479 0.687432 0.006648 0.695673
36.234163 0.434280 0.214144 0.646834 0.035482 0.687493 0.006652 0.695736
36.739248 0.434340 0.214268 0.646906 0.035486 0.687553 0.006664 0.695797
37.251373 0.434399 0.214388 0.646976 0.035489 0.687585 0.006675 0.695856
37.770637 0.434456 0.214507 0.647044 0.035493 0.687616 0.006686 0.695913
38.297139 0.434511 0.214623 0.647110 0.035496 0.687679 0.006697 0.695968
38.830980 0.434647 0.214737 0.647366 0.035499 0.687745 0.006708 0.696021
39.372263 0.434740 0.214849 0.647736 0.035502 0.687809 0.006718 0.696072
39.921091 0.434755 0.214959 0.647791 0.035505 0.687870 0.006729 0.696121
40.477570 0.434769 0.215066 0.647844 0.035508 0.687930 0.006739 0.696169
41.041805 0.434783 0.215172 0.647896 0.035511 0.687988 0.006749 0.696215
41.613906 0.434797 0.215275 0.647946 0.035513 0.688044 0.006759 0.696259
42.193981 0.434810 0.215377 0.647994 0.035516 0.688098 0.006769 0.696302
42.782142 0.434822 0.215476 0.648172 0.035518 0.688151 0.006778 0.696344
43.378502 0.434834 0.215511 0.648615 0.035521 0.688202 0.006788 0.696384
43.983175 0.434846 0.215515 0.648946 0.035523 0.688251 0.006797 0.696422
44.596276 0.434857 0.215520 0.648965 0.035525 0.688299 0.006806 0.696459
45.217924 0.434867 0.215524 0.648984 0.035527 0.688345 0.006815 0.696495
45.848238 0.434877 0.215555 0.649002 0.035529 0.688390 0.006824 0.696530
46.487337 0.434887 0.215690 0.649045 0.035531 0.688433 0.006833 0.696563
47.135345 0.434897 0.215822 0.649275 0.035533 0.688475 0.006841 0.696596
47.792386 0.434906 0.215952 0.649499 0.035535 0.688515 0.006850 0.696627
48.458586 0.434915 0.216081 0.649650 0.035537 0.688554 0.006858 0.696657
49.134073 0.435138 0.216207 0.649732 0.035539 0.688592 0.006866 0.696686
49.818975 0.435395 0.216331 0.649812 0.035540 0.688629 0.006874 0.696714
50.513425 0.435648 0.216454 0.649890 0.035542 0.688681 0.006882 0.696741
51.217554 0.435886 0.216575 0.649966 0.035543 0.688699 0.006890 0.696767
51.931499 0.435894 0.216683 0.650040 0.035545 0.688842 0.006898 0.696792
52.655396 0.435902 0.216757 0.650081 0.035546 0.689018 0.006905 0.696817
53.389384 0.435910 0.216830 0.650112 0.035548 0.689193 0.006913 0.696840
54.133603 0.435918 0.216901 0.650142 0.035549 0.689372 0.006920 0.696863
54.888196 0.435935 0.216971 0.650219 0.035550 0.689507 0.006927 0.696885
55.653308 0.436177 0.217040 0.650381 0.035552 0.689524 0.006934 0.696906
56.429085 0.436306 0.217107 0.650444 0.035553 0.689587 0.006941 0.696926
57.215676 0.436311 0.217173 0.650576 0.035554 0.689762 0.006948 0.696946
58.013231 0.436317 0.217237 0.650887 0.035555 0.689934 0.006954 0.696965
58.821904 0.436321 0.217301 0.651045 0.035556 0.690102 0.006961 0.696983
59.641849 0.436326 0.217363 0.651200 0.035557 0.690233 0.006968 0.697001
60.473224 0.436331 0.217424 0.651351 0.035558 0.690242 0.006974 0.697018
61.316188 0.436335 0.217483 0.651499 0.035559 0.690251 0.006980 0.697035
62.170903 0.436339 0.217572 0.651644 0.035560 0.690260 0.006986 0.697051
63.037532 0.436343 0.217686 0.651786 0.035561 0.690268 0.006992 0.697066
63.916241 0.436347 0.217799 0.651925 0.035562 0.690276 0.006998 0.697081
64.807198 0.436351 0.217910 0.652061 0.035563 0.690284 0.007004 0.697095
65.710575 0.436498 0.218019 0.652194 0.035564 0.690291 0.007010 0.697109
66.626545 0.436665 0.218126 0.652268 0.035565 0.690298 0.007016 0.697122
67.555283 0.436829 0.218232 0.652282 0.035565 0.690370 0.007021 0.697135
68.496967 0.436990 0.218336 0.652296 0.035566 0.690544 0.007027 0.697148
69.451778 0.437148 0.218439 0.652310 0.035567 0.690687 0.007032 0.697160
70.419898 0.437304 0.218522 0.652323 0.035568 0.690702 0.007037 0.697171
71.401513 0.437457 0.218542 0.652335 0.035568 0.690717 0.007043 0.697182
72.396811 0.437513 0.218562 0.652348 0.035569 0.690731 0.007048 0.697193
73.405984 0.437515 0.218582 0.652359 0.035570 0.690745 0.007053 0.697204
74.429223 0.437517 0.218601 0.652371 0.035570 0.690758 0.007058 0.697214
75.466726 0.437519 0.218619 0.652382 0.035571 0.690770 0.007063 0.697223
76.518692 0.437520 0.218637 0.652393 0.035571 0.690783 0.007067 0.697233
77.585321 0.437522 0.218655 0.652403 0.035572 0.690850 0.007072 0.697242
78.666818 0.437524 0.218672 0.652413 0.035572 0.690917 0.007077 0.697251
79.763391 0.437525 0.218689 0.652423 0.035573 0.690983 0.007081 0.697259
80.875249 0.437527 0.218705 0.652432 0.035573 0.691047 0.007086 0.697267
82.002606 0.437528 0.218721 0.652441 0.035574 0.691109 0.007090 0.697275
83.145678 0.437529 0.218736 0.652450 0.035574 0.691137 0.007095 0.697283
84.304684 0.437531 0.218752 0.652458 0.035575 0.691158 0.007099 0.697290
85.479845 0.437532 0.218766 0.652466 0.035575 0.691179 0.007103 0.697297
86.671388 0.437533 0.218781 0.652474 0.035576 0.691300 0.007107 0.697304
87.879540 0.437599 0.218795 0.652482 0.035576 0.691347 0.007111 0.697310
89.104533 0.437725 0.218808 0.652552 0.035577 0.691350 0.007115 0.697317
90.346602 0.437850 0.218822 0.652693 0.035577 0.691353 0.007119 0.697323
91.605985 0.437972 0.218869 0.652832 0.035577 0.691355 0.007123 0.697329
92.882923 0.438093 0.218926 0.652897 0.035578 0.691358 0.007127 0.697334
94.177660 0.438211 0.218982 0.652943 0.035578 0.691360 0.007130 0.697340
95.490446 0.438327 0.219037 0.652988 0.035578 0.691363 0.007134 0.697345
96.821531 0.438442 0.219092 0.653032 0.035579 0.691473 0.007138 0.697350
98.171170 0.438554 0.219145 0.653075 0.035579 0.691596 0.007141 0.697355
99.539623 0.438586 0.219197 0.653117 0.035579 0.691718 0.007145 0.697360
100.927151 0.438589 0.219249 0.653158 0.035579 0.691837 0.007148 0.697365
102.334021 0.438592 0.219300 0.653198 0.035580 0.691924 0.007151 0.697369
103.760502 0.438594 0.219350 0.653237 0.035580 0.691965 0.007155 0.697373
105.206867 0.438597 0.219372 0.653275 0.035580 0.692005 0.007158 0.697378
106.673394 0.438600 0.219377 0.653312 0.035580 0.692044 0.007161 0.697382
108.160363 0.438602 0.219381 0.653348 0.035581 0.692082 0.007164 0.697385
109.668060 0.438605 0.219386 0.653384 0.035581 0.692119 0.007167 0.697389
111.196773 0.438607 0.219391 0.653418 0.035581 0.692156 0.007170 0.697393
112.746796 0.438609 0.219395 0.653452 0.035581 0.692191 0.007173 0.697396
114.318425 0.438611 0.219399 0.653485 0.035582 0.692225 0.007176 0.697400
115.911962 0.438614 0.219404 0.653518 0.035582 0.692259 0.007179 0.697403
117.527712 0.438616 0.219408 0.653549 0.035582 0.692292 0.007182 0.697406
119.165984 0.438675 0.219412 0.653580 0.035582 0.692324 0.007185 0.697409
120.827094 0.438750 0.219416 0.653610 0.035582 0.692355 0.007188 0.697412
122.511358 0.438823 0.219419 0.653639 0.035583 0.692386 0.007190 0.697415
124.219100 0.438896 0.219423 0.653668 0.035583 0.692415 0.007193 0.697417
125.950646 0.438967 0.219427 0.653696 0.035583 0.692445 0.007196 0.697420
127.706330 0.439036 0.219430 0.653723 0.035583 0.692518 0.007198 0.697422
129.486487 0.439105 0.219434 0.653742 0.035583 0.692588 0.007201 0.697425
131.291459 0.439164 0.219454 0.653747 0.035583 0.692658 0.007203 0.697427
133.121590 0.439168 0.219473 0.653752 0.035583 0.692726 0.007205 0.697430
134.977233 0.439171 0.219492 0.653756 0.035584 0.692793 0.007208 0.697432
136.858742 0.439191 0.219511 0.653761 0.035584 0.692858 0.007210 0.697434
138.766479 0.439290 0.219529 0.653765 0.035584 0.692922 0.007213 0.697436
140.700809 0.439388 0.219547 0.653770 0.035584 0.692985 0.007215 0.697438
142.662102 0.439412 0.219565 0.653774 0.035584 0.693013 0.007217 0.697440
144.650734 0.439412 0.219582 0.653778 0.035584 0.693024 0.007219 0.697442
146.667087 0.439413 0.219599 0.653782 0.035584 0.693024 0.007221 0.697443
148.711546 0.439413 0.219615 0.653786 0.035584 0.693025 0.007223 0.697445
150.784505 0.439413 0.219631 0.653789 0.035585 0.693026 0.007226 0.697447
152.886359 0.439414 0.219647 0.653793 0.035585 0.693027 0.007228 0.697448
155.017512 0.439414 0.219663 0.653796 0.035585 0.693027 0.007230 0.697450
157.178372 0.439414 0.219678 0.653800 0.035585 0.693078 0.007232 0.697451
159.369353 0.439415 0.219693 0.653803 0.035585 0.693091 0.007234 0.697453
161.590875 0.439415 0.219707 0.653806 0.035585 0.693100 0.007235 0.697454
163.843365 0.439415 0.219722 0.653807 0.035585 0.693108 0.007237 0.697456
166.127252 0.439415 0.219736 0.653808 0.035585 0.693116 0.007239 0.697457
168.442976 0.439416 0.219749 0.653808 0.035585 0.693124 0.007241 0.697458
170.790980 0.439416 0.219763 0.653809 0.035585 0.693132 0.007243 0.697459
173.171713 0.439416 0.219776 0.653810 0.035585 0.693140 0.007244 0.697460
175.585633 0.439416 0.219789 0.653810 0.035585 0.693147 0.007246 0.697462
178.033202 0.439417 0.219802 0.653811 0.035586 0.693154 0.007248 0.697463
180.514888 0.439417 0.219814 0.653811 0.035586 0.693161 0.007250 0.697464
183.031168 0.439417 0.219826 0.653812 0.035586 0.693168 0.007251 0.697465
185.582523 0.439417 0.219838 0.653813 0.035586 0.693174 0.007253 0.697466
188.169442 0.439417 0.219850 0.653818 0.035586 0.693181 0.007254 0.697467
190.792422 0.439417 0.219861 0.653819 0.035586 0.693187 0.007256 0.697467
193.451965 0.439418 0.219873 0.653819 0.035586 0.693193 0.007257 0.697468
196.148581 0.439418 0.219884 0.653820 0.035586 0.693199 0.007259 0.697469
198.882786 0.439418 0.219894 0.653820 0.035586 0.693205 0.007260 0.697470
201.655104 0.439418 0.219905 0.653839 0.035586 0.693210 0.007262 0.697471
204.466067 0.439418 0.219915 0.653847 0.035586 0.693216 0.007263 0.697474
207.316213 0.439418 0.219925 0.653849 0.035586 0.693221 0.007265 0.697510
210.206088 0.439419 0.219935 0.653851 0.035586 0.693226 0.007266 0.697545
213.136247 0.439419 0.219945 0.653853 0.035586 0.693231 0.007267 0.697580
216.107251 0.439419 0.219955 0.653854 0.035586 0.693236 0.007269 0.697614
219.119669 0.439419 0.219964 0.653856 0.035586 0.693241 0.007270 0.697648
222.174078 0.439419 0.219973 0.653857 0.035586 0.693245 0.007271 0.697680
225.271064 0.439419 0.219982 0.653859 0.035586 0.693250 0.007273 0.697713
228.411221 0.439419 0.219991 0.653860 0.035586 0.693254 0.007274 0.697744
231.595149 0.439419 0.220000 0.653862 0.035586 0.693259 0.007275 0.697775
234.823460 0.439419 0.220008 0.653863 0.035587 0.693263 0.007276 0.697805
238.096772 0.439420 0.220016 0.653864 0.035587 0.693267 0.007277 0.697835
241.415712 0.439420 0.220024 0.653866 0.035587 0.693271 0.007279 0.697864
244.780916 0.439420 0.220032 0.653867 0.035587 0.693275 0.007280 0.697892
248.193029 0.439420 0.220040 0.653868 0.035587 0.693278 0.007281 0.697920
251.652705 0.439420 0.220048 0.653869 0.035587 0.693282 0.007282 0.697948
255.160607 0.439420 0.220055 0.653870 0.035587 0.693286 0.007283 0.697955
258.717408 0.439420 0.220063 0.653871 0.035587 0.693289 0.007284 0.697955
262.323788 0.439420 0.220070 0.653873 0.035587 0.693292 0.007285 0.697955
265.980440 0.439420 0.220077 0.653874 0.035587 0.693298 0.007286 0.697956
269.688063 0.439420 0.220084 0.653875 0.035587 0.693305 0.007287 0.697956
273.447368 0.439420 0.220091 0.653876 0.035587 0.693312 0.007288 0.697956
277.259076 0.439420 0.220097 0.653876 0.035587 0.693319 0.007289 0.697977
281.123917 0.439420 0.220104 0.653877 0.035587 0.693326 0.007290 0.698010
285.042632 0.439420 0.220110 0.653878 0.035587 0.693333 0.007291 0.698043
289.015972 0.439421 0.220116 0.653879 0.035587 0.693340 0.007292 0.698075
293.044698 0.439421 0.220122 0.653880 0.035587 0.693346 0.007293 0.698106
297.129582 0.439421 0.220128 0.653881 0.035587 0.693352 0.007294 0.698137
301.271407 0.439421 0.220134 0.653881 0.035587 0.693358 0.007295 0.698167
305.470967 0.439421 0.220140 0.653882 0.035587 0.693364 0.007295 0.698196
309.729067 0.439421 0.220146 0.653883 0.035587 0.693370 0.007296 0.698226
314.046522 0.439421 0.220151 0.653884 0.035587 0.693376 0.007297 0.698254
318.424160 0.439421 0.220156 0.653884 0.035587 0.693381 0.007298 0.698282
322.862820 0.439421 0.220162 0.653885 0.035587 0.693386 0.007299 0.698310
327.363353 0.439421 0.220167 0.653886 0.035587 0.693392 0.007300 0.698337
331.926620 0.439421 0.220172 0.653886 0.035587 0.693397 0.007300 0.698363
336.553498 0.439421 0.220177 0.653887 0.035587 0.693402 0.007301 0.698389
341.244871 0.439421 0.220182 0.653888 0.035587 0.693407 0.007302 0.698415
346.001639 0.439421 0.220187 0.653888 0.035587 0.693411 0.007303 0.698440
350.824714 0.439421 0.220191 0.653889 0.035587 0.693416 0.007303 0.698465
355.715021 0.439421 0.220196 0.653889 0.035587 0.693421 0.007304 0.698489
360.673495 0.439421 0.220200 0.653890 0.035587 0.693425 0.007305 0.698512
365.701088 0.439421 0.220205 0.653890 0.035587 0.693429 0.007305 0.698536
370.798763 0.439421 0.220209 0.653891 0.035587 0.693433 0.007306 0.698559
375.967497 0.439421 0.220213 0.653891 0.035587 0.693438 0.007307 0.698581
381.208280 0.439421 0.220218 0.653892 0.035587 0.693442 0.007307 0.698603
386.522116 0.439421 0.220222 0.653892 0.035587 0.693445 0.007308 0.698625
391.910025 0.439421 0.220226 0.653892 0.035587 0.693449 0.007309 0.698646
397.373038 0.439421 0.220230 0.653893 0.035587 0.693453 0.007309 0.698667
402.912203 0.439421 0.220233 0.653893 0.035587 0.693457 0.007310 0.698688
408.528580 0.439421 0.220237 0.653894 0.035587 0.693460 0.007310 0.698708
414.223247 0.439421 0.220241 0.653894 0.035587 0.693464 0.007311 0.698727
419.997295 0.439421 0.220244 0.653894 0.035587 0.693467 0.007312 0.698747
425.851829 0.439421 0.220248 0.653895 0.035587 0.693470 0.007312 0.698766
431.787973 0.439421 0.220251 0.653895 0.035587 0.693473 0.007313 0.698784
437.806863 0.439421 0.220255 0.653895 0.035587 0.693476 0.007313 0.698803
443.909653 0.439421 0.220258 0.653896 0.035587 0.693480 0.007314 0.698821
450.097513 0.439421 0.220261 0.653896 0.035587 0.693482 0.007314 0.698838
456.371628 0.439422 0.220264 0.653896 0.035587 0.693485 0.007315 0.698856
462.733201 0.439422 0.220268 0.653897 0.035587 0.693488 0.007315 0.698873
469.183451 0.439422 0.220271 0.653897 0.035587 0.693491 0.007316 0.698890
475.723614 0.439422 0.220274 0.653897 0.035587 0.693494 0.007316 0.698906
482.354943 0.439422 0.220277 0.653898 0.035587 0.693496 0.007317 0.698922
489.078709 0.439422 0.220279 0.653906 0.035587 0.693499 0.007317 0.698938
495.896201 0.439422 0.220282 0.653938 0.035587 0.693501 0.007318 0.698954
502.808725 0.439422 0.220285 0.653970 0.035587 0.693504 0.007318 0.698969
509.817606 0.439422 0.220288 0.654002 0.035587 0.693506 0.007319 0.698984
516.924187 0.439422 0.220290 0.654033 0.035587 0.693508 0.007319 0.698998
524.129830 0.439422 0.220293 0.654063 0.035587 0.693511 0.007320 0.699013
531.435916 0.439422 0.220296 0.654093 0.035587 0.693513 0.007320 0.699027
538.843844 0.439422 0.220298 0.654123 0.035587 0.693515 0.007320 0.699041
546.355035 0.439422 0.220300 0.654152 0.035587 0.693517 0.007321 0.699055
553.970928 0.439422 0.220303 0.654175 0.035587 0.693519 0.007321 0.699068
561.692982 0.439422 0.220305 0.654176 0.035587 0.693521 0.007322 0.699081
569.522678 0.439422 0.220307 0.654176 0.035587 0.693523 0.007322 0.699094
577.461515 0.439422 0.220310 0.654176 0.035587 0.693525 0.007322 0.699107
585.511016 0.439422 0.220312 0.654177 0.035587 0.693527 0.007323 0.699119
593.672722 0.439422 0.220314 0.654177 0.035587 0.693529 0.007323 0.699131
601.948197 0.439422 0.220316 0.654177 0.035587 0.693530 0.007324 0.699143
610.339029 0.439422 0.220318 0.654192 0.035587 0.693532 0.007324 0.699155
618.846824 0.439422 0.220320 0.654219 0.035587 0.693534 0.007324 0.699167
627.473213 0.439422 0.220322 0.654244 0.035587 0.693535 0.007325 0.699178
636.219849 0.439422 0.220324 0.654270 0.035587 0.693537 0.007325 0.699189
645.088409 0.439422 0.220326 0.654295 0.035587 0.693539 0.007325 0.699200
654.080591 0.439422 0.220328 0.654320 0.035587 0.693540 0.007326 0.699211
663.198120 0.439422 0.220330 0.654344 0.035587 0.693541 0.007326 0.699221
672.442742 0.439422 0.220332 0.654368 0.035587 0.693543 0.007326 0.699232
681.816229 0.439422 0.220333 0.654391 0.035587 0.693544 0.007327 0.699242
691.320378 0.439422 0.220335 0.654414 0.035587 0.693546 0.007327 0.699252
700.957009 0.439422 0.220337 0.654437 0.035587 0.693547 0.007327 0.699262
710.727970 0.439422 0.220339 0.654460 0.035587 0.693548 0.007328 0.699271
720.635132 0.439422 0.220340 0.654482 0.035587 0.693550 0.007328 0.699281
730.680395 0.439422 0.220342 0.654504 0.035587 0.693551 0.007328 0.699290
740.865683 0.439422 0.220343 0.654525 0.035587 0.693552 0.007328 0.699299
751.192949 0.439422 0.220345 0.654546 0.035587 0.693553 0.007329 0.699308
761.664172 0.439422 0.220346 0.654567 0.035587 0.693554 0.007329 0.699317
772.281357 0.439422 0.220348 0.654587 0.035587 0.693556 0.007329 0.699325
783.046540 0.439422 0.220349 0.654608 0.035587 0.693557 0.007329 0.699334
793.961785 0.439422 0.220351 0.654628 0.035587 0.693558 0.007330 0.699342
805.029181 0.439422 0.220352 0.654647 0.035587 0.693559 0.007330 0.699350
816.250851 0.439422 0.220353 0.654666 0.035587 0.693560 0.007330 0.699358
827.628946 0.439422 0.220355 0.654685 0.035587 0.693561 0.007330 0.699366
839.165644 0.439422 0.220356 0.654704 0.035587 0.693562 0.007331 0.699374
850.863158 0.439422 0.220357 0.654722 0.035587 0.693563 0.007331 0.699381
862.723729 0.439422 0.220359 0.654740 0.035587 0.693564 0.007331 0.699389
874.749630 0.439422 0.220360 0.654758 0.035587 0.693565 0.007331 0.699396
886.943166 0.439422 0.220361 0.654776 0.035587 0.693565 0.007332 0.699403
899.306672 0.439422 0.220362 0.654793 0.035587 0.693566 0.007332 0.699410
911.842520 0.439422 0.220363 0.654810 0.035587 0.693567 0.007332 0.699417
924.553110 0.439422 0.220364 0.654814 0.035587 0.693568 0.007332 0.699424
937.440879 0.439422 0.220366 0.654815 0.035587 0.693569 0.007333 0.699430
950.508296 0.439422 0.220367 0.654816 0.035587 0.693569 0.007333 0.699437
963.757866 0.439422 0.220368 0.654817 0.035587 0.693570 0.007333 0.699443
977.192128 0.439422 0.220369 0.654818 0.035587 0.693571 0.007333 0.699450
990.813657 0.439422 0.220370 0.654819 0.035587 0.693572 0.007333 0.699456
1004.625062 0.439422 0.220371 0.654819 0.035587 0.693572 0.007334 0.699462
1018.628990 0.439422 0.220372 0.654820 0.035587 0.693573 0.007334 0.699468
1032.828126 0.439422 0.220373 0.654821 0.035587 0.693574 0.007334 0.699473
1047.225190 0.439422 0.220374 0.654822 0.035587 0.693574 0.007334 0.699479
1061.822941 0.439422 0.220375 0.654822 0.035587 0.693575 0.007334 0.699485
1076.624177 0.439422 0.220375 0.654823 0.035587 0.693576 0.007334 0.699490
1091.631734 0.439422 0.220376 0.654824 0.035587 0.693576 0.007335 0.699496
1106.848489 0.439422 0.220377 0.654824 0.035587 0.693577 0.007335 0.699501
1122.277356 0.439422 0.220378 0.654825 0.035587 0.693577 0.007335 0.699506
1137.921294 0.439422 0.220379 0.654826 0.035587 0.693578 0.007335 0.699511
1153.783300 0.439422 0.220380 0.654826 0.035587 0.693579 0.007335 0.699516
1169.866413 0.439422 0.220380 0.654827 0.035587 0.693579 0.007335 0.699521
1186.173716 0.439422 0.220381 0.654827 0.035587 0.693580 0.007336 0.699526
1202.708335 0.439422 0.220382 0.654828 0.035587 0.693580 0.007336 0.699531
1219.473437 0.439422 0.220383 0.654829 0.035587 0.693581 0.007336 0.699536
1236.472235 0.439422 0.220383 0.654829 0.035587 0.693581 0.007336 0.699540
1253.707987 0.439422 0.220384 0.654830 0.035587 0.693582 0.007336 0.699545
1271.183997 0.439422 0.220385 0.654830 0.035587 0.693582 0.007336 0.699549
1288.903612 0.439422 0.220386 0.654831 0.035587 0.693582 0.007336 0.699553
1306.870230 0.439422 0.220386 0.654831 0.035587 0.693583 0.007337 0.699558
1325.087292 0.439422 0.220387 0.654832 0.035587 0.693583 0.007337 0.699562
1343.558290 0.439422 0.220388 0.654832 0.035587 0.693584 0.007337 0.699566
1362.286764 0.439422 0.220388 0.654832 0.035587 0.693584 0.007337 0.699570
1381.276303 0.439422 0.220389 0.654833 0.035587 0.693585 0.007337 0.699574
1400.530545 0.439422 0.220389 0.654833 0.035587 0.693585 0.007337 0.699578
1420.053182 0.439422 0.220390 0.654834 0.035587 0.693585 0.007337 0.699582
1439.847953 0.439422 0.220391 0.654834 0.035587 0.693586 0.007338 0.699585
1459.918652 0.439422 0.220391 0.654835 0.035587 0.693586 0.007338 0.699589
1480.269127 0.439422 0.220392 0.654835 0.035587 0.693586 0.007338 0.699593
1500.903276 0.439422 0.220392 0.654835 0.035587 0.693587 0.007338 0.699596
1521.825053 0.439422 0.220393 0.654836 0.035587 0.693587 0.007338 0.699600
1543.038469 0.439422 0.220393 0.654836 0.035587 0.693587 0.007338 0.699603
1564.547589 0.439422 0.220394 0.654837 0.035587 0.693588 0.007338 0.699606
1586.356534 0.439422 0.220394 0.654837 0.035587 0.693588 0.007338 0.699610
1608.469483 0.439422 0.220395 0.654837 0.035587 0.693588 0.007338 0.699613
1630.890676 0.439422 0.220395 0.654838 0.035587 0.693589 0.007339 0.699616
1653.624407 0.439422 0.220396 0.654838 0.035587 0.693589 0.007339 0.699619
1676.675035 0.439422 0.220396 0.654838 0.035587 0.693589 0.007339 0.699622
1700.046975 0.439422 0.220397 0.654838 0.035587 0.693589 0.007339 0.699625
1723.744708 0.439422 0.220397 0.654839 0.035587 0.693590 0.007339 0.699628
1747.772774 0.439422 0.220398 0.654839 0.035587 0.693590 0.007339 0.699631
1772.135779 0.439422 0.220398 0.654839 0.035587 0.693590 0.007339 0.699634
1796.838391 0.439423 0.220399 0.654840 0.035587 0.693590 0.007339 0.699637
1821.885343 0.439430 0.220399 0.654840 0.035587 0.693591 0.007339 0.699639
1847.281437 0.439437 0.220399 0.654840 0.035587 0.693591 0.007339 0.699642
1873.031539 0.439444 0.220400 0.654840 0.035587 0.693591 0.007339 0.699645
1899.140582 0.439451 0.220400 0.654841 0.035587 0.693591 0.007340 0.699647
1925.613572 0.439458 0.220401 0.654841 0.035587 0.693592 0.007340 0.699650
1952.455581 0.439464 0.220401 0.654841 0.035587 0.693592 0.007340 0.699652
1979.671753 0.439471 0.220401 0.654841 0.035587 0.693592 0.007340 0.699655
2007.267304 0.439477 0.220402 0.654842 0.035587 0.693592 0.007340 0.699657
2035.247521 0.439484 0.220402 0.654842 0.035587 0.693592 0.007340 0.699660
2063.617768 0.439490 0.220402 0.654842 0.035587 0.693593 0.007340 0.699662
2092.383480 0.439496 0.220403 0.654842 0.035587 0.693593 0.007340 0.699664
2121.550171 0.439502 0.220403 0.654843 0.035587 0.693593 0.007340 0.699666
2151.123430 0.439508 0.220403 0.654843 0.035587 0.693593 0.007340 0.699669
2181.108924 0.439514 0.220404 0.654843 0.035587 0.693593 0.007340 0.699671
2211.512400 0.439520 0.220404 0.654843 0.035587 0.693593 0.007340 0.699673
2242.339683 0.439526 0.220404 0.654843 0.035587 0.693594 0.007340 0.699675
2273.596682 0.439531 0.220405 0.654844 0.035587 0.693594 0.007341 0.699677
2305.289387 0.439537 0.220405 0.654844 0.035587 0.693594 0.007341 0.699679
2337.423871 0.439542 0.220405 0.654844 0.035587 0.693594 0.007341 0.699681
2370.006292 0.439548 0.220405 0.654844 0.035587 0.693594 0.007341 0.699683
2403.042894 0.439553 0.220406 0.654844 0.035587 0.693594 0.007341 0.699685
2436.540009 0.439558 0.220406 0.654844 0.035587 0.693595 0.007341 0.699687
2470.504055 0.439563 0.220406 0.654845 0.035587 0.693595 0.007341 0.699688
2504.941542 0.439568 0.220407 0.654845 0.035587 0.693595 0.007341 0.699690
2539.859069 0.439574 0.220407 0.654845 0.035587 0.693595 0.007341 0.699692
2575.263327 0.439578 0.220407 0.654845 0.035587 0.693595 0.007341 0.699694
2611.161101 0.439583 0.220407 0.654845 0.035587 0.693595 0.007341 0.699695
2647.559271 0.439588 0.220408 0.654845 0.035587 0.693595 0.007341 0.699697
2684.464811 0.439593 0.220408 0.654846 0.035587 0.693595 0.007341 0.699699
2721.884795 0.439598 0.220408 0.654846 0.035587 0.693596 0.007341 0.699700
2759.826392 0.439602 0.220408 0.654846 0.035587 0.693596 0.007341 0.699702
2798.296876 0.439607 0.220408 0.654846 0.035587 0.693596 0.007341 0.699703
2837.303617 0.439611 0.220409 0.654846 0.035587 0.693596 0.007342 0.699705
2876.854090 0.439615 0.220409 0.654846 0.035587 0.693596 0.007342 0.699706
2916.955876 0.439620 0.220409 0.654846 0.035587 0.693596 0.007342 0.699708
2957.616659 0.439624 0.220409 0.654846 0.035587 0.693596 0.007342 0.699709
2998.844231 0.439628 0.220409 0.654847 0.035587 0.693596 0.007342 0.699711
3040.646493 0.439632 0.220410 0.654847 0.035587 0.693596 0.007342 0.699712
3083.031457 0.439636 0.220410 0.654847 0.035587 0.693597 0.007342 0.699713
3126.007243 0.439641 0.220410 0.654847 0.035587 0.693597 0.007342 0.699715
3169.582089 0.439644 0.220410 0.654847 0.035587 0.693597 0.007342 0.699716
3213.764344 0.439648 0.220410 0.654847 0.035587 0.693597 0.007342 0.699717
3258.562476 0.439652 0.220411 0.654847 0.035587 0.693597 0.007342 0.699718
3303.985070 0.439656 0.220411 0.654847 0.035587 0.693597 0.007342 0.699720
3350.040830 0.439660 0.220411 0.654847 0.035587 0.693597 0.007342 0.699721
3396.738582 0.439663 0.220411 0.654847 0.035587 0.693597 0.007342 0.699722
3444.087276 0.439667 0.220411 0.654848 0.035587 0.693597 0.007342 0.699723
3492.095985 0.439671 0.220411 0.654848 0.035587 0.693597 0.007342 0.699724
3540.773909 0.439674 0.220412 0.654848 0.035587 0.693597 0.007342 0.699725
3590.130377 0.439678 0.220412 0.654848 0.035587 0.693597 0.007342 0.699727
3640.174847 0.439681 0.220412 0.654848 0.035587 0.693597 0.007342 0.699728
3690.916911 0.439684 0.220412 0.654848 0.035587 0.693598 0.007342 0.699729
3742.366291 0.439688 0.220412 0.654848 0.035587 0.693598 0.007342 0.699730
3794.532847 0.439691 0.220412 0.654848 0.035587 0.693598 0.007342 0.699731
3847.426577 0.439694 0.220412 0.654848 0.035587 0.693598 0.007342 0.699732
3901.057617 0.439697 0.220413 0.654848 0.035587 0.693598 0.007342 0.699733
3955.436245 0.439701 0.220413 0.654848 0.035587 0.693598 0.007343 0.699734
4010.572881 0.439704 0.220413 0.654848 0.035587 0.693598 0.007343 0.699735
4066.478092 0.439707 0.220413 0.654849 0.035587 0.693598 0.007343 0.699736
4123.162591 0.439710 0.220413 0.654849 0.035587 0.693598 0.007343 0.699737
4180.637241 0.439713 0.220413 0.654849 0.035587 0.693598 0.007343 0.699737
4238.913057 0.439716 0.220413 0.654849 0.035587 0.693598 0.007343 0.699738
4298.001206 0.439718 0.220413 0.654849 0.035587 0.693598 0.007343 0.699739
4357.913012 0.439721 0.220414 0.654849 0.035587 0.693598 0.007343 0.699740
4418.659956 0.439724 0.220414 0.654849 0.035587 0.693598 0.007343 0.699741
4480.253680 0.439727 0.220414 0.654849 0.035587 0.693598 0.007343 0.699742
4542.705986 0.439729 0.220414 0.654849 0.035587 0.693598 0.007343 0.699742
4606.028844 0.439732 0.220414 0.654849 0.035587 0.693598 0.007343 0.699743
4670.234388 0.439735 0.220414 0.654849 0.035587 0.693598 0.007343 0.699744
4735.334923 0.439737 0.220414 0.654849 0.035587 0.693599 0.007343 0.699745
4801.342924 0.439740 0.220414 0.654849 0.035587 0.693599 0.007343 0.699746
4868.271040 0.439742 0.220414 0.654849 0.035587 0.693599 0.007343 0.699746
4936.132098 0.439745 0.220415 0.654849 0.035587 0.693599 0.007343 0.699747
5004.939103 0.439747 0.220415 0.654849 0.035587 0.693599 0.007343 0.699748
5074.705239 0.439750 0.220415 0.654849 0.035587 0.693599 0.007343 0.699748
5145.443878 0.439752 0.220415 0.654849 0.035587 0.693599 0.007343 0.699749
5217.168576 0.439754 0.220415 0.654850 0.035587 0.693599 0.007343 0.699750
5289.893076 0.439757 0.220415 0.654850 0.035587 0.693599 0.007343 0.699750
5363.631317 0.439759 0.220415 0.654850 0.035587 0.693599 0.007343 0.699751
5438.397428 0.439761 0.220415 0.654850 0.035587 0.693599 0.007343 0.699752
5514.205739 0.439763 0.220415 0.654850 0.035587 0.693599 0.007343 0.699752
5591.070777 0.439765 0.220415 0.654850 0.035587 0.693599 0.007343 0.699753
5669.007271 0.439768 0.220415 0.654850 0.035587 0.693599 0.007343 0.699754
5748.030158 0.439770 0.220415 0.654850 0.035587 0.693599 0.007343 0.699754
5828.154581 0.439772 0.220416 0.654850 0.035587 0.693599 0.007343 0.699755
5909.395895 0.439774 0.220416 0.654850 0.035587 0.693599 0.007343 0.699755
5991.769669 0.439776 0.220416 0.654850 0.035587 0.693599 0.007343 0.699756
6075.291689 0.439778 0.220416 0.654850 0.035587 0.693599 0.007343 0.699756
6159.977960 0.439780 0.220416 0.654850 0.035587 0.693599 0.007343 0.699757
6245.844712 0.439782 0.220416 0.654850 0.035587 0.693599 0.007343 0.699757
6332.908400 0.439784 0.220416 0.654850 0.035587 0.693599 0.007343 0.699758
6421.185709 0.439785 0.220416 0.654850 0.035587 0.693599 0.007343 0.699758
6510.693555 0.439787 0.220416 0.654850 0.035587 0.693599 0.007343 0.699759
6601.449093 0.439789 0.220416 0.654850 0.035587 0.693599 0.007343 0.699759
6693.469713 0.439791 0.220416 0.654850 0.035587 0.693599 0.007343 0.699760
6786.773051 0.439793 0.220416 0.654850 0.035587 0.693599 0.007343 0.699760
6881.376986 0.439794 0.220416 0.654850 0.035587 0.693599 0.007343 0.699761
6977.299650 0.439796 0.220416 0.654850 0.035587 0.693599 0.007344 0.699761
7074.559423 0.439798 0.220416 0.654850 0.035587 0.693599 0.007344 0.699762
7173.174944 0.439799 0.220416 0.654850 0.035587 0.693599 0.007344 0.699762
7273.165113 0.439801 0.220417 0.654850 0.035587 0.693599 0.007344 0.699763
7374.549090 0.439803 0.220417 0.654850 0.035587 0.693599 0.007344 0.699763
7477.346305 0.439804 0.220417 0.654850 0.035587 0.693600 0.007344 0.699763
7581.576458 0.439806 0.220417 0.654850 0.035587 0.693600 0.007344 0.699764
7687.259522 0.439807 0.220417 0.654850 0.035587 0.693600 0.007344 0.699764
7794.415750 0.439809 0.220417 0.654850 0.035587 0.693600 0.007344 0.699765
7903.065679 0.439810 0.220417 0.654850 0.035587 0.693600 0.007344 0.699765
8013.230128 0.439812 0.220417 0.654851 0.035587 0.693600 0.007344 0.699765
8124.930211 0.439813 0.220417 0.654851 0.035587 0.693600 0.007344 0.699766
8238.187331 0.439815 0.220417 0.654851 0.035587 0.693600 0.007344 0.699766
8353.023195 0.439816 0.220417 0.654851 0.035587 0.693600 0.007344 0.699766
8469.459808 0.439818 0.220417 0.654851 0.035587 0.693600 0.007344 0.699767
8587.519485 0.439819 0.220417 0.654851 0.035587 0.693600 0.007344 0.699767
8707.224849 0.439820 0.220417 0.654851 0.035587 0.693600 0.007344 0.699767
8828.598841 0.439822 0.220417 0.654851 0.035587 0.693600 0.007344 0.699768
8951.664721 0.439823 0.220417 0.654851 0.035587 0.693600 0.007344 0.699768
9076.446073 0.439824 0.220417 0.654851 0.035587 0.693600 0.007344 0.699768
9202.966809 0.439825 0.220417 0.654851 0.035587 0.693600 0.007344 0.699769
9331.251175 0.439827 0.220417 0.654851 0.035587 0.693600 0.007344 0.699769
9461.323756 0.439828 0.220417 0.654851 0.035587 0.693600 0.007344 0.699769
9593.209478 0.439829 0.220417 0.654851 0.035587 0.693600 0.007344 0.699770
9726.933615 0.439830 0.220417 0.654851 0.035587 0.693600 0.007344 0.699770
9862.521795 0.439832 0.220417 0.654851 0.035587 0.693600 0.007344 0.699770
10000.000000 0.439833 0.220418 0.654851 0.035587 0.693600 0.007344 0.699771
