10.000000 -0.396648 -1.319289 0.208639 -1.823750 0.672699 -1.970416 0.956081
10.139395 -0.397941 -1.327426 0.204807 -1.830721 0.670831 -2.242448 0.955559
10.280732 -0.405241 -1.336332 0.201026 -1.837708 0.668941 -2.242448 0.955028
10.424040 -0.419306 -1.357157 0.197213 -1.844710 0.667029 -2.242448 0.954489
10.569346 -0.422747 -1.362670 0.194183 -1.851727 0.665096 -2.242448 0.953942
10.716676 -0.425121 -1.399284 0.191617 -1.880920 0.663141 -2.242448 0.953388
10.866061 -0.428760 -1.406110 0.189793 -1.887275 0.661164 -2.242448 0.952824
11.017528 -0.431811 -1.423521 0.184966 -1.895904 0.659165 -2.242448 0.952257
11.171107 -0.434892 -1.432832 0.180110 -1.918922 0.657143 -2.242590 0.951677
11.326826 -0.443928 -1.436406 0.173661 -1.950038 0.655099 -2.246264 0.951092
11.484715 -0.451292 -1.439223 0.169623 -1.961248 0.653032 -2.246264 0.950498
11.644806 -0.457565 -1.438132 0.165373 -1.963392 0.650942 -2.246264 0.949898
11.807128 -0.464764 -1.446819 0.160040 -1.963392 0.648829 -2.246264 0.949285
11.971713 -0.471502 -1.435852 0.155943 -1.963392 0.646693 -2.246264 0.948668
12.138593 -0.475943 -1.444745 0.153167 -1.980778 0.644534 -2.246264 0.948039
12.307798 -0.480415 -1.450451 0.152128 -2.002496 0.642350 -2.246264 0.947405
12.479362 -0.484628 -1.470872 0.144718 -2.012936 0.640143 -2.246264 0.946760
12.653318 -0.489451 -1.516369 0.136055 -2.123797 0.637912 -2.257950 0.946105
12.829698 -0.497214 -1.538369 0.134983 -2.194943 0.635657 -2.266753 0.945442
13.008537 -0.507908 -1.600801 0.129292 -2.215368 0.633377 -2.266753 0.944770
13.189869 -0.514710 -1.625420 0.121601 -2.218219 0.631073 -2.266753 0.944088
13.373729 -0.516085 -1.657768 0.117057 -2.220533 0.628744 -2.266753 0.943397
13.560151 -0.523673 -1.729844 0.114604 -2.230246 0.626390 -2.266753 0.942694
13.749172 -0.530132 -1.737597 0.114195 -2.230854 0.624036 -2.266753 0.941985
13.940828 -0.541240 -1.751851 0.109049 -2.230854 0.623725 -2.266753 0.941264
14.135156 -0.546553 -1.776306 0.104304 -2.231260 0.623718 -2.266753 0.940534
14.332192 -0.550675 -1.783656 0.099794 -2.231260 0.620991 -2.266753 0.939793
14.531975 -0.555417 -1.789395 0.094674 -2.231260 0.618237 -2.266753 0.939041
14.734543 -0.561516 -1.794220 0.088530 -2.231260 0.615455 -2.266753 0.938280
14.939935 -0.571381 -1.819100 0.086079 -2.231260 0.614381 -2.266753 0.937508
15.148189 -0.590491 -1.830534 0.081444 -2.231507 0.614075 -2.266753 0.936725
15.359347 -0.613335 -1.871322 0.076779 -2.232572 0.613916 -2.266753 0.935929
15.573448 -0.636853 -1.911252 0.072655 -2.234869 0.613754 -2.274245 0.935124
15.790533 -0.643749 -1.930065 0.068930 -2.234869 0.613732 -2.293681 0.934309
16.010645 -0.650491 -1.940439 0.058383 -2.234869 0.613420 -2.312675 0.933481
16.233824 -0.660866 -1.940487 0.051867 -2.234869 0.613386 -2.331212 0.932641
16.460115 -0.678482 -1.954019 0.046193 -2.234869 0.613071 -2.349277 0.931791
16.689560 -0.689568 -1.961248 0.039438 -2.234869 0.613026 -2.366858 0.930928
16.922204 -0.694404 -1.963392 0.034484 -2.234869 0.612840 -2.383942 0.930054
17.158090 -0.708770 -1.981441 0.029497 -2.235000 0.612650 -2.400515 0.929166
17.397264 -0.710539 -1.988666 0.024477 -2.242167 0.612456 -2.416568 0.928267
17.639773 -0.721026 -1.997254 0.019423 -2.242167 0.612129 -2.432090 0.927355
17.885662 -0.722433 -1.998119 0.014600 -2.242448 0.612054 -2.447072 0.926430
18.134978 -0.737660 -1.998119 0.009398 -2.243123 0.611847 -2.461506 0.925491
18.387770 -0.744981 -2.000746 0.004169 -2.243123 0.611513 -2.475385 0.924540
18.644085 -0.751545 -2.012852 -0.001089 -2.244247 0.611419 -2.488703 0.923576
18.903974 -0.770842 -2.022013 -0.007312 -2.246264 0.611079 -2.501457 0.922600
19.167485 -0.773535 -2.022013 -0.011687 -2.246264 0.610973 -2.513641 0.921608
19.434669 -0.780741 -2.022591 -0.017028 -2.247592 0.610742 -2.525255 0.920604
19.705578 -0.785696 -2.022591 -0.022395 -2.247592 0.608909 -2.536298 0.919585
19.980263 -0.795272 -2.027826 -0.030840 -2.250206 0.605231 -2.546771 0.918551
20.258777 -0.807116 -2.030251 -0.037626 -2.249011 0.601496 -2.416325 0.917503
20.541173 -0.813240 -2.034575 -0.043075 -2.249011 0.597702 -2.378714 0.916441
20.827506 -0.815539 -2.037757 -0.047247 -2.249011 0.593848 -2.389974 0.915362
21.117830 -0.824774 -2.039945 -0.049631 -2.250651 0.589933 -2.400721 0.914271
21.412202 -0.836638 -2.046901 -0.055157 -2.254269 0.585955 -2.410958 0.913162
21.710676 -0.842661 -2.047007 -0.060708 -2.254308 0.581914 -2.422537 0.912040
22.013311 -0.848757 -2.052417 -0.070810 -2.255094 0.577809 -2.435268 0.910901
22.320165 -0.862850 -2.059429 -0.073950 -2.255094 0.573639 -2.447512 0.909746
22.631296 -0.875876 -2.061027 -0.076464 -2.255094 0.569401 -2.459266 0.908575
22.946764 -0.881543 -2.061405 -0.077304 -2.255094 0.565096 -2.470528 0.907387
23.266629 -0.887233 -2.071103 -0.079099 -2.255094 0.560721 -2.481296 0.906183
23.590953 -0.892943 -2.071857 -0.082566 -2.257950 0.556276 -2.491570 0.904961
23.919798 -0.898675 -2.077385 -0.088152 -2.266096 0.551759 -2.501352 0.903724
24.253227 -0.914256 -2.077552 -0.095149 -2.268250 0.547169 -2.510644 0.902467
24.591304 -0.920230 -2.087764 -0.100866 -2.274644 0.542505 -2.519449 0.901195
24.934094 -0.926209 -2.092975 -0.106610 -2.281010 0.537765 -2.529470 0.899903
25.281661 -0.932191 -2.092975 -0.112380 -2.287346 0.532948 -2.541562 0.898594
25.634074 -0.938176 -2.092975 -0.122944 -2.293654 0.528052 -2.553055 0.897266
25.991399 -0.942081 -2.092975 -0.128595 -2.299931 0.523076 -2.563948 0.895920
26.353705 -0.952328 -2.097023 -0.131656 -2.306977 0.518019 -2.574244 0.894554
26.721062 -0.957768 -2.099553 -0.135725 -2.312899 0.512878 -2.583945 0.893169
27.093539 -0.957756 -2.105816 -0.142829 -2.318756 0.507653 -2.593056 0.891766
27.471208 -0.965961 -2.106059 -0.150097 -2.324739 0.502350 -2.605964 0.890342
27.854142 -0.967500 -2.101506 -0.162332 -2.330865 0.498529 -2.619169 0.888898
28.242413 -0.979310 -2.103372 -0.170437 -2.321153 0.494677 -2.631722 0.887433
28.636097 -0.982344 -2.102032 -0.173368 -2.321619 0.490796 -2.623934 0.885949
29.035269 -0.992092 -2.107781 -0.176333 -2.327179 0.486883 -2.630556 0.884443
29.440005 -1.001656 -2.115092 -0.179332 -2.336971 0.482940 -2.636632 0.882916
29.850382 -1.020282 -2.118373 -0.183654 -2.348411 0.478967 -2.648734 0.881366
30.266481 -1.038898 -2.118441 -0.189758 -2.343595 0.473370 -2.667225 0.879797
30.688379 -1.041264 -2.122795 -0.197088 -2.341982 0.467329 -2.685077 0.878204
31.116158 -1.057715 -2.123797 -0.199174 -2.348252 0.461654 -2.701267 0.876588
31.549901 -1.060924 -2.129091 -0.204992 -2.352580 0.460519 -2.715888 0.874950
31.989689 -1.067579 -2.129091 -0.211076 -2.355855 0.456692 -2.715363 0.873288
32.435608 -1.078696 -2.136551 -0.217181 -2.355091 0.448972 -2.610212 0.871604
32.887743 -1.090866 -2.136682 -0.223307 -2.358574 0.441251 -2.614583 0.869895
33.346180 -1.103284 -2.141296 -0.228864 -2.364840 0.434609 -2.618560 0.868162
33.811008 -1.119588 -2.148220 -0.235257 -2.364356 0.427854 -2.622160 0.866404
34.282315 -1.130253 -2.151069 -0.241816 -2.362886 0.423233 -2.600157 0.864622
34.760192 -1.148701 -2.159641 -0.248028 -2.367518 0.421585 -2.603128 0.862813
35.244730 -1.151951 -2.165596 -0.254260 -2.370777 0.419901 -2.605821 0.860979
35.736022 -1.153904 -2.165596 -0.260514 -2.381552 0.418179 -2.608251 0.859120
36.234163 -1.157898 -2.169890 -0.266789 -2.389678 0.416419 -2.610436 0.857234
36.739248 -1.160407 -2.176689 -0.269251 -2.403902 0.414619 -2.612392 0.855321
37.251373 -1.163548 -2.177754 -0.270944 -2.413204 0.411275 -2.614136 0.853381
37.770637 -1.174283 -2.185154 -0.272660 -2.403581 0.406790 -2.615684 0.851412
38.297139 -1.177672 -2.188387 -0.274400 -2.408413 0.402277 -2.601378 0.849416
38.830980 -1.172659 -2.189468 -0.278487 -2.413235 0.397983 -2.602794 0.847391
39.372263 -1.174885 -2.192696 -0.283185 -2.418050 0.395254 -2.604069 0.845337
39.921091 -1.183929 -2.194050 -0.287913 -2.422858 0.392463 -2.605220 0.843254
40.477570 -1.186390 -2.194871 -0.292671 -2.427660 0.389606 -2.606261 0.841142
41.041805 -1.189441 -2.194943 -0.297461 -2.435852 0.386060 -2.607208 0.838998
41.613906 -1.197623 -2.195819 -0.301345 -2.447564 0.377517 -2.608077 0.836824
42.193981 -1.198891 -2.195862 -0.302852 -2.458630 0.370180 -2.608882 0.834619
42.782142 -1.201321 -2.196264 -0.304379 -2.465311 0.368019 -2.609638 0.832381
43.378502 -1.205999 -2.195862 -0.308992 -2.470317 0.365814 -2.610357 0.830113
43.983175 -1.206090 -2.195862 -0.318922 -2.479304 0.363564 -2.611053 0.827810
44.596276 -1.216964 -2.195862 -0.328808 -2.485890 0.361256 -2.613628 0.825476
45.217924 -1.222270 -2.195862 -0.338007 -2.490760 0.358888 -2.625445 0.823107
45.848238 -1.234080 -2.196264 -0.347295 -2.495617 0.356476 -2.625921 0.820704
46.487337 -1.237617 -2.196757 -0.356675 -2.502351 0.353998 -2.626423 0.818266
47.135345 -1.250685 -2.195862 -0.366148 -2.507739 0.351467 -2.630361 0.815793
47.792386 -1.259214 -2.196264 -0.375718 -2.513824 0.348877 -2.637588 0.813284
48.458586 -1.270071 -2.196264 -0.379322 -2.519075 0.344044 -2.644476 0.810739
49.134073 -1.276635 -2.196757 -0.381053 -2.530363 0.338875 -2.651027 0.808156
49.818975 -1.285564 -2.196757 -0.388708 -2.537220 0.333682 -2.657244 0.805536
50.513425 -1.290013 -2.196757 -0.390325 -2.533938 0.328464 -2.663131 0.802878
51.217554 -1.296595 -2.197047 -0.391963 -2.542127 0.323222 -2.668693 0.800181
51.931499 -1.298449 -2.198616 -0.399906 -2.548213 0.317955 -2.673934 0.797445
52.655396 -1.303002 -2.196770 -0.410064 -2.553787 0.312665 -2.678860 0.794669
53.389384 -1.312596 -2.198616 -0.420423 -2.553616 0.307351 -2.689613 0.791851
54.133603 -1.319939 -2.198616 -0.429071 -2.560363 0.302014 -2.707787 0.788993
54.888196 -1.324911 -2.199872 -0.430749 -2.570139 0.296654 -2.725238 0.786093
55.653308 -1.331254 -2.199872 -0.432781 -2.574656 0.291270 -2.741953 0.783151
56.429085 -1.338527 -2.199872 -0.434533 -2.579149 0.285865 -2.757919 0.780165
57.215676 -1.345645 -2.199872 -0.436309 -2.584154 0.280437 -2.773124 0.777134
58.013231 -1.352608 -2.199872 -0.438111 -2.588612 0.274988 -2.787560 0.774060
58.821904 -1.358456 -2.199872 -0.439936 -2.592471 0.269516 -2.795227 0.770939
59.641849 -1.364708 -2.199872 -0.441789 -2.596857 0.264024 -2.800528 0.767773
60.473224 -1.369866 -2.200130 -0.443874 -2.601216 0.258510 -2.805469 0.764559
61.316188 -1.375613 -2.200130 -0.450537 -2.605546 0.252976 -2.810232 0.761298
62.170903 -1.383892 -2.200130 -0.470391 -2.606943 0.245371 -2.820506 0.757988
63.037532 -1.390698 -2.200130 -0.472423 -2.608068 0.239521 -2.829974 0.754630
63.916241 -1.397013 -2.200130 -0.474483 -2.612404 0.233543 -2.838641 0.751220
64.807198 -1.402750 -2.200121 -0.478016 -2.616704 0.227427 -2.846516 0.747760
65.710575 -1.408342 -2.199872 -0.485099 -2.622675 0.221177 -2.853608 0.744248
66.626545 -1.430930 -2.199872 -0.492270 -2.631205 0.166435 -2.859930 0.740684
67.555283 -1.452861 -2.199872 -0.540296 -2.636158 0.075153 -2.865494 0.598344
68.496967 -1.452269 -2.199872 -0.546288 -2.645481 0.074457 -2.871606 0.594936
69.451778 -1.469400 -2.199872 -0.552285 -2.652608 0.073736 -2.878211 0.591483
70.419898 -1.487834 -2.200121 -0.570378 -2.662354 0.073019 -2.884048 0.587982
71.401513 -1.508131 -2.199584 -0.578143 -2.668499 0.072277 -2.889132 0.584434
72.396811 -1.514378 -2.199826 -0.589865 -2.675944 0.069906 -2.893482 0.580838
73.405984 -1.520644 -2.199872 -0.596521 -2.683747 0.069152 -2.897114 0.577193
74.429223 -1.527981 -2.200130 -0.610449 -2.689371 0.068387 -2.900051 0.573498
75.466726 -1.533228 -2.199826 -0.616722 -2.691615 0.067611 -2.902313 0.569752
76.518692 -1.556122 -2.199826 -0.626774 -2.696580 0.066822 -2.903927 0.565956
77.585321 -1.574465 -2.199826 -0.639148 -2.704685 0.066023 -2.904917 0.562107
78.666818 -1.591310 -2.199872 -0.644669 -2.709428 0.065211 -2.905312 0.558206
79.763391 -1.626781 -2.199826 -0.664960 -2.717565 0.063352 -2.905139 0.554252
80.875249 -1.644771 -2.198616 -0.685590 -2.722472 0.057425 -2.908713 0.515377
82.002606 -1.649167 -2.198616 -0.702879 -2.726440 0.030038 -2.908615 0.507452
83.145678 -1.661586 -2.196770 -0.715871 -2.728950 0.029217 -2.905804 0.504698
84.304684 -1.666033 -2.195862 -0.724815 -2.731320 0.028384 -2.902651 0.501875
85.479845 -1.681036 -2.195862 -0.745006 -2.731966 0.027538 -2.899189 0.498984
86.671388 -1.685797 -2.195819 -0.752700 -2.732369 0.026679 -2.895453 0.495994
87.879540 -1.741861 -2.194943 -0.780496 -2.719032 0.025100 -2.891825 0.492959
89.104533 -1.748721 -2.194943 -0.799577 -2.705809 0.024212 -2.901338 0.489874
90.346602 -1.753187 -2.194871 -0.808816 -2.709265 0.023310 -2.909976 0.486686
91.605985 -1.760473 -2.194871 -0.824989 -2.707713 0.022388 -2.915430 0.483396
92.882923 -1.766637 -2.192696 -0.834780 -2.711150 0.021457 -2.917673 0.480051
94.177660 -1.779071 -2.192696 -0.844506 -2.714553 0.013931 -2.922257 0.476648
95.490446 -1.785895 -2.194830 -0.851916 -2.717923 0.002886 -2.926111 0.473113
96.821531 -1.788258 -2.194830 -0.864512 -2.718696 -0.008370 -2.929255 0.469517
98.171170 -1.805931 -2.194871 -0.874706 -2.724564 -0.019840 -2.931710 0.465855
99.539623 -1.810099 -2.194871 -0.882913 -2.727834 -0.031527 -2.933497 0.462081
100.927151 -1.840437 -2.194943 -0.888965 -2.728585 -0.038883 -2.934643 0.458192
102.334021 -1.846371 -2.194943 -0.896390 -2.729451 -0.044983 -2.935172 0.454255
103.760502 -1.852282 -2.194943 -0.910456 -2.732655 -0.051092 -2.935113 0.450199
105.206867 -1.907401 -2.194943 -0.914774 -2.735031 -0.057209 -2.934495 0.446044
106.673394 -1.928015 -2.194943 -0.919071 -2.729361 -0.063335 -2.933347 0.441768
108.160363 -1.933945 -2.195819 -0.923347 -2.732514 -0.069468 -2.931702 0.437432
109.668060 -1.935201 -2.195819 -0.934971 -2.735641 -0.075610 -2.929592 0.432971
111.196773 -1.942985 -2.195819 -0.958402 -2.725521 -0.081760 -2.927050 0.428401
112.746796 -1.953026 -2.195819 -0.963425 -2.722545 -0.087918 -2.924109 0.423703
114.318425 -1.958862 -2.195862 -0.967956 -2.719615 -0.094084 -2.920805 0.418932
115.911962 -1.965028 -2.196757 -0.972585 -2.721374 -0.100258 -2.927573 0.414027
117.527712 -1.969021 -2.196757 -0.977273 -2.724677 -0.106440 -2.934447 0.408987
119.165984 -1.973037 -2.196757 -0.981943 -2.652467 -0.112631 -2.945540 0.403865
120.827094 -1.978964 -2.196770 -0.986592 -2.654838 -0.118829 -2.955814 0.398585
122.511358 -1.978964 -2.197822 -0.991271 -2.652943 -0.125035 -2.965266 0.393217
124.219100 -1.984385 -2.197897 -0.994098 -2.653399 -0.131250 -2.973899 0.387686
125.950646 -1.985819 -2.198616 -0.998675 -2.657193 -0.137473 -2.981072 0.382044
127.706330 -1.988828 -2.198841 -1.005004 -2.660972 -0.143704 -2.987169 0.376270
129.486487 -1.989671 -2.198841 -1.009561 -2.659650 -0.149944 -2.992481 0.370378
131.291459 -1.992315 -2.198841 -1.014143 -2.562618 -0.156193 -2.997022 0.364332
133.121590 -1.993011 -2.199826 -1.020564 -2.567179 -0.162451 -3.000806 0.358146
134.977233 -1.995585 -2.200130 -1.026647 -2.571722 -0.168718 -3.003851 0.351817
136.858742 -1.998119 -2.199872 -1.033024 -2.576247 -0.174994 -3.006175 0.345343
138.766479 -1.998962 -2.199826 -1.049888 -2.580750 -0.184604 -3.007800 0.338704
140.700809 -1.999449 -2.198616 -1.055672 -2.399591 -0.198735 -3.008749 0.331947
142.662102 -2.000736 -2.198616 -1.063653 -2.401464 -0.213097 -3.009046 0.325004
144.650734 -2.000746 -2.198346 -1.069462 -2.387756 -0.227688 -3.008718 0.317921
146.667087 -2.002198 -2.197897 -1.075260 -2.374129 -0.239351 -3.007793 0.310678
148.711546 -2.003371 -2.197897 -1.081046 -2.377088 -0.251747 -3.006301 0.303288
150.784505 -2.005820 -2.198346 -1.086821 -2.380215 -0.266393 -3.004273 0.295718
152.886359 -2.005945 -2.198346 -1.104241 -2.383510 -0.273441 -3.001739 0.287981
155.017512 -2.010037 -2.198616 -1.125883 -2.386973 -0.279225 -2.998735 0.280057
157.178372 -2.010037 -2.198346 -1.154608 -2.377860 -0.285024 -2.995293 0.271991
159.369353 -2.010385 -2.197691 -1.160317 -2.383676 -0.290838 -2.991449 0.263718
161.590875 -2.010012 -2.196811 -1.167070 -2.369383 -0.296665 -2.987237 0.255296
163.843365 -2.010661 -2.196811 -1.174164 -2.369447 -0.302505 -2.982693 0.246664
166.127252 -2.010661 -2.196870 -1.181198 -2.369447 -0.308359 -2.977852 0.237875
168.442976 -2.014739 -2.197897 -1.213285 -2.369447 -0.314225 -2.972750 0.228871
170.790980 -2.020065 -2.198346 -1.230937 -2.369447 -0.355463 -2.967423 0.219691
173.171713 -2.020597 -2.198346 -1.236250 -2.385841 -0.361824 -2.961905 0.210319
175.585633 -2.020597 -2.198346 -1.241742 -2.369447 -0.368200 -2.956230 0.200752
178.033202 -2.022013 -2.198616 -1.277891 -2.369447 -0.417342 -2.950433 0.190987
180.514888 -2.022087 -2.198616 -1.282150 -2.372912 -0.434654 -2.944546 0.181033
183.031168 -2.022591 -2.198841 -1.294785 -2.378830 -0.452165 -2.938602 0.170866
185.582523 -2.025551 -2.199826 -1.311960 -2.384696 -0.469872 -2.932630 0.160493
188.169442 -2.026572 -2.199826 -1.318530 -2.385841 -0.487771 -2.926659 0.149913
190.792422 -2.026572 -2.198841 -1.327342 -2.385841 -0.505856 -2.920719 0.139123
193.451965 -2.026572 -2.198841 -1.336219 -2.385841 -0.542689 -2.847056 0.128111
196.148581 -2.026572 -2.198616 -1.345165 -2.386994 -0.550788 -2.842705 0.116897
198.882786 -2.026572 -2.198346 -1.353194 -2.385841 -0.561178 -2.844699 0.105465
201.655104 -2.027811 -2.198346 -1.359769 -2.369447 -0.577263 -2.846670 0.093818
204.466067 -2.026609 -2.198346 -1.366433 -2.367989 -0.585627 -2.848619 0.081962
207.316213 -2.028649 -2.197691 -1.375115 -2.365715 -0.594075 -2.850544 0.069873
210.206088 -2.030959 -2.197477 -1.384441 -2.363365 -0.602611 -2.852447 0.057564
213.136247 -2.031128 -2.197691 -1.390757 -2.363365 -0.615836 -2.854328 0.045020
216.107251 -2.032233 -2.196870 -1.396844 -2.363365 -0.632256 -2.856187 0.032272
219.119669 -2.033153 -2.197477 -1.405967 -2.363365 -0.638196 -2.858024 0.019288
222.174078 -2.034236 -2.196811 -1.412088 -2.314307 -0.644145 -2.859839 0.006078
225.271064 -2.035729 -2.196811 -1.418279 -2.323761 -0.650103 -2.861632 -0.007370
228.411221 -2.037127 -2.197477 -1.427949 -2.347818 -0.656070 -2.863405 -0.021025
231.595149 -2.038435 -2.197897 -1.444615 -2.347818 -0.736214 -2.865156 -0.034927
234.823460 -2.037758 -2.197897 -1.448514 -2.327548 -0.743829 -2.802547 -0.049038
238.096772 -2.039399 -2.198346 -1.470421 -2.335021 -0.799070 -2.804997 -0.061158
241.415712 -2.039543 -2.198616 -1.474182 -2.341151 -0.806012 -2.807420 -0.063882
244.780916 -2.043349 -2.201010 -1.492651 -2.347253 -0.818552 -2.809816 -0.066656
248.193029 -2.044022 -2.201068 -1.500114 -2.353325 -0.828261 -2.812185 -0.069477
251.652705 -2.044267 -2.201068 -1.508976 -2.359368 -0.850456 -2.660274 -0.072865
255.160607 -2.044267 -2.201754 -1.516101 -2.363365 -0.858329 -2.666109 -0.075895
258.717408 -2.044621 -2.201754 -1.522034 -2.363714 -0.866318 -2.611699 -0.078978
262.323788 -2.045173 -2.201754 -1.530049 -2.365715 -0.874425 -2.640663 -0.082114
265.980440 -2.047007 -2.201047 -1.538198 -2.365715 -0.882653 -2.669579 -0.085301
269.688063 -2.049831 -2.202652 -1.567517 -2.368673 -0.904557 -2.698425 -0.202621
273.447368 -2.051883 -2.202341 -1.575401 -2.368673 -0.913247 -2.570820 -0.219172
277.259076 -2.052915 -2.202340 -1.581092 -2.368673 -0.924012 -2.580854 -0.235946
281.123917 -2.056470 -2.202652 -1.595077 -2.368673 -0.934967 -2.608790 -0.252917
285.042632 -2.056881 -2.202652 -1.603598 -2.368673 -0.946119 -2.636718 -0.270088
289.015972 -2.060336 -2.204948 -1.619619 -2.368673 -0.957472 -2.664616 -0.287448
293.044698 -2.061027 -2.209935 -1.643730 -2.368673 -0.969030 -2.692465 -0.305012
297.129582 -2.061052 -2.210492 -1.656877 -2.369447 -0.980798 -2.720243 -0.322756
301.271407 -2.061405 -2.213910 -1.674200 -2.369447 -0.981944 -2.747929 -0.340681
305.470967 -2.066816 -2.218110 -1.702667 -2.369447 -0.986168 -2.775498 -0.358773
309.729067 -2.068535 -2.218943 -1.714222 -2.369447 -0.995848 -2.802928 -0.377040
314.046522 -2.069802 -2.220633 -1.722439 -2.381703 -1.005656 -2.830194 -0.395468
318.424160 -2.073102 -2.224794 -1.783419 -2.390314 -1.015593 -2.857271 -0.414056
322.862820 -2.073876 -2.228815 -1.800773 -2.392082 -1.042919 -2.884135 -0.432779
327.363353 -2.074215 -2.228815 -1.809927 -2.400112 -1.048979 -2.910757 -0.451648
331.926620 -2.074816 -2.229575 -1.831695 -2.405061 -1.055105 -2.937113 -0.470646
336.553498 -2.075752 -2.230072 -1.841676 -2.416155 -1.061300 -2.963174 -0.489765
341.244871 -2.076565 -2.230145 -1.855513 -2.416389 -1.067567 -2.988912 -0.509002
346.001639 -2.077512 -2.230145 -1.861021 -2.416389 -1.078005 -3.014300 -0.528336
350.824714 -2.078507 -2.230199 -1.869650 -2.417042 -1.088884 -3.039309 -0.547757
355.715021 -2.078997 -2.230246 -1.876285 -2.427882 -1.099903 -3.063908 -0.559729
360.673495 -2.080031 -2.230512 -1.883281 -2.429875 -1.111063 -3.088070 -0.567543
365.701088 -2.081963 -2.230547 -1.896755 -2.431931 -1.122365 -3.111764 -0.575430
370.798763 -2.083303 -2.230854 -1.909853 -2.460861 -1.133810 -3.134961 -0.583393
375.967497 -2.083481 -2.231260 -1.917292 -2.466402 -1.145399 -3.157630 -0.591435
381.208280 -2.084259 -2.231507 -1.925526 -2.471897 -1.157133 -3.179742 -0.599557
386.522116 -2.084537 -2.231567 -1.932807 -2.477347 -1.169013 -3.201266 -0.607763
391.910025 -2.085868 -2.231691 -1.933492 -2.481481 -1.181040 -3.222174 -0.616056
397.373038 -2.087888 -2.232571 -1.935201 -2.437793 -1.193214 -3.242435 -0.624439
402.912203 -2.089117 -2.232727 -1.938539 -2.430183 -1.205536 -3.262020 -0.632913
408.528580 -2.090398 -2.233666 -1.941468 -2.435865 -1.218007 -3.280902 -0.641483
414.223247 -2.090879 -2.237230 -1.942139 -2.450298 -1.230627 -3.299051 -0.650151
419.997295 -2.092340 -2.237230 -1.946849 -2.466135 -1.235484 -3.316441 -0.658920
425.851829 -2.092457 -2.237553 -1.950038 -2.481481 -1.239753 -3.333044 -0.667794
431.787973 -2.092975 -2.239907 -1.954019 -2.491324 -1.243877 -3.348836 -0.676775
437.806863 -2.092975 -2.239907 -1.958998 -2.490489 -1.248021 -3.363792 -0.685867
443.909653 -2.094559 -2.242167 -1.961447 -2.491324 -1.252223 -3.377889 -0.695073
450.097513 -2.095054 -2.242394 -1.963392 -2.500331 -1.260669 -3.391106 -0.704397
456.371628 -2.096979 -2.242590 -1.965028 -2.511464 -1.273772 -3.403421 -0.713842
462.733201 -2.097949 -2.242590 -1.965028 -2.515713 -1.287021 -3.380418 -0.723412
469.183451 -2.098013 -2.243123 -1.967644 -2.538619 -1.300419 -3.394170 -0.733110
475.723614 -2.101453 -2.243937 -1.968660 -2.558160 -1.313964 -3.406974 -0.742939
482.354943 -2.105486 -2.244687 -1.968881 -2.576125 -1.327655 -3.418808 -0.752905
489.078709 -2.107205 -2.246264 -1.968971 -2.584318 -1.341492 -3.429656 -0.763009
495.896201 -2.108811 -2.247592 -1.969844 -2.537613 -1.355474 -3.439504 -0.773257
502.808725 -2.111867 -2.249011 -1.969844 -2.537614 -1.369600 -3.448340 -0.783652
509.817606 -2.114297 -2.251688 -1.969844 -2.549516 -1.383867 -3.456152 -0.794198
516.924187 -2.114384 -2.251956 -1.970547 -2.558268 -1.392652 -3.433784 -0.804899
524.129830 -2.118949 -2.254308 -1.971070 -2.564402 -1.401406 -3.436871 -0.815759
531.435916 -2.119854 -2.257950 -1.973176 -2.585441 -1.416221 -3.440472 -0.826783
538.843844 -2.121861 -2.262531 -1.973570 -2.558268 -1.424692 -3.443631 -0.837974
546.355035 -2.125022 -2.266096 -1.974319 -2.578082 -1.431689 -3.445797 -0.849338
553.970928 -2.125126 -2.267306 -1.975342 -2.561907 -1.438813 -3.439463 -0.860877
561.692982 -2.125907 -2.273721 -1.975342 -2.544990 -1.446066 -3.444659 -0.872597
569.522678 -2.127235 -2.280079 -1.975619 -2.549838 -1.453453 -3.450237 -0.884502
577.461515 -2.129568 -2.286344 -1.977545 -2.554648 -1.460976 -3.461912 -0.896597
585.511016 -2.130134 -2.287951 -1.978964 -2.537614 -1.468639 -3.472590 -0.908886
593.672722 -2.131164 -2.290322 -1.978964 -2.511464 -1.477629 -3.480679 -0.921374
601.948197 -2.129599 -2.290768 -1.978964 -2.511464 -1.492912 -3.422665 -0.934064
610.339029 -2.130134 -2.294445 -1.979598 -2.517867 -1.503756 -3.438446 -0.946963
618.846824 -2.132108 -2.298275 -1.980563 -2.522914 -1.511949 -3.453310 -0.960075
627.473213 -2.132108 -2.305199 -1.981150 -2.529444 -1.520299 -3.471788 -0.973404
636.219849 -2.131463 -2.305437 -1.980563 -2.534408 -1.528810 -3.480187 -0.986956
645.088409 -2.131463 -2.307109 -1.981150 -2.537614 -1.537486 -3.507383 -1.000734
654.080591 -2.135296 -2.312552 -1.981350 -2.538349 -1.546330 -3.525908 -1.014745
663.198120 -2.136551 -2.314307 -1.982769 -2.547603 -1.555347 -3.456000 -1.028992
672.442742 -2.135926 -2.314247 -1.982236 -2.537613 -1.564540 -3.481930 -1.043481
681.816229 -2.136490 -2.314247 -1.982236 -2.537614 -1.573913 -3.507058 -1.058216
691.320378 -2.136682 -2.314307 -1.982769 -2.558268 -1.650002 -3.531344 -1.073204
700.957009 -2.136551 -2.315297 -1.984385 -2.558268 -1.654599 -3.554745 -1.088447
710.727970 -2.137029 -2.330934 -1.984646 -2.571890 -1.659256 -3.577222 -1.103952
720.635132 -2.136551 -2.330934 -1.986724 -2.576016 -1.663975 -3.598736 -1.119722
730.680395 -2.139393 -2.337803 -1.989742 -2.588914 -1.731126 -3.619246 -1.135764
740.865683 -2.141296 -2.338917 -1.989909 -2.593416 -1.734030 -3.638715 -1.152082
751.192949 -2.141241 -2.338917 -1.991625 -2.591099 -1.737001 -3.657105 -1.168680
761.664172 -2.141334 -2.339115 -1.992315 -2.596851 -1.740242 -3.674380 -1.185564
772.281357 -2.141296 -2.339045 -1.992522 -2.600032 -1.745673 -3.690506 -1.202739
783.046540 -2.141334 -2.343323 -1.992694 -2.605315 -1.751188 -3.705451 -1.220208
793.961785 -2.141296 -2.345309 -1.992693 -2.615378 -1.756789 -3.719183 -1.237976
805.029181 -2.141334 -2.348712 -1.995565 -2.619443 -1.762480 -3.731673 -1.256049
816.250851 -2.141334 -2.351746 -1.997401 -2.619443 -1.768261 -3.743815 -1.274431
827.628946 -2.141334 -2.355006 -1.997659 -2.620425 -1.787346 -3.758344 -1.293125
839.165644 -2.139393 -2.348770 -1.998328 -2.613472 -1.795931 -3.771587 -1.312137
850.863158 -2.141296 -2.348770 -1.998328 -2.613472 -1.807115 -3.783514 -1.314774
862.723729 -2.141296 -2.353060 -1.998760 -2.613473 -1.815093 -3.795300 -1.315763
874.749630 -2.141334 -2.355006 -1.999639 -2.619443 -1.818925 -3.807514 -1.316594
886.943166 -2.141691 -2.358518 -2.000736 -2.619443 -1.822871 -3.818355 -1.317283
899.306672 -2.141932 -2.362291 -2.002589 -2.619443 -1.826934 -3.827797 -1.317845
911.842520 -2.145122 -2.365715 -2.005527 -2.619443 -1.831114 -3.835822 -1.318297
924.553110 -2.147213 -2.365715 -2.005946 -2.619443 -1.837008 -3.842409 -1.318654
937.440879 -2.147456 -2.367989 -2.006326 -2.622262 -1.854323 -3.847544 -1.318931
950.508296 -2.151168 -2.368673 -2.006326 -2.626148 -1.880696 -3.841553 -1.319142
963.757866 -2.152893 -2.369447 -2.006420 -2.619443 -1.895667 -3.837030 -1.339245
977.192128 -2.153482 -2.369479 -2.006887 -2.619443 -1.902061 -3.840388 -1.361454
990.813657 -2.155760 -2.375441 -2.006888 -2.619443 -1.908504 -3.842301 -1.384018
1004.625062 -2.157090 -2.378174 -2.008639 -2.619443 -1.914995 -3.842768 -1.399509
1018.628990 -2.159358 -2.380087 -2.009549 -2.619443 -1.918241 -3.841792 -1.400808
1032.828126 -2.161194 -2.380087 -2.010013 -2.619443 -1.918241 -3.839384 -1.402200
1047.225190 -2.163474 -2.381703 -2.010037 -2.622663 -1.918241 -3.835560 -1.403693
1061.822941 -2.164471 -2.384450 -2.009549 -2.624693 -1.918241 -3.830336 -1.405290
1076.624177 -2.166369 -2.384450 -2.009549 -2.626148 -1.918241 -3.825746 -1.406996
1091.631734 -2.166548 -2.385842 -2.009549 -2.630009 -1.918711 -3.845180 -1.408814
1106.848489 -2.167093 -2.388001 -2.010038 -2.653586 -1.932807 -3.862983 -1.410748
1122.277356 -2.167511 -2.389633 -2.010037 -2.677444 -1.932923 -3.868333 -1.412799
1137.921294 -2.168680 -2.390233 -2.010385 -2.683537 -1.935056 -3.872238 -1.414970
1153.783300 -2.167601 -2.390232 -2.010037 -2.655316 -1.935056 -3.874691 -1.417262
1169.866413 -2.167960 -2.390233 -2.010385 -2.681769 -1.940440 -3.879074 -1.419678
1186.173716 -2.167961 -2.395289 -2.011671 -2.689987 -1.940440 -3.887818 -1.422215
1202.708335 -2.167961 -2.401220 -2.012072 -2.692517 -1.940440 -3.895114 -1.424875
1219.473437 -2.168681 -2.404794 -2.013296 -2.694928 -1.940487 -3.900942 -1.427658
1236.472235 -2.170265 -2.406351 -2.013296 -2.697228 -1.940487 -3.905287 -1.430562
1253.707987 -2.171449 -2.411790 -2.014350 -2.699422 -1.941468 -3.908139 -1.433587
1271.183997 -2.170957 -2.408094 -2.013725 -2.701520 -1.940487 -3.909491 -1.436732
1288.903612 -2.171449 -2.413274 -2.013725 -2.703530 -1.940488 -3.909343 -1.439994
1306.870230 -2.173161 -2.416390 -2.013725 -2.727294 -1.940487 -3.907697 -1.443372
1325.087292 -2.173161 -2.416389 -2.013725 -2.728522 -1.942383 -3.910763 -1.446863
1343.558290 -2.170957 -2.416390 -2.012072 -2.709100 -1.940470 -3.925939 -1.450467
1362.286764 -2.171121 -2.420003 -2.013296 -2.717136 -1.940470 -3.939730 -1.454179
1381.276303 -2.170957 -2.417043 -2.013296 -2.722368 -1.940440 -3.952100 -1.457998
1400.530545 -2.170957 -2.417042 -2.013296 -2.731623 -1.940440 -3.950173 -1.461920
1420.053182 -2.170957 -2.417042 -2.013296 -2.742182 -1.940440 -3.941462 -1.465942
1439.847953 -2.170956 -2.419029 -2.013296 -2.746742 -1.940470 -3.936315 -1.470063
1459.918652 -2.170956 -2.424209 -2.013295 -2.756700 -1.940470 -3.950076 -1.474279
1480.269127 -2.171121 -2.427883 -2.013296 -2.748889 -1.940470 -3.962423 -1.478587
1500.903276 -2.171121 -2.427883 -2.013296 -2.759272 -1.940470 -3.973323 -1.482982
1521.825053 -2.171121 -2.435099 -2.013296 -2.775091 -1.940470 -3.982741 -1.487466
1543.038469 -2.171120 -2.435098 -2.013725 -2.789377 -1.940470 -3.990653 -1.492031
1564.547589 -2.171121 -2.435099 -2.013725 -2.792311 -1.940470 -3.997030 -1.496453
1586.356534 -2.171121 -2.439675 -2.013725 -2.793134 -1.940470 -4.001857 -1.500902
1608.469483 -2.170957 -2.436543 -2.013296 -2.787584 -1.940440 -4.005110 -1.505441
1630.890676 -2.170957 -2.440497 -2.013295 -2.794629 -1.940440 -4.006787 -1.510067
1653.624407 -2.170957 -2.444319 -2.013296 -2.795316 -1.940440 -4.006871 -1.514776
1676.675035 -2.170957 -2.444709 -2.013296 -2.795970 -1.937823 -4.005366 -1.519566
1700.046975 -2.170957 -2.444709 -2.013296 -2.810200 -1.937822 -4.002274 -1.524434
1723.744708 -2.170957 -2.445710 -2.013296 -2.832279 -1.937823 -3.997604 -1.529377
1747.772774 -2.170957 -2.455260 -2.012072 -2.840526 -1.937823 -3.991371 -1.534391
1772.135779 -2.170957 -2.456197 -2.012072 -2.861090 -1.937823 -3.983597 -1.539474
1796.838391 -2.167601 -2.450488 -2.010037 -2.871938 -1.934022 -3.974310 -1.544626
1821.885343 -2.167601 -2.455988 -2.010037 -2.895934 -1.934022 -3.963538 -1.549839
1847.281437 -2.167601 -2.460504 -2.010037 -2.924162 -1.934022 -3.951328 -1.555115
1873.031539 -2.167511 -2.456059 -2.009549 -2.919666 -1.932923 -3.447920 -1.560451
1899.140582 -2.167511 -2.456197 -2.009549 -2.938203 -1.932923 -3.474015 -1.565843
1925.613572 -2.167511 -2.456197 -2.009549 -2.956869 -1.932923 -3.499315 -1.571168
1952.455581 -2.167601 -2.456197 -2.009549 -2.937644 -1.932923 -3.480523 -1.576479
1979.671753 -2.167511 -2.459229 -2.009454 -2.920107 -1.932807 -3.386617 -1.581858
2007.267304 -2.167511 -2.460668 -2.009454 -2.954646 -1.932807 -3.399596 -1.587299
2035.247521 -2.167511 -2.463979 -2.009454 -2.970574 -1.932807 -3.411718 -1.592801
2063.617768 -2.167510 -2.469393 -2.009454 -2.981509 -1.932807 -3.422965 -1.593862
2092.383480 -2.167601 -2.469441 -2.009454 -2.936616 -1.932807 -3.376148 -1.593861
2121.550171 -2.167601 -2.470018 -2.009454 -2.958934 -1.932806 -3.392857 -1.593862
2151.123430 -2.167960 -2.471421 -2.009549 -2.981249 -1.932923 -3.409016 -1.593861
2181.108924 -2.167601 -2.470113 -2.009549 -3.003545 -1.932922 -3.424603 -1.593862
2211.512400 -2.168680 -2.471421 -2.010037 -2.954526 -1.935056 -3.403836 -1.593862
2242.339683 -2.168680 -2.471421 -2.010385 -2.956934 -1.935201 -3.431171 -1.632801
2273.596682 -2.169143 -2.469442 -2.010660 -2.974074 -1.935201 -3.457804 -1.670016
2305.289387 -2.169712 -2.470113 -2.010660 -2.984766 -1.935201 -3.480676 -1.670016
2337.423871 -2.167960 -2.460668 -2.010037 -2.994710 -1.935055 -3.493002 -1.670016
2370.006292 -2.167960 -2.470113 -2.010037 -3.004569 -1.935055 -3.504603 -1.670016
2403.042894 -2.167601 -2.469441 -2.010012 -3.014333 -1.934021 -3.515457 -1.670016
2436.540009 -2.167600 -2.470113 -2.010012 -3.023995 -1.934022 -3.538554 -1.670016
2470.504055 -2.167093 -2.460668 -2.009453 -3.033543 -1.933492 -3.562567 -1.670016
2504.941542 -2.167092 -2.460668 -2.009454 -3.042968 -1.933492 -3.585674 -1.670016
2539.859069 -2.167092 -2.460668 -2.009454 -3.052258 -1.933492 -3.607833 -1.670016
2575.263327 -2.166994 -2.456197 -2.008639 -3.061404 -1.932923 -3.629004 -1.670016
2611.161101 -2.166588 -2.445710 -2.007617 -3.079082 -1.932807 -3.649146 -1.670016
2647.559271 -2.166547 -2.444708 -2.006887 -3.098888 -1.932807 -3.668223 -1.670016
2684.464811 -2.166369 -2.435098 -2.006888 -3.118684 -1.932807 -3.686193 -1.670016
2721.884795 -2.166368 -2.428726 -2.006495 -3.138454 -1.918240 -3.703026 -1.670016
2759.826392 -2.164471 -2.417042 -2.006495 -3.040283 -1.918240 -3.683418 -1.670016
2798.296876 -2.163473 -2.416389 -2.006420 -3.060714 -1.914467 -3.698107 -1.670016
2837.303617 -2.163473 -2.416389 -2.006419 -3.081197 -1.914466 -3.711706 -1.670017
2876.854090 -2.163474 -2.416389 -2.006420 -3.101717 -1.914466 -3.724188 -1.670016
2916.955876 -2.163167 -2.416389 -2.006419 -3.058803 -1.914467 -3.589708 -1.670016
2957.616659 -2.160569 -2.411789 -2.005945 -3.070937 -1.881446 -3.592864 -1.670016
2998.844231 -2.159357 -2.406129 -2.005945 -3.078978 -1.881446 -3.602312 -1.670016
3040.646493 -2.159357 -2.404945 -2.005945 -2.978086 -1.881446 -3.598741 -1.670016
3083.031457 -2.157509 -2.403154 -2.005820 -2.859280 -1.879046 -3.606759 -1.670016
3126.007243 -2.157090 -2.403153 -2.005820 -2.861010 -1.879045 -3.613918 -1.670016
3169.582089 -2.155760 -2.400111 -2.005527 -2.862726 -1.879046 -3.620201 -1.670016
3213.764344 -2.153663 -2.390430 -2.005527 -2.864431 -1.879046 -3.625591 -1.670016
3258.562476 -2.153663 -2.390430 -2.005527 -2.866123 -1.879046 -3.630080 -1.670016
3303.985070 -2.153051 -2.390232 -2.003371 -2.858742 -1.828164 -3.634581 -1.670016
3350.040830 -2.153051 -2.390232 -2.002589 -2.852715 -1.828164 -3.638281 -1.593862
3396.738582 -2.152893 -2.390232 -2.002198 -2.853901 -1.828164 -3.641057 -1.593862
3444.087276 -2.152045 -2.388001 -2.002198 -2.852560 -1.828163 -3.642907 -1.593862
3492.095985 -2.152045 -2.388002 -2.002198 -2.854301 -1.828164 -3.643825 -1.593861
3540.773909 -2.151545 -2.387186 -2.001697 -2.856035 -1.781410 -3.643812 -1.593862
3590.130377 -2.148265 -2.381703 -1.999638 -2.853599 -1.760616 -3.642865 -1.564842
3640.174847 -2.148220 -2.380086 -1.999638 -2.855460 -1.758026 -3.640998 -1.564842
3690.916911 -2.148220 -2.380086 -1.999638 -2.857300 -1.758026 -3.638210 -1.564842
3742.366291 -2.147131 -2.377012 -1.998961 -2.854918 -1.738354 -3.634518 -1.518598
3794.532847 -2.145436 -2.376780 -1.998961 -2.856770 -1.738354 -3.629931 -1.518598
3847.426577 -2.144932 -2.369447 -1.998863 -2.858600 -1.733168 -3.624468 -1.518598
3901.057617 -2.142575 -2.368673 -1.998759 -2.859145 -1.733168 -3.618150 -1.518598
3955.436245 -2.141691 -2.365716 -1.997659 -2.860080 -1.730662 -3.614948 -1.518598
4010.572881 -2.141335 -2.361692 -1.997401 -2.858742 -1.729441 -3.613558 -1.493829
4066.478092 -2.141295 -2.359092 -1.996964 -2.860548 -1.729442 -3.611272 -1.493829
4123.162591 -2.139395 -2.351590 -1.995585 -2.861966 -1.729442 -3.608098 -1.493829
4180.637241 -2.139059 -2.351172 -1.995586 -2.863736 -1.729442 -3.604050 -1.493830
4238.913057 -2.137695 -2.348713 -1.995565 -2.842770 -1.727879 -3.599144 -1.493830
4298.001206 -2.136490 -2.343324 -1.992523 -2.815095 -1.714156 -3.593395 -1.477907
4357.913012 -2.135927 -2.339910 -1.992316 -2.816745 -1.714157 -3.586831 -1.477908
4418.659956 -2.134575 -2.339046 -1.991626 -2.809101 -1.712141 -3.527459 -1.477907
4480.253680 -2.130135 -2.338557 -1.988913 -2.809193 -1.712142 -3.514286 -1.477907
4542.705986 -2.129091 -2.334409 -1.987180 -2.797156 -1.709811 -3.500658 -1.477908
4606.028844 -2.123940 -2.314428 -1.985189 -2.749665 -1.704398 -3.465041 -1.325429
4670.234388 -2.118950 -2.306370 -1.981151 -2.724792 -1.690262 -3.437342 -1.297868
4735.334923 -2.114881 -2.290769 -1.978964 -2.619444 -1.642460 -3.422540 -1.297869
4801.342924 -2.114298 -2.289401 -1.976600 -2.604439 -1.632792 -3.407564 -1.297868
4868.271040 -2.110768 -2.284694 -1.974320 -2.558269 -1.615976 -2.887147 -1.297869
4936.132098 -2.109170 -2.271725 -1.973038 -2.540133 -1.607896 -2.767765 -1.297869
5004.939103 -2.107835 -2.268442 -1.970547 -2.532776 -1.607896 -2.767765 -1.297868
5074.705239 -2.107834 -2.268442 -1.970548 -2.532776 -1.607896 -2.767765 -1.297868
5145.443878 -2.107835 -2.268442 -1.970548 -2.532776 -1.607896 -2.767765 -1.297869
5217.168576 -2.107835 -2.268441 -1.970547 -2.532775 -1.607896 -2.767765 -1.297868
5289.893076 -2.107834 -2.268441 -1.970547 -2.532775 -1.607896 -2.767765 -1.297868
5363.631317 -2.107834 -2.268442 -1.970547 -2.532775 -1.607896 -2.767765 -1.297869
5438.397428 -2.107835 -2.268442 -1.970548 -2.532775 -1.607896 -2.767765 -1.297869
5514.205739 -2.107834 -2.268442 -1.970547 -2.532776 -1.607896 -2.767764 -1.297868
5591.070777 -2.107834 -2.268443 -1.970548 -2.532775 -1.607896 -2.767765 -1.297868
5669.007271 -2.107835 -2.268443 -1.970547 -2.532776 -1.607896 -2.767765 -1.297868
5748.030158 -2.107834 -2.268441 -1.970548 -2.532776 -1.607895 -2.767764 -1.297869
5828.154581 -2.107834 -2.268441 -1.970547 -2.532776 -1.607897 -2.767764 -1.297868
5909.395895 -2.107834 -2.268441 -1.970547 -2.532776 -1.607896 -2.767765 -1.297870
5991.769669 -2.107834 -2.268442 -1.970547 -2.532775 -1.607896 -2.767764 -1.297869
6075.291689 -2.107834 -2.268443 -1.970547 -2.532776 -1.607896 -2.767765 -1.297869
6159.977960 -2.107834 -2.268442 -1.970548 -2.532776 -1.607897 -2.767764 -1.297869
6245.844712 -2.107834 -2.268442 -1.970547 -2.532777 -1.607896 -2.767764 -1.297869
6332.908400 -2.107835 -2.268442 -1.970547 -2.532776 -1.607896 -2.767765 -1.297869
6421.185709 -2.107833 -2.268443 -1.970547 -2.532776 -1.607896 -2.767765 -1.297869
6510.693555 -2.107834 -2.268441 -1.970547 -2.532776 -1.607897 -2.767765 -1.297868
6601.449093 -2.107835 -2.268442 -1.970546 -2.532776 -1.607896 -2.767765 -1.297868
6693.469713 -2.107834 -2.268441 -1.970547 -2.532776 -1.607896 -2.767766 -1.297868
6786.773051 -2.107835 -2.268443 -1.970548 -2.532776 -1.607896 -2.767765 -1.297869
6881.376986 -2.107834 -2.268442 -1.970547 -2.532774 -1.607896 -2.767765 -1.297869
6977.299650 -2.107834 -2.268442 -1.970547 -2.532776 -1.607897 -2.767765 -1.297868
7074.559423 -2.107834 -2.268442 -1.970547 -2.532776 -1.607896 -2.767765 -1.297868
7173.174944 -2.107834 -2.268443 -1.970547 -2.532776 -1.607896 -2.767764 -1.297869
7273.165113 -2.107834 -2.268442 -1.970547 -2.532775 -1.607896 -2.767764 -1.297869
7374.549090 -2.107833 -2.268441 -1.970547 -2.532776 -1.607896 -2.767765 -1.297869
7477.346305 -2.107834 -2.268443 -1.970547 -2.532776 -1.607897 -2.767765 -1.297870
7581.576458 -2.107833 -2.268443 -1.970547 -2.532774 -1.607897 -2.767765 -1.297869
7687.259522 -2.107834 -2.268442 -1.970547 -2.532776 -1.607897 -2.767765 -1.297868
7794.415750 -2.107834 -2.268442 -1.970547 -2.532775 -1.607896 -2.767764 -1.297869
7903.065679 -2.107834 -2.268441 -1.970547 -2.532775 -1.607896 -2.767765 -1.297869
8013.230128 -2.107833 -2.268441 -1.970547 -2.532776 -1.607896 -2.767765 -1.297869
8124.930211 -2.107836 -2.268441 -1.970547 -2.532774 -1.607897 -2.767765 -1.297869
8238.187331 -2.107836 -2.268442 -1.970547 -2.532775 -1.607896 -2.767765 -1.297869
8353.023195 -2.107833 -2.268441 -1.970547 -2.532776 -1.607896 -2.767765 -1.297869
8469.459808 -2.107834 -2.268443 -1.970547 -2.532776 -1.607896 -2.767765 -1.297869
8587.519485 -2.107834 -2.268443 -1.970547 -2.532774 -1.607896 -2.767765 -1.297868
8707.224849 -2.107834 -2.268442 -1.970547 -2.532775 -1.607897 -2.767765 -1.297869
8828.598841 -2.107834 -2.268442 -1.970547 -2.532775 -1.607896 -2.767764 -1.297868
8951.664721 -2.107834 -2.268442 -1.970547 -2.532777 -1.607896 -2.767764 -1.297870
9076.446073 -2.107834 -2.268443 -1.970547 -2.532777 -1.607897 -2.767765 -1.297870
9202.966809 -2.107834 -2.268441 -1.970547 -2.532776 -1.607896 -2.767765 -1.297870
9331.251175 -2.107834 -2.268443 -1.970547 -2.532776 -1.607896 -2.767765 -1.297869
9461.323756 -2.107834 -2.268441 -1.970548 -2.532776 -1.607896 -2.767766 -1.297869
9593.209478 -2.107834 -2.268442 -1.970548 -2.532774 -1.607896 -2.767764 -1.297868
9726.933615 -2.107834 -2.268443 -1.970546 -2.532776 -1.607895 -2.767766 -1.297869
9862.521795 -2.107834 -2.268441 -1.970547 -2.532775 -1.607897 -2.767765 -1.297868
10000.000000 -2.107833 -2.268442 -1.970547 -2.532776 -1.607897 -2.767765 -1.297869
