7482966142871433.000000 18.490401 0.890479 1917.587621 185.061327 2.125907 3966.682636
70746357802088880.000000 40.947011 1.416626 2343.146927 154.025993 2.347818 10680.936746
209050689914219.687500 57.009583 1.361066 12.536339 34.027596 2.069802 1712.662556
1571924482371187.500000 35.812730 1.244472 1045.601060 1238.390818 2.407549 2875.239308
9085358735287478.000000 50.536647 1.176784 154.451879 15.016535 1.935056 5779.422421
141576848348120.593750 75.190065 -0.125158 16.470052 40.136108 1.966090 1656.516362
39471422684191496.000000 33.406732 0.519125 107.532381 12.266771 2.218331 8235.230013
4448957909936079.000000 61.994903 1.776470 484.312480 88.350930 2.044644 4885.380407
1119662500056057.000000 30.742206 0.756057 57.328628 33.405842 2.201047 2446.856128
1521749732031023616.000000 50.346155 0.771500 2566.223662 15.215102 2.077512 31817.385481
2049370136091882.250000 27.287328 1.902331 1170.790881 2083.502310 2.634791 2885.184779
3403653275320936.000000 43.241396 1.141845 1013.722859 152.813754 2.151168 3954.950620
402708243156497.250000 77.450376 1.614205 132.842579 124.542143 2.226709 2371.895218
1051878784429640.375000 8.496694 0.051691 1871.988291 153.112154 2.005972 1706.798336
422404178102314.937500 78.361290 -0.383024 12.482744 13.060205 2.198616 2419.998022
382871175510153.812500 57.417961 1.920595 18.533624 156.575244 1.974319 2100.565484
176350743299906688.000000 4.255565 1.085989 1350.395601 236.027287 2.402280 8415.456361
452539086574032.062500 78.164213 1.577673 175.993814 149.417381 2.231567 2474.011059
472340215095007.125000 11.877148 -0.177413 1694.175762 67.207635 2.052915 1408.220539
136084125486473968.000000 4.280823 1.124282 1480.490732 268.273802 2.416389 7724.116833
9391120274270688.000000 90.062083 1.428511 2183.259810 300.811286 2.404945 7152.985972
1582908221186898.250000 14.177152 0.997352 548.446630 489.871698 2.537614 2201.821616
131205791815043.578125 80.119499 1.423070 13.046018 29.895465 2.021470 1651.930748
602735364056010752.000000 89.118137 0.942389 743.281296 12.996993 2.244247 28530.236684
534915823302762.937500 76.682303 -0.151114 12.736935 11.973604 2.230246 2598.097214
9180584291824616448.000000 3.886665 0.486778 327.053804 32.226650 2.195862 31118.629526
1101565709249020.375000 11.060977 1.585340 12.686054 810.160923 1.988416 1836.350535
603688161371116.750000 19.677790 1.387807 10.433123 158.823641 2.079726 1744.084798
918381599721892.000000 14.567508 1.858638 134.606482 135.371289 2.198346 1849.273841
1921681979451756.750000 32.468891 1.013438 1371.018301 3725.158439 1.483588 2980.157638
464079597196562.125000 11.708206 -0.190104 1658.360279 67.625280 2.053925 1395.180527
465983564286035.687500 65.837361 1.879744 174.424630 111.628094 2.118949 2351.562876
1610013040853785.250000 7.469503 -0.217646 118.238309 3170.864882 2.014416 1917.566606
332905385014816.500000 45.889546 1.981670 38.204880 139.559717 1.961447 1858.489819
2134180193623492.500000 36.616445 0.997030 1703.712247 4576.727911 1.325428 3206.515979
4546643027564238.000000 62.893578 1.831103 474.436747 87.448888 2.033278 4945.514419
255773057534985.593750 44.010878 1.777886 23.475885 65.357710 2.027811 1678.713891
5498572973404456.000000 23.958614 0.997105 448.685077 76.327364 2.166231 3855.598304
1829740908725812.000000 3.606934 0.802395 531.935328 3146.778241 1.908673 1804.958304
427236307605103.812500 77.049690 -0.376242 13.227989 13.082082 2.196769 2414.648196
773678927012360.375000 28.898706 0.892545 62.422611 37.518156 2.125022 2122.174629
1671235138107823.500000 5.957891 -0.166161 17.067656 4534.963997 1.607896 1865.787487
976271822464069.500000 73.396097 0.170108 359.133617 10.666595 2.164471 3126.145515
194913472965924416.000000 0.266269 -0.482249 47.103209 316.347277 2.390232 12490.094573
502807342308889.437500 49.656474 1.666609 79.261782 46.745734 2.120998 2189.428803
4572502929834233.000000 14.911694 0.686900 1773.495881 176.574086 2.084857 3176.911908
1204352792556960.750000 43.232492 1.258457 29.526050 17.594855 2.165596 2797.140892
985242158205452.375000 13.336176 1.909264 136.027250 139.260000 2.197691 1851.082977
603688161371116.750000 19.677790 1.387807 10.433123 158.823641 2.079726 1744.084798
9180584291824616448.000000 3.886665 0.486778 327.053804 32.226650 2.195862 31118.629526
1071160617561718.250000 20.947430 1.131687 296.558167 316.948728 2.431931 2149.325279
2032940254178262.500000 31.698181 0.996050 1523.394112 3573.738143 1.518598 3013.770059
596323576587353.125000 97.309995 0.762744 468.027672 433.534512 1.968660 2934.911506
531497639932375.125000 16.819090 -0.060230 1126.174392 71.380568 2.063826 1600.698174
416855418481649.437500 78.979108 -0.395667 12.321290 12.771290 2.194943 2416.104147
2639614727574719.500000 59.917020 1.000110 2500.552141 955.192148 2.378174 4056.983776
312054087516993.437500 14.631055 -0.461561 246.835904 20.381599 1.985234 1291.888169
1487248539052114.750000 2.913036 -0.185958 17.473416 1039.370255 2.049080 1659.159383
7456394415342539776.000000 5.158323 0.926975 2633.939144 110.169904 2.195592 30050.179017
1580234516110524.500000 6.599832 -0.107598 10.032698 3556.920780 1.564842 1863.102680
468556769227834.062500 11.853309 -0.178573 1697.430498 67.119251 2.052023 1403.775012
17623127130053384.000000 9.943025 -0.213417 89.153817 21.372168 2.111867 4516.427958
93569517022197.015625 91.398405 1.360106 10.000464 20.224905 2.005820 1547.408185
597028375388444032.000000 89.092449 0.942840 743.090506 13.036296 2.243937 28436.947223
1630349812619269.500000 50.399378 1.099377 796.271863 161.155149 2.071645 3256.855958
1148418301116667.250000 97.582890 1.294255 775.131545 610.668368 2.384449 3655.192981
745071517806026.875000 53.252935 1.450901 244.771411 512.141957 2.006420 2555.885193
29982850095519840.000000 57.942470 1.491250 1795.565254 131.748931 2.183512 9015.018943
9518529392150970368.000000 3.884727 0.488188 332.328806 32.220555 2.195819 31494.298603
918381599721892.000000 14.567508 1.858638 134.606482 135.371289 2.198346 1849.273841
1683286214658420.750000 5.274900 -0.011585 13.263582 4676.001621 1.503475 1835.627153
1325314640992959.750000 6.826795 1.402344 14.006006 934.601749 2.107281 1767.534576
411820102870908.500000 57.546923 0.124260 41.962210 23.851023 2.192696 2153.884930
251682794882714.250000 59.786136 -0.227935 10.436121 90.132452 1.965896 1852.023168
2245973461375536.500000 5.202169 0.906251 470.165778 328.302741 2.229575 2016.803215
214650190747067.250000 69.252996 -0.347168 18.939645 18.970329 2.072777 1848.573398
89935600787896368.000000 0.478839 0.050392 1759.991674 320.722281 2.288916 8003.412021
8410204185850616.000000 59.207680 0.557314 326.821401 13.189029 2.135296 5945.305889
211876689873564.500000 78.539886 -0.066747 12.265440 36.474903 2.082196 1924.355962
418572258974989.875000 50.284830 1.714806 62.189611 41.432911 2.119031 2068.370177
274104683459596.906250 61.687438 1.804225 29.936095 99.866693 1.992315 1926.205910
736859710728576.375000 14.315951 0.867802 26.172378 138.423714 2.092340 1710.706272
277347826155176.125000 61.772840 1.780421 31.496406 102.304593 1.989671 1934.700233
1404508673000905.000000 38.118132 0.328895 2631.911492 126.840273 2.170956 2825.499131
5025633203245281.000000 90.701626 1.302717 1567.422020 244.477557 2.338333 5822.221900
3656814808790701.500000 11.165664 0.148641 741.627354 49.452464 2.043607 2745.407137
112792320325338.937500 83.488655 1.417056 11.693071 28.417384 1.991625 1594.038873
506350653667149.062500 68.522461 1.322800 217.393265 123.932862 2.151545 2451.658565
12701865429527620.000000 48.002898 0.476622 306.318158 12.818255 2.156626 6351.505654
1189320177406074.750000 93.264903 1.676650 257.482491 97.549393 2.269964 3637.794880
7845405104940742656.000000 4.000832 0.509681 338.905007 34.249342 2.200130 29618.084879
37515024855502608.000000 32.823814 0.464410 109.606909 12.027920 2.223461 8051.958277
2553367110626882.000000 21.934106 1.938821 1514.257517 3040.528459 2.628422 2909.486370
5403338736278309.000000 14.865417 1.194141 464.875999 127.545498 2.181132 3356.013866
2128532144696639.000000 5.835408 0.972277 432.608868 310.664197 2.228812 2015.720085
34500511560972952.000000 58.283681 1.490634 1880.809615 130.041260 2.187594 9465.884759
1119343225905431.250000 17.369285 0.635466 419.832232 385.274581 2.355006 2069.768794
646043091312515.000000 70.104107 1.254446 217.453206 107.511179 2.230547 2680.472823
1854567088747445.500000 3.162490 0.659733 631.689602 4584.738404 1.872693 1794.652387
483815365502692.312500 40.839576 -0.302781 60.886226 136.471304 2.094559 2025.634391
345015837853827.250000 97.754243 0.194438 300.491925 38.239441 2.165399 2449.630730
1679380148243784.250000 19.540262 0.351047 2070.113751 2584.586726 1.781410 2448.056552
1705955316886708.000000 13.504445 0.378547 1083.059546 116.176387 2.005945 2229.803668
18867148290860900.000000 56.161819 1.498464 144.087094 15.838803 1.940439 7642.926915
2351606064919023.500000 47.938453 0.678581 2706.239071 3404.267143 2.115460 3618.374088
317213989816782.562500 14.879983 -0.494244 257.488272 18.879442 2.009549 1304.660839
205258390325124.312500 71.236480 -0.300538 18.436537 20.204053 2.071103 1839.392892
1640300678594751.750000 7.086798 1.310985 52.805131 2174.480739 2.137695 1910.647058
474147034456701.250000 77.044824 1.605450 179.505147 163.934924 2.231881 2499.917898
194913472965924416.000000 0.266269 -0.482249 47.103209 316.347277 2.390232 12490.094573
5507903719292821.000000 23.986961 0.996611 448.189888 76.179540 2.166588 3859.128131
21829547673151188.000000 58.132608 1.566524 198.368706 21.572138 1.986296 8119.199143
1760576145693182.500000 4.545595 1.186360 41.092992 3194.097396 2.251249 1826.329738
1169381278384031.000000 77.319720 1.140902 847.143882 737.420969 2.348712 3381.867899
1134302552461410.000000 30.702458 0.756449 57.199942 33.363640 2.201068 2456.484204
1115881626987119.000000 82.051614 1.050086 597.326337 972.372803 2.149240 3400.777743
2153879195628383.000000 48.323894 0.772064 1226.448417 106.593788 2.079530 3523.428486
2272583395306016.000000 45.510146 0.741756 424.787178 30.254101 1.984646 3515.817338
233916389474581.062500 77.492741 0.839193 43.821272 16.286876 2.022591 1979.414142
614240996304910.375000 59.718255 0.397170 448.922440 206.799879 2.161186 2492.515615
506613332197825.812500 22.061127 -0.079841 290.256884 41.014557 2.069359 1699.801249
264209670402718.375000 94.514663 0.942265 11.020067 75.020860 2.047246 2213.865003
28755546157176916.000000 8.055772 -0.444274 117.460869 16.898919 2.130134 5086.614707
204385739412070.531250 87.191594 1.025134 29.274280 14.182207 2.047007 1973.904058
423459736367756.375000 73.307930 -0.056940 19.336916 14.173805 2.204948 2365.402788
4602420165507076.000000 77.614356 1.153351 1897.346889 303.771216 2.390430 5346.719823
1596490741081876.750000 9.064950 0.405664 458.133898 4296.386174 1.704398 1988.125845
234314117406653.406250 84.826017 1.056775 35.851655 15.507606 2.039399 2045.569464
4830892053525879.000000 91.388358 1.104015 1988.306498 273.205037 2.381703 5761.717193
811368028733251.250000 50.978932 1.561868 321.855879 629.850365 1.977123 2590.925780
628208566845797.125000 28.011710 0.200149 154.236992 255.522869 2.067092 1960.981687
382871175510153.812500 57.417961 1.920595 18.533624 156.575244 1.974319 2100.565484
2594374476869826.500000 49.002499 0.984437 299.917068 32.615450 2.003317 3766.490315
1167220742212386.750000 6.846328 1.767813 40.283691 678.355409 2.035497 1695.124773
1604153645302320.250000 50.445404 1.100506 795.910580 162.537542 2.073385 3240.316453
224848078983478.937500 46.442370 1.693881 20.472626 50.170475 2.039852 1637.130856
38960747952590648.000000 33.214932 0.522429 108.368785 12.407406 2.217864 8184.643676
375557695207144.875000 69.441918 1.978618 147.444514 123.955676 2.145124 2229.636873
1228351782532405.750000 72.978340 1.929457 422.501907 1338.363615 1.730662 3368.090111
126788576129997408.000000 5.209408 -0.412253 63.325909 11.113062 1.979598 7738.235655
372618336783825.812500 15.239564 -0.464923 265.534191 20.117023 2.030959 1385.181587
2045006284048243.000000 28.213775 0.509199 2695.310780 3391.643509 1.874068 2912.680809
7482140135553381376.000000 4.056169 0.516746 337.270151 34.496738 2.200121 29196.090521
1152784508483612.750000 80.614602 0.973358 552.272642 1149.106795 2.052055 3416.216465
390832989743172.812500 95.391002 0.221406 10.294800 160.116743 1.988051 2530.970026
1531762215936899.250000 21.130804 0.222909 2392.263077 2394.143744 1.723311 2427.543615
1933328891902946.250000 13.442384 0.369957 2467.493754 2945.117314 1.879046 2322.078227
379937925866475.750000 55.838041 1.988257 20.861748 161.409016 1.970547 2075.242976
2248296274983869.000000 58.304176 0.888244 2221.206219 3313.974671 2.157173 3809.690995
8898589753434159104.000000 4.120743 0.529831 341.821876 35.135833 2.223857 30985.901120
1842075686555138.000000 3.174723 0.693475 587.223165 4119.453509 1.867235 1791.078589
90979965579560368.000000 0.552985 0.021757 1805.181800 291.205012 2.267074 7732.938151
857213861313010.750000 23.514403 0.169669 1381.187974 215.049945 2.141334 2063.661084
1136264687343965.250000 82.939230 1.949939 393.689558 1138.243328 1.720577 3434.563069
1453143070506925.500000 88.129998 1.679550 287.402070 102.531922 2.294478 3810.247730
115987488085741648.000000 4.680123 -0.445496 64.233966 11.343505 1.954019 7403.352260
2271036132015123.500000 43.794451 0.901843 292.215161 31.695989 1.985188 3470.494052
218763477208054.625000 68.197847 -0.305908 10.784127 83.410829 1.942985 1850.310002
128217069295450.953125 76.314173 1.434181 28.116471 34.443580 2.039193 1611.140086
646403039800166.125000 70.105421 1.254423 217.535751 107.498920 2.230512 2680.988217
346528263712259.750000 16.674642 -0.434593 154.851580 20.176339 1.973037 1384.773049
1681188605563230.000000 19.139331 0.338867 2085.268354 2619.624808 1.776877 2434.722980
1527143148800159.750000 85.560531 1.922854 731.373123 1862.508526 1.738354 3832.829425
329831079444824.375000 42.182084 1.686620 36.862635 124.355190 1.987179 1801.801256
194913472965924416.000000 0.266269 -0.482249 47.103209 316.347277 2.390232 12490.094573
13860711238502724.000000 9.403951 -0.064711 95.377582 31.734143 2.139393 4118.407640
2863436225235720.000000 57.471685 1.025638 2627.525098 1106.800982 2.411789 4109.168928
283510723952029.750000 91.542370 1.084299 11.088642 83.404198 2.046812 2240.425441
1655051072486038.000000 54.585857 1.555462 1334.897235 1306.884888 2.248743 3363.072863
5503267995317122048.000000 5.401456 1.037737 12.788169 13.481928 2.231260 27339.097444
1200306217647469.500000 12.610698 0.744820 365.211189 569.498889 2.348770 1949.804709
1620931788450569.500000 69.454581 1.399216 329.773584 64.672119 2.040015 3630.429314
1591003454516259.750000 8.794147 0.712240 46.309044 3862.984336 1.712140 1973.215214
454145584646968.812500 43.098749 1.802898 19.892924 204.232439 1.968881 2018.756758
454072491659081.250000 43.094238 1.802659 19.885602 204.062885 1.968971 2018.578729
519395700039912.750000 76.831684 -0.178529 12.533459 12.415530 2.232572 2574.502444
14526724323542990848.000000 20.089207 0.577966 360.761841 10.043380 2.242590 50647.803020
254654128185957.812500 46.887213 1.565719 25.246310 71.240922 2.025208 1711.930962
1628795386311117.000000 9.272735 0.360510 567.706687 4628.190777 1.765049 2011.142666
184683195248241440.000000 27.706577 1.973945 505.515586 66.619109 2.066984 12995.539192
262283129561331.781250 85.937552 0.135095 194.591930 46.526741 2.096979 2133.876577
296799568293225.625000 88.987752 -0.114051 19.316067 80.788825 2.070657 2251.756967
426482264420410.312500 78.271444 -0.380373 12.477074 13.096594 2.199826 2426.769608
1619496512091018.000000 5.756634 -0.112808 10.297946 3838.649261 1.615976 1836.245460
824641531171492.625000 47.376052 1.543717 302.304648 598.407445 2.021629 2541.541709
752445828409162.875000 28.205767 0.900802 62.201922 38.590958 2.121478 2086.965741
1523719500337138.000000 87.018222 0.588319 1841.736078 764.309030 2.284713 3853.301844
2038801531997477.250000 29.535731 1.776508 1190.741916 1892.620379 2.580848 2951.033419
2896556997236124.500000 45.639956 0.710300 459.399317 26.081097 1.978964 3815.563294
1250066546399921.000000 71.913989 1.945052 444.986123 1331.257861 1.729441 3370.295052
593574641766764160.000000 89.053656 0.943558 742.591820 13.059406 2.243123 28377.547360
1760905747658272.500000 89.702390 0.906334 826.113808 104.048510 2.184652 4088.205510
1615397238937961.500000 8.598395 0.705593 40.701811 4238.802649 1.669389 1974.008113
513704029508815.562500 69.195322 1.354929 217.188134 127.973720 2.166994 2471.933834
4648549240356030.000000 96.683783 1.719140 626.869185 84.825520 1.996965 5805.686991
421563800631956.125000 50.979909 1.821441 50.666144 33.222946 2.090189 2082.921607
3455913960694353.500000 50.163112 1.834482 765.283998 229.249965 2.227118 4177.059521
521321302202370.562500 76.701433 -0.170069 12.542666 12.389288 2.232727 2576.126719
1113775744119034.375000 94.264987 1.273608 733.393569 647.700761 2.395537 3572.871250
1204175663091941.750000 13.711761 1.763996 110.036796 106.459079 2.197897 1993.005414
348495951231774656.000000 88.145430 1.004939 502.243288 12.869275 2.222443 23674.295935
2987913100425320.000000 56.170913 0.985128 2806.422734 1092.137036 2.435098 4135.274586
294055748976327.437500 84.602462 0.151547 42.884836 83.009130 2.061473 2204.346785
2265422356509151.500000 0.570637 1.622577 357.287883 2189.758911 2.749663 2240.358933
500205367619047.312500 71.106705 1.401919 216.643734 149.956691 2.193986 2473.686345
767947042262721.125000 29.798116 0.919952 57.732159 35.370116 2.125126 2137.051075
2245973461375536.500000 5.202169 0.906251 470.165778 328.302741 2.229575 2016.803215
3963626009297828.500000 89.924977 1.843772 342.272158 82.293001 2.284692 5362.576738
454466332162327.312500 77.528255 1.559834 175.710487 150.408657 2.229723 2470.327078
1655051072486038.000000 54.585857 1.555462 1334.897235 1306.884888 2.248743 3363.072863
7116537212476090368.000000 5.160419 0.926550 2568.447664 109.676538 2.195369 29588.214061
1626511025451070.750000 7.954898 0.542536 354.652666 4277.458003 1.793611 1947.704662
906624100591482.375000 28.158099 0.900820 69.920628 39.641058 2.141932 2219.597873
1302254339934913.250000 5.018457 0.083459 17.584722 1051.876217 1.976600 1673.256724
516864485008050.125000 67.911704 1.310907 219.856067 125.053946 2.152051 2460.773674
425022938559611.750000 78.352678 -0.381734 12.392920 13.048263 2.199872 2424.893889
9518529392150970368.000000 3.884727 0.488188 332.328806 32.220555 2.195819 31494.298603
67316810601084112.000000 44.856113 1.426428 2378.424819 155.489665 2.369447 10826.090952
246497877506772.937500 59.387701 -0.167036 10.325133 86.071549 1.970612 1834.978756
646043091312515.000000 70.104107 1.254446 217.453206 107.511179 2.230547 2680.472823
1743948149078678.250000 3.253735 -0.253228 15.831688 4442.193595 1.809350 1761.702945
1125824501141811.875000 30.236446 0.740687 61.942978 34.567952 2.196757 2438.718920
4174291658298866.000000 19.735199 1.262289 209.605952 70.720211 2.163167 3325.430965
658710602283502.750000 24.219311 0.088863 137.977794 271.805500 2.060810 1906.773334
198807084363358176.000000 27.304938 1.993739 502.196521 67.015891 2.078070 13259.568393
1268311637627533.750000 6.987833 1.226218 13.196601 718.859299 2.134574 1749.167625
369956787744543.687500 94.663227 0.200254 10.952493 145.694395 1.995565 2478.179478
785570676967333.000000 49.625992 1.542431 318.835149 599.484795 1.997401 2540.010740
55283142967812832.000000 65.318406 1.648250 2641.200457 177.827949 2.194814 11522.968595
78466330838985488.000000 0.540081 0.038870 1611.645441 292.180675 2.208834 7405.365756
432718883727062.625000 15.630322 -0.456703 161.981152 18.266524 1.988828 1465.699295
5937492592580418560.000000 17.971488 0.638583 407.045586 15.377400 2.255094 36435.263654
1536834433319579.750000 20.996090 0.231708 2236.813857 2322.080203 1.733169 2425.763775
10316100070414782464.000000 19.341822 0.578273 365.718736 11.244356 2.246264 44705.815655
1954627827710793.250000 11.884735 0.683775 928.146406 547.148207 2.579788 2261.206232
1594550701563426.750000 8.232131 0.758378 26.625623 3962.077734 1.769869 1948.122230
1647966153309363.500000 6.327660 1.198612 122.231990 2693.676832 2.188323 1875.698923
808308373299904.625000 85.770214 0.688618 647.732893 665.161425 1.940469 3103.134572
1038082283364420.250000 17.652229 1.894684 19.056757 838.262461 1.952040 2027.347361
1642764487465715.250000 6.314040 1.236777 54.993401 2727.131945 2.153051 1873.039676
340689938082843.625000 88.557236 0.296820 53.384115 105.575603 2.070958 2353.570882
1613981314380764.000000 7.976765 0.676486 33.668207 4858.591738 1.636576 1943.744193
361773528112793.562500 35.595889 1.414057 13.380572 70.697054 2.074611 1758.590448
1536470679700799.250000 53.079676 1.433775 1307.298043 1021.949940 2.191859 3249.642573
4638719228806115.000000 13.790497 0.602995 2768.776239 209.456634 2.073102 3128.770321
1475799297063061.250000 52.168611 1.460979 1241.765929 981.338794 2.187956 3187.501434
2409126636819816.500000 26.704722 1.820194 1400.326567 2798.968761 2.567863 3025.106520
1309033281710974.750000 20.258215 0.933333 483.579556 414.043102 2.491324 2276.081118
904748685690407.375000 28.155130 0.901027 69.934775 39.580968 2.141691 2217.994742
2025842995636080.750000 3.548609 0.730560 712.383015 4633.662341 1.883779 1864.615696
196026613196114.937500 78.189724 0.806499 34.908586 12.806568 1.989742 1872.140326
1602340776480235.250000 89.016663 0.576015 1992.396296 782.607061 2.317215 3950.659605
2381772469767298.500000 26.506056 1.851062 1442.337911 2739.118550 2.547911 3006.808935
1653078307697369.000000 19.234203 0.244420 2514.778475 2281.897618 1.881447 2424.432892
1128497002861921.750000 30.655890 0.755220 56.934676 33.293190 2.201010 2451.127030
1146592662245981.500000 14.093407 0.765514 325.928564 554.881510 2.330934 1974.434590
5503267995317122048.000000 5.401456 1.037737 12.788169 13.481928 2.231260 27339.097444
90579986979667440.000000 0.477442 0.046617 1709.846649 320.717835 2.289400 8028.981419
756711361621869.250000 77.181851 0.136665 388.285781 10.025725 2.157090 2923.293751
1883614448505479.250000 13.813509 0.362057 2300.780783 2774.675991 1.904750 2317.866524
460528163404694.000000 55.255424 0.918603 309.143129 69.425766 1.933492 2204.748776
255773057534985.593750 44.010878 1.777886 23.475885 65.357710 2.027811 1678.713891
362942872999262.750000 35.622947 1.412676 13.409735 70.664199 2.074630 1760.911227
234574458967042.531250 46.281162 1.768166 21.400383 59.425007 2.023310 1658.479706
234426133248085.031250 99.614417 1.174581 12.030651 29.958050 2.177769 2168.397757
154140743059844.625000 72.075842 -0.084608 18.360765 42.987312 1.980114 1678.831612
1608204846110717.750000 89.000970 0.682029 1761.829589 728.793241 2.334338 3955.221570
347649901348816.625000 66.084224 0.326075 151.063192 88.552450 2.117497 2135.574916
1603533481550721.500000 22.439613 1.182777 1024.578369 1448.713496 2.376781 2508.113817
1470357253918097.000000 9.142324 0.717428 446.021693 832.687342 2.420002 1937.821200
210054753579828.218750 59.567450 1.172858 15.653031 33.734345 2.087960 1741.500289
210054753579828.218750 59.567450 1.172858 15.653031 33.734345 2.087960 1741.500289
1204872403076715.750000 18.669451 0.865546 306.036483 547.915590 2.362859 2163.775623
918381599721892.000000 14.567508 1.858638 134.606482 135.371289 2.198346 1849.273841
93725422876269.937500 91.709918 1.358125 10.027289 20.360170 2.005527 1550.173945
1302254339934913.250000 5.018457 0.083459 17.584722 1051.876217 1.976600 1673.256724
1708986693791169.750000 24.481067 0.385073 2160.483725 2440.347789 1.895367 2628.452719
195527535754664.750000 71.053242 -0.344980 16.676623 18.177924 2.060692 1808.212285
457782584386286.250000 65.894106 1.598847 188.201260 173.463605 2.206949 2338.389299
2120200597402754.750000 35.953142 1.002140 1675.587415 4580.746557 1.297868 3180.779489
7077629452284262400.000000 5.042014 0.931223 2589.790467 111.856904 2.188495 29438.006843
1904700892904649.000000 92.231587 0.993960 706.881060 94.616760 2.191601 4238.983385
328320823461701.000000 99.427788 0.130841 341.334851 29.366951 2.180316 2424.410331
2212122061966613.750000 0.562615 1.535909 298.323608 2199.381268 2.724162 2230.522056
1228113213228870.000000 6.647504 1.786530 30.166896 791.018483 2.051273 1715.103663
1949811014711556.250000 20.206117 0.376748 2968.758827 3076.983059 1.757619 2597.470742
67316810601084112.000000 44.856113 1.426428 2378.424819 155.489665 2.369447 10826.090952
9053917880684790.000000 94.095660 1.693147 813.072193 92.200413 2.085868 7179.271975
140925219790283248.000000 25.567589 1.832123 558.423082 71.426030 2.087661 11590.028753
276678311227536.218750 93.759292 0.648344 29.830602 92.534555 2.010385 2241.623131
78472086399955632.000000 42.105426 1.405569 2797.151696 171.214455 2.388001 11158.050067
257259559684112.906250 65.372739 1.704036 30.452847 95.555433 1.988912 1924.346600
1162262602567729.000000 92.366708 1.716322 249.102938 99.619537 2.286344 3597.363928
1645543074799982.750000 6.212792 1.232470 54.607843 2669.961554 2.160569 1869.006799
230342033749339.312500 77.413913 0.836078 43.045185 15.981960 2.019519 1968.567604
1929274437997568.500000 44.410459 0.766930 1879.712055 2884.717004 2.017691 3302.098410
5049284626250400.000000 90.732454 1.304168 1569.289797 244.693832 2.339045 5832.057277
1637734363277498.250000 8.189178 0.385373 481.026493 4646.264410 1.766400 1963.486260
949302306417016.125000 22.279986 0.960949 306.434969 398.195049 2.338917 2101.615568
4940597647206213.000000 93.997022 1.687533 552.814188 79.087408 2.075752 5864.480125
811364574985796.125000 46.441521 1.528662 243.613860 577.794876 1.981150 2511.055810
1759783992422972.000000 13.800323 0.407034 1084.304727 118.363705 2.013295 2265.369868
470100831595654.437500 57.593281 1.940770 42.008329 196.987447 2.013725 2251.665081
725122804215437.500000 14.580217 0.875114 26.790727 140.707300 2.090023 1709.602278
2495037729481747.500000 49.023128 0.974698 304.605976 32.302085 1.993011 3718.317446
1419317779310243.500000 7.831445 0.851925 14.227463 1124.841969 2.167960 1855.507215
184184640802347520.000000 84.430188 1.126436 498.672253 17.080424 2.194871 18846.764796
393088039393699.812500 51.626415 1.827572 45.632785 30.222405 2.081963 2043.620501
4013749115334092.500000 52.628670 1.747959 697.187136 166.686291 2.173161 4462.572358
7307032573156335616.000000 4.077616 0.514297 337.413984 34.497887 2.203124 28982.909780
124752518136547360.000000 4.631215 -0.439226 68.805751 11.307187 1.961248 7575.180512
6814608348867479.000000 51.844349 1.638656 1154.933476 205.930113 2.175449 5296.679146
10316100070414782464.000000 19.341822 0.578273 365.718736 11.244356 2.246264 44705.815655
1507581033907471.500000 86.552791 0.597405 1821.195304 754.386146 2.265932 3832.246950
1613981314380764.000000 7.976765 0.676486 33.668207 4858.591738 1.636576 1943.744193
437558915870067.562500 81.036982 -0.364595 10.907099 12.944693 2.209980 2478.100468
1663892312938794.000000 36.744477 1.569757 1035.255023 1471.564217 2.444708 2954.510976
598916117640043.875000 20.464413 1.341220 11.393521 156.303735 2.084537 1758.912602
1242401759099396.250000 32.687245 0.272403 2746.500616 255.128204 2.198231 2582.356755
362923903881883904.000000 95.140170 0.966906 536.383255 12.630235 2.266798 24668.716724
38932642169608512.000000 32.710899 0.498482 114.379358 12.468595 2.218219 8143.276800
1550951024340262.750000 15.358656 0.884554 605.736690 432.510062 2.511464 2232.737763
914925579027608.875000 14.349598 1.870455 135.564157 137.791750 2.196811 1839.800509
1838156645211045.250000 3.448224 0.679484 651.855071 4491.435693 1.870975 1800.838763
7253108413997409.000000 48.132985 1.073885 177.484898 15.857630 1.932807 5274.197044
2322521677831716.500000 4.639464 1.016908 364.201655 331.829077 2.271724 2008.142288
200109544331040.812500 69.946212 -0.319760 17.303259 18.939057 2.061405 1812.184650
659458431196261.125000 45.752631 1.389143 17.617466 14.833822 2.129599 2331.758543
125061204001893.187500 81.734739 1.502153 14.615846 34.253271 1.998328 1637.364234
545150218705771136.000000 85.492051 1.351353 484.457880 18.873360 2.203618 27181.496649
175097896702688064.000000 4.261204 1.085473 1351.113121 235.567120 2.400112 8396.750212
1268720201771987.250000 6.976948 1.225905 13.160494 719.218627 2.135180 1748.859554
379401146164911.250000 36.379111 1.431937 13.469437 72.301837 2.084321 1799.209938
296799568293225.625000 88.987752 -0.114051 19.316067 80.788825 2.070657 2251.756967
2296047553344403.500000 5.745462 0.891175 499.047936 301.371903 2.197277 2062.205341
687144634189374.500000 55.691629 1.529582 221.449982 460.516680 1.999637 2526.139581
1649547358249051.500000 29.397790 0.451835 1848.225032 2196.714253 1.970383 2745.843359
590589243707636.625000 57.295039 0.345357 419.221395 207.108455 2.148265 2425.274629
4020292585798842.000000 47.554685 1.308860 1030.472133 176.052648 2.178821 4314.943647
184110528303576608.000000 27.800137 1.991387 491.077230 66.308660 2.074816 12995.464745
93135560846125280.000000 44.645726 1.431454 2860.659787 162.896904 2.363365 12044.573868
37515024855502608.000000 32.823814 0.464410 109.606909 12.027920 2.223461 8051.958277
309687386639947.187500 50.291168 0.092474 11.739610 126.919808 1.946849 1870.816080
1823559665089554.000000 12.920821 0.394331 1184.680003 136.594365 2.034236 2254.925918
7063956201304301568.000000 5.051882 0.928819 2613.664956 112.481815 2.191076 29427.036260
353770883533657.437500 16.728517 -0.432287 153.835903 20.266086 1.975342 1395.566319
1578049718697600.750000 18.474866 0.832055 599.685598 365.794056 2.481481 2360.524539
230239848488604.750000 77.845616 0.831806 43.494742 16.235274 2.022013 1972.173721
297076097972930.687500 45.275373 -0.458139 16.607681 59.888221 2.059013 1781.265344
86304948851631872.000000 0.512273 0.035612 1749.769694 298.838672 2.249407 7750.790380
1278871508900876.750000 9.180663 -0.304424 51.362538 627.536488 2.217503 1851.409522
1607247373521443.250000 8.274143 0.877518 33.879317 4623.279147 1.740345 1955.284828
1825891109839693.500000 12.934014 0.395660 1187.076798 135.942391 2.031128 2256.456217
484727905587775.000000 71.961845 1.390027 213.507397 145.469782 2.182832 2458.242947
1911571254800746.000000 18.262696 1.345189 1108.773932 2203.852824 2.351590 2508.281739
1493235025764172.250000 8.487373 0.699750 461.600673 848.791280 2.425852 1917.809211
2896556997236124.500000 45.639956 0.710300 459.399317 26.081097 1.978964 3815.563294
6342733673611700224.000000 5.321504 1.066131 12.267098 13.190064 2.232571 28600.989977
562234949757171.937500 68.755687 1.333916 247.942725 145.415834 2.187106 2541.752609
1191671266994575.250000 93.134381 1.735882 247.478066 101.091229 2.305437 3638.343571
148138849660046.500000 68.726597 1.420828 11.200745 16.378000 2.070498 1629.242840
669187188180269.875000 37.326841 -0.375565 94.328842 264.877205 2.106726 2191.927124
446529994479494.562500 98.655249 0.126397 15.973060 202.284636 1.966046 2678.482972
1853516491564700.000000 2.861027 0.686715 602.389146 4418.820037 1.860358 1783.843330
224726157195925.812500 68.719369 -0.306888 11.679574 84.230463 1.951404 1871.966237
3932991108052709.000000 61.752993 1.734269 463.774996 86.822977 2.043349 4682.359146
371899486152444.125000 55.896232 1.731613 41.472683 140.266551 2.014350 2061.237642
985168563710245.000000 33.818613 0.275630 1837.796007 204.762228 2.137029 2416.039251
1908192106571208.000000 1.587197 1.470480 218.833951 2513.820318 2.540133 1804.616567
1734985054270466.250000 3.669711 -0.010695 21.467919 4721.458764 1.878756 1775.995807
3293065741440441.500000 81.048533 0.952843 1282.809541 131.819885 2.261368 4856.562484
450773221169329.812500 63.583138 1.062148 14.188362 83.448449 2.220762 2297.627913
8598335599304515.000000 54.733827 1.134678 159.005414 13.868383 1.932923 5830.043518
4309287184308850.000000 21.641519 1.062146 269.652362 66.117466 2.147132 3450.584779
1701687135487064.250000 5.460505 1.166671 109.748381 3023.564530 2.173177 1851.719561
9119386523260820.000000 50.511366 1.176645 154.696134 15.033217 1.935201 5785.651146
655247476125825.125000 21.028599 0.068432 84.738066 236.337488 2.068535 1826.560139
1948490833674039.000000 32.791520 1.004839 1446.042705 3312.194784 1.566700 3003.293238
1550290964469877.500000 71.733261 1.576395 815.357871 1978.576360 1.714156 3617.783055
1521749732031023616.000000 50.346155 0.771500 2566.223662 15.215102 2.077512 31817.385481
3140754505603978.500000 46.253508 0.827495 450.159833 32.607504 1.998962 3937.386247
1227777609549856.250000 10.818588 -0.481435 78.909890 575.659597 2.270470 1894.220617
2877739600237008.000000 97.437158 1.415367 1683.436571 727.818949 2.626148 4962.012945
608417367008237312.000000 89.531620 0.936547 744.691407 12.853870 2.245281 28667.455380
261467050517893.000000 38.653474 1.861655 33.728820 74.723895 2.034470 1620.647569
1584526600613333.750000 8.111067 -0.247581 106.394806 2817.764783 2.215541 1938.265986
1664633580016731.750000 4.398101 1.072392 15.741510 915.571326 2.173582 1785.362490
361360530422366.000000 35.768148 1.400702 13.692729 69.846177 2.074488 1760.639464
1192713526408275.750000 82.091583 1.111137 883.877280 783.960508 2.339910 3477.709179
1529959549508374.750000 7.599794 0.096154 2134.652527 153.205076 2.023405 1891.481006
318924520313161.000000 14.888522 -0.488363 262.655190 19.224200 2.010037 1307.196582
2283078988044545.000000 0.563580 1.547321 320.129238 2129.633961 2.740061 2253.151733
636317781879139.625000 38.075284 -0.318126 93.881724 237.427940 2.107205 2169.303486
527120085193855.125000 99.751429 0.155880 19.146584 232.599861 1.982769 2842.220826
1707610297845441.000000 5.644251 -0.175718 16.607304 4761.743187 1.608258 1863.229446
2850473423980562.000000 97.620554 1.404390 1681.142750 726.207849 2.619443 4949.677899
5083852310461059.000000 91.013944 1.305557 1608.010280 252.761985 2.343323 5851.884628
3647760595689725.000000 78.095214 1.165996 781.828432 86.798393 2.132108 4958.936296
90036777177100976.000000 0.479100 0.050768 1758.738583 320.752379 2.288609 8005.204447
425022938559611.750000 78.352678 -0.381734 12.392920 13.048263 2.199872 2424.893889
239416138957574944.000000 41.010593 1.224776 182.953704 12.627595 1.998119 16044.016140
14965788112693714.000000 9.276040 -0.075827 93.869669 30.593755 2.134449 4212.634340
965700755809790.500000 14.297763 1.862898 133.147474 133.370444 2.197477 1871.485331
3567196183193563.500000 47.680016 1.278092 2729.178753 1162.359445 2.504361 4149.996066
389979162766607.312500 50.038968 1.861196 44.845382 30.696709 2.082910 2016.820373
1655186780446636.500000 6.253556 -0.407581 10.447248 4732.823398 1.507108 1874.704044
1742556354466619.250000 3.391364 -0.077936 16.716094 4988.870330 1.876482 1766.716483
912261310907345.125000 14.691345 -0.317981 66.770012 433.330183 2.077207 1849.196990
520572071500066.687500 57.599587 1.059091 10.633856 90.755976 2.252563 2329.611004
1059730023590609.625000 8.549172 0.055276 1869.700156 153.059428 2.006326 1713.197892
279856763624869.281250 96.136285 1.024292 14.057322 82.699328 2.040226 2270.717710
384120161840830.812500 85.806040 0.312317 49.911246 139.567474 2.021929 2421.934923
1936149216035026.750000 29.219190 0.429502 2709.514363 3290.768278 1.828164 2891.013046
40455811894524000.000000 58.916810 1.559297 1950.773458 137.129129 2.176775 10019.096178
429036836768432.375000 96.614332 0.340937 18.125744 174.351005 1.984640 2623.005414
601011849010803.750000 97.251583 0.762553 468.303616 432.844014 1.968092 2941.940026
445118574039775.000000 50.320919 1.660144 58.698622 192.811509 2.006888 2111.714322
756046794234367.625000 14.496010 0.948339 24.358315 156.310270 2.097043 1730.980415
230688488481681.781250 44.608926 1.787690 20.934981 53.807862 2.032519 1629.206401
1266509073635230.250000 15.898078 0.544003 436.177561 535.674995 2.433377 2106.031495
1655476149960241.000000 25.666259 0.380881 1956.526766 2467.024055 1.960352 2637.737559
1983974497348107.250000 28.907009 1.851202 1151.096741 1929.186245 2.604437 2904.989959
194913472965924416.000000 0.266269 -0.482249 47.103209 316.347277 2.390232 12490.094573
4652757067039402.000000 89.621749 1.871896 309.856056 74.040005 2.314247 5650.017631
464773228306184.750000 11.838835 -0.183106 1699.534332 67.196892 2.052820 1399.577095
694078131373838.375000 67.427946 0.681085 761.751680 129.664271 1.997500 2708.078571
1577365082759163.750000 10.271508 0.579123 460.702494 3916.756743 1.784917 2035.011281
311776875934755.750000 43.590916 1.823985 34.268329 116.274916 1.982236 1787.566791
1065199702220573.875000 80.634909 1.048641 503.801816 956.546715 2.056296 3327.709553
3082451347430669.500000 41.029902 1.033846 1160.808464 181.126585 2.184310 3760.921825
986333525779140.375000 13.660828 1.874474 129.938775 140.172554 2.224578 1862.994515
1845827369931400.250000 3.119548 0.691749 589.335006 4148.771281 1.868000 1790.219397
402553090607263.312500 70.266800 1.952277 157.520373 129.098101 2.171120 2291.321940
1487056824019068.250000 5.605880 0.655343 11.848966 1253.845065 2.155458 1777.418416
1318850989333615.500000 6.377208 0.220469 18.887765 1255.029764 1.937823 1743.765789
186269561165677.812500 83.738687 0.017967 11.164301 27.874133 2.084776 1886.189141
3707087168006414.000000 11.066670 0.139645 746.787232 48.278788 2.039543 2752.210900
269021148154075.843750 95.208749 1.164035 14.133051 38.178542 2.177609 2233.146073
1110082130692619.500000 11.324543 1.543981 14.663134 832.862903 1.985948 1851.235139
1552741062153385.250000 8.944181 0.766990 42.743528 3502.951498 1.727879 1964.222256
4785908785372893.000000 62.178991 1.798849 495.295411 91.042111 2.058310 5010.875579
372241076127955.750000 55.818697 1.968686 23.740241 161.513708 1.958998 2060.889360
573771623780374.875000 67.673729 1.248988 186.444023 93.153539 2.194830 2544.827110
1146592662245981.500000 14.093407 0.765514 325.928564 554.881510 2.330934 1974.434590
1593045915860080.000000 6.186870 -0.108246 10.078500 3626.049340 1.567591 1847.626634
562998244852087.125000 68.846430 1.329544 249.160069 144.423734 2.181288 2544.079772
2310696159058465.500000 29.771486 1.000170 1885.540939 4415.874087 1.524308 3084.360762
3576071426852361.500000 42.424804 1.003518 1300.578002 183.133125 2.228822 3995.443761
520779755948688.937500 69.130740 1.355130 218.666108 128.054979 2.167511 2482.417331
319500104235300.562500 41.784954 -0.480577 23.624328 50.890285 2.069391 1777.255370
416855418481649.437500 78.979108 -0.395667 12.321290 12.771290 2.194943 2416.104147
358917382679258.562500 74.662546 -0.416566 12.392652 104.441539 2.077338 2253.095915
1409638641146023.000000 74.658732 1.929036 568.719555 1655.926600 1.683777 3554.754312
2250079502466612.750000 45.218849 0.806715 2367.909756 3542.189497 2.074816 3496.699677
1682620088723026.750000 5.541620 -0.250705 11.048550 4679.461979 1.489583 1848.889290
303672075099267.125000 45.130293 1.655381 36.229807 110.443901 1.992694 1792.439108
1625965652940951.750000 6.210964 -0.056607 12.290545 3748.327601 1.642460 1861.473617
11323242328093700.000000 51.810578 1.285365 184.653300 18.722766 1.961799 6272.168943
1585440174508357.500000 2.502299 -0.280595 13.613855 748.529073 2.051112 1684.680788
1936149216035026.750000 29.219190 0.429502 2709.514363 3290.768278 1.828164 2891.013046
585022073179737.125000 27.846452 0.159557 71.615643 219.190915 2.042680 1911.512946
2248296274983869.000000 58.304176 0.888244 2221.206219 3313.974671 2.157173 3809.690995
831441592870162.875000 46.375790 1.529163 250.826941 586.510035 1.981973 2530.403106
196240240490574752.000000 27.501657 1.992368 502.990965 66.839010 2.074498 13231.154250
4925901558626739.000000 87.739096 1.866643 692.762387 114.703301 2.025551 5714.567860
37531472682640976.000000 33.215294 0.520511 112.140821 12.712117 2.215368 8083.337488
6812954534829505.000000 20.296768 1.061364 357.496440 76.758418 2.190474 3946.547819
5917930236174299136.000000 17.980354 0.637372 408.448274 15.342985 2.254308 36400.145435
5286476485744251904.000000 5.494471 1.032211 13.038883 13.466715 2.230165 27044.303496
3301129576092410.500000 79.853590 1.219702 555.345898 63.210634 2.107134 4834.814800
51770099395026560.000000 32.212114 0.537544 130.375169 13.358778 2.220633 8911.560873
5937492592580418560.000000 17.971488 0.638583 407.045586 15.377400 2.255094 36435.263654
1817580670777438208.000000 49.522532 0.761186 2780.173180 15.544672 2.093425 33571.168958
1917868893643431.000000 1.937905 1.504615 219.274597 2356.722123 2.507410 1793.560788
2800957443372327.500000 98.189706 1.331370 1676.086883 662.542499 2.571890 4931.275494
361803556942188.500000 87.786325 0.663450 24.730438 122.689002 2.044591 2393.664547
11210024571341974.000000 63.004485 0.453923 459.071228 10.192076 2.129091 6685.221746
173959741273700096.000000 41.401481 1.261851 164.015554 13.046659 2.000746 14468.660386
5756914419689832.000000 20.789729 0.811592 1840.088170 153.200268 2.076358 3756.708918
392159612098289.562500 85.078022 0.313087 53.259482 142.934011 2.034815 2431.261142
3086356624015639.000000 56.400865 0.970889 2967.795079 1107.678563 2.445710 4186.054033
3913687200504571.500000 85.375323 1.221094 861.810216 115.064828 2.242168 5241.032213
4925901558626739.000000 87.739096 1.866643 692.762387 114.703301 2.025551 5714.567860
391493333611229952.000000 93.013868 0.940573 586.757995 12.642853 2.257950 25093.193436
392899275313089.875000 50.145704 1.858743 45.265856 30.785511 2.083037 2023.295209
3901318265211764.000000 82.239014 0.920624 1697.233591 134.788647 2.215588 5165.715897
521558546120134.437500 67.874945 1.914773 170.655268 104.619526 2.161194 2467.732377
748157499110415.625000 88.138016 0.698685 547.714899 583.650483 1.980563 3053.952929
1221049267427676.000000 6.462500 1.622128 37.730570 777.489934 2.035656 1703.423573
210054753579828.218750 59.567450 1.172858 15.653031 33.734345 2.087960 1741.500289
1475867937116967.500000 52.134507 1.461440 1242.476175 983.213643 2.187942 3186.844074
346528263712259.750000 16.674642 -0.434593 154.851580 20.176339 1.973037 1384.773049
39637749225637328.000000 33.496320 0.520446 107.756968 12.187088 2.217466 8253.773791
1033736420698954.375000 44.929624 1.330024 18.259161 13.291522 2.141241 2692.381152
1407816157353632.000000 55.393995 1.573844 1077.246030 1072.735328 2.250953 3202.536856
1526779804604026.500000 2.922662 -0.169828 14.813455 1113.298674 2.049226 1674.025362
2164635751239849.250000 50.477658 0.774792 2342.299029 2992.338600 2.117020 3581.465427
1005088613420172.750000 91.414227 1.178760 654.963296 590.098457 2.351172 3414.460299
869673017136116.000000 47.693302 1.538666 339.255461 642.831821 2.030543 2592.773311
272922640769724608.000000 90.555994 0.998617 531.553974 14.037247 2.249011 22035.326115
783012902903129.875000 28.573104 0.882515 60.661841 37.104448 2.123939 2123.263254
34500511560972952.000000 58.283681 1.490634 1880.809615 130.041260 2.187594 9465.884759
240240367555706528.000000 40.999012 1.224180 181.036733 12.504392 1.996533 16060.920977
1911339737939316736.000000 50.225167 0.742636 2724.200559 14.680574 2.106059 34301.263332
312054087516993.437500 14.631055 -0.461561 246.835904 20.381599 1.985234 1291.888169
246875577780570.687500 22.488031 -0.251312 1195.662492 86.280337 2.049887 1345.096601
5389719833414273024.000000 5.422977 1.034956 12.950929 13.530919 2.230199 27165.826770
144386223585835520.000000 24.375991 1.882728 604.285114 80.939074 2.100051 11518.803505
1108371030147717.500000 95.057845 1.283703 724.446084 638.012574 2.401220 3577.941676
2850473423980562.000000 97.620554 1.404390 1681.142750 726.207849 2.619443 4949.677899
1396328949910177.750000 5.517940 1.261677 13.522750 994.285196 2.109170 1736.318298
3890532288676009.500000 47.539384 1.314108 995.879458 174.834861 2.176541 4267.551719
370683473303272.437500 88.644852 0.249132 53.639521 128.956297 2.026572 2421.568590
599666534012072.500000 20.335296 1.337952 11.258256 157.719653 2.089629 1756.479248
626967844856118.875000 30.498303 -0.281608 79.504659 240.625522 2.073369 2011.796632
632923034060050.250000 54.043172 0.962729 357.540159 72.460538 1.955751 2432.782458
694078131373838.375000 67.427946 0.681085 761.751680 129.664271 1.997500 2708.078571
186909827464859.937500 87.210525 -0.090173 11.052603 23.658561 2.097184 1916.110264
3462379834124245.000000 50.898978 1.848168 767.646826 230.127179 2.223791 4200.266210
918381599721892.000000 14.567508 1.858638 134.606482 135.371289 2.198346 1849.273841
197585872274099200.000000 27.369266 1.991938 501.880534 66.962444 2.078507 13241.845699
2134180193623492.500000 36.616445 0.997030 1703.712247 4576.727911 1.325428 3206.515979
1677937192674363.250000 6.793058 0.886208 30.395589 4377.999015 1.757645 1910.449310
1407793314478516.750000 55.392083 1.573859 1077.144692 1072.635764 2.250951 3202.481748
313035912014095.562500 58.407878 1.842634 34.935183 120.925354 1.992153 1975.766138
255333639859564.625000 98.347768 1.028511 10.021250 70.742431 2.050891 2220.653751
120572927089424704.000000 4.685692 -0.441127 69.108579 11.375640 1.963392 7500.799599
2457263328583973.500000 53.030614 0.832666 2616.058134 3865.709957 2.110764 3799.049021
89330651005314640.000000 44.486971 1.441610 2886.544587 169.541528 2.367989 11864.242404
581510791310426.000000 21.034222 1.322904 10.947910 146.239544 2.085902 1755.435031
1091994569647717.875000 31.281049 0.754790 60.856632 33.114453 2.188387 2439.727906
93569517022197.015625 91.398405 1.360106 10.000464 20.224905 2.005820 1547.408185
270275757475855.937500 98.331866 0.104252 263.117417 32.268988 2.148220 2263.019462
428561616364593.125000 68.460194 1.827446 176.915555 121.341714 2.129568 2318.331009
9941341101342710.000000 58.798239 0.440545 418.730186 10.704713 2.136489 6271.168964
7852699118235040.000000 91.339659 1.344438 2329.499367 333.159115 2.417042 6773.275778
857213861313010.750000 23.514403 0.169669 1381.187974 215.049945 2.141334 2063.661084
198807084363358176.000000 27.304938 1.993739 502.196521 67.015891 2.078070 13259.568393
519122221060149.250000 11.240791 -0.175416 1548.006521 73.414421 2.047771 1434.421631
597670363245234.625000 21.422945 1.359750 11.696187 157.481907 2.083481 1780.899488
268518288330386.750000 49.122044 1.518109 11.960045 54.653124 2.067420 1769.863520
2354288351163660.000000 44.756758 0.739608 424.506065 29.701528 1.981350 3537.779320
707672454988525.750000 49.485576 1.394153 257.503398 491.722267 1.999639 2450.775318
267463558683592.218750 49.022391 1.449318 12.732452 52.447067 2.068553 1766.336473
315091765658557.312500 90.191136 0.292939 43.935870 91.079096 2.073876 2308.262519
3140754505603978.500000 46.253508 0.827495 450.159833 32.607504 1.998962 3937.386247
324481412411444.187500 46.104068 1.997045 36.486807 130.220575 1.963557 1845.545432
289320374209518.437500 99.067976 0.328183 37.273907 85.881288 2.055717 2321.270254
295780489066475.937500 93.767849 0.315861 43.134633 87.310279 2.069983 2292.143329
1610864654682775.750000 8.846581 0.406602 483.067785 4360.417469 1.718166 1983.855887
4638719228806115.000000 13.790497 0.602995 2768.776239 209.456634 2.073102 3128.770321
1759783992422972.000000 13.800323 0.407034 1084.304727 118.363705 2.013295 2265.369868
411820102870908.500000 57.546923 0.124260 41.962210 23.851023 2.192696 2153.884930
756711361621869.250000 77.181851 0.136665 388.285781 10.025725 2.157090 2923.293751
3023454429167617.500000 74.263396 0.991002 1077.210377 131.220824 2.232109 4575.708036
132277735723142.609375 79.776533 1.414763 13.314133 30.444427 2.014739 1653.883787
1820393139319116.000000 2.153807 1.509509 180.540831 2089.541525 2.428726 1760.686538
2187115258004016.250000 0.599127 1.489489 307.145764 2302.470146 2.704661 2188.024144
5498572973404456.000000 23.958614 0.997105 448.685077 76.327364 2.166231 3855.598304
1699308794818937.750000 4.442684 -0.122947 16.701049 4001.492314 1.829864 1799.847734
513540994531014.312500 67.987705 1.318817 218.889016 124.864701 2.152196 2456.450777
255784638010351.125000 98.432947 1.022381 10.123802 71.014789 2.050756 2222.661192
1541395474048341.500000 16.775002 0.591066 795.839678 439.015143 2.471422 2281.074262
2109417461654951.000000 35.485864 0.987943 1667.156370 4803.774578 1.409618 3162.107158
4720069991486213.000000 92.546783 1.884181 303.471312 70.095377 2.290768 5743.439361
592344366727951.125000 99.157327 0.762423 501.428802 414.040478 1.975619 2948.493380
4451346453374397.000000 62.796208 1.828995 469.390667 87.191218 2.028689 4908.076336
200109544331040.812500 69.946212 -0.319760 17.303259 18.939057 2.061405 1812.184650
3699030898801903104.000000 4.263951 0.578113 381.940139 45.246080 2.244686 23213.765388
728939710917469.000000 14.802390 0.855905 25.880308 138.256841 2.090595 1719.311460
175606770558004032.000000 41.462173 1.264080 163.279823 12.987446 2.000736 14521.154769
1960301381759559.000000 11.891675 0.683525 931.489814 545.355153 2.578082 2263.708548
4012308770586171.000000 84.782794 1.830223 321.643308 71.726739 2.211861 5271.490132
778348176457652.000000 66.127075 1.221844 194.787112 78.450235 2.224794 2794.411966
264209670402718.375000 94.514663 0.942265 11.020067 75.020860 2.047246 2213.865003
1706206964858329.250000 6.248411 1.119869 96.073630 3152.412383 2.117883 1893.509966
1715375225697442.750000 5.630430 -0.298017 10.452775 4442.387825 1.867660 1865.343544
362942872999262.750000 35.622947 1.412676 13.409735 70.664199 2.074630 1760.911227
1822182440242411.000000 4.085040 0.765718 623.059084 3341.051757 1.892887 1824.640836
1313599473314961.750000 89.826292 1.673994 275.120872 104.364171 2.305618 3709.580209
412176011008923.750000 65.848160 0.427126 188.974267 120.133981 2.145436 2257.453636
1632365004287103.250000 8.582829 0.540187 441.372079 4632.079802 1.760637 1980.155898
1530460158121975.750000 87.095712 0.666546 1475.319069 641.478132 2.338701 3860.212146
799922181805933.125000 48.908587 1.566879 252.217788 548.636088 2.044862 2542.895259
197076329601088.156250 87.689241 0.128633 12.283909 29.511836 2.096050 1954.087731
1979779312676817.000000 47.123479 0.804969 1872.793625 2722.644411 2.051936 3397.070563
118698325102488288.000000 4.848022 -0.428431 68.901762 11.503996 1.965028 7495.052508
1030699232669801.625000 13.441285 1.646843 11.511388 743.950092 1.969403 1882.825202
1804720769874576.250000 87.873992 0.605422 2325.640942 837.042385 2.338557 4091.336337
448879177812188.125000 66.967100 1.918730 165.224704 105.395805 2.111734 2336.284526
263412595631114.875000 96.605941 0.985995 11.117941 75.094107 2.038126 2229.287716
437223071717157.437500 81.043686 -0.363907 10.906167 12.969421 2.209795 2477.539515
5481909990247381.000000 23.935843 0.999880 443.199885 76.012405 2.166369 3850.616234
4448625705500347.500000 61.994093 1.776471 484.277694 88.348875 2.044621 4885.236662
962842529260279.000000 13.919033 1.913666 110.828055 120.716867 2.201754 1856.869709
358328655549932.250000 74.609269 -0.409935 12.330286 104.801836 2.077067 2251.294062
1598520713603415.750000 7.237677 -0.387148 75.481706 2534.558970 2.313372 1901.680515
5388008752578808832.000000 5.416190 1.034995 12.929808 13.530823 2.230854 27157.885035
1742556354466619.250000 3.391364 -0.077936 16.716094 4988.870330 1.876482 1766.716483
1527143148800159.750000 85.560531 1.922854 731.373123 1862.508526 1.738354 3832.829425
672173869076747.750000 51.430421 1.816135 70.849154 37.399706 2.114384 2440.646675
7116537212476090368.000000 5.160419 0.926550 2568.447664 109.676538 2.195369 29588.214061
779189580972503.750000 28.505059 0.877953 60.738533 37.752713 2.131463 2118.250156
5611640887499837.000000 54.017097 1.614166 1000.328516 183.336054 2.159358 5034.366795
796648923943982.750000 28.245731 0.868269 65.263446 37.871166 2.120429 2127.980552
1837816308282941.750000 12.877235 0.389121 1233.981777 127.087794 2.010661 2258.899057
208092701384747.875000 60.680483 1.178116 15.284948 32.745396 2.089887 1747.197618
338777683017564.250000 68.411212 0.363122 152.157533 92.614845 2.107833 2143.056317
237745917375576.500000 84.985485 1.059375 35.559009 15.493625 2.044098 2056.894236
344917412664411.500000 68.077171 0.367583 153.774308 93.520362 2.114297 2152.227929
89537627055117360.000000 44.363402 1.447925 2830.322812 168.478914 2.368673 11862.455411
308877397531003264.000000 92.662014 0.993543 526.659649 13.728843 2.266096 23155.116624
188416599187641.531250 82.495155 0.082584 11.115165 27.984718 2.085893 1883.286966
1362283718058630.750000 87.947593 0.693473 1340.073413 576.534128 2.311300 3726.336208
1804720769874576.250000 87.873992 0.605422 2325.640942 837.042385 2.338557 4091.336337
1699483817743701.000000 5.221780 -0.033418 13.873361 4693.079690 1.546592 1838.804593
430623651988536.625000 81.851792 -0.381890 10.619118 12.773829 2.209935 2473.770177
1128497002861921.750000 30.655890 0.755220 56.934676 33.293190 2.201010 2451.127030
1119987008980501.625000 11.075484 1.643556 11.285585 836.404830 1.998759 1847.093639
202589263149657.218750 18.811563 -0.336800 1164.256586 79.027401 2.032321 1196.797876
332905385014816.500000 45.889546 1.981670 38.204880 139.559717 1.961447 1858.489819
427729806165431.062500 78.109761 -0.359966 12.839999 13.430304 2.203347 2427.346159
1643119461574905.500000 8.398177 0.547898 424.306863 4669.783712 1.760544 1975.675399
7108328178902908928.000000 5.162741 0.926415 2568.193049 109.665823 2.195353 29578.725032
5415080219063489536.000000 5.426669 1.036376 12.937327 13.483086 2.230145 27211.128685
1642764487465715.250000 6.314040 1.236777 54.993401 2727.131945 2.153051 1873.039676
1171386862909432.000000 6.797663 1.740193 37.268820 696.454055 2.030050 1694.973590
370069225583192.812500 70.143514 1.990671 144.516376 120.077220 2.153663 2226.577155
4925901558626739.000000 87.739096 1.866643 692.762387 114.703301 2.025551 5714.567860
3525795750513725.500000 46.791913 1.282084 2618.793528 1122.418211 2.438803 4107.963039
205258390325124.312500 71.236480 -0.300538 18.436537 20.204053 2.071103 1839.392892
2830388473491651.000000 57.387747 1.015808 2389.601666 758.047406 2.403154 4091.245280
13974639785705608.000000 9.451774 -0.066943 94.980416 31.457145 2.141296 4134.193171
5503267995317122048.000000 5.401456 1.037737 12.788169 13.481928 2.231260 27339.097444
267937908722175.250000 96.167515 1.312594 10.630733 37.548578 2.178293 2238.277172
588584826181008.125000 21.450812 1.361137 11.634441 157.879443 2.083303 1772.493211
1854567088747445.500000 3.162490 0.659733 631.689602 4584.738404 1.872693 1794.652387
1667256331325781.750000 94.269126 0.916108 770.748189 105.444392 2.198841 4087.199383
466285770207749.312500 12.094403 -0.173933 1671.335501 66.877960 2.051883 1408.301341
1734790881182517.750000 3.649550 -0.063009 21.369416 4756.136389 1.707801 1775.042290
1536834433319579.750000 20.996090 0.231708 2236.813857 2322.080203 1.733169 2425.763775
82035675258579216.000000 0.518997 0.045324 1693.189592 302.105731 2.237230 7594.502712
579444429193790.125000 32.217013 -0.421200 42.517650 205.026096 2.084259 1993.511749
1343136291879992.500000 57.664916 0.690262 458.495048 31.513337 1.995585 3196.433141
2333848342185818.000000 0.375927 1.588824 337.003759 2234.366657 2.814953 2545.019542
1164145289261177.250000 6.955895 1.810686 38.864527 709.315201 2.020929 1698.492890
2969081198952625.500000 26.859119 1.180811 265.409081 69.624581 2.147456 3249.030602
189921590385549.750000 62.821944 1.238728 13.922014 27.521121 2.083622 1715.276290
448979540997769.250000 50.505236 1.662204 59.677613 195.979128 2.004397 2120.417712
519059024615807.437500 75.419801 0.941418 11.865540 71.559683 2.297536 2557.056362
124161475630245520.000000 4.612128 -0.447628 64.451352 10.676163 1.950038 7559.251778
1817954928305078.000000 46.582872 0.825144 1605.207759 2266.570811 2.144340 3289.166531
11255575945329274880.000000 4.061346 0.440302 294.010335 28.792339 2.213290 33457.838669
527120085193855.125000 99.751429 0.155880 19.146584 232.599861 1.982769 2842.220826
83272294747242256.000000 45.353394 1.448780 2753.718410 166.815608 2.365715 11664.196623
1830225915133300.750000 55.419767 0.790898 1808.801603 2239.462034 2.108317 3495.823079
1669725580323269.250000 4.927121 -0.121650 19.042357 3943.719895 1.822766 1813.231868
227069344907509.531250 56.707672 1.177706 13.207952 38.326621 2.075615 1757.315880
381722465964086.312500 84.875554 0.318436 54.883694 140.906021 2.020564 2407.437450
18851765300690388.000000 56.183366 1.499363 144.128431 15.841286 1.940487 7641.852936
194913472965924416.000000 0.266269 -0.482249 47.103209 316.347277 2.390232 12490.094573
64016884266848032.000000 64.803959 1.657413 2902.899359 193.123450 2.230576 12067.041737
421955137220859.500000 68.374916 1.822953 176.223265 122.687717 2.125967 2305.348424
904748685690407.375000 28.155130 0.901027 69.934775 39.580968 2.141691 2217.994742
2602568660644605.000000 94.294254 1.140077 645.535628 93.736937 2.251304 4741.703794
1203777579878297.750000 9.368830 -0.447299 52.707506 488.458511 2.221518 1822.351962
8380303042077420.000000 52.791963 0.502171 252.319916 13.983611 2.189468 5709.683138
1149123996592458.000000 27.549118 0.240764 2547.049816 241.619555 2.168680 2386.083502
3610634872573940.000000 49.516722 1.284738 2734.847551 1167.280632 2.519413 4220.001433
1558768971253903.750000 7.678259 0.871225 88.350689 2263.326452 2.169712 1907.049814
607713218537373.375000 96.928760 0.763331 503.204303 433.971553 1.973570 2949.264511
1097514758082982.125000 11.689969 -0.317860 107.851424 360.939811 2.234747 1858.126067
42442456471945280.000000 59.140453 1.572652 2004.438004 140.761247 2.180271 10193.784423
2020774441089854.250000 28.163227 1.040448 1455.520436 4001.684505 1.493829 2899.537426
1857758962350858.000000 14.170684 0.714853 881.786198 516.376519 2.558268 2322.251989
93988945833106496.000000 0.534696 0.020900 1839.816722 288.688434 2.275133 7885.018942
512174267124235.500000 88.171122 -0.156991 10.484180 271.906016 1.918241 2691.923358
1413159593656534.000000 7.105843 0.648639 12.515021 1137.078331 2.143117 1818.935568
1723979951085346.250000 3.737790 -0.182335 15.862777 4954.042477 1.844752 1775.252143
6370428289686569984.000000 5.352288 1.065679 12.254909 13.175463 2.233172 28666.826174
6153911558416802.000000 20.018947 1.102134 340.828821 79.148657 2.190169 3800.060801
5481909990247381.000000 23.935843 0.999880 443.199885 76.012405 2.166369 3850.616234
515911503836024.812500 67.973161 1.306783 219.953505 124.629475 2.152046 2460.040156
384605613845961.750000 85.682043 0.272183 49.834087 138.621496 2.028649 2421.695821
422209031192799.062500 78.902398 -0.380234 12.432106 12.744017 2.196770 2425.563378
363194485115563.500000 48.071558 1.845668 42.762787 31.023252 2.079659 1943.160735
1248001709426470.250000 8.169581 1.373519 12.493306 832.928868 2.114880 1792.571128
4991181295729235.000000 21.723859 1.119142 366.824120 82.818147 2.170265 3627.733353
5202234991417385984.000000 18.554729 0.645733 388.906695 15.191054 2.251956 35173.699749
570808996741275.750000 21.271132 1.323160 10.782892 135.116994 2.090476 1750.222009
1343136291879992.500000 57.664916 0.690262 458.495048 31.513337 1.995585 3196.433141
90882790772476656.000000 0.580502 0.020588 1803.928403 290.686032 2.264226 7636.986935
2978420458420230.000000 58.559582 1.066046 2817.944549 1238.924943 2.424209 4190.384972
470175720206513.375000 11.812190 -0.180217 1637.008247 68.581318 2.052649 1404.222314
1523069307994921.750000 88.342013 1.664558 285.588823 100.435461 2.314307 3873.763411
1843722007236496.750000 3.287614 0.658909 627.678221 4546.508913 1.870842 1796.025948
7236922796015479808.000000 5.155057 0.928022 2572.248572 109.858971 2.196870 29749.728636
185860489003582.875000 15.699683 -0.453596 857.650518 46.668724 2.083534 1107.167341
1697187588105781.000000 85.937273 0.682581 1936.698461 791.666808 2.306939 3976.386765
4540873324636545.000000 25.591445 1.065490 395.155002 79.400688 2.179979 3689.121776
3295879687345212.500000 79.801959 1.219689 553.068653 62.857571 2.105872 4831.135581
1150169158695400.750000 36.818775 0.250716 2432.547152 147.182524 2.218110 2614.046786
428561616364593.125000 68.460194 1.827446 176.915555 121.341714 2.129568 2318.331009
176021274715331168.000000 4.183966 1.111925 1428.358797 251.365818 2.416155 8394.125203
242111413840799.687500 99.141232 1.176227 12.113378 31.503688 2.177531 2188.037669
452539086574032.062500 78.164213 1.577673 175.993814 149.417381 2.231567 2474.011059
175097896702688064.000000 4.261204 1.085473 1351.113121 235.567120 2.400112 8396.750212
1345794464892334.000000 87.779789 0.683068 1334.616652 574.877986 2.306369 3708.687786
1647475830238489.500000 6.061506 -0.140241 18.382804 3921.704787 1.632792 1862.123351
1753275111402383872.000000 49.677185 0.767867 2756.465082 15.909533 2.092457 33205.344113
2420313411862142.500000 50.481162 0.830009 2559.488768 3437.085145 2.118207 3717.347832
126094706125099296.000000 24.294030 1.850779 602.922464 79.961763 2.086092 10999.258538
1645486301399984.500000 6.740255 0.813895 344.684403 607.699937 2.469442 1895.418942
136084125486473968.000000 4.280823 1.124282 1480.490732 268.273802 2.416389 7724.116833
1062106267440816.625000 12.752374 1.368634 16.516029 828.173327 1.914467 1877.046798
5442793738267578.000000 19.121657 1.208871 276.436340 81.855975 2.213910 3600.855732
1610013040853785.250000 7.469503 -0.217646 118.238309 3170.864882 2.014416 1917.566606
857213861313010.750000 23.514403 0.169669 1381.187974 215.049945 2.141334 2063.661084
2406860671784416.500000 45.979493 0.921196 2257.216581 4887.467382 1.503288 3596.004259
191251111788212768.000000 0.270587 -0.474154 50.024404 314.965602 2.387186 12340.471225
230239848488604.750000 77.845616 0.831806 43.494742 16.235274 2.022013 1972.173721
1660040186611908.750000 6.351582 1.234514 55.125395 2725.536502 2.150622 1881.473384
522799440514846.125000 68.028016 1.878030 170.841345 104.978522 2.167092 2471.638569
184184640802347520.000000 84.430188 1.126436 498.672253 17.080424 2.194871 18846.764796
545150218705771136.000000 85.492051 1.351353 484.457880 18.873360 2.203618 27181.496649
119260084972135.875000 77.485013 1.497733 25.171992 31.666121 2.032937 1581.245923
2457263328583973.500000 53.030614 0.832666 2616.058134 3865.709957 2.110764 3799.049021
1752133877051499.000000 20.016653 0.315896 2438.756237 2702.205584 1.779362 2499.856757
6095818733467972.000000 50.669411 1.600572 1167.074731 225.925194 2.210492 5064.064683
1249718816376663.250000 32.505233 0.269740 2788.732989 257.663515 2.198778 2582.869380
147077712788273248.000000 26.833982 1.789524 500.672975 61.896210 2.082801 11929.037413
5403885645484085248.000000 5.427056 1.036156 12.937712 13.497238 2.230072 27192.653747
1439026282842169.250000 87.008985 0.676306 1448.925457 588.659109 2.334408 3780.399255
1663737267186161.000000 6.149600 -0.396972 76.878002 2713.645528 2.325205 1872.679848
14422698698876796928.000000 20.106793 0.578614 360.132766 10.056301 2.242448 50539.156351
7329377163217098752.000000 4.235874 0.525813 324.209511 33.519290 2.196264 29134.782072
14322003724133496832.000000 20.137388 0.578432 360.685535 10.070019 2.242167 50443.017275
4720069991486213.000000 92.546783 1.884181 303.471312 70.095377 2.290768 5743.439361
7253108413997409.000000 48.132985 1.073885 177.484898 15.857630 1.932807 5274.197044
7123420036752969728.000000 5.161181 0.926179 2617.372399 110.504866 2.195218 29598.371457
3453607539307736.500000 74.939805 1.193169 675.581827 70.456144 2.080031 4798.544047
3619266073837899.500000 91.364805 1.286520 752.031166 114.154016 2.275077 5232.499282
669187188180269.875000 37.326841 -0.375565 94.328842 264.877205 2.106726 2191.927124
1393770040366930.250000 74.840904 1.887372 523.256930 1787.800264 1.593862 3544.423818
1559554638974205.000000 7.672184 0.099939 2084.192445 153.373637 2.029160 1907.078489
194010986682512.625000 62.532624 1.240697 14.548176 28.457951 2.087442 1724.733953
6076360923129090.000000 51.767593 1.608696 1152.342196 218.537879 2.202652 5095.496940
2372326045084857.000000 44.910509 0.741766 420.416940 29.660370 1.984385 3550.831249
3016501537185793.500000 59.849901 1.065085 2425.377875 707.986770 2.361692 4239.905979
124752518136547360.000000 4.631215 -0.439226 68.805751 11.307187 1.961248 7575.180512
784427675406911.000000 49.253655 1.539129 307.356981 591.395046 1.998863 2532.349833
2951689290780892.500000 26.872052 1.180981 264.032392 69.407228 2.147213 3243.147818
562091080276950.937500 69.991395 1.296540 181.818846 115.807039 2.268441 2557.490534
289590040705464.500000 86.417636 0.125375 37.571428 81.671169 2.056881 2209.922327
1687308549662576.750000 19.154735 0.243370 2842.253264 2919.622354 1.758026 2438.222913
2154329239023603.500000 48.053530 0.776581 1230.529477 112.610360 2.090879 3517.048699
1642764487465715.250000 6.314040 1.236777 54.993401 2727.131945 2.153051 1873.039676
1580234516110524.500000 6.599832 -0.107598 10.032698 3556.920780 1.564842 1863.102680
707879394473158.375000 34.528313 -0.337186 112.856454 298.992583 2.097949 2178.305924
1754727817956306176.000000 49.652555 0.767679 2761.516833 15.896980 2.093281 33208.964336
635818081294920.625000 70.248357 1.257233 211.760356 105.149101 2.228815 2668.184801
481837573942729.875000 40.904021 -0.296087 61.954283 136.535820 2.092109 2023.914631
1721166059417768.250000 5.066247 -0.302364 10.076154 4424.928963 1.874225 1838.696263
1638252165925664.250000 6.671567 -0.175189 62.555564 3443.563511 2.093536 1889.211790
1110082130692619.500000 11.324543 1.543981 14.663134 832.862903 1.985948 1851.235139
2000138353144896.500000 30.724541 1.020607 1474.834563 3730.945830 1.528684 2968.394578
1329673626990502.750000 4.985992 0.143968 18.607799 1111.783737 2.001697 1683.412880
5025633203245281.000000 90.701626 1.302717 1567.422020 244.477557 2.338333 5822.221900
4451346453374397.000000 62.796208 1.828995 469.390667 87.191218 2.028689 4908.076336
191251111788212768.000000 0.270587 -0.474154 50.024404 314.965602 2.387186 12340.471225
1615556279190609.250000 8.333247 0.705155 32.926985 4869.646143 1.627069 1961.470768
1689879675624224.000000 34.981295 1.589645 1058.393339 1496.206860 2.456197 2923.397990
143042712543116720.000000 4.196202 1.144755 1544.973658 280.216815 2.427882 7835.813019
1547967087898742.000000 9.525445 0.893798 35.508491 4078.069166 1.745925 1988.822230
1786316069706021376.000000 49.530350 0.762977 2754.533564 15.554555 2.092975 33379.340316
113192841586434.062500 88.125036 1.549798 17.682276 32.056167 2.008639 1627.226205
1342036536504006.750000 6.059674 1.802434 33.702837 1165.724851 2.007617 1739.009787
1781865621856911.750000 60.006844 1.758171 1186.599698 1564.543806 2.232528 3560.732742
1702212214551387.000000 86.236883 0.688249 1944.716896 794.782841 2.308012 3985.290693
309168476204882.937500 57.384685 1.802839 32.034617 118.840836 1.985818 1955.677675
369956787744543.687500 94.663227 0.200254 10.952493 145.694395 1.995565 2478.179478
211415691508918.531250 78.559082 0.352374 13.015202 34.250511 2.098185 1923.126653
5202234991417385984.000000 18.554729 0.645733 388.906695 15.191054 2.251956 35173.699749
1616488146456066.250000 24.539705 1.152912 1056.011053 1496.071824 2.359092 2581.985412
2378560455935786.500000 48.863718 0.904441 1441.355216 146.125365 2.055611 3655.526843
1559323149154733.500000 8.677681 -0.201036 101.139321 2665.351059 2.202317 1954.603211
241408758196897.687500 22.735392 -0.254658 1191.361101 84.114405 2.049412 1339.364749
2556494313192006.500000 52.117254 0.760798 1411.751205 104.294075 2.112545 3826.877090
710376976832411.875000 17.606011 -0.061834 2735.262345 259.281564 2.163474 1785.263233
186269561165677.812500 83.738687 0.017967 11.164301 27.874133 2.084776 1886.189141
1437332253543642.750000 54.290574 1.386826 1221.525811 926.662396 2.179202 3202.689050
1825891109839693.500000 12.934014 0.395660 1187.076798 135.942391 2.031128 2256.456217
9119386523260820.000000 50.511366 1.176645 154.696134 15.033217 1.935201 5785.651146
3453607539307736.500000 74.939805 1.193169 675.581827 70.456144 2.080031 4798.544047
679417958688921.750000 93.339489 0.730296 519.217713 483.508875 2.012072 3019.326665
7620298391932952576.000000 4.034633 0.517248 336.088381 34.493803 2.203672 29358.063480
1734790881182517.750000 3.649550 -0.063009 21.369416 4756.136389 1.707801 1775.042290
5925731424763952128.000000 18.001237 0.638363 407.258406 15.375640 2.254269 36427.769967
490122295713991.125000 62.309320 0.433357 254.279642 147.639354 2.157509 2346.077695
5551816975765539840.000000 5.378860 1.039152 12.729191 13.530636 2.231507 27402.226653
6739565639620887.000000 20.239916 1.061944 356.079667 76.997077 2.190663 3929.192435
2596106620830917.000000 48.986829 0.984021 299.780429 32.614990 2.003371 3766.923268
256071061738313.937500 86.989237 0.199105 10.781039 64.684429 2.060336 2126.177149
90979965579560368.000000 0.552985 0.021757 1805.181800 291.205012 2.267074 7732.938151
2000138353144896.500000 30.724541 1.020607 1474.834563 3730.945830 1.528684 2968.394578
2226159164931975.750000 42.634065 0.918522 258.792622 30.197496 1.979321 3417.055929
1243951688698776.000000 74.432339 1.977471 433.013045 1336.859111 1.705361 3405.971913
4645956723046397.000000 92.888544 1.863238 305.968361 70.855338 2.298275 5720.852334
3140754505603978.500000 46.253508 0.827495 450.159833 32.607504 1.998962 3937.386247
2249933165247330.500000 4.286733 1.067310 347.872915 364.525014 2.287951 1968.060898
571702933374998.625000 66.711522 -0.290954 12.063989 251.643581 2.045173 2529.056099
136084125486473968.000000 4.280823 1.124282 1480.490732 268.273802 2.416389 7724.116833
1624291961489169.250000 8.223248 0.872809 34.134126 4735.334113 1.738820 1959.733857
82035675258579216.000000 0.518997 0.045324 1693.189592 302.105731 2.237230 7594.502712
2662642898896488.500000 5.477222 0.854381 480.108980 288.892396 2.209069 2150.728876
176623353636780.812500 89.040175 0.132581 10.027073 27.241886 2.079443 1894.416213
2463653571787777.000000 41.765288 0.913496 300.726802 34.442989 2.002198 3510.634108
1729223175789857.000000 4.840079 -0.364958 14.543648 4551.271529 1.896008 1830.130138
2110795810546041.750000 34.687426 0.980430 1693.423766 4258.429659 1.428776 3139.907979
1523990702008389.500000 88.307408 1.664128 285.822856 100.453372 2.314189 3873.997253
8071845358612794.000000 58.616081 0.561059 315.907974 13.451103 2.136551 5844.226740
5403885645484085248.000000 5.427056 1.036156 12.937712 13.497238 2.230072 27192.653747
725122804215437.500000 14.580217 0.875114 26.790727 140.707300 2.090023 1709.602278
418266959168644.625000 49.400039 1.837665 47.613827 31.527738 2.085247 2055.532363
131240096754886.703125 80.087471 1.421855 13.171607 29.910705 2.019845 1651.838987
237250193324018.437500 85.010230 1.058880 35.480427 15.466589 2.044022 2055.678508
1596177101292628.000000 7.553614 -0.211111 102.990831 2682.643415 2.235937 1916.144584
1786316069706021376.000000 49.530350 0.762977 2754.533564 15.554555 2.092975 33379.340316
2245973461375536.500000 5.202169 0.906251 470.165778 328.302741 2.229575 2016.803215
6829430730617879.000000 51.284781 1.046543 235.005321 19.286919 1.967644 5281.076153
2176834789711493.750000 29.456043 0.980188 1684.218662 4294.263823 1.477907 3013.664808
743201154427816.625000 17.365589 -0.246872 92.098015 285.845411 2.066458 1805.556221
1786316069706021376.000000 49.530350 0.762977 2754.533564 15.554555 2.092975 33379.340316
344209846320861.812500 97.838516 0.277285 262.361282 25.681579 2.122795 2448.489661
111885886175982.687500 88.025336 1.552703 17.808004 31.962318 2.006495 1620.278061
949302306417016.125000 22.279986 0.960949 306.434969 398.195049 2.338917 2101.615568
1918657034450479.500000 1.860918 1.525624 235.689632 2338.994981 2.535841 1795.564543
18771982476794240.000000 55.952960 1.495096 146.161808 16.055205 1.941468 7620.328509
877639955157046.125000 91.320291 1.246237 393.757692 655.807188 2.142575 3262.355315
1523069307994921.750000 88.342013 1.664558 285.588823 100.435461 2.314307 3873.763411
31835700210064420864.000000 2.611036 0.311247 381.674041 27.463599 2.202341 45849.038203
1313476527614858.750000 38.989114 0.325344 2479.835858 129.898435 2.173859 2783.401868
1024799425748556.125000 63.852283 0.646759 497.267927 37.200022 2.020065 3025.599294
1605745984678695.250000 7.475161 -0.230018 107.303324 3130.571566 2.016747 1916.146762
1930387836914218.250000 13.551175 0.360202 2514.641401 2953.069580 1.872066 2325.606856
583468141350599.125000 56.922391 0.341707 411.108190 209.190914 2.144932 2410.084501
2138236313224940.000000 36.354691 1.022433 1660.826857 4649.158234 1.287451 3201.158769
1134260314919975.000000 77.530682 1.202585 768.525571 652.175773 2.380086 3350.911569
1241740920935876.250000 70.786098 1.848519 406.492205 1365.726752 1.670016 3344.112937
243884819624011.656250 86.005082 0.184356 11.340814 58.030412 2.066816 2083.355581
1513131497504323.500000 2.637143 -0.252999 14.221609 729.522958 2.028327 1661.376810
665830342588474.500000 17.815165 1.060847 30.279503 161.908877 2.107863 1752.801161
1468785546099921.000000 80.959248 1.722986 697.436210 1788.458315 1.709070 3709.174570
40455811894524000.000000 58.916810 1.559297 1950.773458 137.129129 2.176775 10019.096178
4642648179656528.000000 62.986277 1.827700 478.551330 87.522383 2.035729 4982.629733
1315986970905965.750000 5.349880 1.635771 35.146049 805.304133 2.059896 1694.513997
5746786796227895.000000 53.773231 1.618081 1007.297868 184.432716 2.166548 5066.646419
2830388473491651.000000 57.387747 1.015808 2389.601666 758.047406 2.403154 4091.245280
1803240794153458.500000 3.643556 0.806951 531.230256 3101.668271 1.901858 1797.821451
2431239337562862.000000 48.210980 0.936422 292.086269 30.880112 1.999449 3665.726430
3379822604221019.500000 44.007464 1.137238 1025.606708 154.768954 2.153482 3968.672251
232415943045108.531250 62.913940 -0.224472 10.467622 75.180565 1.973694 1835.630719
2557925115607592.000000 52.769538 0.888681 1311.112430 118.741564 2.061052 3843.781595
2340522344565783.000000 30.651578 1.588558 1500.535879 2887.435098 2.532775 3125.726130
1516733791216194.500000 20.074808 0.199671 2377.491576 2548.930082 1.709810 2384.438955
533097257293581.625000 62.779073 0.802436 441.025161 106.815526 1.991985 2419.033255
318497063044278.687500 14.845481 -0.491046 262.563912 19.134407 2.010012 1305.630028
1608913178301578.750000 7.135439 1.094650 108.274147 2740.393297 2.172457 1900.773548
1656527454644359.250000 8.843575 0.402799 578.047948 4642.473461 1.758643 2002.284308
1134075163305405.250000 94.679285 1.326160 693.476072 764.839948 2.406129 3600.170789
1278871508900876.750000 9.180663 -0.304424 51.362538 627.536488 2.217503 1851.409522
1201347252966144.000000 33.591507 0.272564 2553.836310 249.814547 2.196037 2575.704101
1479629368375385.250000 57.203787 0.768673 533.308459 44.890226 2.022087 3292.146037
76598801968902528.000000 41.961861 1.391419 2760.329191 168.420466 2.385841 11056.125374
5389719833414273024.000000 5.422977 1.034956 12.950929 13.530919 2.230199 27165.826770
1466312526383128.250000 57.295838 0.763495 530.067295 44.305332 2.020597 3284.051869
5049386937441314.000000 90.763912 1.304213 1570.113097 244.763016 2.339115 5832.827418
5049284626250400.000000 90.732454 1.304168 1569.289797 244.693832 2.339045 5832.057277
728865794042990.125000 92.549355 0.782790 631.240906 501.952155 2.022064 3081.362463
489431510416505.625000 75.481477 -0.209414 13.857887 12.753887 2.220533 2508.175486
89537627055117360.000000 44.363402 1.447925 2830.322812 168.478914 2.368673 11862.455411
1535694006805097.000000 53.077712 1.433766 1307.395634 1021.942828 2.191823 3249.054045
301725063358318.000000 43.119521 1.748399 35.097059 109.886099 1.989643 1761.807608
11158956994020982784.000000 19.243516 0.572472 365.710021 11.024934 2.247592 45826.057444
1624984779762882.500000 6.735859 -0.416315 12.430370 3800.280551 1.892437 1887.295655
156794701367693.468750 94.664174 0.208884 10.494332 24.139630 2.068196 1861.491798
1547736175752359.500000 27.279598 0.322949 1964.373258 1733.738136 1.975895 2627.211478
707879394473158.375000 34.528313 -0.337186 112.856454 298.992583 2.097949 2178.305924
567863611405116.375000 56.366802 0.359144 406.160797 199.743348 2.135926 2380.387072
1769887756712596.750000 3.356189 -0.255025 15.612080 4867.152227 1.775730 1774.469758
171666505544292.312500 18.275891 -0.479558 696.096157 44.008200 2.089122 1123.469753
206107678231298.406250 71.165469 -0.296836 18.583373 20.375126 2.071857 1841.279158
418347818510119.250000 51.881848 -0.338255 67.437178 26.441082 2.205944 2089.980692
1253873775024463.750000 8.312907 1.355467 11.036760 823.569210 2.123591 1801.679054
1983366655244475.500000 1.748103 1.497040 227.319797 2404.302105 2.546265 1819.379273
340751027723530.437500 67.880972 0.360503 151.468116 92.170680 2.110768 2141.359630
1610013040853785.250000 7.469503 -0.217646 118.238309 3170.864882 2.014416 1917.566606
6234612667058233.000000 99.197481 1.459600 1546.821891 247.203055 2.343680 6462.630430
563577369868775.750000 69.693157 1.299565 181.528297 115.905043 2.268055 2555.902564
5693912870135774.000000 23.619957 0.982906 463.635509 77.005990 2.167601 3884.355603
416855418481649.437500 78.979108 -0.395667 12.321290 12.771290 2.194943 2416.104147
219043669721532.343750 86.350896 1.055684 30.681084 13.866360 2.037127 2012.976439
707673294883633.000000 49.485570 1.394152 257.504889 491.723375 1.999639 2450.776195
14722624579888306.000000 9.334207 -0.076270 94.069476 30.676450 2.136682 4195.324884
1744780661631313.750000 6.826854 0.579149 776.423306 4324.986169 1.784142 1937.206262
906624100591482.375000 28.158099 0.900820 69.920628 39.641058 2.141932 2219.597873
769779465131052.250000 66.387851 1.215523 195.303430 78.473082 2.224050 2787.951647
224848078983478.937500 46.442370 1.693881 20.472626 50.170475 2.039852 1637.130856
1174941535810410.750000 79.599903 1.204054 752.332167 574.087872 2.443762 3422.458059
1826451058019001.000000 2.108773 1.524653 179.757525 2119.783446 2.428070 1762.737779
326742310228203.187500 86.644766 0.249390 61.389713 104.593564 2.060740 2302.825311
504367763672189.812500 25.444707 1.326320 13.850270 103.192250 2.098088 1770.284150
1717108288807941.000000 4.010070 -0.176788 16.187587 4812.538728 1.837764 1785.347624
194913472965924416.000000 0.266269 -0.482249 47.103209 316.347277 2.390232 12490.094573
14322003724133496832.000000 20.137388 0.578432 360.685535 10.070019 2.242167 50443.017275
194972282837704160.000000 0.265113 -0.482270 47.106165 316.303412 2.390314 12510.781011
197585872274099200.000000 27.369266 1.991938 501.880534 66.962444 2.078507 13241.845699
2264761052274142.500000 0.559520 1.631373 349.419210 2264.087758 2.767764 2251.196084
1655231078795575.000000 6.181034 -0.416214 10.064818 4876.555443 1.510375 1871.067259
1948368030202203.000000 3.927032 0.749432 698.075738 4537.082632 1.858128 1858.120754
194913472965924416.000000 0.266269 -0.482249 47.103209 316.347277 2.390232 12490.094573
1948368030202203.000000 3.927032 0.749432 698.075738 4537.082632 1.858128 1858.120754
1111774374242041.375000 77.128461 1.212927 732.535028 621.200139 2.375334 3322.470243
891964017691154.625000 28.243875 0.899377 70.193576 39.531336 2.137903 2209.627325
604958006799849.000000 35.093208 -0.263956 92.102398 219.569948 2.083045 2077.879580
525549339225925.000000 76.774157 -0.165446 12.496310 12.335936 2.234869 2583.942124
186269561165677.812500 83.738687 0.017967 11.164301 27.874133 2.084776 1886.189141
120512952693529952.000000 4.683963 -0.441313 69.114352 11.373511 1.963370 7499.200456
1457222192402609.500000 31.293114 0.346364 1830.672627 1607.654277 1.962746 2686.347449
370069225583192.812500 70.143514 1.990671 144.516376 120.077220 2.153663 2226.577155
1282131571441219.750000 6.863691 1.173443 12.979482 764.552462 2.128269 1749.816160
236241277095831136.000000 40.915467 1.217533 180.102419 12.480688 1.997659 15960.641376
1131337968169141.250000 81.275481 1.239409 743.381564 545.467537 2.393227 3404.815838
2265422356509151.500000 0.570637 1.622577 357.287883 2189.758911 2.749663 2240.358933
344917412664411.500000 68.077171 0.367583 153.774308 93.520362 2.114297 2152.227929
10145641065478822.000000 63.277942 0.497051 397.441526 10.697880 2.123797 6476.300815
2590351303731042.500000 60.329749 0.987913 2407.406690 928.897018 2.377012 4041.157080
382584204316681.562500 47.369486 1.812683 42.983846 30.860572 2.080081 1967.422849
361711905199177024.000000 95.083976 0.968619 538.287308 12.704813 2.266753 24635.940125
1484872972284803072.000000 50.371387 0.775033 2534.840671 15.328901 2.077220 31563.606467
1097917342702957.875000 33.288184 0.214193 2751.289066 104.322845 2.152893 2492.392034
3016501537185793.500000 59.849901 1.065085 2425.377875 707.986770 2.361692 4239.905979
941726774690611.000000 22.467295 0.952957 302.323004 392.218507 2.343903 2101.126819
1614337501721653.750000 7.957784 0.678131 33.794858 4853.640564 1.638543 1942.972448
2340522344565783.000000 30.651578 1.588558 1500.535879 2887.435098 2.532775 3125.726130
1453385021098618.500000 82.075046 1.724585 683.392810 1773.917953 1.690262 3714.298487
2896556997236124.500000 45.639956 0.710300 459.399317 26.081097 1.978964 3815.563294
1607247373521443.250000 8.274143 0.877518 33.879317 4623.279147 1.740345 1955.284828
787594114320846.000000 27.960251 0.865665 63.971107 38.402355 2.120996 2113.304756
1037284693792129.875000 8.659054 0.042438 1908.918476 144.229094 2.009454 1705.503426
1435310010666626.250000 86.579203 1.987991 577.997178 1607.465374 1.754897 3770.418035
275043342430699.250000 61.655463 1.803035 29.943160 99.926655 1.992522 1928.055746
3685184776511637.500000 61.487998 1.731623 459.524372 88.453313 2.050667 4575.056301
1566849575186292.000000 9.414902 0.888553 34.324620 4224.918896 1.744353 1991.830859
230184826288819.468750 86.247758 1.074232 33.228928 14.907269 2.044267 2045.662710
230184826288819.468750 86.247758 1.074232 33.228928 14.907269 2.044267 2045.662710
1390316763990845.000000 5.594336 1.361882 13.076749 966.416212 2.113438 1737.458312
1586685141443459.000000 88.508508 0.572978 1985.641793 768.151958 2.315020 3929.629290
204030173650669.031250 18.796265 -0.334195 1164.968927 79.028310 2.032233 1199.356672
1109061279638730.125000 37.688327 0.212660 2721.690603 139.643962 2.239907 2602.035087
1558768971253903.750000 7.678259 0.871225 88.350689 2263.326452 2.169712 1907.049814
367628927416325.625000 96.382429 0.055222 10.113159 144.627880 1.994400 2489.190286
194774591050725.250000 41.627045 1.746254 27.688784 39.926173 2.036761 1505.094305
136071549527123856.000000 4.268290 1.122493 1486.047497 268.155087 2.413274 7721.279629
83272294747242256.000000 45.353394 1.448780 2753.718410 166.815608 2.365715 11664.196623
1662546332707277.500000 7.150150 -0.388732 81.394810 2970.695164 2.314427 1922.394734
1578928890395366.250000 9.716390 0.756798 31.299793 3981.918602 1.738649 2010.691492
2470014740989012.000000 52.201637 0.717385 1426.667783 90.830456 2.087811 3785.306214
3118562806667984.000000 80.881353 1.195362 542.284091 61.095918 2.107673 4765.699095
1207683796432890.500000 10.586713 -0.355193 84.684864 492.038044 2.265626 1874.491953
7077629452284262400.000000 5.042014 0.931223 2589.790467 111.856904 2.188495 29438.006843
1517019722065009.750000 85.301168 1.953499 681.029313 1784.734557 1.760616 3820.172470
165391396191404.937500 18.337247 -0.493165 709.863239 44.073384 2.095055 1110.639484
2470629382472140.500000 41.736272 0.909740 303.663258 34.619996 2.002589 3513.142569
1168874645161147.500000 92.528607 1.710969 254.384272 101.941517 2.290469 3606.458870
288235056971172.562500 94.515526 0.999453 14.068625 88.910356 2.037758 2279.039949
1513168898839986.750000 2.677061 -0.251948 14.254988 729.952344 2.028144 1662.314891
5274979888888458.000000 20.809422 1.096809 384.427631 84.796407 2.171449 3649.798230
3541951472417307648.000000 5.750994 0.956582 14.925338 14.243901 2.223353 23831.501958
236330116708422464.000000 41.114599 1.229087 176.724299 12.456193 1.997447 15988.041484
1689226320248439.000000 5.571139 -0.210155 12.094199 4035.248538 1.876603 1852.804840
4642648179656528.000000 62.986277 1.827700 478.551330 87.522383 2.035729 4982.629733
2934048422352304.000000 98.149973 1.390642 1685.333779 691.255503 2.613472 5007.437193
1179433151792940.500000 18.068328 1.058302 401.956094 445.385131 2.460668 2129.060749
454145584646968.812500 43.098749 1.802898 19.892924 204.232439 1.968881 2018.756758
806015667397124.125000 85.048775 0.682607 645.201633 666.480697 1.934022 3090.804427
196873651058235.500000 70.590510 -0.340168 16.983243 18.701653 2.061027 1808.187273
140903242324414.718750 70.725719 -0.049807 13.172923 39.444401 1.969844 1618.503997
2736025394658499.000000 59.715206 0.959801 2422.485777 774.738613 2.378465 4101.008583
566502525743687.000000 60.073283 1.462905 12.327931 120.188921 2.266596 2431.164309
584245064329110.875000 53.986380 1.757541 70.866546 38.776133 2.114258 2367.894874
8794539994231131.000000 18.629927 0.957052 1970.530933 196.892454 2.127235 4194.823558
8840271382739291.000000 63.698950 0.651209 428.239044 16.640794 2.139058 6199.981630
1404508673000905.000000 38.118132 0.328895 2631.911492 126.840273 2.170956 2825.499131
365324402131060096.000000 90.845745 1.000681 465.770135 12.186851 2.231622 24312.741622
457191331010987.812500 94.228038 0.282899 11.478145 190.723336 2.011671 2654.945924
1465148315566852864.000000 53.439075 0.805318 1973.395686 14.831248 2.101453 32059.100462
4661479273641243.000000 21.179463 1.097210 258.616082 66.778947 2.155760 3520.179625
1210077915427681.250000 74.416184 1.223409 817.609683 717.792444 2.389633 3374.511838
1238544707609278.250000 98.313038 1.314435 767.680525 740.545063 2.470113 3758.600761
