10.000000 0.000000 0.000000 0.000000 0.000000 0.000000 0.000000 0.000000
10.139395 0.000000 0.000000 0.000000 0.000000 0.000000 0.000000 0.000000
10.280732 0.000000 0.000000 0.000000 0.000000 0.000000 0.000000 0.000000
10.424040 0.000000 0.000000 0.000000 0.000000 0.000000 0.000000 0.000000
10.569346 0.000000 0.000000 0.000000 0.000000 0.000000 0.000000 0.000000
10.716676 0.000000 0.000000 0.000000 0.000000 0.000000 0.000000 0.000000
10.866061 0.000000 0.000000 0.000000 0.000000 0.000000 0.000000 0.000000
11.017528 0.000000 0.000000 0.000000 0.000000 0.000000 0.000000 0.000000
11.171107 0.000000 0.000000 0.000000 0.000000 0.000000 0.000000 0.000000
11.326826 0.000000 0.000000 0.000000 0.000000 0.000000 0.000000 0.000000
11.484715 0.000000 0.000000 0.000000 0.000000 0.000000 0.000000 0.000000
11.644806 0.000000 0.000000 0.000000 0.000000 0.000000 0.000000 0.000000
11.807128 0.000000 0.000000 0.000000 0.000000 0.000000 0.000000 0.000000
11.971713 0.000000 0.000000 0.000000 0.000000 0.000000 0.000000 0.000000
12.138593 0.000000 0.000000 0.000000 0.000000 0.000000 0.000000 0.000000
12.307798 0.000000 0.000000 0.000000 0.000000 0.000000 0.000000 0.000000
12.479362 0.000000 0.000000 0.000000 0.000000 0.000000 0.000000 0.000000
12.653318 0.000000 0.000000 0.000000 0.000000 0.000000 0.000000 0.000000
12.829698 0.000000 0.000000 0.000000 0.000000 0.000000 0.000000 0.000000
13.008537 0.000000 0.000000 0.000000 0.000000 0.000000 0.000000 0.000000
13.189869 99.790958 91.068998 106.455609 82.645906 119.519941 78.327256 125.568208
13.373729 99.781937 91.061492 106.445183 82.639381 119.507281 78.321422 125.554523
13.560151 99.772790 91.053880 106.434612 82.632764 119.494445 78.315508 125.540648
13.749172 99.763516 91.046163 106.423893 82.626056 119.481430 78.309511 125.526578
13.940828 99.753818 91.038092 106.412685 82.619041 119.467821 78.303239 125.511867
14.135156 99.743729 91.029696 106.401025 82.611742 119.453664 78.296715 125.496564
14.332192 99.733500 91.021183 106.389203 82.604342 119.439310 78.290100 125.481048
14.531975 99.723128 91.012552 106.377216 82.596839 119.424755 78.283392 125.465315
14.734543 99.712362 91.003591 106.364773 82.589050 119.409648 78.276429 125.448985
14.939935 99.701080 90.994202 106.351735 82.580888 119.393818 78.269132 125.431874
15.148189 99.689640 90.984681 106.338515 82.572612 119.377768 78.261733 125.414524
15.359347 99.678042 90.975028 106.325111 82.564221 119.361494 78.254231 125.396933
15.573448 99.666090 90.965081 106.311300 82.555574 119.344726 78.246501 125.378808
15.790533 99.653475 90.954581 106.296722 82.546446 119.327028 78.238341 125.359678
16.010645 99.640684 90.943934 106.281940 82.537192 119.309083 78.230066 125.340281
16.233824 99.627714 90.933139 106.266953 82.527808 119.290888 78.221677 125.320614
16.460115 99.614413 90.922098 106.251624 82.518210 119.272279 78.213096 125.300500
16.689560 99.600250 90.910357 106.235326 82.508004 119.252494 78.203971 125.279114
16.922204 99.585889 90.898453 106.218801 82.497655 119.232434 78.194718 125.257431
17.158090 99.571343 90.886382 106.202045 82.487162 119.212093 78.185337 125.235445
17.397264 99.556658 90.874129 106.185035 82.476510 119.191445 78.175813 125.213127
17.639773 99.540927 90.861002 106.166816 82.465099 119.169330 78.165610 125.189224
17.885662 99.524977 90.847692 106.148342 82.453528 119.146907 78.155264 125.164988
18.134978 99.508805 90.834196 106.129612 82.441796 119.124172 78.144774 125.140414
18.387770 99.492407 90.820513 106.110620 82.429901 119.101119 78.134138 125.115497
18.644085 99.474894 90.805925 106.090376 82.417219 119.076549 78.122798 125.088941
18.903974 99.457022 90.791045 106.069728 82.404283 119.051488 78.111232 125.061856
19.167485 99.438901 90.775958 106.048792 82.391168 119.026079 78.099504 125.034392
19.434669 99.420527 90.760661 106.027564 82.377869 119.000315 78.087613 125.006546
19.705578 99.401080 90.744469 106.005099 82.363793 118.973052 78.075025 124.977080
19.980263 99.381106 90.727836 105.982024 82.349334 118.945049 78.062095 124.946815
20.258777 99.360853 90.710972 105.958263 82.334673 118.916656 78.048985 124.916129
20.541173 99.340317 90.693873 105.932670 82.319808 118.887867 78.035692 124.885014
20.827506 99.318739 90.675905 105.905781 82.304186 118.857621 78.021722 124.852326
21.117830 99.296418 90.657316 105.877969 82.288026 118.826336 78.007270 124.818515
21.412202 99.273786 90.638468 105.849769 82.271640 118.794614 77.992616 124.784232
21.710676 99.250778 90.619358 105.821176 82.255026 118.762451 77.977758 124.749472
22.013311 99.226613 90.599421 105.791353 82.237693 118.728903 77.962256 124.713217
22.320165 99.201439 90.578650 105.760287 82.219634 118.693958 77.946105 124.675452
22.631296 99.175913 90.557588 105.728788 82.201323 118.658526 77.929728 124.637161
22.946764 99.150032 90.536234 105.696850 82.182758 118.622599 77.913123 124.598335
23.266629 99.123229 90.514117 105.663778 82.163529 118.585398 77.895925 124.558133
23.590953 99.095108 90.490910 105.629086 82.143352 118.546373 77.877877 124.515962
23.919798 99.066595 90.467380 105.593910 82.122894 118.506805 77.859578 124.473203
24.253227 99.037685 90.443521 105.558243 82.102151 118.466684 77.841024 124.429848
24.591304 99.007963 90.418992 105.521579 82.080824 118.425442 77.821948 124.385280
24.934094 98.976558 90.393069 105.482847 82.058286 118.381873 77.801786 124.338201
25.281661 98.944829 90.366785 105.443575 82.035433 118.337696 77.781342 124.290465
25.634074 98.912428 90.340135 105.403755 82.012261 118.292904 77.760614 124.242064
25.991399 98.879477 90.312935 105.363118 81.988612 118.247192 77.739459 124.192669
26.353705 98.844412 90.283986 105.319888 81.963441 118.198563 77.716939 124.140126
26.721062 98.808859 90.254632 105.276055 81.937918 118.149257 77.694105 124.086850
27.093539 98.772810 90.224870 105.235820 81.912040 118.099263 77.670952 124.032831
27.471208 98.736259 90.194693 105.195160 81.885801 118.048572 77.647477 123.978060
27.854142 98.697149 90.162395 105.151657 81.857717 117.994352 77.622348 123.919480
28.242413 98.657465 90.129622 105.107515 81.829220 117.939337 77.596850 123.860040
28.636097 98.617227 90.096393 105.062759 81.800326 117.883555 77.570996 123.799772
29.035269 98.576464 90.062701 105.017378 81.771030 117.826996 77.544782 123.738664
29.440005 98.533339 90.026896 104.969169 81.739895 117.766928 77.516920 123.673770
29.850382 98.489281 89.990317 104.919919 81.708086 117.705566 77.488454 123.607478
30.266481 98.444608 89.953227 104.869982 81.675834 117.643348 77.459591 123.540262
30.688379 98.399313 89.915621 104.819349 81.643132 117.580263 77.430326 123.472109
31.116158 98.351533 89.875942 104.765943 81.608627 117.513740 77.399443 123.400247
31.549901 98.302386 89.835125 104.711012 81.573132 117.445326 77.367673 123.326343
31.989689 98.252555 89.793740 104.655316 81.537142 117.375958 77.335460 123.251408
32.435608 98.202029 89.751778 104.598843 81.500651 117.305622 77.302798 123.175429
32.887743 98.149109 89.707818 104.536228 81.462421 117.231979 77.268577 123.095882
33.346180 98.094309 89.662291 104.468388 81.422827 117.155736 77.233131 123.013529
33.811008 98.038744 89.616129 104.399602 81.382680 117.078430 77.197191 122.930029
34.282315 97.982405 89.569323 104.332871 81.341974 117.000047 77.160750 122.845364
34.760192 97.923814 89.520638 104.270821 81.299632 116.918555 77.122841 122.757348
35.244730 97.861207 89.469876 104.206135 81.255482 116.833630 77.083309 122.665628
35.736022 97.797491 89.418406 104.140548 81.210717 116.747522 77.043225 122.572629
36.234163 97.733752 89.366218 104.074046 81.165327 116.660212 77.002583 122.478335
36.739248 97.668587 89.312320 104.005373 81.118448 116.570077 76.960604 122.380992
37.251373 97.600205 89.256447 103.931866 81.069239 116.475534 76.916532 122.278898
37.770637 97.530871 89.200044 103.854793 81.019344 116.379674 76.871846 122.175380
38.297139 97.460570 89.142854 103.776645 80.968754 116.282477 76.826537 122.070420
38.830980 97.388484 89.084205 103.696516 80.916871 116.182829 76.780068 121.962815
39.372263 97.312349 89.022235 103.611899 80.862051 116.077645 76.730957 121.849247
39.921091 97.235154 88.959402 103.526102 80.806466 115.970996 76.681162 121.734095
40.477570 97.156882 88.895693 103.438239 80.750106 115.862860 76.630673 121.617337
41.041805 97.077177 88.830814 103.347229 80.692711 115.752752 76.579255 121.498453
41.613906 96.992462 88.761817 103.250530 80.631672 115.635812 76.524558 121.372209
42.193981 96.906567 88.691859 103.152483 80.569781 115.517241 76.469098 121.244206
42.782142 96.819474 88.620926 103.053069 80.507028 115.397018 76.412866 121.114419
43.378502 96.731167 88.546475 102.952270 80.443401 115.275120 76.355849 120.982822
43.983175 96.637192 88.461928 102.845040 80.375641 115.145511 76.295111 120.842926
44.596276 96.541681 88.379282 102.728879 80.306772 115.013791 76.233378 120.700751
45.217924 96.444839 88.299025 102.609649 80.236943 114.880234 76.170785 120.556595
45.848238 96.346647 88.217650 102.488757 80.166140 114.744815 76.107318 120.410428
46.487337 96.241713 88.131607 102.361119 80.091269 114.601837 76.040186 120.256127
47.135345 96.133320 88.043599 102.230602 80.014686 114.455635 75.971513 120.098352
47.792386 96.026196 87.954363 102.098266 79.937035 114.307394 75.901883 119.938377
48.458586 95.914749 87.863884 101.964085 79.858302 114.157087 75.831283 119.776172
49.134073 95.797808 87.768881 101.823391 79.775624 113.999482 75.757125 119.606117
49.818975 95.678746 87.671102 101.678667 79.691448 113.837363 75.680788 119.431202
50.513425 95.559751 87.569729 101.531927 79.610766 113.672983 75.603386 119.253849
51.217554 95.439098 87.460949 101.384065 79.528959 113.506312 75.524905 119.074024
51.931499 95.318350 87.347564 101.247282 79.443620 113.332729 75.443039 118.886767
52.655396 95.190287 87.230195 101.105702 79.355228 113.153153 75.358249 118.693065
53.389384 95.057802 87.111190 100.962149 79.265605 112.971074 75.272276 118.496663
54.133603 94.923469 86.990527 100.802997 79.174732 112.786458 75.185105 118.297524
54.888196 94.789144 86.865596 100.635279 79.080579 112.595448 75.094791 118.091513
55.653308 94.649529 86.736707 100.460817 78.982478 112.396776 75.000695 117.877270
56.429085 94.503451 86.623362 100.283923 78.883010 112.195334 74.905287 117.660041
57.215676 94.355337 86.497047 100.104563 78.782155 111.991085 74.808549 117.439783
58.013231 94.202987 86.361512 99.920161 78.678354 111.781105 74.708989 117.213368
58.821904 94.043544 86.219630 99.744215 78.569583 111.561599 74.604669 116.976729
59.641849 93.881878 86.075769 99.567128 78.459296 111.339033 74.498895 116.736791
60.473224 93.717958 85.929903 99.387572 78.347472 111.113365 74.391646 116.493509
61.316188 93.542727 85.780793 99.204046 78.233126 110.882775 74.281982 116.244935
62.170903 93.367352 85.630595 99.011056 78.112655 110.640610 74.166454 115.983955
63.037532 93.189533 85.490152 98.815376 77.990506 110.395070 74.049317 115.719337
63.916241 93.014317 85.347751 98.616968 77.866653 110.146106 73.930546 115.451030
64.807198 92.830232 85.203050 98.412760 77.740798 109.893171 73.809855 115.178447
65.710575 92.635732 85.049898 98.178447 77.607531 109.626448 73.682072 114.891106
66.626545 92.438521 84.894611 97.940867 77.472407 109.341354 73.552509 114.599760
67.555283 92.238560 84.737159 97.699976 77.335399 109.049488 73.421139 114.304353
68.496967 92.035813 84.577512 97.455727 77.196482 108.770822 73.287938 114.004828
69.451778 91.822207 84.409001 97.198923 77.049779 108.482269 73.147291 113.690043
70.419898 91.604897 84.237541 96.937713 76.894369 108.188761 73.004179 113.369868
71.401513 91.377831 84.063691 96.672861 76.735730 107.891162 72.859072 113.045230
72.396811 91.151447 83.878210 96.404318 76.574878 107.577974 72.711941 112.716067
73.405984 90.927344 83.681688 96.123831 76.406249 107.243723 72.557638 112.372406
74.429223 90.688313 83.480709 95.837218 76.233773 106.902229 72.399799 112.021276
75.466726 90.445950 83.276929 95.546609 76.058893 106.555974 72.239759 111.665252
76.518692 90.200209 83.070308 95.251950 75.881574 106.204893 72.077489 111.304265
77.585321 89.944679 82.855211 94.956035 75.696892 105.840708 71.908420 110.929725
78.666818 89.689931 82.648364 94.667910 75.507088 105.467172 71.734631 110.545527
79.763391 89.423779 82.439361 94.375769 75.314637 105.088429 71.558419 110.155973
80.875249 89.153918 82.227445 94.079555 75.119504 104.704406 71.379751 109.760990
82.002606 88.874998 82.004809 93.773532 74.917529 104.308353 71.194759 109.353554
83.145678 88.587458 81.763578 93.458168 74.709055 103.929821 71.003763 108.934232
84.304684 88.298545 81.518985 93.138408 74.497676 103.548920 70.810105 108.509066
85.479845 88.000896 81.283053 92.814191 74.283350 103.162709 70.613748 108.077973
86.671388 87.696474 81.028479 92.481089 74.062802 102.766163 70.411637 107.635638
87.879540 87.382252 80.764336 92.136768 73.834308 102.356628 70.202163 107.179253
89.104533 87.066706 80.496510 91.787647 73.602629 101.941384 69.989770 106.716506
90.346602 86.743689 80.224952 91.433659 73.367720 101.520351 69.774415 106.247308
91.605985 86.413476 79.948553 91.071783 73.127292 101.090138 69.553957 105.768118
92.882923 86.073125 79.677571 90.696873 72.877441 100.644968 69.324740 105.272909
94.177660 85.728031 79.402812 90.316737 72.624107 100.193593 69.092327 104.770797
95.490446 85.373499 79.124223 89.931302 72.367242 99.735926 68.856675 104.261686
96.821531 85.013254 78.806909 89.538983 72.105610 99.239193 68.616621 103.743768
98.171170 84.641108 78.488723 89.131994 71.833111 98.721204 68.366428 103.208233
99.539623 84.263774 78.193001 88.702375 71.556813 98.195994 68.112748 102.665232
100.927151 83.881180 77.897851 88.300919 71.276664 97.663464 67.855531 102.114662
102.334021 83.498703 77.572959 87.876543 70.992505 97.123378 67.594629 101.556279
103.760502 83.089999 77.234421 87.422188 70.696149 96.593445 67.322295 100.979256
105.206867 82.681249 76.892129 86.969509 70.395662 96.059026 67.046165 100.394189
106.673394 82.266801 76.543123 86.531877 70.090986 95.517158 66.766186 99.800968
108.160363 81.846577 76.190230 86.077952 69.782103 94.967736 66.482304 99.199477
109.668060 81.412464 75.828463 85.611199 69.473913 94.402212 66.187661 98.581325
111.196773 80.983135 75.479652 85.138929 69.160469 93.827684 65.888007 97.953457
112.746796 80.558069 75.125979 84.660076 68.842655 93.245147 65.584176 97.316838
114.318425 80.085953 74.746770 84.164788 68.520411 92.654490 65.276110 96.671344
115.911962 79.630511 74.323839 83.673818 68.187813 92.048718 64.958247 96.011451
117.527712 79.156763 73.900722 83.148692 67.848655 91.421929 64.634147 95.340587
119.165984 78.674026 73.495600 82.631686 67.504769 90.786403 64.305530 94.660372
120.827094 78.160909 73.079279 82.086953 67.156090 90.142018 63.972332 93.970675
122.511358 77.662243 72.656495 81.517061 66.798105 89.485715 63.630342 93.268673
124.219100 77.156865 72.201199 80.964389 66.432445 88.808720 63.281079 92.555259
125.950646 76.644068 71.737409 80.409851 66.061688 88.102137 62.926947 91.815726
127.706330 76.116652 71.262054 79.863786 65.665844 87.385704 62.567879 91.057078
129.486487 75.601248 70.766691 79.284587 65.260771 86.700418 62.200992 90.288333
131.291459 75.050638 70.283377 78.706137 64.847269 86.019925 61.826107 89.509361
133.121590 74.499401 69.811388 78.116352 64.428004 85.287968 61.445996 88.719530
134.977233 73.937185 69.333176 77.468484 64.002894 84.532938 61.060587 87.918690
136.858742 73.369462 68.816028 76.859686 63.552949 83.768833 60.668202 87.108755
138.766479 72.797341 68.277972 76.244954 63.093308 82.996604 60.267554 86.291132
140.700809 72.220352 67.757172 75.632389 62.627260 82.213611 59.861322 85.462112
142.662102 71.676062 67.197838 75.012269 62.154716 81.419703 59.449427 84.621535
144.650734 71.059461 66.635433 74.383780 61.701629 80.616854 59.031152 83.771876
146.667087 70.466691 66.087424 73.718137 61.241189 79.809704 58.604979 82.941157
148.711546 69.864095 65.558731 73.038698 60.774332 78.991302 58.172865 82.104602
150.784505 69.215381 65.022669 72.351778 60.300967 78.161493 57.734727 81.256387
152.886359 68.608528 64.475867 71.675856 59.821017 77.321703 57.290419 80.397851
155.017512 67.987621 63.904869 71.000443 59.326948 76.483426 56.839389 79.539865
157.178372 67.341445 63.339155 70.288520 58.809095 75.639992 56.382072 78.669920
159.369353 66.703843 62.787540 69.600379 58.315305 74.814115 55.918380 77.787848
161.590875 66.036365 62.191505 68.911823 57.782454 73.976726 55.448225 76.893480
163.843365 65.386836 61.655911 68.212609 57.246720 73.145309 54.973450 76.006765
166.127252 64.710305 61.045985 67.488296 56.715715 72.302693 54.492099 75.108134
168.442976 64.016728 60.464369 66.742399 56.196404 71.448331 54.004038 74.196976
170.790980 63.320465 59.856112 66.006564 55.634489 70.582060 53.509174 73.273117
173.171713 62.634430 59.222307 65.273102 55.071924 69.724691 53.011663 72.359932
175.585633 61.935167 58.605297 64.506794 54.502801 68.859120 52.507976 71.438226
178.033202 61.227840 57.943561 63.753047 53.925744 67.981483 51.997269 70.503672
180.514888 60.507577 57.272601 62.977077 53.340644 67.055031 51.479442 69.556090
183.031168 59.788545 56.605433 62.210601 52.770531 66.122604 50.960511 68.620801
185.582523 59.071029 55.996472 61.441132 52.209811 65.208635 50.436740 67.682459
188.169442 58.337431 55.393234 60.651705 51.653699 64.307634 49.905668 66.731037
190.792422 57.597837 54.729955 59.873024 51.069235 63.421031 49.367193 65.766353
193.451965 56.861091 54.080286 59.094953 50.523827 62.554546 48.828542 64.813886
196.148581 56.125959 53.384353 58.309899 49.971201 61.690409 48.287495 63.866046
198.882786 55.382643 52.701903 57.521164 49.353488 60.764867 47.738905 62.904994
201.655104 54.626468 52.006176 56.706493 48.727165 59.889070 47.182669 61.930545
204.466067 53.874485 51.320830 55.901715 48.102502 58.995463 46.626386 60.966324
207.316213 53.138620 50.652969 55.094575 47.481343 58.109223 46.071405 60.016645
210.206088 52.390843 49.977641 54.307539 46.851526 57.179447 45.508688 59.053728
213.136247 51.625339 49.225093 53.509533 46.212929 56.229570 44.938127 58.077389
216.107251 50.874977 48.568952 52.691343 45.613560 55.282318 44.366685 57.107252
219.119669 50.130767 47.899639 51.926713 45.022702 54.357788 43.801598 56.163699
222.174078 49.379297 47.190511 51.132127 44.423607 53.475922 43.228633 55.206993
225.271064 48.620682 46.480552 50.340501 43.816162 52.650470 42.647682 54.236951
228.411221 47.855550 45.728647 49.540686 43.205940 51.741450 42.063924 53.267043
231.595149 47.121606 44.994831 48.784286 42.577509 50.903246 41.492964 52.337635
234.823460 46.368033 44.261083 47.977573 41.950093 50.022166 40.914045 51.395272
238.096772 45.610684 43.552420 47.171266 41.337043 49.146614 40.327057 50.439773
241.415712 44.852503 42.832438 46.355912 40.743174 48.255860 39.734164 49.506691
244.780916 44.123034 42.145811 45.581323 40.169535 47.451427 39.161865 48.638055
248.193029 43.390036 41.480330 44.816841 39.571291 46.607611 38.581589 47.757310
251.652705 42.640374 40.784732 44.060082 38.970360 45.757024 37.987603 46.864288
255.160607 41.883908 40.079614 43.241559 38.335652 44.892068 37.379664 45.958818
258.717408 41.159113 39.388344 42.497767 37.733941 44.098982 36.798929 45.111488
262.323788 40.419316 38.740741 41.745439 37.110936 43.293231 36.212216 44.256546
265.980440 39.677182 38.064609 40.977427 36.467713 42.447591 35.617324 43.389686
269.688063 38.908516 37.371549 40.198740 35.813322 41.598193 35.014139 42.510743
273.447368 38.188104 36.706045 39.437962 35.156386 40.785464 34.437080 41.684760
277.259076 37.480260 36.037657 38.697426 34.537073 40.021102 33.859865 40.862162
281.123917 36.765395 35.363336 37.963236 33.872119 39.209415 33.273648 40.028097
285.042632 36.029574 34.683599 37.198503 33.198872 38.420966 32.650008 39.182406
289.015972 35.328536 34.027198 36.480503 32.600726 37.649202 32.053468 38.382456
293.044698 34.649899 33.383544 35.764196 31.992112 36.894865 31.448934 37.618463
297.129582 33.958459 32.723528 35.049781 31.361573 36.126315 30.767206 36.895993
301.271407 33.256235 32.072170 34.336991 30.704998 35.409678 30.075976 36.163452
305.470967 32.586932 31.429997 33.644579 30.075983 34.629214 29.448279 35.458222
309.729067 31.930490 30.821599 32.984113 29.467658 33.912498 28.898718 34.773267
314.046522 31.265499 30.182518 32.312068 28.869301 33.195413 28.341496 34.078764
318.424160 30.590612 29.564411 31.628971 28.225451 32.487055 27.749333 33.374581
322.862820 29.936680 28.950558 30.985462 27.594882 31.823571 27.108291 32.690694
327.363353 29.315097 28.351706 30.350692 27.025535 31.163137 26.504788 32.037923
331.926620 28.685870 27.772951 29.711341 26.451843 30.484598 25.892872 31.386046
336.553498 28.052187 27.169807 29.048848 25.870678 29.842784 25.272426 30.742201
341.244871 27.426559 26.567243 28.411188 25.294336 29.208107 24.667043 30.108717
346.001639 26.842954 26.022970 27.810335 24.760329 28.610587 24.109474 29.512274
350.824714 26.250733 25.422937 27.183543 24.219536 27.992121 23.544132 28.909361
355.715021 25.650760 24.818737 26.556995 23.668844 27.388313 22.970910 28.298529
360.673495 25.054672 24.234473 25.940614 23.126896 26.776844 22.402761 27.685437
365.701088 24.511318 23.729497 25.383117 22.613202 26.195737 21.891514 27.120564
370.798763 23.965629 23.208600 24.825874 22.113244 25.628715 21.373140 26.549446
375.967497 23.410279 22.654776 24.260862 21.578366 25.029899 20.847540 25.970367
381.208280 22.842847 22.128070 23.683846 21.029228 24.433103 20.317544 25.385867
386.522116 22.341426 21.662463 23.174720 20.558475 23.921201 19.852045 24.858267
391.910025 21.833135 21.182843 22.646665 20.072610 23.409132 19.380056 24.323313
397.373038 21.320144 20.704011 22.108472 19.579783 22.889926 18.901488 23.780902
402.912203 20.799262 20.199738 21.566545 19.079578 22.349041 18.416249 23.230930
408.528580 20.334943 19.765303 21.086358 18.631905 21.862628 17.988763 22.734587
414.223247 19.871793 19.316627 20.602710 18.196051 21.375733 17.561732 22.237419
419.997295 19.401302 18.872245 20.122873 17.747999 20.894211 17.128748 21.733320
425.851829 18.928379 18.379807 19.635176 17.293701 20.412954 16.689729 21.222194
431.787973 18.499890 17.960110 19.179172 16.885262 19.957576 16.296385 20.755488
437.806863 18.072867 17.568209 18.750816 16.488722 19.500808 15.912194 20.296840
443.909653 17.643153 17.153199 18.317298 16.088035 19.037672 15.522647 19.831799
450.097513 17.207420 16.729477 17.860308 15.688366 18.569242 15.127670 19.360276
456.371628 16.807934 16.344691 17.460894 15.328392 18.142694 14.767174 18.923756
462.733201 16.424736 15.973270 17.067756 14.982855 17.739067 14.423180 18.503536
469.183451 16.038859 15.594695 16.674606 14.618518 17.321612 14.074392 18.077458
475.723614 15.644853 15.208297 16.273821 14.249102 16.899347 13.720742 17.645441
482.354943 15.274467 14.843543 15.900538 13.904497 16.514171 13.391509 17.239199
489.078709 14.927759 14.512041 15.542163 13.582678 16.144246 13.084710 16.856575
495.896201 14.577016 14.158665 15.181144 13.256372 15.762241 12.773636 16.468617
502.808725 14.220299 13.810458 14.821625 12.925519 15.386141 12.458225 16.075251
509.817606 13.880774 13.478729 14.478988 12.616900 15.026845 12.158446 15.698949
516.924187 13.571400 13.176143 14.163728 12.330711 14.696822 11.885631 15.352463
524.129830 13.259545 12.866839 13.839235 12.032263 14.367196 11.609013 15.001146
531.435916 12.942767 12.552798 13.512837 11.737003 14.037534 11.328539 14.644932
538.843844 12.631250 12.250958 13.199772 11.450161 13.701507 11.056242 14.297848
546.355035 12.353403 11.973480 12.917825 11.194546 13.399912 10.814121 13.985539
553.970928 12.071075 11.703430 12.629435 10.938886 13.095446 10.568624 13.668877
561.692982 11.786248 11.425310 12.330561 10.672965 12.790625 10.319705 13.347801
569.522678 11.505973 11.141034 12.029295 10.416902 12.487939 10.072818 13.028872
577.461515 11.260638 10.893463 11.771500 10.187730 12.228101 9.858132 12.748410
585.511016 11.007934 10.648626 11.517532 9.962749 11.976692 9.640455 12.464038
593.672722 10.755335 10.393262 11.250189 9.734632 11.705060 9.419742 12.175702
601.948197 10.499866 10.144259 10.986079 9.503526 11.436039 9.196143 11.883582
610.339029 10.280986 9.928898 10.759284 9.305945 11.200346 9.003949 11.641061
618.846824 10.056412 9.715095 10.523730 9.098217 10.960096 8.805426 11.397446
627.473213 9.830956 9.490099 10.286316 8.891587 10.717284 8.604135 11.150436
636.219849 9.598955 9.252334 10.049101 8.685758 10.478002 8.400038 10.899983
645.088409 9.401405 9.051841 9.837216 8.506520 10.266339 8.222158 10.675128
654.080591 9.198180 8.854491 9.627439 8.325433 10.046821 8.045941 10.450990
663.198120 8.996184 8.656388 9.414737 8.135350 9.834538 7.867268 10.233586
672.442742 8.792975 8.455038 9.200204 7.941660 9.604651 7.686105 10.013093
681.816229 8.610868 8.280589 9.007301 7.769647 9.412607 7.524274 9.810200
691.320378 8.434399 8.109980 8.819281 7.605046 9.221745 7.367654 9.613157
700.957009 8.252381 7.937259 8.627192 7.438780 9.025599 7.208852 9.413367
710.727970 8.068444 7.763531 8.437477 7.270258 8.826718 7.047835 9.210792
720.635132 7.901021 7.603800 8.262617 7.115676 8.644242 6.900453 9.024088
730.680395 7.743000 7.455652 8.101350 6.971794 8.471188 6.760923 8.846446
740.865683 7.578016 7.297689 7.933290 6.824738 8.295722 6.619449 8.666329
751.192949 7.414690 7.139464 7.763681 6.671882 8.117810 6.476003 8.483700
761.664172 7.260074 6.991062 7.600756 6.528837 7.950772 6.341547 8.311619
772.281357 7.118598 6.852951 7.449588 6.396317 7.795508 6.213469 8.150963
783.046540 6.973563 6.708549 7.298013 6.263953 7.638079 6.081466 7.988068
793.961785 6.824875 6.568947 7.145617 6.129934 7.480291 5.947622 7.822902
805.029181 6.685298 6.434939 6.997824 6.001696 7.329269 5.819597 7.663931
816.250851 6.558835 6.306144 6.863797 5.885432 7.191044 5.703613 7.518031
827.628946 6.429273 6.175553 6.729995 5.770828 7.050893 5.586011 7.370097
839.165644 6.298394 6.052174 6.590945 5.655654 6.907208 5.466770 7.220101
850.863158 6.169255 5.924461 6.453145 5.538963 6.762775 5.350143 7.072804
862.723729 6.053883 5.808898 6.332529 5.434696 6.633188 5.245972 6.939641
874.749630 5.936450 5.695100 6.210993 5.328976 6.504862 5.139519 6.804623
886.943166 5.817357 5.581713 6.084481 5.221783 6.375370 5.031582 6.667722
899.306672 5.697531 5.468736 5.957854 5.113917 6.242922 4.923793 6.530757
911.842520 5.592524 5.365621 5.846590 5.018288 6.127424 4.829422 6.408543
924.553110 5.484872 5.261779 5.735411 4.924063 6.011843 4.733735 6.284625
937.440879 5.374574 5.159473 5.622668 4.827504 5.894879 4.636714 6.158981
950.508296 5.264408 5.053052 5.508383 4.729102 5.773023 4.538342 6.031584
963.757866 5.166559 4.958456 5.406536 4.642612 5.664727 4.452576 5.918295
977.192128 5.068185 4.862893 5.303691 4.555316 5.557259 4.366036 5.803903
990.813657 4.967981 4.766351 5.199413 4.466803 5.448293 4.279263 5.687917
1004.625062 4.866695 4.668325 5.093681 4.377056 5.340414 4.193753 5.570314
1018.628990 4.775333 4.580313 4.996322 4.296065 5.240045 4.116508 5.463290
1032.828126 4.684895 4.493236 4.901679 4.215841 5.140173 4.039977 5.357087
1047.225190 4.592704 4.403213 4.807490 4.134497 5.038047 3.962379 5.249404
1061.822941 4.500261 4.313005 4.709885 4.052454 4.935548 3.883064 5.140219
1076.624177 4.413377 4.229538 4.619521 3.977343 4.837437 3.809121 5.038756
1091.631734 4.328566 4.149694 4.531393 3.902413 4.745713 3.737245 4.939635
1106.848489 4.243520 4.067485 4.442037 3.827328 4.652673 3.664368 4.839132
1122.277356 4.156890 3.985143 4.352462 3.749953 4.557007 3.590474 4.737227
1137.921294 4.075263 3.907609 4.265832 3.677751 4.466625 3.521015 4.640730
1153.783300 3.996568 3.832473 4.183220 3.607506 4.379219 3.454521 4.547801
1169.866413 3.917078 3.756588 4.100106 3.536151 4.290595 3.387099 4.453576
1186.173716 3.836526 3.678605 4.015506 3.463801 4.200736 3.318738 4.358038
1202.708335 3.758967 3.603336 3.934947 3.394073 4.115001 3.253179 4.266019
1219.473437 3.685372 3.532102 3.856884 3.327785 4.032796 3.191255 4.178593
1236.472235 3.610629 3.460117 3.778582 3.260952 3.950592 3.128468 4.089948
1253.707987 3.534838 3.387683 3.697433 3.193187 3.867242 3.064805 4.000068
1271.183997 3.460608 3.318072 3.619790 3.126907 3.785674 3.002651 3.912142
1288.903612 3.391284 3.252168 3.547766 3.064794 3.709137 2.944648 3.829710
1306.870230 3.320632 3.182595 3.472941 3.001814 3.631532 2.885836 3.746129
1325.087292 3.249094 3.113624 3.397052 2.938251 3.552846 2.826205 3.661383
1343.558290 3.177958 3.042783 3.321919 2.876687 3.473758 2.767045 3.577264
1362.286764 3.112048 2.979641 3.254437 2.819829 3.400159 2.712462 3.499472
1381.276303 3.045215 2.917416 3.185408 2.762178 3.325535 2.657119 3.420596
1400.530545 2.977682 2.852366 3.116584 2.703724 3.251168 2.601003 3.340620
1420.053182 2.910175 2.787213 3.045821 2.644873 3.176896 2.544510 3.260110
1439.847953 2.848387 2.726793 2.980765 2.591138 3.109046 2.492976 3.186733
1459.918652 2.785703 2.667196 2.911643 2.536654 3.040251 2.440723 3.112333
1480.269127 2.721677 2.605115 2.844732 2.480743 2.969557 2.387602 3.036896
1500.903276 2.657100 2.542261 2.776973 2.421367 2.895918 2.333085 2.960408
1521.825053 2.597743 2.485320 2.713580 2.366496 2.828746 2.283159 2.890790
1543.038469 2.537836 2.428539 2.652583 2.311275 2.761155 2.232900 2.820740
1564.547589 2.476917 2.372461 2.590100 2.255285 2.693348 2.181941 2.749714
1586.356534 2.415882 2.314166 2.524868 2.198728 2.624110 2.130272 2.677536
1608.469483 2.359351 2.260204 2.465182 2.148910 2.561539 2.082292 2.609702
1630.890676 2.303310 2.207349 2.405672 2.098396 2.499524 2.034702 2.542561
1653.624407 2.246189 2.152511 2.345200 2.046417 2.436643 1.986449 2.475228
1676.675035 2.188235 2.096613 2.284899 1.994187 2.372740 1.937523 2.407823
1700.046975 2.133579 2.044165 2.227963 1.946320 2.313103 1.891494 2.344769
1723.744708 2.080279 1.991995 2.173648 1.899879 2.253729 1.846534 2.283364
1747.772774 2.026319 1.940763 2.118215 1.851500 2.193324 1.800947 2.221104
1772.135779 1.971798 1.888856 2.061674 1.801686 2.133632 1.754724 2.160234
1796.838391 1.919928 1.839154 2.008116 1.754345 2.075958 1.710678 2.101330
1821.885343 1.870343 1.791455 1.955002 1.710627 2.023728 1.668352 2.044176
1847.281437 1.820036 1.743090 1.902130 1.667100 1.968281 1.625436 1.988821
1873.031539 1.769130 1.694052 1.849487 1.621683 1.913542 1.582265 1.933248
1899.140582 1.720031 1.648791 1.797687 1.577807 1.860102 1.541127 1.879711
1925.613572 1.673569 1.604163 1.749929 1.535056 1.808839 1.502259 1.829340
1952.455581 1.626475 1.559542 1.701170 1.491708 1.756814 1.462849 1.778268
1979.671753 1.578799 1.515016 1.652228 1.449284 1.704660 1.422890 1.725848
2007.267304 1.532317 1.471732 1.604162 1.405233 1.653802 1.383293 1.674497
2035.247521 1.489341 1.431678 1.559536 1.367572 1.607412 1.344590 1.627218
2063.617768 1.446041 1.391358 1.514026 1.328114 1.561300 1.305328 1.579281
2092.383480 1.401906 1.350218 1.468429 1.286263 1.513075 1.265598 1.532353
2121.550171 1.358161 1.307977 1.422523 1.245195 1.464801 1.226007 1.485936
2151.123430 1.318829 1.270388 1.381556 1.209618 1.421375 1.190404 1.443755
2181.108924 1.278898 1.232694 1.340271 1.173545 1.378291 1.154304 1.401199
2211.512400 1.238410 1.193979 1.298648 1.135289 1.336121 1.117702 1.358051
2242.339683 1.197538 1.154671 1.256421 1.099156 1.292309 1.080401 1.315226
2273.596682 1.161571 1.120707 1.218584 1.065966 1.253667 1.047652 1.278504
2305.289387 1.125139 1.084840 1.180804 1.032314 1.214175 1.013645 1.241271
2337.423871 1.088289 1.050272 1.142609 0.998437 1.174044 0.977676 1.203519
2370.006292 1.050926 1.013956 1.103212 0.963711 1.133707 0.941206 1.165241
2403.042894 1.017904 0.982034 1.068372 0.933668 1.098726 0.909425 1.131000
2436.540009 0.984950 0.949891 1.034316 0.903680 1.064069 0.877766 1.096778
2470.504055 0.951537 0.917136 0.998844 0.873628 1.029048 0.845666 1.062079
2504.941542 0.917658 0.884224 0.962839 0.842445 0.993479 0.813118 1.026896
2539.859069 0.887263 0.854279 0.930887 0.814751 0.960965 0.784256 0.995010
2575.263327 0.857611 0.825325 0.899842 0.787473 0.929377 0.756213 0.963797
2611.161101 0.827546 0.796235 0.868236 0.759185 0.897493 0.727779 0.932148
2647.559271 0.797062 0.767039 0.836045 0.731040 0.864367 0.698949 0.900059
2684.464811 0.769252 0.740812 0.806408 0.705387 0.834736 0.672891 0.870545
2721.884795 0.742844 0.714923 0.778358 0.680980 0.807098 0.648235 0.842301
2759.826392 0.716000 0.689072 0.749927 0.656233 0.778796 0.623236 0.813663
2798.296876 0.688719 0.663040 0.721518 0.631136 0.749804 0.597888 0.784626
2837.303617 0.663429 0.638798 0.695036 0.607409 0.722850 0.574500 0.757476
2876.854090 0.639956 0.616378 0.670538 0.585469 0.698084 0.552979 0.732122
2916.955876 0.616175 0.593485 0.645024 0.563224 0.672972 0.531159 0.706414
2957.616659 0.591942 0.570222 0.620487 0.540748 0.647452 0.509034 0.680349
2998.844231 0.568961 0.548064 0.596604 0.519820 0.622915 0.488164 0.655531
3040.646493 0.548241 0.528047 0.575500 0.500970 0.600719 0.469513 0.632952
3083.031457 0.527270 0.507418 0.553453 0.481912 0.578398 0.450601 0.610059
3126.007243 0.506060 0.486993 0.531330 0.462700 0.555394 0.431426 0.586847
3169.582089 0.485583 0.467377 0.509832 0.444087 0.533196 0.412912 0.564305
3213.764344 0.467550 0.450263 0.491166 0.427750 0.513698 0.396856 0.544356
3258.562476 0.449299 0.432723 0.472033 0.411185 0.494108 0.380576 0.524129
3303.985070 0.430787 0.414719 0.452653 0.394279 0.474113 0.364070 0.503620
3350.040830 0.412486 0.396827 0.433648 0.377448 0.454299 0.347741 0.483277
3396.738582 0.396967 0.381779 0.417198 0.363141 0.437381 0.334008 0.465786
3444.087276 0.381156 0.366501 0.400508 0.348635 0.420292 0.320085 0.448051
3492.095985 0.365157 0.351164 0.383407 0.333600 0.403037 0.305967 0.430069
3540.773909 0.348937 0.335578 0.366151 0.318339 0.385503 0.291652 0.411836
3590.130377 0.335493 0.322419 0.352045 0.305786 0.370778 0.279973 0.396605
3640.174847 0.321827 0.309118 0.337940 0.293239 0.355856 0.268138 0.381171
3690.916911 0.308038 0.295925 0.323395 0.280534 0.340743 0.256137 0.365521
3742.366291 0.294026 0.282547 0.308691 0.267619 0.325511 0.243969 0.349653
3794.532847 0.282203 0.271138 0.296307 0.256515 0.312593 0.233781 0.336115
3847.426577 0.270580 0.259990 0.284199 0.245781 0.299942 0.223779 0.322777
3901.057617 0.258782 0.248602 0.271985 0.234728 0.287201 0.213637 0.309254
3955.436245 0.246790 0.236979 0.259589 0.223513 0.274283 0.203354 0.295542
4010.572881 0.236406 0.227103 0.248679 0.214028 0.263036 0.194508 0.283575
4066.478092 0.226517 0.217552 0.238392 0.205044 0.252290 0.186101 0.272128
4123.162591 0.216507 0.207945 0.227913 0.195934 0.241336 0.177576 0.260522
4180.637241 0.206350 0.198203 0.217371 0.186697 0.230116 0.168933 0.248754
4238.913057 0.197318 0.189488 0.207922 0.178489 0.220125 0.161288 0.238231
4298.001206 0.188977 0.181442 0.199221 0.170912 0.210887 0.154257 0.228470
4357.913012 0.180529 0.173284 0.190403 0.163228 0.201520 0.147128 0.218573
4418.659956 0.171945 0.165003 0.181345 0.155348 0.192023 0.139900 0.208538
4480.253680 0.164120 0.157391 0.173022 0.148162 0.183339 0.133322 0.199335
4542.705986 0.157132 0.150610 0.165684 0.141751 0.175585 0.127470 0.191062
4606.028844 0.150021 0.143806 0.158145 0.135251 0.167743 0.121536 0.182673
4670.234388 0.142811 0.136908 0.150501 0.128660 0.159828 0.115520 0.174168
4735.334923 0.136031 0.130410 0.143387 0.122479 0.152391 0.109884 0.166161
4801.342924 0.130159 0.124799 0.137280 0.117142 0.145930 0.105034 0.159188
4868.271040 0.124230 0.119096 0.131088 0.111731 0.139379 0.100117 0.152119
4936.132098 0.118214 0.113315 0.124789 0.106245 0.132753 0.095130 0.144951
5004.939103 0.112397 0.107716 0.118644 0.100975 0.126397 0.090322 0.138018
5074.705239 0.107527 0.103002 0.113538 0.096596 0.121039 0.086319 0.132173
5145.443878 0.102585 0.098211 0.108376 0.092132 0.115607 0.082260 0.126247
5217.168576 0.097583 0.093430 0.103124 0.087559 0.110040 0.078144 0.120238
5289.893076 0.092622 0.088661 0.097893 0.083043 0.104491 0.074058 0.114265
5363.631317 0.088586 0.084787 0.093631 0.079414 0.099979 0.070766 0.109389
5438.397428 0.084495 0.080860 0.089303 0.075735 0.095404 0.067428 0.104446
5514.205739 0.080351 0.076873 0.084912 0.072004 0.090766 0.064043 0.099433
5591.070777 0.076149 0.072822 0.080456 0.068222 0.086062 0.060612 0.094351
5669.007271 0.072788 0.069588 0.076903 0.065201 0.082292 0.057885 0.090262
5748.030158 0.069416 0.066343 0.073332 0.062168 0.078507 0.055149 0.086156
5828.154581 0.065996 0.063052 0.069712 0.059094 0.074680 0.052375 0.081994
5909.395895 0.062528 0.059741 0.066041 0.055976 0.070802 0.049563 0.077774
5991.769669 0.059665 0.057009 0.063029 0.053404 0.067592 0.047251 0.074272
6075.291689 0.056892 0.054348 0.060103 0.050914 0.064475 0.045016 0.070878
6159.977960 0.054080 0.051644 0.057154 0.048389 0.061310 0.042749 0.067436
6245.844712 0.051229 0.048893 0.054173 0.045829 0.058100 0.040451 0.063946
6332.908400 0.048797 0.046551 0.051613 0.043646 0.055358 0.038498 0.060959
6421.185709 0.046525 0.044374 0.049211 0.041584 0.052795 0.036677 0.058162
6510.693555 0.044221 0.042170 0.046776 0.039493 0.050195 0.034830 0.055327
6601.449093 0.041885 0.039943 0.044311 0.037373 0.047560 0.032958 0.052452
6693.469713 0.039827 0.037974 0.042131 0.035509 0.045236 0.031312 0.049914
6786.773051 0.037971 0.036204 0.040168 0.033833 0.043138 0.029832 0.047618
6881.376986 0.036085 0.034413 0.038178 0.032133 0.041011 0.028331 0.045291
6977.299650 0.034174 0.032597 0.036163 0.030409 0.038855 0.026810 0.042932
7074.559423 0.032439 0.030944 0.034327 0.028843 0.036891 0.025428 0.040781
7173.174944 0.030927 0.029504 0.032738 0.027483 0.035180 0.024228 0.038903
7273.165113 0.029392 0.028038 0.031126 0.026104 0.033452 0.023011 0.036999
7374.549090 0.027831 0.026559 0.029485 0.024706 0.031704 0.021777 0.035069
7477.346305 0.026365 0.025169 0.027939 0.023394 0.030061 0.020619 0.033254
7581.576458 0.025138 0.023999 0.026638 0.022293 0.028668 0.019648 0.031722
7687.259522 0.023893 0.022812 0.025319 0.021178 0.027255 0.018664 0.030168
7794.415750 0.022630 0.021609 0.023981 0.020048 0.025822 0.017665 0.028594
7903.065679 0.021407 0.020443 0.022684 0.018952 0.024433 0.016698 0.027066
8013.230128 0.020411 0.019494 0.021630 0.018062 0.023302 0.015914 0.025820
8124.930211 0.019402 0.018532 0.020560 0.017165 0.022154 0.015119 0.024556
8238.187331 0.018377 0.017554 0.019476 0.016254 0.020991 0.014313 0.023275
8353.023195 0.017354 0.016575 0.018392 0.015344 0.019828 0.013507 0.021994
8469.459808 0.016549 0.015804 0.017542 0.014629 0.018911 0.012875 0.020982
8587.519485 0.015733 0.015022 0.016678 0.013904 0.017982 0.012234 0.019956
8707.224849 0.014905 0.014230 0.015800 0.013169 0.017040 0.011584 0.018916
8828.598841 0.014066 0.013429 0.014910 0.012423 0.016084 0.010925 0.017862
8951.664721 0.013402 0.012793 0.014206 0.011835 0.015327 0.010405 0.017025
9076.446073 0.012743 0.012161 0.013507 0.011252 0.014576 0.009889 0.016195
9202.966809 0.012074 0.011521 0.012801 0.010661 0.013814 0.009365 0.015353
9331.251175 0.011397 0.010872 0.012086 0.010062 0.013042 0.008835 0.014499
9461.323756 0.010840 0.010342 0.011498 0.009567 0.012407 0.008400 0.013796
9593.209478 0.010309 0.009835 0.010935 0.009095 0.011801 0.007986 0.013125
9726.933615 0.009770 0.009321 0.010365 0.008617 0.011186 0.007565 0.012444
9862.521795 0.009224 0.008800 0.009787 0.008132 0.010563 0.007139 0.011754
10000.000000 0.008758 0.008356 0.009293 0.007721 0.010032 0.006776 0.011166
