10.000000 0.000000 0.000000 0.000000 0.000000 0.000000 0.000000 0.000000
10.139395 0.000000 0.000000 0.000000 0.000000 0.000000 0.000000 0.000000
10.280732 0.000000 0.000000 0.000000 0.000000 0.000000 0.000000 0.000000
10.424040 0.000000 0.000000 0.000000 0.000000 0.000000 0.000000 0.000000
10.569346 0.000000 0.000000 0.000000 0.000000 0.000000 0.000000 0.000000
10.716676 0.000000 0.000000 0.000000 0.000000 0.000000 0.000000 0.000000
10.866061 0.000000 0.000000 0.000000 0.000000 0.000000 0.000000 0.000000
11.017528 0.000000 0.000000 0.000000 0.000000 0.000000 0.000000 0.000000
11.171107 0.000000 0.000000 0.000000 0.000000 0.000000 0.000000 0.000000
11.326826 0.000000 0.000000 0.000000 0.000000 0.000000 0.000000 0.000000
11.484715 0.000000 0.000000 0.000000 0.000000 0.000000 0.000000 0.000000
11.644806 0.000000 0.000000 0.000000 0.000000 0.000000 0.000000 0.000000
11.807128 0.000000 0.000000 0.000000 0.000000 0.000000 0.000000 0.000000
11.971713 0.000000 0.000000 0.000000 0.000000 0.000000 0.000000 0.000000
12.138593 0.000000 0.000000 0.000000 0.000000 0.000000 0.000000 0.000000
12.307798 0.000000 0.000000 0.000000 0.000000 0.000000 0.000000 0.000000
12.479362 0.000000 0.000000 0.000000 0.000000 0.000000 0.000000 0.000000
12.653318 0.000000 0.000000 0.000000 0.000000 0.000000 0.000000 0.000000
12.829698 0.000000 0.000000 0.000000 0.000000 0.000000 0.000000 0.000000
13.008537 0.000000 0.000000 0.000000 0.000000 0.000000 0.000000 0.000000
13.189869 1073.866734 785.626089 1355.376992 463.867757 1667.014822 404.834440 2001.191647
13.373729 1073.473014 785.581349 1354.325610 463.864903 1664.073566 404.897360 1998.222337
13.560151 1072.990860 785.535982 1352.767279 463.862009 1661.085994 404.961147 1995.207126
13.749172 1072.195577 785.489980 1351.279984 463.859075 1658.051280 405.025813 1992.145224
13.940828 1071.528728 785.438284 1349.586541 463.848428 1655.009803 405.081139 1989.062438
14.135156 1071.002249 785.381484 1348.438909 463.830982 1651.956010 405.128361 1985.954896
14.332192 1070.468167 785.323889 1347.307910 463.813293 1648.853874 405.176235 1982.799063
14.531975 1070.003005 785.256703 1346.160175 463.795356 1646.116561 405.224771 1979.594104
14.734543 1069.584915 785.002369 1344.992806 463.771865 1644.300281 405.267138 1976.362220
14.939935 1069.155324 784.735520 1343.804279 463.740300 1642.461032 405.300104 1973.113610
15.148189 1068.719569 784.464860 1341.863800 463.708293 1640.594041 405.333527 1969.814246
15.359347 1068.277559 784.190331 1339.805446 463.675837 1638.698852 405.367414 1966.463238
15.573448 1067.826744 783.908199 1337.725864 463.639686 1636.777919 405.397733 1963.077538
15.790533 1067.363052 783.612450 1335.641890 463.594587 1634.835501 405.417961 1959.685259
16.010645 1066.814588 783.417769 1333.525542 463.548856 1631.786456 405.438469 1956.239688
16.233824 1066.233839 783.334710 1331.376258 463.502482 1628.304733 405.459263 1952.739880
16.460115 1065.642960 783.249370 1329.199986 463.453931 1624.782888 405.478512 1949.195648
16.689560 1064.855055 783.156440 1327.459135 463.395961 1621.296107 405.487532 1945.657240
16.922204 1063.789197 783.062203 1325.815052 463.337175 1617.753049 405.496677 1942.062926
17.158090 1063.141884 782.966642 1324.062704 463.277561 1614.152662 405.505949 1938.411705
17.397264 1062.620619 782.869594 1322.283940 463.216931 1610.496230 405.515144 1934.704189
17.639773 1061.972305 782.764297 1320.496488 463.146781 1606.895346 405.514445 1931.017445
17.885662 1061.232383 782.657518 1318.823735 463.075642 1603.547410 405.513735 1927.272110
18.134978 1060.653468 782.549235 1317.530075 463.003501 1600.589506 405.513016 1923.467120
18.387770 1060.066159 782.439428 1316.217085 462.930342 1597.584779 405.512287 1919.601391
18.644085 1059.461288 782.322127 1314.881630 462.849503 1594.591937 405.504162 1915.754646
18.903974 1058.742681 782.202440 1313.525825 462.766703 1591.558979 405.495014 1911.856354
19.167485 1058.014224 782.081066 1312.149691 462.682734 1588.477831 405.485739 1907.895589
19.434669 1057.267258 781.957981 1310.178929 462.597579 1585.347619 405.476334 1903.871200
19.705578 1055.838919 781.828224 1309.038818 462.506526 1582.224266 405.461807 1899.858665
19.980263 1055.037028 781.695080 1307.880697 462.412706 1579.068998 405.445506 1895.805722
20.258777 1054.152280 781.560058 1306.432254 462.317559 1575.863296 405.428976 1891.687416
20.541173 1053.058721 781.423129 1304.948325 462.221065 1572.606237 405.412215 1887.502530
20.827506 1051.934789 781.280184 1303.130690 462.120055 1569.349239 405.392031 1883.320115
21.117830 1051.173557 781.132829 1301.914914 462.015771 1566.070630 405.369698 1879.111125
21.412202 1050.445426 780.983391 1300.363926 461.910009 1562.739296 405.347052 1874.833816
21.710676 1049.441440 780.831842 1298.834455 461.802747 1559.354259 405.324089 1870.486897
22.013311 1048.369135 780.674838 1297.193031 461.691983 1555.960568 405.298906 1866.130622
22.320165 1047.392951 780.512320 1295.574366 461.577677 1552.557880 405.271481 1861.764577
22.631296 1046.460893 780.347502 1293.931071 461.461748 1549.100130 405.243673 1857.327192
22.946764 1045.514994 780.180351 1292.156582 461.344174 1545.586283 405.215475 1852.817102
23.266629 1044.554553 780.008269 1289.645043 461.223790 1542.052930 405.185855 1848.283088
23.590953 1043.579007 779.829426 1287.384953 461.099773 1538.525669 405.154089 1843.759303
23.919798 1042.588931 779.648049 1285.249662 460.973993 1534.940963 405.121878 1839.161098
24.253227 1041.584093 779.464099 1283.582175 460.846425 1531.297721 405.089215 1834.487029
24.591304 1040.564289 779.275765 1281.457591 460.716476 1527.621831 405.055616 1829.771513
24.934094 1039.529349 779.079232 1279.254977 460.582920 1523.969825 405.020061 1825.089728
25.281661 1038.478930 778.879909 1276.636710 460.447463 1520.257954 404.984007 1820.330386
25.634074 1037.412782 778.677756 1274.187824 460.310076 1516.485065 404.947447 1815.491963
25.991399 1035.975108 778.471832 1271.888922 460.170535 1512.663887 404.910216 1810.591348
26.353705 1034.123010 778.069627 1269.592782 460.027472 1508.887250 404.871234 1805.751724
26.721062 1032.316279 777.563846 1267.260387 459.882369 1505.048292 404.831704 1800.831359
27.093539 1031.088297 777.050679 1264.891089 459.735197 1501.145798 404.791620 1795.828642
27.471208 1029.841701 776.604108 1262.484224 459.585926 1497.178519 404.750973 1790.741921
27.854142 1028.583938 776.368414 1259.763201 459.433277 1493.275864 404.708763 1785.742650
28.242413 1027.307180 776.129241 1256.459190 459.278431 1489.310228 404.665946 1780.661827
28.636097 1026.025933 775.886660 1253.100228 459.121373 1485.278503 404.622527 1775.495336
29.035269 1024.994671 775.506113 1251.801125 458.962071 1481.179373 404.578499 1770.241431
29.440005 1024.042151 775.023156 1248.944784 458.799721 1477.134760 404.533171 1765.061473
29.850382 1023.072587 774.760103 1245.842692 458.634919 1473.043229 404.487091 1759.821277
30.266481 1022.088568 774.493291 1244.022835 458.467759 1468.883027 404.440364 1754.492056
30.688379 1020.916329 774.222666 1242.174888 458.298207 1464.652770 404.392980 1749.071969
31.116158 1019.419749 773.941010 1239.829099 458.125784 1460.464318 404.344407 1743.708972
31.549901 1017.902250 773.652620 1237.191404 457.950725 1456.248023 404.294953 1738.311003
31.989689 1016.361284 773.360101 1234.899513 457.773156 1451.960455 404.244803 1732.820620
32.435608 1014.504242 773.063391 1232.159230 457.593042 1447.600154 404.193948 1727.235886
32.887743 1013.214126 772.756121 1229.415196 457.410130 1443.266173 404.141932 1721.687786
33.346180 1011.966279 772.440175 1226.654214 457.224448 1438.926644 404.088881 1716.134240
33.811008 1011.065302 772.119693 1224.548041 457.036101 1434.513222 404.035084 1710.484871
34.282315 1009.687360 771.794608 1221.906305 456.845049 1430.024371 403.980529 1704.737639
34.760192 1008.522713 771.459592 1219.136654 456.651198 1425.543395 403.924814 1699.002685
35.244730 1007.341229 771.113758 1217.084950 456.454497 1421.082605 403.867864 1693.296359
35.736022 1006.141860 770.635665 1214.501707 456.254967 1416.517585 403.810113 1687.490788
36.234163 1004.924311 768.901891 1211.203224 456.052567 1411.830374 403.751548 1681.583826
36.739248 1003.689471 768.537040 1207.889510 455.847305 1407.136369 403.691832 1675.660615
37.251373 1002.216359 768.159149 1204.783052 455.639185 1402.507157 403.630633 1669.804952
37.770637 999.667456 767.775800 1202.318003 455.428068 1398.062268 403.568572 1663.846623
38.297139 996.632896 767.386912 1199.702680 455.213907 1393.322652 403.505636 1657.783373
38.830980 994.833797 766.989832 1197.154697 454.996757 1388.544309 403.441584 1651.670898
39.372263 993.327263 766.577293 1193.145150 454.776846 1383.848783 403.375767 1645.670045
39.921091 991.797392 766.158776 1189.065907 454.553761 1379.071481 403.309021 1639.563120
40.477570 990.243783 765.734192 1184.915463 454.327455 1374.210629 403.241333 1633.347754
41.041805 988.500071 765.302425 1181.648918 454.097949 1369.561821 403.172596 1627.045450
41.613906 987.038405 764.852702 1178.493095 453.865929 1365.103572 403.101804 1620.904262
42.193981 985.387269 764.396440 1175.284629 453.630553 1360.568261 403.030012 1614.653622
42.782142 983.710286 763.933540 1172.288072 453.391772 1355.954243 402.957207 1608.291048
43.378502 982.007004 763.463901 1169.496287 453.149534 1351.484461 402.883373 1601.813979
43.983175 980.257723 762.975044 1166.722293 452.905103 1347.077948 402.807354 1595.522912
44.596276 977.727616 762.478422 1163.473604 452.657196 1342.035719 402.730202 1589.134212
45.217924 974.856275 761.651928 1159.496125 452.405696 1337.307624 402.651960 1582.630126
45.848238 972.690788 760.864418 1156.717206 452.150546 1332.725332 402.572612 1576.007971
46.487337 970.586534 760.335392 1153.665670 451.893352 1329.514180 402.491220 1569.544202
47.135345 968.218058 759.796266 1150.577379 451.632784 1324.252299 402.408478 1563.023917
47.792386 965.640022 759.249234 1147.437553 451.368430 1318.895637 402.324565 1556.384854
48.458586 963.802357 758.608605 1144.245162 451.100233 1313.442001 402.239464 1549.624205
49.134073 962.379748 757.640675 1140.841011 450.830074 1308.420063 402.152538 1542.989420
49.818975 960.401627 756.661357 1136.727866 450.556848 1303.561337 402.064104 1536.344872
50.513425 957.892308 755.667091 1132.957869 450.279644 1298.122474 401.974418 1529.578233
51.217554 955.341282 754.657629 1130.282831 449.998401 1292.435878 401.883461 1522.686568
51.931499 953.099629 753.640762 1126.755398 449.719666 1286.839660 401.790952 1515.883076
52.655396 950.714375 752.614588 1123.645722 449.536262 1281.293122 401.696927 1509.122455
53.389384 947.913507 751.572679 1119.841871 449.350224 1275.644647 401.601568 1502.236531
54.133603 945.690631 750.514770 1115.436674 449.161515 1269.891782 401.504857 1495.222244
54.888196 943.458330 749.448408 1111.369572 448.973598 1264.189277 401.406892 1488.253022
55.653308 941.224814 748.375877 1107.189086 448.787568 1258.587705 401.307691 1481.385416
56.429085 938.954740 747.286824 1103.572408 448.598866 1252.882480 401.207081 1474.389419
57.215676 936.647405 746.180968 1099.436178 448.407453 1247.071078 401.105044 1467.261845
58.013231 933.791974 745.064758 1095.091283 448.216172 1241.156261 401.001978 1460.130600
58.821904 931.520941 743.946725 1090.836093 448.028746 1235.525001 400.898411 1453.166014
59.641849 929.533518 742.811388 1086.163350 447.838627 1229.788916 400.793373 1446.070097
60.473224 927.266575 741.658451 1082.527615 447.645775 1224.002136 400.686842 1438.839538
61.316188 924.717249 740.492281 1078.189695 447.452091 1218.099244 400.579275 1431.550770
62.170903 922.281752 739.329992 1073.983146 447.264756 1212.502745 400.472428 1424.500142
63.037532 919.159907 737.293477 1069.212074 447.074730 1207.070450 400.364062 1417.315420
63.916241 916.579226 735.919458 1064.600006 446.881972 1201.537357 400.254155 1409.993169
64.807198 913.748655 734.725982 1060.444935 446.687043 1195.917148 400.142885 1402.552230
65.710575 911.240043 733.541812 1055.596689 446.501575 1190.523071 400.034098 1395.427443
66.626545 908.658641 732.339180 1050.685145 446.313443 1185.028735 399.923765 1388.166005
67.555283 905.719288 730.697295 1046.979477 446.122608 1179.431678 399.811863 1380.764356
68.496967 903.290563 728.846807 1043.208715 445.929029 1173.729351 399.698368 1373.218800
69.451778 900.269375 727.707078 1039.520231 445.746307 1168.372895 399.588776 1365.991405
70.419898 897.790743 726.551150 1035.552167 445.562194 1163.690244 399.478124 1358.666311
71.401513 894.339954 725.377229 1031.424415 445.375436 1158.278259 399.365899 1351.198565
72.396811 891.403328 724.185001 1027.605664 445.185995 1152.079633 399.252077 1343.584345
73.405984 888.144997 722.993415 1023.856766 445.007300 1146.288013 399.142926 1336.239409
74.429223 885.450585 721.788427 1020.078870 444.829683 1141.418897 399.033924 1328.864681
75.466726 882.383938 720.564585 1016.239554 444.649517 1136.460609 398.923371 1321.345128
76.518692 879.587677 719.321557 1012.320571 444.466765 1132.358789 398.811247 1313.676812
77.585321 876.521818 718.079485 1008.349625 444.314040 1128.683930 398.704239 1306.222752
78.666818 873.430961 716.541076 1003.857551 444.223117 1123.594371 398.599207 1298.813353
79.763391 870.384849 713.793644 999.530332 444.050408 1117.227338 398.492682 1291.257263
80.875249 867.285352 711.988295 995.747221 443.782229 1111.277705 398.384643 1283.550430
82.002606 864.181925 711.094290 990.888524 443.618422 1106.186448 398.281763 1275.996655
83.145678 861.069211 710.183075 986.469468 443.462809 1101.138665 398.183406 1268.568464
84.304684 857.901577 709.032561 982.085360 443.304970 1095.996781 398.083653 1260.992053
85.479845 854.677801 706.328201 977.620067 443.144874 1090.758475 397.982484 1253.263267
86.671388 851.993810 704.031607 973.182986 442.992591 1084.945155 397.886028 1245.620229
87.879540 848.849941 703.065427 968.831879 442.853360 1079.197909 397.797473 1238.189998
89.104533 845.897295 702.084422 964.400076 442.712144 1074.379337 397.707663 1230.610389
90.346602 842.622964 701.088341 960.609484 442.568913 1069.788053 397.616580 1222.877159
91.605985 839.721737 698.794166 955.561235 442.431360 1064.568090 397.529183 1215.156404
92.882923 836.581324 696.251867 951.443300 442.119657 1059.000331 397.454011 1207.741691
94.177660 833.717141 693.664616 947.663367 441.734146 1052.756225 397.377777 1200.176851
95.490446 830.958652 691.031410 944.007308 441.342918 1047.005849 397.300465 1192.457564
96.821531 828.208800 689.413212 939.409397 440.949986 1041.049629 397.225131 1184.671773
98.171170 825.029695 688.043400 934.952365 440.576207 1035.807383 397.072102 1177.290877
99.539623 822.447861 686.651704 930.411405 440.358953 1030.049276 396.875318 1169.759546
100.927151 818.908593 684.539745 926.022099 440.282409 1025.027198 396.675692 1162.073398
102.334021 815.170601 682.178957 921.492820 440.205239 1018.663180 396.473497 1154.236429
103.760502 811.711964 680.835524 917.575922 440.162459 1014.703690 396.293099 1146.908306
105.206867 808.584369 679.470652 913.043694 440.119078 1008.397763 396.110102 1139.429914
106.673394 804.850923 678.083950 908.425202 440.075088 1001.963415 395.924468 1131.796827
108.160363 801.495240 676.528373 903.751477 440.030480 995.396910 395.736157 1124.004414
109.668060 798.497628 674.982865 899.248836 440.020609 989.314122 395.570553 1116.667915
111.196773 795.141131 672.292283 894.728445 440.014336 983.595287 395.405947 1109.262480
112.746796 792.013467 670.842431 890.126216 439.741346 978.034410 395.238976 1101.702996
114.318425 789.220005 668.135311 885.435412 439.464377 973.431736 395.069606 1093.984804
115.911962 785.914746 666.373958 880.942103 439.216474 968.929896 394.922518 1086.646528
117.527712 783.126610 664.937030 876.198461 438.975841 964.405601 394.781438 1079.334546
119.165984 779.614864 663.476895 871.887340 438.731719 959.356873 394.638340 1071.869711
120.827094 777.157325 661.082069 867.228628 438.593547 952.901304 394.493194 1064.247363
122.511358 773.875724 658.205185 863.858993 438.641950 946.722432 394.369107 1056.923518
124.219100 770.843653 655.684051 860.037449 438.709483 940.666337 394.257237 1049.725829
125.950646 767.077469 653.445376 854.712048 438.777948 935.999435 394.143776 1042.377064
127.706330 763.545562 651.675785 849.158656 438.746586 930.984740 394.028699 1034.872581
129.486487 759.869497 649.693754 844.800227 438.446342 924.854083 393.932560 1027.580403
131.291459 757.600134 648.373831 841.142476 438.168150 918.934624 393.856144 1020.518061
133.121590 754.305175 647.477515 837.455725 437.885899 912.893463 393.778648 1013.307018
134.977233 751.067481 646.626742 832.965270 437.599528 907.719193 393.700056 1005.942682
136.858742 748.562874 646.432262 828.394528 437.424338 902.958159 393.637287 998.700419
138.766479 745.180659 645.812178 823.596432 437.519465 898.357692 393.603128 991.794553
140.700809 742.049525 642.789422 818.787363 437.280901 893.498061 393.568489 984.742977
142.662102 739.031058 641.273715 814.004990 437.038879 888.778942 393.533365 977.541172
144.650734 736.175770 638.876759 809.770152 436.815224 882.894442 393.509870 970.368056
146.667087 733.039824 636.454307 806.160915 437.217705 877.391805 393.525320 963.639718
148.711546 730.193078 634.108975 801.581792 437.625417 871.777002 393.540985 956.769282
150.784505 726.959089 632.408877 797.196830 438.038426 866.046766 393.556868 949.752334
152.886359 724.350645 629.778920 792.721291 437.996106 860.267921 393.579030 942.668525
155.017512 721.529287 628.248844 788.592678 437.895792 854.957619 393.651966 936.138537
157.178372 718.727505 625.051347 784.281948 437.794056 850.345769 393.725906 929.470685
159.369353 715.411757 622.103358 780.104548 437.690878 845.880077 393.800861 922.660689
161.590875 711.372852 621.002604 775.331842 437.586236 840.093632 393.876848 915.704058
163.843365 708.608317 619.900655 771.112246 437.556658 834.789111 394.014313 909.376011
166.127252 705.799190 617.606982 767.029714 437.528354 829.653962 394.154978 902.931799
168.442976 702.298028 616.436583 762.754169 437.499653 825.236257 394.297553 896.350457
170.790980 698.472353 615.247596 758.675034 437.470551 820.732694 394.442062 889.627664
173.171713 695.179438 612.995825 754.755392 437.511954 816.498059 394.645429 883.436586
175.585633 692.349134 611.824231 750.828630 437.566599 811.848436 394.861685 877.652616
178.033202 688.648383 609.782334 747.147919 437.622000 807.535690 395.080835 873.021123
180.514888 685.628221 608.654165 742.875341 437.678165 802.995953 395.302915 868.299847
183.031168 682.030433 607.619998 739.184650 437.798905 798.156339 395.579944 863.818297
185.582523 678.658163 606.329645 735.897948 437.946266 793.379076 395.880974 859.381030
188.169442 675.344336 603.636436 732.197215 438.095630 788.505670 396.185967 854.858394
190.792422 672.877837 602.584457 728.440214 438.247025 783.533383 396.494972 850.248153
193.451965 669.853897 601.474286 724.732109 438.455671 778.796652 396.853678 845.825650
196.148581 667.402157 600.468528 721.058178 438.800798 774.200983 397.248859 841.512457
198.882786 664.191228 599.547439 717.725612 439.166083 769.513231 397.649148 837.116451
201.655104 661.399182 598.258474 714.805081 439.536150 764.730796 398.054606 832.635470
204.466067 658.501775 596.496649 711.509371 439.953390 760.116364 398.503161 828.287358
207.316213 656.309285 594.443124 708.537602 440.425738 755.803599 399.001898 824.115160
210.206088 653.629197 592.557170 705.383894 440.904154 751.751545 399.506952 819.863127
213.136247 650.958152 591.641701 701.934813 441.388710 747.620584 400.018395 815.529188
216.107251 648.050712 589.079850 698.690706 441.911061 743.586107 400.565014 811.271133
219.119669 646.171560 586.626853 695.165650 442.503918 739.834120 401.176532 807.256205
222.174078 643.927387 584.129146 693.157457 442.980556 736.593382 401.795625 803.164820
225.271064 642.135764 581.843040 690.080855 443.387792 734.374437 402.422376 798.995013
228.411221 639.645193 581.211781 686.929764 443.820847 730.422866 403.075170 794.842850
231.595149 637.824184 579.427342 684.084350 444.340601 726.106821 403.808259 791.000583
234.823460 635.827012 577.928408 681.103717 444.866980 722.881344 404.550211 787.085606
238.096772 633.248102 576.527998 677.753746 445.400061 719.596145 405.301119 783.096074
241.415712 630.993737 574.412891 675.251801 446.178486 716.279552 406.067932 779.065624
244.780916 629.145381 572.393279 672.220816 447.074772 713.280006 406.930632 775.410275
248.193029 627.461519 571.716877 669.914674 447.981721 710.225713 407.803495 771.686293
251.652705 625.374788 569.989220 667.168339 448.899441 707.115375 408.686621 767.891962
255.160607 624.227720 569.895941 664.448316 449.828043 703.900743 409.580114 764.025501
258.717408 622.470625 568.620340 662.965044 450.859038 700.402189 410.574070 760.543234
262.323788 621.324188 569.059259 660.870410 451.907414 697.713037 411.584757 757.023373
265.980440 619.900169 568.540137 658.515756 452.967925 694.975776 412.607004 753.437659
269.688063 618.000671 567.800988 657.049282 454.040691 692.337469 413.640921 749.497816
273.447368 616.115251 566.346609 655.556820 455.202484 689.652384 414.764481 745.895860
277.259076 614.494112 565.424214 654.334856 456.394917 687.173865 415.918340 742.326164
281.123917 612.689527 563.507117 652.882193 457.600800 685.436976 417.085024 738.689095
285.042632 611.426320 561.556614 651.258649 458.820256 683.444968 418.264649 734.982952
289.015972 610.187924 560.757779 649.546228 460.114326 681.186279 419.521699 731.564902
293.044698 608.854469 559.637534 647.357168 461.450749 678.099679 420.822040 728.249140
297.129582 606.986827 559.021914 646.371762 462.801861 675.517484 422.136418 724.871672
301.271407 604.942306 557.355349 644.726092 464.167791 673.695891 423.464952 721.430981
305.470967 603.398708 556.307285 643.427079 465.593558 671.341750 424.857774 718.207498
309.729067 601.968020 555.138408 641.991084 467.070658 669.562971 426.305356 715.151480
314.046522 600.486165 553.671522 641.040138 468.563595 667.628437 427.768116 712.039471
318.424160 599.043675 553.723904 639.697085 470.072501 666.883368 429.246176 708.870133
322.862820 597.475477 553.329800 638.307198 471.627032 665.657683 430.775155 705.849880
327.363353 596.522145 552.741975 637.317672 473.237730 663.322284 432.367662 703.055898
331.926620 595.867911 552.561552 635.899988 474.945893 662.204305 433.976402 700.211587
336.553498 594.735081 552.138225 635.304532 476.727253 661.081601 435.601500 697.315782
341.244871 593.616389 552.912182 634.802093 478.187631 659.173543 437.264850 694.505048
346.001639 592.381347 552.887063 634.343924 480.078796 658.069620 438.996385 691.971541
350.824714 592.417461 552.367559 633.948774 481.801340 656.897360 440.745111 689.393213
355.715021 591.503986 551.634948 632.808262 483.541629 654.945425 442.511158 686.769061
360.673495 590.779534 551.093010 632.397257 485.306499 654.544412 444.304670 685.441459
365.701088 590.103493 550.774170 631.436727 487.122526 653.241843 446.165312 684.832827
370.798763 589.011983 550.516470 630.988435 488.956981 652.890230 448.044001 684.215158
375.967497 587.940148 550.185855 630.100440 490.810007 652.531541 449.940869 682.424649
381.208280 587.237029 550.414574 629.711636 492.702740 651.853632 451.857694 680.184209
386.522116 586.992328 550.917819 630.052349 494.627976 651.119826 453.833171 678.268346
391.910025 585.950925 550.776121 629.740787 497.005193 650.766821 455.827443 676.320235
397.373038 584.964014 550.960592 629.612273 498.621013 650.408700 457.840646 674.339223
402.912203 584.296119 551.150478 629.888212 500.519561 650.230329 459.872913 672.324637
408.528580 584.163850 551.738880 630.282083 502.506951 650.704925 461.942648 670.593773
414.223247 583.559343 551.359283 630.390512 504.512508 651.189989 464.033616 668.865892
419.997295 583.239902 550.983834 630.589623 506.537915 651.607194 466.144155 667.565461
425.851829 582.720631 550.949281 630.471045 508.443767 651.441065 468.274401 667.348508
431.787973 582.477917 551.541131 631.039123 509.098962 652.150771 470.420033 667.215302
437.806863 582.462196 551.874074 631.723909 509.791121 652.504845 472.584372 667.104754
443.909653 582.604436 552.174070 632.180834 510.491970 653.048328 474.768808 666.992646
450.097513 583.001436 552.854289 632.792168 512.092534 653.256711 476.973479 667.090838
456.371628 583.049013 552.830350 633.673641 514.012933 653.241974 479.175634 667.328542
462.733201 583.117131 552.854406 634.337799 515.675914 653.251847 481.385933 667.613207
469.183451 583.319007 553.380242 634.701262 517.891756 653.384115 483.616728 667.924329
475.723614 583.471190 553.489672 635.196465 519.860654 653.898300 485.868161 668.239639
482.354943 583.689668 553.728717 636.073958 521.308127 654.425550 488.105121 668.522736
489.078709 583.637643 554.353626 636.715865 523.053296 654.821276 490.330525 668.776097
495.896201 583.890962 554.667522 637.592687 524.074630 655.256196 492.576685 669.032892
502.808725 583.714875 555.256815 638.016550 525.086899 655.339627 494.843746 669.293166
509.817606 583.737330 555.594335 638.534788 526.138544 655.409948 497.091843 669.514166
516.924187 584.027066 555.796196 639.327409 528.055844 655.459067 499.299010 669.671638
524.129830 584.444095 556.181545 639.477677 530.103355 655.508866 501.527026 669.831268
531.435916 584.634467 556.746085 640.071889 532.171364 655.559356 503.776039 670.046174
538.843844 585.113032 557.242875 640.510073 534.131760 655.930547 506.010139 670.253077
546.355035 585.362493 557.510178 640.992407 535.512414 657.119676 508.164453 670.398706
553.970928 585.744389 558.004003 641.426200 537.448940 657.655292 510.339512 670.546333
561.692982 585.975537 558.359784 641.845801 538.353635 657.668942 512.535466 670.695984
569.522678 585.987255 558.945717 642.396662 539.269654 658.338076 514.729511 671.147328
577.461515 586.275828 559.392403 643.047976 540.428901 658.411022 516.796505 671.616053
585.511016 586.537026 559.940250 643.710577 541.138758 658.910618 518.883906 672.090979
593.672722 586.653377 560.500637 644.442108 542.273171 659.529229 520.991864 672.572183
601.948197 586.950822 561.103386 645.007494 543.395163 660.008120 523.119479 673.058881
610.339029 587.025033 561.527989 645.397379 544.321544 659.956395 525.066357 673.386843
618.846824 586.923246 561.991332 645.648653 545.688090 659.943712 527.033030 673.719213
627.473213 586.882407 562.618750 645.859933 546.509605 659.931127 529.019653 674.056049
636.219849 587.147641 562.998960 646.320282 547.127725 660.507323 531.026381 673.872039
645.088409 587.706385 563.421176 646.739104 547.891231 660.906292 532.851949 673.404573
654.080591 587.877616 563.823918 646.972113 548.671341 661.418214 534.667970 673.027973
663.198120 588.039781 564.363744 647.197333 549.083169 661.327920 536.503030 673.191513
672.442742 588.375749 564.974250 647.508368 550.156664 661.447537 538.357284 673.357293
681.816229 588.758232 565.230235 647.524573 551.057384 661.609313 540.042810 673.377015
691.320378 589.077228 565.458584 647.395641 550.925891 661.721960 541.563037 673.346333
700.957009 589.217740 565.641549 647.209335 551.429798 661.836157 542.195237 673.470087
710.727970 589.167073 565.871157 647.248050 552.090325 661.616201 542.835497 673.984024
720.635132 589.369760 566.098511 647.255511 552.232190 661.383384 543.379756 674.325899
730.680395 589.253384 566.278920 646.985642 552.786649 661.059357 543.866106 674.560807
740.865683 589.192931 566.669150 646.650351 553.550173 660.730651 544.177667 674.361844
751.192949 589.195923 566.765697 646.404547 553.350462 660.397197 543.637259 674.115414
761.664172 589.316937 566.955166 646.193111 553.565479 660.065287 543.080067 673.766322
772.281357 589.548220 567.055221 645.880353 553.697975 660.010170 543.162444 673.307427
783.046540 589.866428 567.194021 645.327356 554.770429 659.894568 543.489902 672.841817
793.961785 590.081163 567.267845 644.902056 554.892317 659.893253 543.821723 672.369386
805.029181 589.927336 567.353319 644.064487 554.721736 659.707450 544.109529 671.820770
816.250851 589.576343 567.648465 643.434473 554.889086 659.238713 544.314090 671.139320
827.628946 589.143921 567.390406 642.669437 555.029182 658.076789 544.521424 670.447664
839.165644 588.965210 567.311573 641.911189 554.887418 657.174108 544.731567 669.745637
850.863158 588.614593 566.911614 641.159694 554.506722 656.699580 544.503518 668.992798
862.723729 588.417945 566.669031 640.482208 554.068933 655.963418 543.933853 668.092329
874.749630 587.998084 566.524332 639.603016 553.674954 655.269506 543.355637 667.178066
886.943166 587.807536 566.377578 638.731617 553.440297 654.565170 542.768732 666.249779
899.306672 587.407775 566.186529 637.743315 552.978288 653.826216 542.169269 665.292055
911.842520 586.863834 565.964651 636.867381 552.456698 653.154921 541.527049 664.182289
924.553110 586.323568 565.755682 636.014079 551.927334 652.076637 540.875099 663.055158
937.440879 585.940424 565.736586 634.727580 551.390071 651.077179 540.213258 661.910355
950.508296 585.508614 565.302114 633.709889 550.844785 650.553821 539.541362 660.747569
963.757866 585.109692 564.752618 632.488604 550.192095 649.388110 538.832318 659.734234
977.192128 584.469387 564.329457 630.994399 549.513609 648.635392 538.111628 658.726868
990.813657 583.758151 563.633170 629.776753 548.928247 647.614045 537.379904 657.703885
1004.625062 583.374533 563.116923 628.601643 548.121645 646.565465 536.450917 656.665015
1018.628990 582.790761 562.369119 627.842298 547.460765 645.331874 535.409359 655.483688
1032.828126 582.047964 561.720058 626.802475 546.785251 644.158467 534.356677 654.259762
1047.225190 581.178283 561.087567 625.504343 546.099468 642.966516 533.287198 653.016432
1061.822941 580.462140 560.489001 623.759155 545.192280 641.755690 532.200618 651.753349
1076.624177 579.612343 559.791268 621.990551 544.459404 640.445708 531.131863 650.890465
1091.631734 578.772540 558.927884 620.208224 543.232978 639.082169 530.060360 650.226648
1106.848489 578.123756 558.007257 618.881729 542.788554 637.696645 528.971705 649.552884
1122.277356 577.401239 557.280561 617.639541 542.059521 636.288728 527.865582 648.172113
1137.921294 576.506266 556.535320 615.752243 541.325327 634.736925 526.780009 647.379401
1153.783300 575.728249 555.713008 613.976144 540.410518 633.287728 525.704662 646.503106
1169.866413 574.871229 554.842453 612.134239 539.605590 631.247212 524.612075 645.613381
1186.173716 573.837246 553.838627 610.542675 538.874544 629.640271 523.501929 644.710000
1202.708335 572.885699 553.155670 608.606186 537.878864 628.298910 522.411162 643.728418
1219.473437 571.963108 552.288162 606.646371 537.001005 626.896043 521.348088 642.653584
1236.472235 571.103867 551.359740 605.026738 535.415491 625.179154 520.267978 641.561929
1253.707987 570.318723 550.515072 603.082870 534.239184 623.568291 519.170518 640.453158
1271.183997 569.487859 549.502402 601.181007 533.271903 621.709938 518.087096 639.290203
1288.903612 568.430032 548.673148 599.335310 532.071196 619.951339 517.052813 638.031713
1306.870230 567.564689 547.641280 598.293819 530.841388 618.577846 516.001995 636.753142
1325.087292 566.403660 546.450205 596.331413 529.610883 617.168300 514.934340 635.454120
1343.558290 565.330360 545.451736 594.323336 528.371880 615.199803 513.871300 634.117529
1362.286764 564.014801 544.555825 592.458298 527.264215 613.390507 512.881622 632.689824
1381.276303 563.096016 543.511533 590.432375 526.378354 611.960961 511.876195 631.316147
1400.530545 562.215927 542.408468 588.844206 525.249474 610.551216 510.854733 629.937611
1420.053182 561.260116 541.339973 587.040025 523.976076 608.882429 509.825184 628.532906
1439.847953 560.121457 540.331078 585.186867 523.185025 607.375202 508.896650 627.050257
1459.918652 558.441927 539.450023 583.744828 522.381725 605.843136 507.953440 625.543354
1480.269127 557.346944 538.354526 582.024258 521.507450 604.285749 506.995291 624.011729
1500.903276 556.033779 537.207292 579.925000 520.557838 602.702543 506.021933 622.441878
1521.825053 554.922385 536.054700 578.692682 519.750900 601.163878 505.160004 620.718205
1543.038469 553.850165 534.868665 576.809890 519.090069 599.604557 504.293187 618.963448
1564.547589 552.757864 533.789874 575.277248 518.462851 598.019350 503.412764 617.179136
1586.356534 551.466345 532.394097 573.182010 517.587496 596.407743 502.518493 615.364670
1608.469483 550.336155 531.479650 571.793424 516.252403 594.853485 501.725882 613.512146
1630.890676 549.169257 530.248796 570.479860 515.441340 593.287754 500.948760 611.626316
1653.624407 547.813621 529.312289 569.224639 514.511798 591.698640 500.159572 609.708242
1676.675035 546.405026 528.254741 567.915428 513.499842 590.083005 498.952842 607.757252
1700.046975 545.148222 527.362669 566.543569 512.541804 588.523294 497.781831 605.782926
1723.744708 543.928281 526.373363 565.486592 511.506563 586.977342 496.641401 603.779411
1747.772774 542.795521 525.521059 563.759803 510.550276 585.405672 495.482394 601.741157
1772.135779 541.666589 524.551348 562.389423 509.578827 584.374507 494.304456 599.667418
1796.838391 540.553780 523.147983 560.788417 508.689302 582.916472 493.193318 597.578927
1821.885343 539.476209 521.809778 559.593225 506.471281 581.738521 492.135498 595.609350
1847.281437 538.437737 520.891146 558.439433 504.533672 580.511562 491.060606 594.444850
1873.031539 537.393805 520.092563 556.978125 503.541507 579.206189 489.968323 593.261784
1899.140582 536.331894 519.151194 555.691793 502.865402 578.508641 488.924617 592.103292
1925.613572 535.517750 518.269603 554.617392 502.230469 577.534312 487.956560 590.986978
1952.455581 534.581139 517.080311 553.331183 501.593918 576.485822 486.973044 589.852946
1979.671753 533.154406 516.013668 552.210862 500.411485 575.450474 485.973786 588.700875
2007.267304 531.904406 514.970291 551.248373 499.718559 574.891443 485.003990 587.563600
2035.247521 530.965967 514.217483 550.261988 498.271061 574.445553 484.130813 586.489949
2063.617768 530.254416 513.043181 549.193501 497.125408 573.884871 483.243853 585.657431
2092.383480 529.427353 512.175940 548.408854 496.057599 572.410117 482.342865 585.270136
2121.550171 528.357510 510.894887 547.616946 494.927971 570.653952 481.433038 584.895178
2151.123430 527.789205 509.646800 546.404644 492.707758 569.634279 479.353863 584.609120
2181.108924 527.205244 508.453019 545.809164 491.240724 568.849106 477.236457 584.318932
2211.512400 526.336115 507.056881 545.174976 490.245949 567.370996 475.079900 584.024551
2242.339683 525.540152 506.007477 544.315905 488.886243 566.101021 472.891584 583.729559
2273.596682 524.591144 505.047490 543.892830 487.353051 565.294584 470.918552 583.541734
2305.289387 523.859941 504.216100 543.467659 485.357009 564.837571 468.909540 583.351229
2337.423871 523.188323 502.954549 543.298216 483.501385 563.915144 466.863697 583.417097
2370.006292 522.585562 502.040432 542.953939 481.535987 563.674536 464.780141 583.527658
2403.042894 522.072694 500.863309 542.745140 480.211798 562.461288 462.889860 583.721921
2436.540009 521.422004 499.820468 542.553464 478.375029 561.700995 460.990605 583.927750
2470.504055 521.032712 498.804860 542.318554 476.317454 561.849816 459.056852 584.136373
2504.941542 520.816795 497.680488 541.681073 474.784752 561.906280 457.087792 584.347829
2539.859069 520.523623 496.499135 541.123460 473.544024 561.394834 455.273939 584.631652
2575.263327 519.942288 495.470172 541.056549 472.204503 561.523391 453.484080 584.939789
2611.161101 519.517197 494.812043 540.608945 471.716333 561.653711 451.662031 585.252055
2647.559271 519.170366 493.864046 540.255327 471.224877 561.524808 449.807047 585.568505
2684.464811 518.868823 493.258454 539.999516 470.809187 561.134582 448.070710 585.944889
2721.884795 518.498372 492.236078 539.896916 469.393250 561.220964 446.388362 586.357245
2759.826392 517.951127 491.575984 539.911753 467.666957 561.119389 444.676064 586.775054
2798.296876 517.384265 490.521910 539.964792 465.905879 560.995570 442.933140 587.050619
2837.303617 517.332650 489.835763 539.946295 464.222971 561.396760 441.274730 587.372469
2876.854090 517.081166 489.093137 539.544435 462.614677 561.909333 439.697149 587.741773
2916.955876 517.081894 488.136083 539.531817 461.128322 562.428573 438.091777 588.115987
2957.616659 517.055341 487.543935 539.818406 460.578030 562.954563 436.457998 588.495175
2998.844231 517.142219 486.229205 540.149257 460.066702 563.522797 434.877146 588.911209
3040.646493 517.123122 485.124781 540.431300 459.623666 563.875818 433.400383 589.383756
3083.031457 517.317574 484.110396 540.853935 459.174019 564.687511 431.897878 589.862503
3126.007243 517.716145 483.709423 541.265890 458.717654 565.444209 430.369074 590.347528
3169.582089 517.996390 482.895105 541.578898 458.016048 566.123173 428.864657 590.858532
3213.764344 518.048483 481.967880 541.831414 456.625335 566.875152 427.484188 591.440213
3258.562476 518.355008 481.025904 542.363246 455.210899 567.636595 426.079910 592.194327
3303.985070 518.567449 480.477208 542.972511 453.772245 568.407612 424.651315 592.957973
3350.040830 518.315610 479.542955 543.502759 452.326652 569.198232 423.221666 593.739680
3396.738582 518.292734 479.072040 544.292209 450.968220 570.067357 421.932338 594.589443
3444.087276 519.046142 478.146251 545.050112 449.586662 570.947247 420.621002 595.449813
3492.095985 519.343568 477.258396 545.698245 448.181497 571.446388 419.287199 596.320908
3540.773909 519.904460 476.579555 546.352333 446.752232 572.249140 417.930458 597.202849
3590.130377 519.963355 476.161496 547.127801 445.480823 573.155678 416.726873 598.157865
3640.174847 520.004628 475.150934 548.120322 444.188402 574.073572 415.503364 599.124783
3690.916911 520.519512 474.635840 548.645472 442.874115 574.919028 414.259110 600.103588
3742.366291 520.939995 473.633698 549.446640 441.537513 575.819712 412.993684 601.094411
3794.532847 521.601597 472.804865 550.349430 440.328041 576.898546 411.849577 602.144309
3847.426577 522.141424 472.357097 551.275127 439.121239 577.989371 410.708131 603.214123
3901.057617 522.626082 471.526189 552.080995 437.894219 579.035619 409.547526 604.296916
3955.436245 523.121829 470.682202 552.906191 436.646574 580.094524 408.367375 605.392825
4010.572881 523.674281 469.694081 553.841780 435.497744 581.210120 407.280062 606.535452
4066.478092 524.370025 468.899431 554.809946 434.372497 582.354654 406.214800 607.703682
4123.162591 525.066643 468.379011 555.824378 433.228580 583.512850 405.131830 608.885909
4180.637241 525.401926 467.610638 556.829916 432.065626 584.684849 404.030800 610.082276
4238.913057 526.128707 466.885317 557.904044 430.976337 585.904863 402.882994 611.318224
4298.001206 526.561499 466.190710 559.281377 429.929147 587.161195 401.526001 612.585114
4357.913012 527.238209 465.455375 560.095682 428.864749 588.432301 400.145394 613.866994
4418.659956 528.032086 464.565056 561.191145 427.782810 589.718329 398.740661 615.164016
4480.253680 528.957679 463.861917 562.332591 426.751381 591.041504 397.392338 616.492018
4542.705986 529.913228 463.449688 563.567323 425.777623 592.612193 396.109037 617.852650
4606.028844 530.653356 462.800650 564.749750 424.788012 594.073654 394.803588 619.229196
4670.234388 531.636697 462.141634 565.973183 423.782247 595.451334 393.475520 620.621813
4735.334923 532.811463 461.504115 567.059816 422.806444 596.857341 392.180038 622.038874
4801.342924 534.136082 461.239643 568.259397 421.901241 598.302517 390.965988 623.487637
4868.271040 535.347553 460.852907 569.764251 420.981433 599.764283 389.731153 624.953166
4936.132098 536.169200 460.581334 571.155416 420.046746 601.268169 388.475098 626.435623
5004.939103 537.196700 460.182847 572.428449 419.124356 602.940040 387.230618 627.939891
5074.705239 538.393374 460.131289 573.929956 418.284088 604.655587 386.082346 629.478069
5145.443878 539.171107 459.936735 575.481464 417.430381 606.390093 384.914569 631.033861
5217.168576 540.894028 459.638116 577.250098 416.562987 608.143726 383.726886 632.607432
5289.893076 542.030506 459.091434 579.041563 415.692189 609.918397 382.531857 634.199803
5363.631317 543.191839 458.608299 580.787482 414.911335 611.729642 381.444507 635.818652
5438.397428 544.807798 458.322156 582.529398 414.118093 613.560675 380.338826 637.455870
5514.205739 545.879129 458.052132 584.222538 413.312240 615.411670 379.214442 639.111627
5591.070777 546.950366 457.778182 585.811656 412.493546 617.151946 378.070969 640.786096
5669.007271 548.542274 457.515618 587.549259 411.765085 618.810413 377.036667 642.488351
5748.030158 549.878267 457.198899 589.090426 411.029100 620.488242 375.989964 644.246392
5828.154581 551.643788 456.877542 590.906235 410.281508 622.184840 374.925687 646.183610
5909.395895 553.122338 456.551474 592.636547 409.522102 623.900376 373.843481 648.141920
5991.769669 554.713967 456.139483 594.318205 408.832038 625.639573 372.846538 650.123853
6075.291689 555.946060 456.003783 596.259945 408.147472 627.398998 371.853744 652.052961
6159.977960 557.533061 455.729357 598.343410 407.452190 629.177926 370.844397 653.841420
6245.844712 559.019100 455.450936 600.138656 406.746003 630.977790 369.818168 655.649827
6332.908400 560.417483 455.210896 601.962007 406.093321 633.048562 368.857690 657.476854
6421.185709 561.674288 454.985274 603.974336 405.457739 635.141303 367.916319 659.323544
6510.693555 562.817886 454.756393 605.931670 404.812278 637.256199 366.959361 661.190709
6601.449093 563.903283 454.462135 607.884684 404.156767 639.393433 365.986509 663.078534
6693.469713 565.233208 454.112076 609.993337 403.538490 641.543959 365.060106 664.977407
6786.773051 566.831664 453.779625 612.115116 402.945903 643.710299 364.165004 666.889978
6881.376986 568.383454 453.442291 614.002243 402.344164 645.899419 363.255173 668.823626
6977.299650 570.079812 453.099998 616.260099 401.733117 648.111503 362.330326 670.778537
7074.559423 571.795008 452.775304 618.142465 401.147485 650.342781 361.436509 672.749689
7173.174944 573.529287 452.474131 620.006058 400.596438 652.592444 360.585973 674.735954
7273.165113 575.173692 452.168555 622.103639 400.036935 654.865576 359.721527 676.743954
7374.549090 576.744960 451.858508 624.278577 399.468832 657.142917 358.842906 678.773879
7477.346305 578.640978 451.557570 626.581887 398.913962 659.308290 357.980080 680.816857
7581.576458 580.550845 451.281846 628.692492 398.398286 661.746781 357.168834 682.862474
7687.259522 582.160625 451.044750 630.875394 397.874740 664.132778 356.344393 684.930369
7794.415750 583.685705 450.949852 633.108810 397.353325 666.498264 355.506509 687.020735
7903.065679 585.417695 450.972011 635.306593 396.815679 668.883323 354.671891 689.128491
8013.230128 587.180002 450.470013 637.783598 396.333156 671.271895 353.897672 691.236176
8124.930211 588.769813 449.960446 640.239174 395.843306 673.579407 353.110927 693.366701
8238.187331 590.594131 449.642366 642.687616 395.346009 676.030105 352.311421 695.520260
8353.023195 592.312800 449.375048 644.820487 394.805938 678.121571 351.503988 697.695726
8469.459808 594.046041 449.183395 647.106249 394.192977 680.619534 350.765707 699.873221
8587.519485 595.886215 448.952471 649.446300 393.664645 683.001541 350.015545 702.322686
8707.224849 598.164759 448.718917 652.050326 393.157637 685.340792 349.253280 704.902847
8828.598841 600.466238 448.493861 654.656485 392.642893 687.704527 348.478688 707.509368
8951.664721 602.306992 448.307615 656.785194 392.170669 690.060383 347.764814 710.102203
9076.446073 604.271695 448.575998 659.358793 391.695146 692.551464 347.045114 712.718478
9202.966809 606.104639 448.467515 662.095415 391.212405 695.288668 346.313855 715.361453
9331.251175 607.684426 448.245500 664.858683 390.722325 697.869848 345.570823 718.031337
9461.323756 609.431131 448.044065 667.327925 390.266363 700.401835 344.876304 720.697775
9593.209478 611.570924 447.845719 669.786755 389.700264 703.046494 344.185931 723.383682
9726.933615 613.732927 447.644519 672.306859 389.107135 705.717899 343.484518 726.096885
9862.521795 615.917318 447.588735 674.859268 388.504815 708.471608 342.771863 728.837595
10000.000000 618.054098 447.453345 677.466443 387.928146 711.314070 342.110465 731.577711
