1000.000462
999.995151
999.995133
1000.001408
1000.003737
999.995249
1000.003059
999.997807
999.996567
1000.004791
1000.004204
999.991691
999.992434
999.995058
999.990824
1000.003062
999.990283
999.997579
1000.006758
1000.001035
999.990869
1000.008215
999.997803
999.998049
999.996873
1000.005105
1000.005622
1000.003762
1000.002863
999.992282
1000.004063
1000.009507
1000.005704
999.998195
1000.000240
1000.002372
999.992979
1000.002364
1000.000272
1000.001118
1000.004671
1000.006088
1000.000665
1000.002797
1000.002265
1000.000464
1000.000886
999.991328
1000.004602
999.998976
1000.008331
1000.006378
999.996533
1000.009209
999.998059
1000.006282
1000.002330
1000.004524
1000.006850
1000.002388
999.993207
999.994125
1000.004878
1000.001097
1000.001422
999.993960
999.994581
999.994022
999.994022
999.992125
1000.001034
1000.001991
1000.000605
1000.000837
999.994611
1000.002651
999.994651
999.990181
1000.009576
1000.006078
1000.001555
1000.003542
1000.002413
1000.002385
1000.000459
1000.004351
999.990306
1000.004159
999.996567
999.998499
1000.002789
1000.007534
1000.002185
1000.003649
1000.004555
999.996997
999.998079
999.996862
999.997603
1000.007743
1000.000962
1000.000352
1000.005446
1000.001186
1000.000431
999.993425
1000.000001
1000.000915
999.999077
999.998498
999.992371
1000.001055
1000.002089
999.990202
1000.000595
1000.002160
999.998308
999.998936
1000.004396
999.990964
1000.004860
1000.008702
1000.007479
999.997372
999.996595
1000.004917
999.992308
1000.007336
1000.009973
1000.008331
999.991864
1000.003377
999.990955
1000.009891
1000.009496
999.995522
1000.005944
999.996016
1000.004092
1000.007292
999.993738
999.994668
999.997299
1000.001019
999.992839
999.999241
1000.000342
999.994223
1000.000949
999.990239
999.992257
999.997646
999.997078
999.996927
1000.006186
1000.006755
1000.001135
1000.007518
1000.002291
1000.000254
999.990235
999.992235
1000.006038
1000.002921
999.997530
999.993878
999.997920
999.999758
1000.009827
999.995473
1000.005981
1000.002186
1000.001444
1000.000831
999.996223
1000.008223
1000.008756
1000.006714
999.994460
1000.003907
1000.003040
1000.007494
1000.009804
999.997193
999.990173
999.998843
999.994217
1000.000694
1000.003637
999.995518
999.999348
999.991085
1000.009701
999.997856
1000.001954
999.990034
1000.009839
1000.006531
999.991682
1000.002411
1000.007232
1000.002180
999.997530
1000.001320
1000.001964
1000.000515
999.992790
1000.002364
999.993610
1000.000740
1000.000342
1000.008677
999.994945
1000.002455
1000.005644
1000.006837
999.997186
1000.000593
1000.000896
1000.007047
1000.005416
999.995757
999.992434
1000.005610
999.992068
999.992245
999.997304
999.993568
1000.005927
999.997179
1000.003973
999.996738
1000.006644
1000.000716
1000.001341
999.998165
999.998601
1000.000673
1000.000816
999.991239
1000.001084
999.995367
999.995035
999.998946
1000.004722
999.996893
999.997337
1000.002602
999.998246
999.996440
999.998543
1000.003409
1000.001087
999.998389
1000.004236
999.991156
1000.008595
999.994067
999.993222
999.998073
999.993214
999.998536
999.994696
999.995146
1000.000246
999.996540
999.996705
999.990838
999.991097
999.997078
999.990173
1000.004545
999.990746
1000.006783
999.993983
999.991175
999.994154
1000.009185
999.998201
1000.006826
999.991323
1000.005779
1000.003174
999.999099
1000.003306
1000.001966
1000.002091
999.992816
999.999722
1000.007687
1000.004368
1000.001150
999.998175
999.999050
999.993340
1000.000605
1000.001048
1000.009474
999.991754
999.990193
1000.001589
999.994737
1000.002632
999.992122
1000.002584
999.999885
999.997160
1000.008216
999.997064
1000.003318
999.996552
1000.005813
999.990013
999.998136
1000.000223
1000.009825
1000.004933
999.991358
999.997757
999.991499
1000.000715
999.998209
999.997079
1000.002137
999.990413
999.999693
999.996573
999.990261
999.999827
999.992915
1000.002276
999.998175
1000.000254
1000.000563
1000.000188
999.997943
999.998206
1000.000879
999.994903
1000.002753
999.994140
1000.004804
1000.000433
1000.007755
1000.000954
1000.008351
999.997956
1000.006666
999.993724
999.990322
999.999801
999.990959
1000.008355
1000.005813
999.992074
999.992078
1000.003046
1000.000913
1000.009380
999.996206
1000.007429
999.998210
1000.002159
999.992843
999.998059
999.990320
1000.001451
1000.001789
1000.000417
1000.001173
1000.003696
999.996710
1000.005628
1000.001810
1000.006147
999.990085
1000.006834
1000.003479
1000.001010
1000.005035
1000.007891
999.991680
999.997904
1000.004034
1000.001028
999.997670
999.998874
999.991223
999.993580
999.990341
999.999928
1000.002792
1000.005439
1000.008885
1000.007867
999.997673
1000.007157
1000.005564
999.995174
1000.008253
999.999751
999.997790
999.994080
1000.003045
1000.008160
1000.001090
1000.001756
999.996414
1000.002147
1000.000967
999.994499
999.990202
999.992971
999.992070
1000.000827
1000.001054
999.991784
999.994636
999.991499
999.994645
1000.002616
999.999779
1000.001480
999.994051
999.998185
999.999644
1000.002396
999.997002
1000.004658
1000.009894
999.998117
1000.007965
999.997749
999.999065
1000.006077
999.997353
1000.000143
1000.002878
999.990486
1000.006885
999.992336
999.990626
999.993544
1000.002127
999.990984
999.993689
1000.001408
999.996566
1000.007562
999.995644
999.999487
999.997757
1000.008331
999.998845
999.996049
1000.003304
999.991123
999.993856
999.999083
999.998663
1000.003173
1000.006900
999.996944
999.997329
999.998118
999.996995
1000.009901
999.998175
999.998721
999.999402
1000.001847
1000.003302
1000.000667
1000.008460
1000.001078
999.992839
999.991175
999.994115
999.998098
1000.000984
1000.001083
1000.004705
1000.000396
999.999939
1000.000256
1000.006635
999.998606
999.998705
999.996751
999.990039
1000.004029
1000.002161
1000.000813
1000.001782
999.993802
1000.003694
999.995488
999.993543
1000.001076
999.997619
1000.000969
999.994843
1000.000610
1000.001052
999.996531
1000.000911
999.997152
999.992909
999.991407
1000.006565
999.991194
1000.001367
1000.004554
999.999933
999.994815
1000.008177
999.998654
999.990364
999.990926
999.996521
999.997186
1000.004702
1000.000356
999.996446
999.998411
1000.006563
1000.000734
1000.001323
999.994044
999.991670
999.990158
999.993389
999.994216
999.990908
1000.006338
1000.008034
1000.003433
1000.009632
999.999317
1000.009847
1000.002619
1000.000069
1000.009736
999.998534
999.993983
999.999259
999.990364
1000.002413
999.992885
999.992260
999.994734
999.990271
999.991360
999.991638
1000.001830
999.997882
999.995217
999.998412
1000.003609
1000.000511
999.997746
1000.006113
999.990889
999.994390
999.998619
999.998942
999.997450
999.995621
1000.003449
999.997334
999.999268
999.997107
999.996185
999.999128
999.990964
1000.001178
1000.008826
1000.000740
1000.002840
999.992392
999.992914
999.999793
1000.002970
999.991626
999.997138
1000.008509
1000.003530
999.996328
1000.001451
999.995904
999.998825
999.998654
999.996973
999.997372
999.991719
999.996777
1000.007925
999.997846
1000.006755
1000.000417
999.991248
999.999229
1000.007892
1000.008123
1000.007472
999.992137
1000.002945
1000.002668
999.994236
999.992322
999.999838
1000.002632
1000.003486
1000.002195
1000.007803
999.997901
1000.001791
999.995383
999.997887
999.991767
999.998747
1000.000944
999.999422
1000.000646
1000.004969
999.994680
999.998939
1000.007563
1000.000511
999.995031
1000.004699
999.990595
999.994636
999.991700
999.996869
999.999099
1000.007630
999.999608
1000.004582
999.998085
1000.000912
999.991327
999.995995
999.992413
999.993925
999.999207
1000.000901
1000.001018
999.999124
999.994106
1000.009051
1000.001280
1000.000254
999.996751
1000.001403
1000.000984
1000.001922
999.992316
999.994993
999.995525
999.998798
999.996602
999.997186
1000.002253
1000.002208
999.990642
1000.001921
999.996200
1000.001645
1000.009804
1000.008247
999.998182
999.991032
1000.009208
1000.002647
1000.001211
999.997824
1000.006839
999.990039
1000.000760
999.991658
1000.001341
999.994061
1000.000809
999.993246
1000.009729
999.998045
1000.000357
1000.001032
999.995608
1000.002245
999.995835
999.998108
999.990320
999.993083
999.996256
999.991399
1000.008160
999.994516
999.999050
1000.002027
1000.009671
1000.003418
999.999826
999.997739
1000.008545
1000.006850
999.996792
999.994121
999.999817
1000.004981
999.994579
999.998647
1000.001042
1000.006525
1000.006178
1000.004214
1000.000464
1000.008613
999.997698
1000.009380
1000.000268
999.994051
999.999967
999.997097
1000.007871
1000.008874
999.999820
1000.001150
1000.000158
1000.006834
1000.006267
999.999115
1000.009138
1000.001360
1000.001505
999.995351
999.992682
1000.003730
1000.004208
1000.008223
999.999775
999.999490
1000.009403
999.996049
999.991360
1000.001819
1000.003487
999.998884
1000.006186
1000.007148
999.999193
999.990598
999.992773
999.995187
999.997861
1000.008246
999.998118
999.997372
1000.000471
999.994638
999.997292
999.990475
1000.000957
999.998498
1000.007181
999.995512
1000.001018
1000.001428
999.994651
999.997569
999.996293
1000.006863
1000.008954
999.991525
999.998825
1000.006559
999.999775
1000.000156
999.997108
999.995903
1000.000088
999.997643
1000.001675
1000.002614
1000.001682
1000.001926
999.991282
1000.000873
999.992739
999.992271
999.994140
1000.001519
999.994188
1000.000542
999.990913
999.997824
1000.002392
1000.000753
999.998543
1000.004916
999.999115
999.994050
1000.005820
999.996107
999.995518
1000.001977
999.991767
999.992033
999.996874
1000.002512
999.992281
999.998927
1000.000464
999.996999
999.995845
999.994395
999.992969
1000.005444
999.997592
999.998887
999.991909
999.995515
1000.001499
1000.000326
999.994669
1000.001552
1000.002372
999.991863
999.998660
999.991597
999.992122
999.997322
999.997299
1000.001173
1000.000386
999.995215
1000.006925
1000.001044
999.991365
1000.000563
1000.000901
999.997299
999.990364
1000.008117
999.994903
1000.007933
1000.001272
1000.005727
999.994231
1000.001021
1000.009448
999.990413
999.995422
1000.002281
999.991620
1000.000464
999.993305
1000.006616
1000.001382
1000.008279
1000.004459
999.997579
999.997785
1000.001434
1000.003277
999.991319
1000.003396
999.992416
1000.006423
999.992889
1000.000939
1000.003887
999.997706
999.995462
999.994050
1000.008453
999.995655
1000.007047
1000.001536
1000.006823
999.997603
999.997903
1000.003065
1000.007124
1000.007107
1000.005035
999.996292
999.995406
1000.001170
999.994673
999.999069
1000.003044
1000.001083
1000.005105
1000.000230
1000.004143
1000.001019
999.994903
999.995936
1000.000913
999.991906
999.997501
1000.009923
1000.009030
1000.001365
999.994425
1000.001291
1000.000905
999.991967
1000.007279
999.997982
1000.003818
999.992844
999.991064
1000.009592
999.992301
999.996559
999.996964
1000.003027
1000.002992
1000.008978
1000.008281
1000.009329
1000.000547
999.998884
1000.004605
1000.005702
999.993811
999.997326
999.994588
1000.001243
1000.000417
999.998206
1000.009530
1000.009500
1000.001408
999.992164
999.993856
1000.004787
1000.001761
999.993901
1000.002134
999.992224
1000.004420
999.994106
999.998004
1000.002019
999.997540
1000.000357
1000.001789
1000.002025
999.997844
1000.000860
999.994454
1000.002534
1000.000254
999.997474
1000.000542
1000.002620
1000.008241
999.990764
999.999711
999.999882
999.994737
999.991631
1000.004358
999.990418
999.993093
999.998377
999.998771
999.998085
1000.006766
999.992371
1000.004000
999.995689
999.991265
999.999984
999.993270
1000.000574
999.990585
999.998299
999.991285
999.990562
1000.005411
999.998045
1000.001959
1000.003557
1000.000825
999.991175
1000.003822
999.997625
999.992811
999.999492
1000.000143
1000.000113
999.998379
999.995357
1000.001032
999.993468
