10.000000 158191302.442375 15278415.268744 658875639.686563 1833784.494123 1537288381.398771 394249.111517 2064216092.970923
10.139395 156911368.333765 15082466.166232 649465303.972615 1837484.675102 1490041116.094949 398633.433823 1992693061.150901
10.280732 155280473.796890 14889024.328970 633150992.461543 1841154.092773 1444095983.167217 403064.679363 1923420830.433041
10.424040 154195439.757859 14754536.202683 617202052.189652 1844792.066292 1399421489.123979 407543.303974 1856336801.415300
10.569346 152786783.692835 14688797.586026 600042770.507524 1848397.907819 1355986798.402915 412069.766731 1791379851.331380
10.716676 151167983.528908 14540962.415093 583219476.089223 1851970.922540 1313761721.152696 416644.529936 1728490306.166431
10.866061 148795805.508960 14663096.936374 566811684.500779 1855510.408698 1272716701.250696 421268.059105 1667609913.186297
11.017528 146411441.561693 14786010.951597 550810800.174415 1859015.657626 1232822804.551158 425940.822960 1608681813.872736
11.171107 145333581.322222 14844795.963966 535665862.652663 1862485.953785 1194051707.358446 430663.293411 1551650517.257345
11.326826 144304507.846585 14866633.925218 523691179.958149 1865920.574801 1155583819.996593 435435.945546 1499278876.245358
11.484715 143263614.868675 14984052.890978 509076172.126962 1869318.791510 1117474013.067234 440259.257611 1451825925.235469
11.644806 141638819.461833 15102112.871261 494828444.997117 1872679.868008 1080500058.301122 445133.710998 1405722551.974949
11.807128 139134316.384075 15220810.880303 482079430.601469 1876003.061701 1044632281.297602 450059.790218 1360935442.333548
11.971713 136659441.607577 15340143.751445 469073094.666168 1879287.623363 1009841658.180266 455037.982892 1317431959.511708
12.138593 133595962.123787 15460108.133646 455331721.465907 1882532.797196 976099804.232247 460068.779719 1275180133.422308
12.307798 131829686.645293 15580700.487977 445080835.596715 1885737.820892 943378962.698127 465152.674459 1234148650.212559
12.479362 130137429.524056 15674740.958562 434997104.116661 1888901.925708 911651993.748800 470290.163907 1194306841.922478
12.653318 127130381.270522 15679404.887783 424941135.155828 1892024.336535 880892363.605743 475481.747868 1155624676.276581
12.829698 127049508.041387 15682860.859701 414276418.281973 1895104.271981 850521801.289611 480727.929127 1118072746.605463
13.008537 125812964.402515 15685081.573174 403853820.596174 1898140.944449 819247933.130795 486029.213421 1081622261.894176
13.189869 123565449.974914 15649206.312431 393668320.557162 1901133.560231 789028002.040025 491386.109408 1046245036.954375
13.373729 122585026.661393 15482657.097068 383714995.406274 1904081.319596 759830254.700194 496799.128633 1011913482.717317
13.560151 120519868.736385 15316633.231279 373989019.215110 1906983.416893 732215025.546549 502268.785495 978600596.645010
13.749172 118655539.802170 15151154.020342 364485660.972552 1909839.040651 707494190.875633 507795.597209 946279953.256807
13.940828 116950568.112816 15008314.451933 355200282.710414 1912647.373688 683536761.772604 513380.083768 914925694.769000
14.135156 115471277.413470 14877439.298348 345336065.569751 1915407.593226 660321891.354563 519022.767904 884512521.844947
14.332192 114258286.465390 14784475.800482 336025777.808660 1918118.871011 637829206.714857 524724.175041 855015684.453519
14.531975 111732992.806733 14738969.740490 326938385.906058 1920780.373437 616038801.050684 530484.833257 826410972.833637
14.734543 109287005.593679 14792262.006581 317267514.083430 1923391.261675 594931225.852199 536305.273233 798674708.562913
14.939935 106888374.517282 14914887.218347 307470484.545905 1925950.691812 574487483.153361 542186.028206 771783735.728374
15.148189 104451999.731961 15038233.112925 298617636.450812 1928457.814992 554621580.012671 548127.633916 745715412.197519
15.359347 102086839.993593 15149221.606619 290564507.548952 1930911.777563 533090523.695284 554130.628556 720447600.987889
15.573448 99857231.451171 15003428.983950 281909372.889265 1933311.721233 512329887.499999 560195.552714 695958661.733592
15.790533 97528616.538263 14857882.935214 273354436.774564 1935656.783226 492314795.672473 566322.949316 672227442.247194
16.010645 95313692.886888 14712599.981111 264347349.387670 1937946.096453 474456957.233207 572513.363565 649233270.175575
16.233824 93234743.177809 14567596.618880 257086228.112692 1940178.789682 458654029.427852 578767.342880 626955944.748382
16.460115 91438618.338978 14475296.563567 250103805.611442 1942353.987716 443219985.543183 585085.436827 605375728.617825
16.689560 89074553.833672 14492440.529590 242665476.391258 1944470.811577 426683659.259379 591468.197054 584473339.788665
16.922204 86868566.689417 14508137.623625 235686104.353896 1946528.378702 412706093.723802 597916.177222 564229943.637275
17.158090 84604852.432383 14448420.402266 229253370.152571 1948525.803135 398550473.292296 604429.932924 544627145.018785
17.397264 82413526.482733 14361686.592535 223310213.634910 1950462.195735 383211368.715484 611010.021618 525646980.461374
17.639773 80787764.758213 14172033.789841 215527828.369269 1952336.664386 368417277.272393 617657.002541 507271910.446857
17.885662 79059622.075398 13983721.825575 209637822.030204 1954148.314216 354582334.584586 624371.436631 489484811.776762
18.134978 77216493.916681 13867323.226091 203873450.882749 1955896.247819 342205017.694633 631153.886440 472268970.023187
18.387770 75628936.362149 13804385.976287 198377503.120933 1957579.565488 330220557.011659 638004.916045 455608072.063770
18.644085 74104361.240761 13709015.656713 192716654.275519 1959197.365452 318617909.345613 644925.090958 439486198.700180
18.903974 73061872.431398 13399239.118465 186459334.106852 1960748.744121 307386296.485995 651914.978034 423887817.359576
19.167485 71407830.199741 13096462.463072 181447515.418667 1962232.796340 296515200.014675 658975.145367 408797774.878548
19.434669 69706234.993259 12892946.869816 176556010.237736 1963648.615645 285994356.202310 666106.162196 394201290.369096
19.705578 68248136.355784 12930783.692484 171385217.497432 1964995.294529 275813750.986750 673308.598793 380083948.166258
19.980263 67014981.057646 12967739.397486 165350335.760519 1966271.924715 265963615.031820 680583.026363 366431690.857032
20.258777 65540519.709206 12869639.716913 160811610.634568 1967477.597436 256213703.920304 687930.016924 353230812.390275
20.541173 63966474.784245 12726249.807850 155866487.430628 1968611.403723 246581764.797246 695350.143200 340467951.267319
20.827506 62173481.876050 12812994.061801 151014831.023193 1969672.434695 237285142.598135 702843.978495 328130083.813049
21.117830 60733248.336397 12645552.895155 146676957.762256 1970659.781861 228028567.549044 710412.096574 316204517.527239
21.412202 58982340.563300 12477890.819601 142083293.491406 1971572.537429 218672885.894995 718055.071536 304678884.515967
21.710676 58249356.669895 12311440.339850 137558115.738390 1972409.794620 210476007.987316 725773.477682 293541135.002941
22.013311 57145039.450279 12146213.675145 133067025.270867 1970923.480610 202966183.072133 733567.889382 282779530.920612
22.320165 55630887.709555 12056173.886242 129178441.806218 1948917.423093 195472938.656608 741438.880935 272382639.580946
22.631296 54919388.785604 12086887.079871 124645512.151903 1927150.963658 187976790.035408 749387.026426 262339327.425761
22.946764 53781364.440912 12116708.431630 120670446.080459 1905621.479505 181043224.897323 757412.899579 252638753.856544
23.266629 52644022.247778 12014568.303781 116752575.257713 1884326.376561 173777966.238893 765517.073608 243270365.143652
23.590953 51375943.873409 11880908.183453 112751910.727918 1863263.089150 167058225.233260 773700.121055 234223888.414864
23.919798 50018266.535987 11830797.449756 109056000.563208 1842429.079694 160580623.519458 781962.613635 225489325.723181
24.253227 48826063.965859 11593827.223891 106011227.790673 1821821.838401 154337223.663275 790305.122069 217056948.193851
24.591304 47410362.127621 11320965.500854 102449907.557441 1801438.882965 148320316.476093 798728.215913 208917290.250537
24.934094 46206246.755200 11156347.196925 99188804.228818 1781277.758263 142649663.858820 807232.463384 201061143.920582
25.281661 45029082.906494 10915836.829014 96453749.259523 1761336.036058 137613089.729301 815818.431182 193479553.219309
25.634074 43878385.980377 10659239.476610 93320536.796440 1741611.314707 132438541.229415 824486.684303 186163808.613291
25.991399 43223085.487584 10513095.969535 90051683.572781 1722101.218871 127122107.767802 833237.785851 179105441.562509
26.353705 42260557.097995 10513634.949160 86889159.219356 1702803.399226 122636858.074375 842072.296844 172296219.141335
26.721062 41289014.961051 10333043.637549 84011776.119350 1683715.532180 117611658.468488 850990.776011 165728138.738237
27.093539 40431911.513621 10280246.336935 81018264.646186 1664835.319592 112777599.882966 859993.779590 159393422.834112
27.471208 39698470.699542 10243350.232707 78082895.232071 1646160.488494 108128055.702295 869081.861118 153284513.859118
27.854142 38532474.433424 10240362.878071 75283935.151139 1627688.790818 103656602.631972 878255.571211 147394069.127902
28.242413 37343910.270514 10236487.860141 72559314.138591 1609418.003118 99357015.459757 887515.457346 141714955.853049
28.636097 36417177.248324 10231723.333939 70034752.073413 1591345.926311 95462144.310802 896862.063632 136240246.236618
29.035269 35577111.213320 10226067.693643 67555371.093922 1573470.385402 91419424.206591 906295.930576 130963212.639566
29.440005 34752349.727925 10219519.572588 65322642.137095 1555789.229228 87586847.258844 915817.594848 125877322.828875
29.850382 33846921.103276 10212077.843093 63093520.210176 1538300.330193 84046916.892159 925427.589032 120976235.302160
30.266481 32851357.892597 10006309.324998 61136898.218396 1521001.584013 80641777.329603 935126.441377 116253794.689521
30.688379 31964496.853187 9762113.883363 59027657.816872 1503890.909461 77586728.845783 944914.675539 111704027.232383
31.116158 31130125.114204 9523877.823132 56959553.092403 1486966.248115 74761039.718822 954792.810319 107321136.339041
31.549901 30395256.183902 9291455.710686 55010684.129525 1470225.564114 72291667.590178 964761.359395 103099498.216613
31.989689 29768757.775613 9064705.661591 53177199.096700 1463733.795881 69433519.317531 974820.831041 99033657.579072
32.435608 28948932.170180 8843489.253979 51444762.507142 1447272.643508 66342466.595094 984971.727851 95118323.431019
32.887743 28183290.160468 8627671.444052 49460105.034551 1430990.193818 63381167.574506 995214.546444 91348364.926814
33.346180 27400873.938473 8417120.483639 47803443.744196 1418263.493480 61104634.165968 1005549.777176 87718807.304692
33.811008 26685591.744065 8211707.839772 46295343.062362 1412181.224301 59361606.719348 1015977.903829 84224827.895424
34.282315 25959507.460313 8011308.116219 44601221.806235 1405389.295946 56853857.315304 1026499.403309 80861752.205114
34.760192 25289722.296602 7823597.516914 43081138.770490 1384620.757305 55028768.326733 1033221.321469 77625050.071642
35.244730 24723318.721067 7711799.037959 41532967.501405 1379028.319947 53237002.503463 1026814.091656 74510331.894290
35.736022 24176655.073086 7600989.395470 40045969.501744 1365418.296891 50924070.873941 1020374.741210 71513344.936033
36.234163 23608893.085359 7491173.320109 38565570.771027 1350429.879947 49188505.242674 1013903.958283 68629969.697972
36.739248 22921564.627400 7452562.259069 37169961.621972 1345084.805501 47082669.290656 1007402.443832 65856216.365350
37.251373 22268944.127634 7280522.857265 35786265.327255 1339657.240836 45661373.261053 1000870.911428 63188221.324594
37.770637 21624318.411442 7167729.034918 34512324.050492 1334148.068974 44258655.486844 994310.087045 60622243.750762
38.297139 21027478.056421 7061928.184432 33408396.367145 1328558.199899 42722655.195849 987720.708852 58154662.264816
38.830980 20484221.170667 6957139.802341 32337131.851150 1322888.570202 41344649.221316 981103.526982 55781971.660053
39.372263 19928261.482875 6853366.728170 31212707.772018 1317140.142705 39674497.023001 974459.303300 53500779.697062
39.921091 19290937.699866 6750611.492048 30172914.945913 1311313.906065 38094555.043108 967788.811151 51307803.966520
40.477570 18720622.228921 6648876.316881 29168629.668956 1305410.874359 36695211.286158 961092.835111 49199868.819147
41.041805 18122617.780200 6498837.187643 28242191.337575 1298984.398031 35538858.476995 954372.170713 47173902.362097
41.613906 17630075.076419 6415076.126267 27278540.383421 1274222.442523 34416957.731407 947627.624174 45226933.521073
42.193981 17108861.192136 6349808.829007 26347205.604679 1249932.513039 33480166.469274 940860.012108 43356089.167414
42.782142 16539226.707820 6252170.069191 25471443.828143 1233286.601441 32600490.957556 934070.161228 41558591.309397
43.378502 15944239.563290 6155557.965894 24555766.326002 1220072.914827 31313897.740447 927258.908040 39831754.346980
43.983175 15407584.341833 6059972.954744 23526786.534505 1232346.797342 30348744.568679 920427.098532 38176355.761437
44.596276 15041002.981674 5965415.184416 22672543.520360 1233664.092902 29470120.791637 913575.587840 36810331.905525
45.217924 14675185.983376 5871884.520184 21836746.033798 1210131.910927 28382548.432937 906705.239925 35485310.739276
45.848238 14226944.210332 5771606.230243 21089234.478859 1187048.606074 27335056.606597 899816.927222 34200534.068195
46.487337 13819657.449148 5636228.629108 20402770.405664 1164405.615999 26463215.883278 892911.530295 32955236.056943
47.135345 13399213.303858 5495533.282776 19735811.051836 1142194.541683 25580158.032008 885989.937474 31748644.066357
47.792386 13071259.262023 5358350.068720 19057268.148969 1120407.144319 24666296.075474 879053.044489 30579979.507976
48.458586 12663436.913259 5224591.314721 18394553.063332 1099035.342255 23878676.429291 872101.754095 29448458.713260
49.134073 12314764.631586 5097548.871730 17750653.619980 1078071.207999 22994081.415932 865136.975690 28353293.814565
49.818975 12017429.215791 4997394.891628 17090010.216116 1068972.972242 22298854.400902 854254.655736 27293693.634905
50.513425 11596336.097391 4934485.017653 16443057.173776 1048950.380036 21605956.915152 838647.782603 26268864.583437
51.217554 11241211.844251 4885193.831520 15850710.170610 1028919.981988 20980094.946898 823326.040476 25278011.553602
51.931499 10858940.037400 4768388.749919 15311777.952812 1009607.835132 20349606.893623 808284.220131 24320338.820824
52.655396 10503666.923307 4683592.528408 14818472.903752 993636.105089 19604025.807210 793517.207515 23395050.936687
53.389384 10133306.261179 4588444.760469 14415641.563140 984928.255479 19030704.334668 779019.982006 22501353.616523
54.133603 9801816.559316 4506751.286720 13948400.655699 976222.781832 18501573.528628 764787.614707 21638454.617408
54.888196 9481493.180432 4434664.154721 13479780.319015 967520.601535 17895875.189638 750815.266771 21051854.648106
55.653308 9166913.075121 4352827.777042 13027137.457165 956399.714237 17175376.344315 737098.187753 20602784.185767
56.429085 8886706.233588 4273585.570065 12582184.851249 947354.736471 16545397.813536 723631.713997 20155112.136329
57.215676 8598388.705401 4180097.065921 12199264.868356 940705.828173 16070921.148104 710411.267050 19709080.442016
58.013231 8323227.218706 4072802.940645 11790761.609403 934433.803800 15602755.423309 697432.352106 19232349.502146
58.821904 8023232.515422 3989126.771682 11363425.635411 928128.527137 15073790.630311 684690.556478 18582638.409218
59.641849 7738154.566249 3925813.218591 10972964.440212 921791.261901 14617080.959370 672181.548095 17946804.451046
60.473224 7473533.208216 3825843.201579 10562567.321929 915423.275981 14029537.455231 659901.074031 17325002.217612
61.316188 7180577.204847 3742202.098878 10195522.320608 909025.840780 13592773.902270 647844.959062 16717362.165241
62.170903 6916407.694956 3678486.039964 9906137.866817 893273.496417 13088071.429256 636009.104241 16123990.693345
63.037532 6664281.153402 3590454.492443 9566395.944197 875770.484097 12651796.216987 624389.485507 15544970.302618
63.916241 6469377.082625 3497760.316545 9235923.166763 858610.429944 12249091.077879 612982.152319 14980359.833372
64.807198 6218652.348245 3407459.211012 8870472.978474 841786.613954 11933055.501293 601783.226308 14430194.782167
65.710575 5997071.063390 3319489.394339 8621086.025670 825292.447796 11502183.687463 590788.899964 14038884.173998
66.626545 5813895.132132 3233790.680024 8307440.567747 809121.472234 11070754.907417 579995.435336 13675457.844651
67.555283 5614509.015182 3130980.664992 8017878.006696 793267.354594 10660811.913265 569399.162766 13315612.799887
68.496967 5424413.133241 3068973.541462 7737779.513128 777723.886288 10261615.342094 558996.479637 12959522.749286
69.451778 5238988.107126 3003070.627204 7466856.625533 762484.980380 9910855.844872 548783.849151 12607357.361892
70.419898 5060339.218138 2893088.725157 7238775.770474 747544.669200 9617176.131240 538757.799128 12259281.912053
71.401513 4901432.603461 2807356.550593 7028192.740427 732897.102014 9323392.914431 528914.920820 11915456.930540
72.396811 4723791.114561 2695721.693213 6787811.494619 718536.542726 9000772.775183 519251.867758 11576037.862513
73.405984 4549895.877863 2627382.585921 6541563.843735 704457.367636 8658460.893013 509765.354609 11241174.733954
74.429223 4406561.862965 2550468.446655 6325890.361416 690654.063236 8373120.800151 500452.156064 10911011.828198
75.466726 4242519.167774 2472595.307700 6104152.066155 677121.224048 8072152.114823 491309.105738 10585687.374141
76.518692 4091980.448731 2408985.129424 5895505.300265 663853.550515 7800588.793961 482333.095095 10265333.247739
77.585321 3934971.036310 2344084.378112 5670927.471598 650845.846918 7516404.574760 473521.072389 9950074.688342
78.666818 3791430.293184 2269602.640762 5483826.265388 638093.019343 7224098.107599 464870.041630 9640030.031376
79.763391 3662636.098936 2195297.919672 5300971.432246 625590.073691 6952750.927827 456377.061564 9335310.458843
80.875249 3539239.310706 2126073.867022 5102217.986744 613332.113715 6693633.435299 448039.244670 9036019.769002
82.002606 3421731.350421 2068386.282521 4935004.411298 601314.339108 6434688.371468 439853.756182 8742254.166579
83.145678 3306631.649607 2016020.601678 4767026.233931 589532.043621 6177687.010809 431817.813125 8454102.074679
84.304684 3185390.409676 1955292.753072 4600167.170079 577980.613221 5945735.264949 423928.683367 8171643.969551
85.479845 3067467.193143 1902196.042045 4427594.661777 566655.524282 5737000.615395 416183.684690 7894952.239187
86.671388 2962349.807160 1844227.021444 4260755.977583 551260.474439 5546925.551801 408580.183880 7624091.066635
87.879540 2855248.160285 1773940.180791 4099786.313515 522594.605215 5374642.958484 401115.595830 7359116.338772
89.104533 2762514.062297 1717856.652527 3960036.326515 500380.205020 5168721.119003 393787.382664 7100075.581151
90.346602 2661722.104478 1667823.062764 3817073.279474 490695.423118 4987167.666552 386593.052869 6847007.919355
91.605985 2579007.416890 1620245.121017 3677293.361962 481198.088681 4818724.668231 379530.160452 6599944.067196
92.882923 2495182.513865 1551831.059796 3541694.178635 471248.571987 4681844.165770 372596.304108 6358906.341878
94.177660 2415567.043542 1482717.590485 3425512.428925 455104.193831 4547183.693758 365789.126401 6123908.706127
95.490446 2334808.476677 1426194.133124 3308484.383224 446296.255295 4403827.587183 359106.312968 5894956.837119
96.821531 2253840.656518 1385650.631430 3185256.189210 437658.782736 4241942.235781 352545.591724 5672048.221858
98.171170 2182301.623515 1339236.760229 3082033.250853 429188.477012 4071512.041129 346104.732097 5475925.164523
99.539623 2113566.624023 1290102.559273 2970876.395572 420882.102829 3902712.525376 339781.544265 5289796.699912
100.927151 2045772.010491 1239994.277350 2858410.551656 412736.487511 3751802.263181 333573.878414 5110529.434292
102.334021 1973168.756429 1209575.143742 2751604.106668 404748.519782 3624606.125583 327479.624007 4956619.911803
103.760502 1908109.261044 1168023.294596 2657995.856057 396915.148582 3500266.169517 321496.709063 4805989.468310
105.206867 1852300.438670 1130487.718970 2561187.315408 389233.381901 3369218.477631 315623.099458 4658608.687047
106.673394 1791212.333374 1090746.075469 2474098.448450 381700.285633 3239633.886660 309856.798230 4514447.845193
108.160363 1736577.563148 1057177.898732 2387437.020404 374312.982460 3115188.167884 304195.844898 4327435.793468
109.668060 1676194.320962 1024937.983800 2300861.759819 367068.650750 3015196.735843 298638.314802 4144176.770568
111.196773 1611530.879977 996520.379827 2218864.579633 359964.523480 2917535.096783 293182.318443 3967267.859913
112.746796 1549018.202740 960831.498080 2133940.146081 352997.887177 2814296.064787 287826.000841 3803513.965124
114.318425 1491782.068226 935464.609283 2057239.582242 346166.080888 2709934.413733 282567.540909 3659191.038960
115.911962 1435898.774907 910736.658069 1981961.426776 339466.495156 2609601.317577 277405.150827 3522056.519202
117.527712 1388380.438151 880567.625725 1916616.817630 332896.571026 2519864.589724 272337.075439 3406065.850037
119.165984 1337473.534058 847767.273814 1846010.554400 322418.597246 2432578.797429 267361.591657 3297636.320557
120.827094 1295703.279031 820033.179845 1774614.002425 314140.608494 2347703.602463 262477.007870 3191307.080575
122.511358 1251141.953276 783379.345760 1709637.905003 308062.641632 2265198.601763 257681.663373 3087091.229103
124.219100 1208021.551055 747893.523977 1644509.695963 302166.133373 2185023.332177 252973.927803 2985000.156931
125.950646 1165394.328374 725474.078156 1580945.572879 296257.220690 2095855.211551 248352.200581 2885043.505109
127.706330 1123071.930657 703170.560318 1520401.470397 290525.260156 2013698.363113 243814.910370 2787229.127513
129.486487 1084827.730529 684500.673637 1463316.124435 284904.201126 1938303.757676 239360.514543 2691563.057749
131.291459 1052048.437591 663305.743097 1413582.948362 279391.897889 1855165.047523 234987.498653 2598049.480634
133.121590 1014613.677342 634717.841059 1363708.204305 273986.246244 1775182.496370 230694.375924 2506690.708492
134.977233 982155.620910 613802.044090 1314027.239454 266837.939537 1715059.409490 226479.686740 2417487.162465
136.858742 950253.336669 599373.468262 1272536.469319 261742.493418 1650000.495060 222341.998155 2330437.359009
138.766479 922801.012151 580388.397125 1233369.529014 256744.348196 1591423.698962 218279.903399 2245537.901749
140.700809 896103.351187 565249.452102 1190835.930429 251841.645848 1534836.325384 214292.021405 2162783.478806
142.662102 866537.591975 550159.126905 1150196.292725 247032.563829 1480174.903939 210376.996337 2082166.865696
144.650734 841069.655380 535581.904973 1109562.113708 241993.245650 1433982.849724 206533.497130 2003678.933881
146.667087 813124.401749 519494.505589 1066085.003527 237387.317025 1382614.534289 200063.951760 1927308.664996
148.711546 788953.148441 500334.558394 1032247.928883 232869.054395 1330178.303509 191259.614614 1853043.170767
150.784505 762450.109255 482539.173492 995412.362710 228436.789186 1279582.930962 182917.929000 1780867.718584
152.886359 740489.985237 467549.945942 959449.952774 223860.627653 1233662.181991 175013.800395 1710765.762683
155.017512 714916.572656 449898.655205 929776.493755 219401.670508 1189323.718752 171734.004300 1642718.980823
157.178372 691065.632674 432100.134479 897292.059086 214571.816339 1146516.046672 168639.564667 1576707.316351
159.369353 670714.971706 413450.551458 864704.001436 209743.984900 1105189.211438 165600.883104 1512709.025488
161.590875 648954.922351 398472.610126 837288.825563 205669.216032 1065294.758810 162616.954917 1450700.729642
163.843365 626454.683533 382602.355039 810204.297093 201732.166343 1024119.542926 159686.793518 1390657.472535
166.127252 607237.772186 368586.495556 784590.542909 197870.482141 978915.139277 156809.430093 1332552.781899
168.442976 585780.700487 354297.732463 759101.654879 194082.720729 932965.628705 150440.504214 1276358.735447
170.790980 564039.575273 340921.263627 736571.092590 190367.467033 902677.876982 142556.201709 1222046.030836
173.171713 543779.428530 328813.680417 712378.668699 186723.333063 865392.801663 135341.134295 1169584.059299
175.585633 524269.412232 316744.857653 692596.655295 183148.957401 829183.764881 128425.551916 1128860.654684
178.033202 504888.986839 304914.470126 671324.234416 178903.231497 794295.879779 121901.814764 1089755.582761
180.514888 488844.003651 292935.609762 649380.826561 175506.173501 765625.762651 115748.247546 1051575.499935
183.031168 471692.789822 282867.019133 628392.905901 172173.619666 737807.960009 109944.299478 1014317.605777
185.582523 456418.942739 273013.266068 607233.832581 168904.345173 714273.753923 106088.538735 977978.447291
188.169442 441520.252370 263207.005245 588387.988920 164857.134139 695913.716491 102510.051693 942553.917019
190.792422 426278.990918 253985.445028 570723.849847 157582.541215 675939.764379 100311.836671 908039.252978
193.451965 411420.610112 244342.374071 554518.427508 151954.371242 655728.611836 95116.442373 872726.552655
196.148581 396134.193517 234541.557263 536970.834655 148984.079045 639654.203963 90210.837090 834586.427464
198.882786 381396.816355 226461.209397 521907.232785 143967.028907 617358.125795 85716.331300 800708.301429
201.655104 367759.210350 218403.531282 503939.298258 138580.837921 598649.394745 84204.637262 775106.141218
204.466067 353742.542671 210228.347859 488921.719488 135429.575159 580749.287554 82719.603474 748901.819600
207.316213 340885.258447 204406.768510 474013.789577 129548.157544 563384.408228 81286.739668 719710.156706
210.206088 328429.030188 196491.387153 459489.982069 125539.736213 546538.753015 79905.163988 691377.084598
213.136247 316332.857468 190830.228755 445849.252593 122604.098158 530196.796690 78547.070015 663892.826631
216.107251 306254.667550 183979.048156 432858.740579 119393.145899 514123.071711 77212.058646 637247.035019
219.119669 294925.161404 178456.948633 418602.218667 117018.483407 496857.738632 75899.737561 611428.809179
222.174078 284327.384355 172532.996463 405482.880413 114691.051615 479235.056925 74609.721109 586426.715728
225.271064 273814.434961 166628.347045 392208.440985 112409.911133 462209.663127 73341.630193 563570.203699
228.411221 263056.498919 160866.893592 380309.218971 109272.208756 445762.571686 72095.092160 546695.185658
231.595149 253946.458023 155795.958237 367410.401772 105691.884925 429875.345516 70869.740690 530325.457343
234.823460 244508.340020 150928.374104 355227.873196 101039.991787 414115.796111 69665.215689 514445.888832
238.096772 236011.773291 145768.214326 343133.744309 99091.718998 400411.630237 68481.163184 499041.803239
241.415712 227193.107891 141336.969265 332493.271820 95974.957482 387360.933003 67317.235218 484098.963150
244.780916 220442.728115 137460.827619 321580.832728 93752.465944 376104.504150 66173.089748 469603.557461
248.193029 213092.373683 132573.552857 311015.275432 89518.966626 365175.178986 65048.390543 455542.188616
251.652705 207109.239466 128332.083880 300941.385751 87113.938862 352412.824234 63942.807090 441901.860222
255.160607 199572.554061 124716.543576 292598.011443 85567.394473 340203.453996 62856.014490 428669.965039
258.717408 192673.446403 120797.299017 283973.319239 84027.186739 329440.272760 61787.693367 415834.273325
262.323788 185552.528537 117373.332057 275424.410665 80936.346382 318257.865412 60737.529776 403382.921536
265.980440 178071.046276 113774.368797 267751.942476 79499.430992 308891.952663 59705.215104 391304.401355
269.688063 170999.122053 110424.725941 259923.641182 76032.132556 299801.666477 58690.445986 379587.549064
273.447368 164664.187333 106746.337472 251644.293633 74129.279953 289672.942526 57692.924212 368221.535218
277.259076 159004.697665 102957.046271 244328.862793 71969.442136 281293.239053 56712.356639 357195.854639
281.123917 153243.496386 99477.966858 237018.760293 70651.697237 273105.726872 55748.455110 346500.316706
285.042632 147148.230577 95940.723013 230653.727934 69358.079961 264425.669756 54800.936363 336125.035939
289.015972 141740.688215 93311.455923 224296.110499 68088.148538 256754.809086 53869.521950 326060.422855
293.044698 136607.636818 90500.698854 217657.063509 66099.910196 248017.353321 52953.938157 316297.175114
297.129582 131300.512714 88225.905637 211877.814175 63466.980351 240628.265924 52053.915922 306826.268914
301.271407 126540.167698 85449.491872 206252.015973 60938.211217 233711.945321 51169.190756 297638.950654
305.470967 122276.452148 83035.013315 200775.594456 59201.169375 226994.418864 50299.502664 288726.728842
309.729067 117847.933902 80759.163130 194564.477137 58010.138512 220668.126920 49444.596073 280081.366248
314.046522 113458.697245 78365.152764 188655.707915 56964.942727 214545.570007 48604.219749 271694.872289
318.424160 109342.960357 76154.795074 183763.334175 55938.578723 208592.886757 47778.126733 263559.495647
322.862820 106154.328736 73817.593390 178433.733401 54930.707200 202493.394199 46966.074261 255667.717099
327.363353 102506.705897 71399.049924 173419.722820 53274.680810 196521.018236 46167.823695 248012.242572
331.926620 98895.424120 69268.350743 168641.443502 51539.996621 190972.721765 44506.522411 240585.996400
336.553498 96431.862393 67365.750556 163981.410585 50116.894818 185581.068049 43592.932874 233382.114784
341.244871 93466.102353 65596.538838 159253.717028 48851.051850 179758.456774 42242.300962 226393.939448
346.001639 90267.002339 63960.387726 154975.058476 47963.247006 174591.702514 40799.796617 219615.011486
350.824714 87393.033176 62276.071399 150598.228608 47091.576869 169573.455033 39985.439549 213039.065390
355.715021 84734.233334 60927.527854 146357.152387 46060.735773 164699.445838 37895.761879 206660.023261
360.673495 82539.406657 59587.942818 142495.206965 45241.552408 159965.529122 35911.916466 200471.989192
365.701088 79787.613823 57839.476697 138735.167205 43936.287741 155367.678239 34726.200225 194469.243816
370.798763 77212.654880 56087.592071 135065.232076 42716.472758 150822.230067 34103.573434 188646.239022
375.967497 74786.037540 54429.348650 131475.023546 41409.451490 146383.729087 33533.205542 182997.592826
381.208280 71901.341392 52813.154820 128031.273330 39897.572494 142109.362958 32972.376812 177518.084399
386.522116 69601.617028 51604.314088 124652.878742 38696.791575 138198.758320 32420.927706 172202.649238
391.910025 67699.790971 50003.378381 121363.630733 37959.477590 134286.396728 31337.072710 167046.374485
397.373038 65765.955272 48735.187204 118161.176969 37292.363376 130467.536502 30386.411750 162044.494392
402.912203 63858.290388 47530.175027 114954.812371 36610.933533 126847.103460 29759.439096 157192.385908
408.528580 62211.884850 46462.830596 111811.097627 35940.938875 123352.991385 28577.395714 152485.564414
414.223247 60653.639064 45477.833711 108824.627158 35283.205386 119942.555514 27692.537667 147919.679572
419.997295 59164.043055 44167.740463 105917.925210 34637.508682 116600.438247 27238.142722 143490.511307
425.851829 57697.847560 42808.314810 103088.861168 33798.301798 113368.374446 26791.203749 139193.965906
431.787973 56335.295361 41425.617465 100335.361327 32767.420176 110247.814769 26351.598406 135026.072233
437.806863 55024.982686 40331.284630 97698.677338 32210.494520 107213.151117 25919.206357 130982.978063
443.909653 53540.522093 39264.702391 95123.650141 31428.437138 104253.671194 25493.909244 127060.946516
450.097513 52008.099086 38282.496623 92653.298982 30883.082397 101371.289049 25075.590648 123256.352606
456.371628 50542.054606 37253.994582 90168.349017 30287.204773 98568.598360 24664.136063 119565.679891
462.733201 48958.085473 36252.026350 87754.205817 29358.317494 95843.395836 24259.432858 115985.517221
469.183451 47814.853413 35251.882535 85500.148573 28733.611126 93150.726748 23861.370255 112512.555587
475.723614 46504.783456 34250.445724 83299.405150 28175.030401 90587.641621 23469.839289 109143.585061
482.354943 45346.136850 33445.278785 81016.159740 27665.465878 88095.080961 23084.732787 105875.491832
489.078709 44167.350622 32739.117674 78765.749081 27187.046219 85647.883596 22705.945332 102705.255324
495.896201 43070.186744 31923.557072 76610.647236 26596.802021 83155.251000 22333.373238 99629.945406
502.808725 41975.771702 31170.157783 74550.523148 26020.563149 80712.936721 21966.914518 96646.719687
509.817606 40892.672236 30491.993407 72560.063510 25381.654604 78443.822178 21606.468862 93752.820883
516.924187 39927.821605 29878.672974 70547.976630 24782.883930 76258.408373 21251.937605 90945.574274
524.129830 38718.100723 29227.923542 68658.737925 24350.414685 74123.584542 20903.223698 88222.385225
531.435916 37822.539686 28588.406037 66847.962460 23841.218134 72068.538827 20560.231687 85580.736798
538.843844 37077.666357 28040.954496 65050.349526 23357.413468 70031.489770 20222.867685 83018.187415
546.355035 36252.880177 27460.418499 63319.147848 22839.167177 68109.131724 19891.039344 80532.368610
553.970928 35447.269097 26934.530167 61614.813936 22311.871621 66214.230314 19564.655832 78120.982834
561.692982 34546.134181 26249.394289 59874.324681 21823.789691 64400.504832 19243.627806 75781.801333
569.522678 33791.794998 25677.914041 58219.203559 21453.776352 62636.460515 18927.867391 73565.009295
577.461515 33054.801949 25033.976279 56604.953040 20955.726912 60966.579347 18617.288153 71413.751999
585.511016 32374.078700 24553.616432 55191.941965 20593.053038 59302.515266 17908.742559 69325.403796
593.672722 31689.937774 24095.338269 53748.723728 20236.655842 57682.844437 17375.202386 67298.125038
601.948197 31012.500914 23628.753820 52297.609102 19703.267811 56107.410073 17088.342925 65330.129874
610.339029 30276.010976 23154.780936 50851.521122 19307.301165 54575.003986 16806.219428 63419.684680
618.846824 29622.671254 22703.003291 49443.918261 18947.280369 53084.450987 16256.745821 61565.106523
627.473213 28991.399982 22267.066991 48136.575812 18609.526023 51634.607986 15795.478807 59764.761687
636.219849 28400.201368 21857.291809 46863.800693 18296.505708 50224.363110 15531.421501 58017.064231
645.088409 27821.058598 21402.663044 45595.656457 17988.750530 48852.634854 15271.778512 56320.474590
654.080591 27253.725827 21002.675660 44369.588011 17524.796287 47518.371253 15016.476045 54673.498222
663.198120 26651.459354 20610.163509 43139.000670 17199.215181 46220.549071 14760.947885 53074.684288
672.442742 26077.772609 20220.345620 41980.009422 16912.541856 44957.247504 14516.905533 51522.624376
681.816229 25454.971433 19815.420828 40854.857259 16618.905175 43714.279597 14275.892208 50015.951263
691.320378 24945.087592 19448.558943 39706.644918 16330.366635 42505.676988 14037.238243 48553.337704
700.957009 24439.504341 19090.178671 38637.436241 16046.837719 41330.489554 13802.573922 47133.495269
710.727970 23947.064480 18743.165565 37559.154006 15768.231452 40187.793438 13571.832547 45755.173203
720.635132 23464.546956 18376.275605 36549.915343 15494.462365 39076.690329 13344.948539 44417.157330
730.680395 22991.751841 17997.933675 35621.678469 15225.446475 38060.464298 13121.857412 43118.268977
740.865683 22505.471918 17653.433347 34655.083361 14769.672166 37035.953710 12904.704424 41857.363941
751.192949 22074.549186 17342.718606 33665.544761 14485.683917 36024.427410 12691.776034 40633.331477
761.664172 21629.761608 17035.803528 32752.488230 14228.234469 35040.527926 12482.360976 39445.093324
772.281357 21208.098064 16720.316548 31866.315518 13975.360588 34083.500713 12276.401278 38291.602750
783.046540 20766.892397 16423.130351 31023.884311 13726.980954 33152.611836 12073.839928 37171.843634
793.961785 20352.035690 16125.106753 30207.882578 13495.526306 32259.825528 11874.620852 36084.829569
805.029181 19901.167148 15832.491264 29389.151325 13262.034660 31377.025551 11590.278050 35029.602993
816.250851 19507.115355 15545.185743 28595.280106 13040.232720 30513.672249 11208.195008 34005.234346
827.628946 19093.091898 15240.191418 27860.253707 12822.140323 29691.990090 11017.366365 33010.821253
839.165644 18708.400942 14955.372455 27152.932083 12607.695431 28874.693137 10829.786734 32045.487723
850.863158 18341.965591 14675.876380 26438.745574 12396.837038 28079.892969 10645.400799 31108.383387
862.723729 17977.303072 14403.628973 25694.828318 12189.505163 27392.277911 10464.154185 30198.682737
874.749630 17583.885247 14157.972786 25025.111875 11985.640827 26650.265751 10285.993441 29315.584411
886.943166 17223.326978 13904.868437 24406.931496 11785.186035 25929.033327 10110.866030 28458.310478
899.306672 16884.540391 13648.038238 23760.629487 11588.083766 25216.797793 9938.720305 27626.105757
911.842520 16548.793887 13391.605185 23139.896208 11394.277949 24578.500414 9769.505501 26818.237151
924.553110 16228.135919 13137.024796 22531.262059 11203.713452 23936.501297 9603.171718 26033.992999
937.440879 15896.991454 12895.337537 21942.151218 11018.113717 23314.693719 9439.669902 25272.682453
950.508296 15589.922897 12668.680229 21366.700832 10836.842015 22757.722808 9278.951838 24533.634867
963.757866 15282.808601 12446.006806 20848.563136 10655.478726 22214.493789 9120.970129 23816.199207
977.192128 14981.744315 12227.247243 20301.651292 10477.150699 21660.156308 8965.678188 23119.743477
990.813657 14682.780558 12009.385516 19783.368109 10301.807134 21119.460855 8813.030218 22443.654161
1004.625062 14389.478763 11786.715007 19298.432571 10125.421084 20578.083296 8662.981205 21787.335685
1018.628990 14098.154200 11568.173114 18808.151159 9956.077684 20077.300427 8515.486898 21150.209893
1032.828126 13814.170847 11353.683289 18336.772597 9789.566481 19552.779011 8370.503802 20531.715533
1047.225190 13540.496144 11139.186231 17844.716852 9625.840107 19066.986938 8227.989160 19931.307767
1061.822941 13260.378068 10931.909393 17372.777865 9464.851988 18606.557222 8087.900947 19348.457692
1076.624177 12981.320425 10736.445239 16927.991430 9306.556328 18147.227019 7950.197850 18850.965344
1091.631734 12716.232278 10539.871732 16506.051213 9152.311584 17624.673104 7814.839260 18322.481999
1106.848489 12456.722508 10351.332617 16069.883876 9000.677676 17182.582082 7681.785260 17787.368132
1122.277356 12202.896154 10166.166123 15625.344784 8847.377548 16754.897883 7550.996612 17308.748692
1137.921294 11943.136160 9984.311921 15228.105948 8699.408887 16347.066236 7422.434748 16891.557034
1153.783300 11710.282676 9805.710759 14829.325200 8553.914940 15944.669435 7296.061755 16487.982933
1169.866413 11471.664073 9630.304447 14437.956456 8410.854317 15552.177970 7171.840364 16094.051049
1186.173716 11237.555300 9458.035834 14061.857808 8270.186324 15175.348458 7049.733944 15709.531010
1202.708335 11015.030355 9277.333236 13693.694119 8131.870943 14795.941737 6929.706485 15334.197946
1219.473437 10792.981081 9099.669219 13340.271596 7995.868829 14431.727172 6811.722591 14967.832363
1236.472235 10564.731247 8931.009132 13006.104560 7862.141292 14076.221485 6695.747469 14610.220008
1253.707987 10356.574159 8753.630532 12688.129441 7730.650293 13728.380912 6581.746917 14261.151749
1271.183997 10149.451651 8604.851001 12349.710926 7601.358425 13391.998830 6469.687318 13920.423450
1288.903612 9935.671152 8440.916398 12036.756432 7474.228909 13062.343501 6359.535625 13587.835852
1306.870230 9734.180422 8282.905693 11715.055156 7349.225580 12738.187699 6251.259354 13263.194458
1325.087292 9520.959842 8126.736554 11443.185821 7226.312880 12431.027335 6144.826575 12946.309415
1343.558290 9293.515416 7970.984787 11157.486729 7105.455843 12142.875175 6040.205900 12636.995408
1362.286764 9097.321424 7817.897405 10866.656607 6986.620088 11855.629227 5937.366478 12335.071551
1381.276303 8892.710148 7680.461934 10570.223409 6869.771812 11579.031453 5836.277981 12040.361276
1400.530545 8706.418041 7545.442522 10289.957844 6754.877774 11300.713078 5736.910597 11752.692237
1420.053182 8502.313302 7396.127063 10028.074478 6639.330063 11034.573586 5639.235024 11471.896205
1439.847953 8331.395665 7263.331696 9775.566734 6515.948966 10774.701861 5543.222457 11197.808968
1459.918652 8131.734476 7135.609025 9517.020008 6394.860705 10524.028962 5448.844583 10930.270240
1480.269127 7957.989234 6998.403485 9278.456805 6276.022671 10283.100793 5356.073568 10669.123563
1500.903276 7791.660027 6867.263558 9039.890821 6159.393048 10068.177439 5264.882056 10414.216218
1521.825053 7616.289964 6739.332220 8823.712001 6044.383268 9835.846762 5175.243153 10165.399136
1543.038469 7440.855707 6614.961996 8596.607407 5924.891288 9608.877288 5087.130425 9922.526806
1564.547589 7274.907700 6493.075614 8387.097185 5810.505737 9384.620850 5000.517889 9685.794829
1586.356534 7121.740570 6357.006033 8178.867303 5708.927482 9170.529948 4915.380001 9488.457661
1608.469483 6973.134758 6234.518587 7983.545091 5580.402960 8971.178218 4831.691655 9295.141015
1630.890676 6824.066274 6098.717901 7791.691217 5470.083449 8764.683741 4749.428172 9105.762979
1653.624407 6682.541379 5967.669845 7617.361165 5361.944855 8562.942261 4668.565291 8920.243307
1676.675035 6544.191367 5836.885901 7457.958393 5255.944064 8362.524253 4589.079166 8738.503389
1700.046975 6414.322746 5711.420735 7273.391652 5152.038812 8161.956334 4510.946358 8560.466217
1723.744708 6277.023999 5600.328959 7127.898865 5050.187672 7997.759457 4434.143824 8386.056353
1747.772774 6147.745498 5467.685601 6959.912544 4955.589293 7818.653910 4358.648916 8215.199893
1772.135779 6013.229956 5360.827923 6812.816005 4874.118758 7634.387538 4284.439370 8047.824442
1796.838391 5881.740861 5253.101404 6669.417145 4758.044871 7460.826689 4211.493302 7883.859076
1821.885343 5767.482140 5129.225321 6528.111960 4671.952915 7284.038062 4139.789200 7723.234321
1847.281437 5643.709094 5029.142820 6373.617181 4570.996299 7122.543453 4069.305919 7565.882114
1873.031539 5518.848470 4924.775469 6241.368226 4479.998472 6963.786093 4000.022673 7411.735781
1899.140582 5409.374619 4814.864209 6111.762259 4379.120481 6800.012292 3931.919031 7260.730007
1925.613572 5299.485651 4705.018645 5983.681144 4280.902617 6660.119848 3864.974909 7112.800805
1952.455581 5189.059106 4608.812462 5851.973748 4173.914894 6528.381965 3799.170565 6967.885494
1979.671753 5069.052330 4514.039899 5726.250301 4074.090977 6404.125350 3734.486593 6825.922669
2007.267304 4959.267417 4412.194974 5606.004578 3956.660197 6267.312382 3670.903919 6686.852177
2035.247521 4839.919362 4302.117807 5482.848484 3859.589729 6127.446891 3608.403792 6550.615090
2063.617768 4734.242502 4212.332362 5365.055303 3756.441803 6010.769942 3546.967780 6417.153680
2092.383480 4627.768782 4139.576776 5257.171245 3677.307570 5881.586440 3486.577766 6286.411397
2121.550171 4522.825643 4060.649124 5155.459865 3582.885649 5774.132330 3427.215941 6158.332840
2151.123430 4430.137742 3970.962846 5045.537028 3480.007193 5668.641362 3332.208251 6032.863739
2181.108924 4334.419642 3876.383326 4945.326403 3395.334050 5557.657815 3232.572495 5909.950931
2211.512400 4238.783985 3786.677317 4838.676212 3301.377831 5447.226910 3135.915930 5789.341231
2242.339683 4157.098973 3706.457707 4744.825409 3215.950064 5338.990271 3042.149475 5666.726998
2273.596682 4065.762748 3630.907820 4639.715603 3132.188200 5232.904299 2951.186715 5546.709650
2305.289387 3984.650046 3559.508442 4543.632438 3041.598529 5128.926259 2862.943815 5429.234186
2337.423871 3906.141341 3485.399816 4438.779765 2953.628908 5027.347230 2777.339450 5314.246770
2370.006292 3832.517870 3407.035230 4352.157009 2868.203559 4931.346725 2694.294726 5201.694709
2403.042894 3758.878883 3340.245451 4262.932099 2785.248896 4837.179413 2613.733107 5091.526422
2436.540009 3688.189598 3260.466653 4171.649081 2704.693462 4744.810288 2535.580347 4983.691423
2470.504055 3613.807151 3180.461684 4090.000984 2626.467865 4654.205012 2459.764418 4878.140294
2504.941542 3540.333990 3106.314462 4011.845478 2550.504722 4562.744029 2386.215447 4774.824666
2539.859069 3470.743083 3028.993697 3929.769544 2476.738598 4469.768849 2314.865651 4673.697190
2575.263327 3402.909313 2962.716300 3846.877228 2405.105950 4375.278008 2245.649272 4574.711525
2611.161101 3329.502498 2885.403478 3775.333040 2335.545073 4286.658618 2178.502520 4477.822307
2647.559271 3266.752103 2816.530512 3689.535984 2267.996048 4202.057021 2113.363510 4384.559146
2684.464811 3205.417315 2752.853688 3617.306521 2202.400687 4117.225850 2050.172210 4295.873855
2721.884795 3139.109620 2685.869307 3545.074684 2138.702486 4038.141634 1988.870382 4208.982377
2759.826392 3072.631896 2618.461159 3477.075725 2076.846575 3960.576478 1929.401529 4123.848430
2798.296876 3012.619451 2557.414740 3404.336349 2016.779671 3878.923361 1871.710843 4040.436464
2837.303617 2951.475322 2492.071789 3338.915958 1958.450032 3798.424144 1815.745156 3958.711650
2876.854090 2893.496772 2425.700492 3270.213087 1901.807413 3724.685390 1761.452889 3878.639861
2916.955876 2838.974091 2363.179921 3208.663354 1846.803021 3650.984039 1708.784005 3800.187663
2957.616659 2786.980349 2298.266559 3143.578372 1793.389475 3580.080630 1657.689963 3723.322295
2998.844231 2735.506168 2235.525410 3083.361472 1741.520765 3511.571429 1608.123676 3648.011663
3040.646493 2675.840220 2183.364062 3023.862902 1691.152210 3444.673002 1560.039461 3575.075329
3083.031457 2624.118628 2129.004570 2964.603771 1642.240423 3381.756334 1513.393003 3509.760207
3126.007243 2569.470874 2072.284826 2908.951024 1594.743271 3318.609023 1468.141313 3445.638364
3169.582089 2518.960498 2015.549671 2847.200175 1548.619839 3257.317810 1424.242685 3382.688001
3213.764344 2468.182494 1962.043760 2788.397240 1503.830397 3195.525248 1381.656663 3320.887715
3258.562476 2418.393965 1913.347330 2734.565268 1460.336363 3134.212980 1340.343997 3260.216494
3303.985070 2372.347793 1862.276624 2681.772560 1418.100270 3074.527667 1300.266614 3200.653710
3350.040830 2325.411250 1812.706589 2628.833914 1377.085737 3013.776516 1261.387577 3142.179113
3396.738582 2281.374285 1765.138575 2576.957713 1337.257433 2954.225778 1223.671055 3084.772823
3444.087276 2236.079829 1717.736571 2528.334263 1298.581050 2895.851733 1187.082289 3028.415321
3492.095985 2192.123217 1674.580512 2478.182340 1261.023272 2840.292060 1151.587556 2973.087448
3540.773909 2149.030700 1634.991954 2432.085393 1224.551746 2787.660323 1117.154145 2918.770391
3590.130377 2107.581923 1594.685440 2386.948602 1189.135055 2733.608853 1083.750321 2865.445684
3640.174847 2067.704347 1551.750660 2342.471627 1154.742692 2679.312019 1051.345299 2813.095197
3690.916911 2027.827437 1512.217318 2297.838800 1121.345031 2626.185925 1019.909213 2761.701131
3742.366291 1989.411111 1475.024901 2255.540499 1088.913303 2574.467071 989.413093 2711.246014
3794.532847 1945.946557 1438.540784 2213.026694 1057.419570 2523.766744 959.828831 2661.712690
3847.426577 1908.168687 1401.314193 2171.314216 1026.836704 2474.064884 931.129163 2613.084319
3901.057617 1869.638690 1363.904771 2130.387960 997.138362 2425.341829 903.287638 2565.344368
3955.436245 1833.311819 1328.746439 2090.233107 968.298959 2378.069611 876.278598 2518.476606
4010.572881 1798.129356 1294.537335 2050.835117 940.293655 2333.204123 850.077150 2472.465098
4066.478092 1762.053935 1261.635122 2012.179725 913.098324 2289.185083 824.659147 2427.294201
4123.162591 1727.042301 1227.596338 1974.079770 886.689542 2245.996521 800.001163 2382.948557
4180.637241 1693.458325 1194.475917 1937.041008 861.044559 2203.161987 776.080473 2339.413089
4238.913057 1660.177759 1165.255262 1900.009147 836.141284 2158.726402 752.875032 2296.672996
4298.001206 1628.959310 1134.189175 1864.511026 811.958266 2115.187039 730.363452 2254.713747
4357.913012 1595.539230 1104.047371 1829.062175 788.474673 2072.525822 708.524986 2213.521076
4418.659956 1562.170168 1076.019650 1794.649101 765.670277 2030.725039 687.339509 2173.080977
4480.253680 1531.058538 1047.635810 1761.578330 743.525433 1989.767336 666.787495 2133.379702
4542.705986 1503.179243 1020.000695 1729.449671 722.021066 1950.659542 646.850002 2094.403752
4606.028844 1469.987113 993.094554 1698.433066 701.138652 1913.318788 627.563932 2056.139877
4670.234388 1441.590341 966.898158 1666.386941 681.143892 1876.692834 609.029377 2018.575067
4735.334923 1412.920124 941.392785 1634.945463 661.368792 1840.767998 591.042225 1981.696549
4801.342924 1385.055762 916.560207 1605.195331 642.167806 1805.530857 573.586307 1945.491787
4868.271040 1358.648113 892.382676 1575.905756 623.524266 1770.968248 556.645935 1909.948471
4936.132098 1333.031325 871.327017 1547.493449 605.444184 1737.067259 540.205882 1875.054516
5004.939103 1308.363314 848.539759 1519.686081 587.933426 1703.815223 524.251371 1840.798059
5074.705239 1281.068304 826.034390 1492.327285 570.929117 1671.199719 508.768064 1807.167453
5145.443878 1256.582205 804.125918 1465.010539 554.416609 1639.208561 493.742042 1774.151264
5217.168576 1232.585455 782.798513 1438.228203 538.381679 1607.829798 479.159800 1741.738267
5289.893076 1209.111705 761.897039 1411.056373 522.810514 1577.051707 465.008233 1709.917441
5363.631317 1185.572917 741.518389 1385.309200 507.689701 1546.862790 451.274619 1678.677969
5438.397428 1163.845743 721.684812 1358.957230 493.006215 1517.251768 437.946616 1648.009229
5514.205739 1141.113219 702.381728 1334.332145 478.747407 1488.207579 425.012244 1617.900794
5591.070777 1119.073992 683.793375 1309.766740 464.900994 1459.719372 412.459878 1588.342427
5669.007271 1095.403222 665.380012 1285.404156 451.455050 1431.776504 400.278234 1559.324079
5748.030158 1073.984802 647.515435 1261.277080 438.397991 1404.368537 388.456365 1530.835884
5828.154581 1052.127329 630.409653 1236.878026 425.718571 1377.485230 376.983645 1502.868157
5909.395895 1030.898622 613.780359 1213.460581 413.405868 1351.116540 365.849761 1475.411388
5991.769669 1011.844462 597.589722 1191.469814 401.449274 1325.252616 355.044707 1448.456243
6075.291689 993.274556 581.826171 1170.256282 389.838491 1299.883795 344.558770 1421.993557
6159.977960 975.161786 566.478439 1148.120813 378.563517 1275.000601 334.382527 1396.014333
6245.844712 956.328152 551.535558 1126.503422 367.614640 1250.593736 324.506830 1370.509738
6332.908400 936.976436 536.986849 1105.578466 356.982427 1226.654083 314.922803 1345.471102
6421.185709 919.340980 522.821914 1085.101821 346.657722 1203.172698 305.621833 1320.889911
6510.693555 902.149853 509.030629 1064.941307 336.631629 1180.140808 296.595558 1296.757808
6601.449093 884.267469 495.603138 1045.442462 326.895513 1157.549810 287.835866 1273.066588
6693.469713 867.061659 482.521608 1025.973022 317.440986 1136.592805 279.334884 1249.808197
6786.773051 849.431120 469.801407 1006.279620 308.259905 1115.264235 271.084972 1226.974728
6881.376986 833.415871 457.408726 987.996067 299.344361 1093.303121 263.078713 1204.558416
6977.299650 818.171763 445.255559 970.175928 290.686673 1073.828555 255.308912 1183.165103
7074.559423 801.825159 433.363587 951.937109 282.279384 1056.066570 247.768586 1162.160229
7173.174944 785.529862 421.838705 934.083597 274.115253 1038.598383 240.450956 1141.528256
7273.165113 771.154353 410.650501 916.564927 266.187246 1018.915948 233.349447 1121.262566
7374.549090 757.041921 399.759036 899.374819 258.488534 1000.154145 226.457674 1101.356655
7477.346305 743.187753 389.156439 882.859400 251.012485 981.014978 219.769444 1081.804135
7581.576458 728.608497 378.835050 866.890740 243.752660 963.664523 213.278745 1062.598735
7687.259522 714.194384 368.787409 851.651152 236.702805 947.613213 206.979743 1043.734290
7794.415750 700.065426 359.006256 836.454341 229.856847 931.829263 200.866776 1025.204747
7903.065679 686.215983 349.484524 821.139817 223.208888 916.308219 194.934351 1007.004162
8013.230128 674.258093 340.215331 806.506683 216.753204 900.778081 189.177134 989.126694
8124.930211 660.479810 331.191981 792.113672 210.484231 883.595710 183.589952 971.566608
8238.187331 647.248788 322.407952 777.336354 204.396571 866.741094 178.167783 954.318267
8353.023195 633.951813 313.856897 763.600149 198.484979 850.248457 172.905753 937.376138
8469.459808 621.887541 305.532637 749.751669 192.744364 835.059087 167.799132 920.734785
8587.519485 609.855052 297.429157 736.567597 187.169779 820.380595 162.843330 904.388868
8707.224849 597.669982 289.540601 723.615362 181.756423 805.313776 158.033894 888.333142
8828.598841 585.906934 281.867680 709.822395 176.499633 791.478272 153.366501 872.562456
8951.664721 574.684191 274.385613 697.564490 171.394882 777.875151 148.836955 857.071748
9076.446073 564.525173 267.108229 684.647147 166.437770 764.201826 144.441185 841.856048
9202.966809 553.324249 260.023859 671.764864 161.624029 750.768849 140.175240 826.910475
9331.251175 542.348068 253.127384 659.124973 156.949512 737.571993 136.035287 812.230233
9461.323756 531.473187 246.722277 647.668576 152.410192 724.607109 132.017603 797.810610
9593.209478 521.222131 240.510364 635.976780 148.002159 711.870118 128.118578 783.646981
9726.933615 511.059503 234.182102 623.363867 143.721616 699.482508 124.334707 769.734801
9862.521795 500.761991 227.972549 611.963763 139.564875 688.031208 120.662590 756.069605
10000.000000 490.671968 221.927647 600.142435 135.528356 675.793444 117.098925 742.647009
