10.000000 878476153405.579224 68292750704.461861 6032412071879.364258 8169679498.949327 19313610051920.058594 1302403396.270003 29296965019347.703125
10.139395 899564370531.649048 71764102323.161301 6144422269906.974609 8493053048.904880 19585323870209.523438 1372821889.370136 29657184392821.878906
10.280732 924969041910.638672 75406862525.235687 6252161176143.879883 8829052884.620649 19859476572763.394531 1447042547.773923 30019646573309.625000
10.424040 958407290962.539917 79229129554.875580 6359272372250.827148 9178162918.357859 20136059709784.328125 1525270306.727997 30384322366616.460938
10.569346 989549551203.444336 83239357756.769806 6461838926199.980469 9540885138.942274 20415064138170.687500 1607721122.909392 30751181787582.734375
10.716676 1014925123943.311279 87446371309.604752 6574750254581.903320 9917740263.102911 20696480018625.039062 1694622565.463362 31120194066994.218750
10.866061 1040878030126.264893 91859378347.629211 6697732222133.164062 10309268409.088533 20980296813167.332031 1786214438.656507 31491327658999.265625
11.017528 1071284778691.997070 96487985470.206940 6814566453062.764648 10716029793.255703 21266503283059.980469 1882749437.784857 31864550249029.320312
11.171107 1107093318090.001953 101342212638.337494 6945181713316.423828 11138605450.362055 21555087487150.671875 1984493840.090588 32239828762218.007812
11.326826 1143997987802.718750 105812516707.479965 7053263584561.750000 11577597978.296711 21846036780638.457031 2091728232.612273 32617129372314.011719
11.484715 1176119924178.987549 109830605288.150360 7173268752350.571289 12033632308.019798 22139337814269.402344 2204748278.865754 32996417511083.003906
11.644806 1213026077885.925537 113079947783.563187 7338326161791.204102 12507356499.485645 22434976533965.644531 2323865526.431446 33377657878191.988281
11.807128 1253537484625.281494 117264786637.638596 7487032577990.908203 12999442564.362051 22732938180893.507812 2449408257.664650 33760814451570.253906
11.971713 1295030712596.354492 121765463743.494705 7620666238273.621094 13510587316.362806 23033207291974.281250 2581722385.771587 34145850498239.535156
12.138593 1328389656646.395996 126098453193.860107 7767688234417.300781 14041513250.049728 23335767700841.355469 2721172398.650042 34532728585606.550781
12.307798 1373372108698.430908 130578182023.785538 7911495136131.631836 14592969448.963749 23640602539247.652344 2868142353.097023 34921410593208.812500
12.479362 1420344373929.081543 135209293978.103653 8057660584821.363281 15165732523.989428 23947694238925.679688 3023036921.990232 35311857724906.867188
12.653318 1468533908597.407227 139996566302.441956 8206214087413.956055 15760607582.857615 24257024533902.644531 3186282497.231449 35704030521512.242188
12.829698 1517429057288.465332 144944913064.877625 8357185247673.769531 16378429231.727495 24568574463273.214844 3358328351.534401 36097888873843.437500
13.008537 1564926371541.286621 150059388542.348511 8510603757610.983398 17020062609.820032 24882324374430.675781 3539647862.001537 36493392036198.687500
13.189869 1610284972129.298096 155345190672.556091 8666499388610.998047 17686404458.073498 25198253926758.296875 3730739798.910346 36890498640235.507812
13.373729 1656735705291.670166 160807664572.082031 8824901982282.115234 18378384222.847839 25516342095780.996094 3932129683.058491 37289166709247.265625
13.560151 1713501555654.911377 166452306121.446320 8985841441019.419922 19096965195.702621 25836567177777.664062 4144371215.372089 37689353672823.804688
13.749172 1765022704475.704834 172284765617.827728 9149347718284.355469 19853034578.888535 26158906794854.031250 4368047782.534773 38091016381886.625000
13.940828 1818727015084.082520 178310851496.161469 9315450808598.068359 20735391370.596397 26483337900474.902344 4603774042.733778 38494111124084.515625
14.135156 1878494392880.356445 184536534119.324402 9484180737247.626953 21656503482.512737 26809836785455.121094 4852197595.662193 38898593639539.570312
14.332192 1923989837528.585449 190967949638.123901 9655567549704.480469 22618046765.897858 27138379084406.636719 5114000741.322813 39304419136928.671875
14.531975 1981572781024.062256 197012981322.737427 9809297088660.970703 23621768044.853970 27468939782640.855469 5389902332.266778 39711542309889.812500
14.734543 2042720617659.958740 203504572004.284302 9951508112603.791016 24669488038.526871 27801493223521.941406 5680659724.243826 40119917353737.304688
14.939935 2104665858681.635254 211839262319.192688 10130389453737.837891 25763104399.046295 28136013116270.214844 5987070830.386471 40529497982475.414062
15.148189 2182908553316.408447 219113473101.004669 10299718192858.857422 26904594869.497974 28472472544209.570312 6309976284.494060 40940237446093.367188
15.359347 2237915707972.863770 227568198796.322388 10441887033591.832031 28096020566.453682 28810843973457.410156 6650261719.072777 41352088548130.328125
15.573448 2301357113534.761230 237657262226.688049 10585460282487.974609 29339529391.650333 29190003306957.546875 7008860164.272566 41765003663494.445312
15.790533 2369301028891.823242 248547502410.632355 10730445774434.324219 30637359577.653702 29583470830019.007812 7386754573.962266 42178934756521.742188
16.010645 2426721865091.642578 260616812697.907623 10876851405291.898438 31991843372.433186 29980053547227.515625 7784980485.846660 42593833399260.867188
16.233824 2493674712198.709961 273776206852.599213 11024685130854.486328 33405410867.983887 30379731790355.085938 8204628822.437487 43009650789967.835938
16.460115 2556957074814.083496 287594178952.867065 11177305462553.750000 34880593978.289627 30782485000723.835938 8646848840.475492 43426337771796.468750
16.689560 2617070861146.178223 300189569967.485291 11324668979984.773438 36420030572.107559 31188291731559.019531 9112851236.556898 43843844851669.070312
16.922204 2678400229496.635742 314531920430.621948 11476835299968.320312 38026468766.210991 31597129650875.257812 9603911417.148323 44262122219312.242188
17.158090 2749704869606.749023 330473646809.147766 11630462102584.095703 39702771384.954506 32008975544895.800781 10121372941.672434 44681119766442.625000
17.397264 2831775605130.876953 347216130775.092712 11803449976899.736328 41451920592.172813 32423805322003.445312 10666651147.710098 45100787106086.945312
17.639773 2914130745031.183105 364721170951.366882 11969971982746.796875 43277022701.666451 32764570645408.726562 11241236967.971704 45521073592021.062500
17.885662 2992255104365.278320 377135259290.881348 12181365052617.041016 45181313172.694794 33048869423702.480469 11846700948.951010 45941928338313.234375
18.134978 3072524804005.690918 389945519656.510315 12461166403662.308594 47168161797.127357 33333234024622.750000 12484697482.045053 46363300238954.898438
18.387770 3149317884631.973633 403163542171.841797 12744982593190.185547 49241078085.099037 33617628697222.191406 13156969258.082726 46785137987564.960938
18.644085 3224151108137.124512 417999391766.897217 12977537786749.216797 51403716856.260803 33902017678536.355469 13865351957.064837 47207390097151.445312
18.903974 3299968209169.602539 435492274017.173706 13164100990847.503906 53659884043.914650 34186365208215.183594 14611779185.515270 47630004919915.703125
19.167485 3376782123360.711426 449532265594.141113 13352362476372.431641 56013542719.576584 34470635543129.609375 15398287674.202354 48052930667083.531250
19.434669 3454605956414.309570 463686242553.731506 13557217227993.632812 58468819345.714584 34826232248574.621094 16227022750.062399 48476115428748.859375
19.705578 3533452986342.839355 478250368683.236572 13781602449063.449219 61030010264.706070 35193670878098.570312 17100244096.534542 48899507193714.406250
19.980263 3613336665732.792969 494035682889.621155 14045532480034.675781 63701588432.252396 35562395692949.007812 18020331817.479813 49323053869315.000000
20.258777 3694270624039.920410 519204796414.531006 14327065297627.728516 66488210403.757881 35932369267308.773438 18989792820.414536 49746703301208.601562
20.541173 3776268669914.656250 544141551503.112915 14611083398985.955078 69394723582.480606 36303553831357.812500 20011267535.882820 50170403293121.257812
20.827506 3874905403130.161133 571846771419.415771 14897546898601.357422 72426173738.467926 36675911287896.015625 21087536990.444584 50594101626530.640625
21.117830 4006085694212.089355 600949998344.101929 15186416679180.857422 75587812807.603424 37049403229217.320312 22221530251.638706 51017746080275.445312
21.412202 4097021039873.211914 623562444184.559570 15477654507459.308594 78885106980.358658 37423990954224.812500 23416332264.495552 51441284450075.953125
21.710676 4185094756013.233398 643934224270.534424 15759215063663.085938 82323745090.147461 37799635485774.984375 24675192099.827736 51864664567952.734375
22.013311 4274745490791.562012 664924220964.217896 15968395094851.425781 85909647311.411865 38176297588240.007812 26001531635.864155 52287834321529.882812
22.320165 4387727287706.180664 686549423323.851562 16193893398948.828125 89648974177.970673 38553937785276.453125 27398954695.649746 52710741673210.164062
22.631296 4505363253574.112305 708827227213.271729 16488556102849.666016 93548135932.345245 38932516377789.406250 28871256664.097546 53133334679208.945312
22.946764 4625757696158.534180 731775443277.650879 16759589559436.195312 97613802217.203690 39311993462079.914062 30422434609.401875 53555561508435.195312
23.266629 4748962497291.137695 755412305034.846802 16980140296558.574219 101852912120.277908 39692328948164.796875 32056697935.213493 53977370461206.796875
23.590953 4875030091859.719727 779756477083.536377 17202335499197.470703 106272684584.531616 40073482578256.875000 33778479591.032028 54398709987788.351562
23.919798 5004013457066.967773 813277249947.099487 17518128008805.095703 110880629195.581497 40376770936987.492188 35592447869.706627 54819528706741.289062
24.253227 5135966100737.761719 848159197902.078735 17839817438985.218750 115684557358.811554 40668159614910.312500 37503518822.682320 55239775423073.468750
24.591304 5270942048636.540039 884442504289.904175 18165411104237.335938 120692593878.900116 40958854085263.414062 39516869324.787758 55659399146178.960938
24.934094 5408995830755.052734 922177967111.629639 18432992460923.628906 125913188954.827347 41343118827784.070312 41637950822.377350 56078349107556.914062
25.281661 5550182466530.253906 954194680863.248169 18657256968140.992188 131355130603.835785 41758032680569.039062 43872503799.993507 56496574778300.109375
25.634074 5658012932772.248047 984577111123.368652 18882948292647.156250 137027557528.110428 42173999607288.570312 46226573002.922729 56914025886342.734375
25.991399 5768627388336.189453 1015852619340.882690 19110056537770.863281 142939972438.373444 42590969867189.195312 48706523454.500351 57330652433459.273438
26.353705 5935538177997.616211 1048044807857.267334 19338571608939.175781 149102255848.907959 43008893298049.648438 51319057309.374413 57746404712005.070312
26.721062 6058154675619.361328 1081177818441.779663 19604899182519.601562 155511764496.738007 43427719335949.609375 54071231585.762512 58161233321389.953125
27.093539 6247496665782.559570 1115217578921.264648 19920393404418.277344 162087848602.771545 43847397035294.609375 56970476821.939041 58575089184277.539062
27.471208 6433173047305.613281 1147719660797.033203 20213291031704.269531 168817548221.184479 44267875089081.898438 60024616704.960541 58987923562502.421875
27.854142 6630925345870.384766 1186471503902.893066 20522565988369.671875 175704451768.010529 44689101849391.843750 63241888721.045128 59399688072697.484375
28.242413 6799208446543.282227 1223620363992.298096 20834498142182.515625 182752231483.692596 45084424941055.171875 66630965880.920570 59810334701625.460938
28.636097 6967183981658.745117 1262330364960.785645 21149085751354.851562 189964645391.198120 45472756600075.304688 70200979574.715256 60219815821207.609375
29.035269 7145960180196.927734 1318988262577.371582 21466327258068.042969 197345539299.875977 45861295326144.179688 73961543614.942993 60628084203244.250000
29.440005 7307940188312.550781 1375257137456.089111 21786221284974.546875 204898848856.121521 46250000777328.281250 77922779528.265396 61035093033820.796875
29.850382 7462904236256.631836 1413249596611.313721 22108766630018.015625 212628601641.944489 46638832771822.992188 82095343160.132477 61440795927394.921875
30.266481 7641119761553.088867 1446617077373.850098 22433962259617.812500 220538919322.561218 47027751307455.093750 86490452659.801819 61845146940559.742188
30.688379 7812401220831.125000 1495287384576.877930 22761807300272.562500 228634019844.151062 47416716581148.335938 91119917916.037582 62248100585478.664062
31.116158 7986865174636.032227 1544783384836.983398 23140743024543.089844 236918219682.954254 47805689008343.851562 95996171518.151657 62649611842988.367188
31.549901 8164552719252.985352 1594591666887.044922 23469075532159.562500 245395936146.905457 48194629242367.359375 101132301319.962296 63049636175365.992188
31.989689 8358839453357.930664 1646308733791.656250 23798539343482.929688 254071689731.036621 48583498193735.289062 106542084688.857758 63448129538757.671875
32.435608 8550454842713.222656 1721682876463.240723 24129137911709.441406 262950106527.896179 48972257049392.117188 112240024525.898956 63845048395265.828125
32.887743 8721451988614.649414 1810222212539.748779 24460876529125.769531 272035920694.280823 49360867291872.460938 118241387147.032089 64240349724692.648438
33.346180 8938679897024.451172 1897612997361.871338 24793762214839.406250 281333976975.585449 49749290718379.726562 124562242120.700592 64800685778861.460938
33.811008 9104438014511.376953 1972294028922.025146 25130861115296.230469 290849233289.121155 50137489459775.859375 131219504160.863037 65366759141279.210938
34.282315 9300675847255.142578 2065372816973.523438 25463010802989.980469 300586763367.781372 50525425999475.210938 138230977180.631073 65933303594892.234375
34.760192 9510209930024.121094 2149765709437.655273 25788277783327.917969 310551759465.461853 50913063192236.734375 145615400615.630859 66500261652010.554688
35.244730 9743954502447.701172 2246020540237.299316 26092673098614.242188 320749535125.679138 51300364282848.656250 153392498132.737396 67067575866793.835938
35.736022 9933614075732.541016 2343709371217.209961 26432259748873.082031 331185528014.860596 51687292924700.304688 161583028845.045074 67635188854566.859375
36.234163 10157943609683.464844 2415604306754.257812 26676685747261.281250 341865302821.822693 52073813198235.765625 170208841160.110962 68203043310958.851562
36.739248 10374785097166.923828 2518956578521.133301 27053317066227.960938 352794554224.980469 52459889629285.054688 179292929394.649323 68771082030855.929688
37.251373 10586329359335.896484 2598018716846.039551 27402038819879.523438 363979109928.866455 52845487207267.500000 188859493295.591949 69339247927157.164062
37.770637 10786498406913.787109 2653417358586.026367 27672286088338.343750 375424933771.584839 53230571403263.859375 198934000614.429047 69907484049324.750000
38.297139 10990699688857.351562 2702983462764.680176 28010113321343.117188 387138128904.854065 53615108187952.671875 209543252888.997955 70475733601719.296875
38.830980 11184281805443.687500 2785419962338.458008 28351410219616.656250 399124941048.335327 53999064049407.726562 220715454594.109344 71043939961711.484375
39.372263 11381185667466.144531 2840930945366.651367 28585268395689.382812 411391761819.980530 54382406010752.765625 232480285831.040253 71612046697561.781250
39.921091 11658700358940.947266 2908550342059.882812 28968638916415.945312 423945132144.173950 54765101647670.625000 244868978733.606628 72179997586060.281250
40.477570 11914069278176.332031 2962798211719.625000 29321663301041.109375 436791745739.490601 55147119105763.976562 257914397778.076691 72747736629919.265625
41.041805 12160084173579.289062 3018021952516.703125 29572243922785.953125 452255908501.743286 55528427117765.078125 271651124192.184418 73315208074911.406250
41.613906 12428426229408.980469 3097806037265.360840 29775682074167.628906 469747007500.058716 55908995020592.265625 286115544669.636108 73882356426746.734375
42.193981 12676951590922.621094 3208193472107.467773 30151577667232.000000 487880747155.240540 56248386983863.070312 301345944605.153931 74449126467681.796875
42.782142 12928266048516.111328 3271835979819.392090 30508495872100.980469 506679249660.190308 56530033156448.906250 317382606076.462036 75015463272855.953125
43.378502 13131486922318.195312 3369103240985.917969 30736220195555.421875 526165337716.188721 56809811592598.648438 334267910810.659851 75581312226348.531250
43.983175 13334116932456.847656 3431273211061.656250 30963765062840.410156 546362554437.975586 57214307083895.500000 352046448383.262878 76146619036951.343750
44.596276 13548459854370.951172 3494551229381.933594 31191114242280.871094 564765146278.618042 57628445847733.726562 370765129911.612488 76711329753653.328125
45.217924 13745211658422.941406 3558957044563.494141 31418251918918.980469 582088629165.361084 58042323783436.078125 390473307515.579407 77275390780830.984375
45.848238 14016910467849.806641 3624510757200.413086 31645162707595.292969 599940854053.040405 58455910190852.070312 411222899832.711914 77838748893142.734375
46.487337 14251082555896.054688 3691232826137.354492 31992964197193.273438 618337840282.373291 58869174600404.343750 433068523888.884460 78401351250121.578125
47.135345 14448562476132.238281 3759144074854.621094 32459420387647.835938 637296087179.871826 59282086778565.851562 454089676408.610596 78963145410464.593750
47.792386 14647715531618.542969 3828265697967.012695 32893064416705.074219 656832588201.416748 59667687518345.328125 470505008466.661438 79524079346015.109375
48.458586 15029343188068.726562 3920869978775.219727 33093949472349.406250 676964845479.226807 60038279853216.515625 487481769919.085754 80084101455436.437500
49.134073 15274539871364.683594 4069319869416.446777 33343276757602.582031 697710884783.819092 60407817240459.796875 505037776316.075806 80643160577573.843750
49.818975 15510889009150.738281 4203580537009.566406 33759018158077.132812 719089270915.722168 60776278350965.320312 523191351882.673584 81201206004503.937500
50.513425 15774045550056.232422 4280141203968.133789 34061372957782.242188 741119123537.841919 61143642681718.125000 541961341881.282410 81758187494269.687500
51.217554 16028399021584.568359 4358068837328.402344 34310302091533.566406 763820133457.410278 61509890570414.523438 561367125197.959961 82314055283300.390625
51.931499 16420829489797.660156 4437387843841.484375 34692654972128.937500 787212579376.755737 61858203491362.460938 581428627153.925781 82868760098515.781250
52.655396 16753635592290.318359 4538401139296.377930 35132595547066.972656 817031104617.868530 62175737800132.929688 602166332543.623291 83422253169114.171875
53.389384 17098882839868.980469 4664673670406.040039 35575216518140.601562 842854963693.298096 62491959363583.781250 623601298900.580078 83974486238044.234375
54.133603 17373233825443.757812 4794116319971.818359 35946641005466.898438 874461799106.078003 62806870885317.585938 645755169992.175293 84525411573161.640625
54.888196 17650916053748.250000 4926799054523.675781 36275451328598.562500 907187001975.036011 63120476380691.335938 668650189544.352173 85074981978070.234375
55.653308 17931953642224.734375 5062793157789.813477 36605405785175.125000 941067395215.524048 63432781189820.968750 692309215197.156250 85623150802649.828125
56.429085 18216370713210.988281 5202171251324.666016 37044919489288.835938 970992556270.834106 63733270836587.585938 716755732691.877563 86169871953271.125000
57.215676 18504191392497.789062 5345007315403.261719 37395361168498.875000 1001487433245.173950 64053516808822.226562 742013870290.418945 86715099902699.640625
58.013231 18809779249793.796875 5482923195811.182617 37799991258099.265625 1039166116719.820312 64361965034089.187500 768108413427.400146 87258789699691.125000
58.821904 19266294000775.371094 5601462402613.959961 38206415988787.671875 1078182632243.133789 64669147426997.617188 795064819595.333374 87800896978279.515625
59.641849 19590233336656.570312 5721953781431.318359 38614641084194.140625 1127501305952.590820 65095161467386.007812 822906822482.562500 88341377966761.296875
60.473224 19896578537481.265625 5844429481757.727539 38844176968150.992188 1160407395644.365967 65528732285078.562500 851487761624.183594 88880189496377.734375
61.316188 20190950173487.156250 5991914303114.433594 39107736492840.937500 1213909110382.848633 65961370367643.851562 880718949446.276611 89417289009699.171875
62.170903 20519399816622.132812 6182128553642.797852 39556206045302.226562 1257401295451.733643 66393041863474.585938 910615179841.526855 89952634568713.687500
63.037532 20988308759310.527344 6373666468782.927734 39950947835101.281250 1294928157277.327881 66823713453051.710938 941191583280.403564 90486184862624.359375
63.916241 21348866558708.332031 6498174067318.923828 40398870537335.812500 1342948509965.574463 67205452407929.382812 972463634468.685303 91017899215358.375000
64.807198 21669054160563.425781 6642472105164.780273 40876282884961.546875 1392645672827.420654 67550594522929.671875 1004405683882.871704 91547737592792.281250
65.710575 22072493418471.335938 6800795661474.593750 41283860221244.078125 1443959404105.268066 67894425698421.015625 1035377295173.987793 92075660609697.734375
66.626545 22402275717569.859375 6981666150823.228516 41819016298698.875000 1480240799189.985840 68236944799237.296875 1067059918907.904907 92601629536411.515625
67.555283 22728336107278.253906 7165292461025.144531 42285429970500.398438 1517336941522.242920 68553717877846.890625 1099469877732.127319 93125606305234.984375
68.496967 23012695274927.300781 7351716580956.507812 42584558695673.820312 1555266127341.087891 68825929390130.320312 1132623869011.687988 93647553516567.906250
69.451778 23258955657842.304688 7540981139254.078125 42979181535550.273438 1594047063752.079102 69097076876097.335938 1166538973431.492188 94167434444781.093750
70.419898 23692247487126.000000 7733129414062.972656 43430500661284.117188 1633698877953.853516 69367196165977.859375 1201232663796.170166 94685213043833.375000
71.401513 24164246128232.187500 7928205342932.791016 43942742665721.929688 1674241126671.872070 69636324569458.218750 1236722814031.925049 95200853952638.203125
72.396811 24660269307045.972656 8126253532864.601562 44339635150675.507812 1715693805804.018066 69904500874873.757812 1273027708395.044922 95714322500185.640625
73.405984 24975854632372.335938 8327319270510.996094 44609118218897.929688 1758077360282.804199 70171765347540.515625 1310166050891.813721 96225584710424.687500
74.429223 25232406092264.128906 8531448532531.562500 44872816949175.640625 1801412694159.045410 70438159727191.265625 1348156974914.676270 96734607306912.562500
75.466726 25485508956149.867188 8738687996106.121094 45136322837544.320312 1845721180911.974854 70703727224480.453125 1387020053099.615723 97241357717236.390625
76.518692 25893649694861.371094 8949085049608.148438 45603679020543.156250 1893202187256.428223 70968512516521.796875 1426775307409.821777 97745804077213.546875
77.585321 26397192877177.273438 9162687803440.833984 45846337017812.515625 1949006644288.526611 71232561741420.140625 1467443219450.861328 98247915234876.687500
78.666818 26972967601174.730469 9379545101038.238281 46381635751976.218750 1995915877068.352295 71495922491758.640625 1509044741022.644287 98747660754249.906250
79.763391 27385096063908.378906 9599706530034.087891 46812124373510.960938 2043881511272.522217 71758643807001.593750 1551601304913.633301 99245010918922.625000
80.875249 27754316904166.835938 9892190961046.083984 47214808509775.257812 2092927337185.020020 72020776164770.968750 1595134835942.846924 99739936735427.062500
82.002606 28175613105418.175781 10097601754711.035156 47830015092657.820312 2143077680849.813721 72282371470955.328125 1639667762255.366699 100232409936426.671875
83.145678 28581459275264.910156 10297393877244.173828 48192598381780.718750 2195324180008.323242 72543483048607.218750 1685223026877.149414 100722402983721.796875
84.304684 29056033547697.308594 10542865397268.277344 48486278179601.187500 2273154699973.842773 72804165625585.593750 1731824099535.095703 101209889071079.328125
85.479845 29476340670458.078125 10770433313097.851562 48855471422353.640625 2353568163431.975098 73064475320898.125000 1779494988748.473145 101694842126893.187500
86.671388 30013073333733.441406 11004279780775.158203 49408100431671.109375 2436643784396.547363 73373020434462.859375 1828260254197.927734 102177236816682.781250
87.879540 30412768714673.113281 11300290448257.169922 49824092758823.210938 2520208408739.752441 73974679784760.500000 1878145019378.445312 102657048545435.859375
89.104533 30792157025850.730469 11616658829842.287109 50264441498250.765625 2603647303381.850586 74591382232855.734375 1929174984542.783203 103134253459803.609375
90.346602 31154374621068.644531 11937517436495.214844 50735283915702.429688 2694928386618.836426 75208485075189.750000 1981376439942.050781 103608828450154.046875
91.605985 31484123012191.578125 12258931426591.099609 51105972656803.531250 2789201414653.035156 75767207915488.640625 2034776279370.236816 104080751152491.203125
92.882923 31908115322715.824219 12577603808810.021484 51526402871874.328125 2877205020445.629395 76080896623022.828125 2089402014019.695312 104549999950248.046875
94.177660 32430090310075.906250 12919466057198.824219 51873070079560.312500 2949490088668.482422 76393626048296.500000 2145281786654.707520 105016553975958.406250
95.490446 32910638651394.015625 13258000038805.416016 52507505625939.851562 3023356452410.442383 76705426423682.875000 2202444386110.415039 105480393112817.078125
96.821531 33165449514675.945312 13574928585052.914062 53141501249778.250000 3098838703815.917480 76926677889559.203125 2260919262124.605957 105941497996133.859375
98.171170 33529390635314.140625 13893423678693.529297 53738862412285.210938 3175972191761.021484 77137812952545.359375 2320736540510.000977 106399850014689.140625
99.539623 33924570580272.230469 14236865521687.990234 54053973591742.796875 3254793038407.709473 77346300128728.171875 2381927038674.846680 106855431311998.687500
100.927151 34374313022530.285156 14587570991426.921875 54446099393639.562500 3335338156120.043945 77552151864258.171875 2444522281499.812012 107308224787493.984375
102.334021 34937819997618.257812 14911845102775.871094 54823849003852.859375 3417645264750.488281 77755381553185.718750 2508554517579.348145 107758214097625.875000
103.760502 35534115145930.695312 15250817765421.203125 55111018509171.742188 3501752909304.431641 77997630668862.203125 2574056735835.945312 108205383656898.343750
105.206867 36022785130038.187500 15547864324855.839844 55365452274884.828125 3587700477991.053711 78342912988881.109375 2641062682515.765137 108649718638839.890625
106.673394 36579965767801.609375 15855394041623.845703 55908513003278.562500 3675528220669.115234 78686525242122.000000 2707553481504.575684 109091204976919.140625
108.160363 36863420835947.468750 16134124232618.453125 56448451623921.671875 3765277267696.251953 79028463044503.875000 2773744556789.337891 109529829365412.156250
109.668060 37268971047916.500000 16434088787367.292969 56934690166453.148438 3856989649190.624023 79230320588527.171875 2841481837350.812012 109965579260228.406250
111.196773 37794234985590.726562 16738704054309.140625 57540654231387.960938 3950708314713.888672 79384625476233.500000 2910801442118.124512 110398442879702.234375
112.746796 38325400407260.421875 17072973863262.238281 57942189833022.617188 4046477153384.835938 79538672261852.203125 2981740333748.652832 110828409205356.890625
114.318425 38862533617712.203125 17426537449157.187500 58284279172869.601562 4144341014432.917969 79879125057418.312500 3054336338337.243652 111255467982647.875000
115.911962 39275742216848.679688 17730064253815.660156 58649006657909.085938 4244345728201.516602 80218398424093.218750 3128628165585.910156 111679609721692.953125
117.527712 39594535024155.648438 18033070716307.722656 59009184879714.054688 4346538127610.584961 80586092675001.078125 3204655429444.629883 112100825697994.796875
119.165984 40162735413825.421875 18340818542762.226562 59380335605271.226562 4450966070088.848633 81228999967891.093750 3282458669234.336426 112519107953163.375000
120.827094 40658085327133.257812 18668177759555.160156 59834087853816.648438 4557678459985.785156 81703396328738.218750 3362079371263.328125 112934449295645.109375
122.511358 41164449047349.289062 18970836214861.839844 60290437210006.304688 4666725271473.875977 82030185860794.703125 3443559990948.636230 113346843301464.765625
124.219100 41683571982531.539062 19293257944649.937500 60747097177011.921875 4778157571951.842773 82355365840775.609375 3526943975454.114258 113756284314986.515625
125.950646 42089892581683.507812 19620724843302.582031 61204819650425.375000 4892027545959.922852 82747697638180.343750 3612275786857.410645 114162767449701.421875
127.706330 42554139129264.757812 19953315856270.820312 61663596616159.937500 5008388519618.233398 83105718539807.515625 3699600925858.052734 114566288589046.343750
129.486487 42986771172249.898438 20351531745365.167969 62050458031821.335938 5127294985599.753906 83407298209652.859375 3788965956039.350586 114966844387261.468750
131.291459 43504565453813.031250 20702222145589.066406 62431913824104.812500 5248802628649.673828 83708990826966.093750 3880418528697.104980 115364432270292.343750
133.121590 44031517300591.296875 21058345593484.820312 62855921442698.210938 5372968351662.930664 84010855825750.390625 3974007408248.249023 115759050436741.906250
134.977233 44535438784593.929688 21419986260181.691406 63312416588190.406250 5499850302332.251953 84312953671868.375000 4069782498233.058105 116150697858878.921875
136.858742 44946467244746.382812 21787229620824.542969 63764833761064.257812 5629507900379.119141 84712428795180.437500 4167794867924.753906 116539374283708.156250
138.766479 45391740954389.890625 22197505508492.050781 64244477414550.687500 5762001865380.469727 84933373456027.953125 4268096779560.709961 116925080234108.312500
140.700809 45828404143342.117188 22657850046536.925781 64663336340982.648438 5897394245204.071289 85221263848466.640625 4370741716209.745117 117307817010042.625000
142.662102 46407257731660.742188 23104946921281.421875 65128078154676.843750 6035748445066.027344 85524917392850.093750 4475784410290.451172 117687586689848.000000
144.650734 46921141835349.984375 23512988545672.054688 65504361930349.109375 6177129257223.843750 85829120580004.015625 4583280872755.608398 118064392131607.281250
146.667087 47359042039472.742188 23772929416545.617188 65857842586666.992188 6321602891319.147461 86127850192001.921875 4693288422958.438477 118438236974610.218750
148.711546 47923858887083.335938 24173351159571.054688 66339436277930.046875 6469237005384.106445 86431764921826.890625 4805865719216.444336 118809125640907.343750
150.784505 48356109395693.656250 24580208817957.527344 66832840155986.703125 6620100737526.178711 86734124869600.531250 4921072790089.273438 119177063336962.328125
152.886359 48836265499289.375000 24993605835154.980469 67413465707071.125000 6774264738305.973633 86912757338017.843750 5038971066387.168945 119542056055405.875000
155.017512 49317636825152.203125 25413647317243.613281 67816563639422.632812 6931801203823.428711 87334240867432.015625 5159623413927.186523 119904110576896.875000
157.178372 49777023037517.140625 25840440059656.933594 68306760429025.640625 7092783909527.717773 87632029241753.000000 5283094167054.517578 120263234472093.984375
159.369353 50184096719572.039062 26274092574334.703125 68910453767155.351562 7257288244766.885742 87928327492783.734375 5409449162946.958984 120619436103741.859375
161.590875 50541444066118.937500 26748163289893.714844 69283520112033.726562 7425391248093.129883 88202243039838.984375 5538755776720.600586 120972724628875.437500
163.843365 50910733882922.242188 27290485257651.585938 69769962723901.507812 7597171643340.600586 88602823115553.265625 5671082957355.708008 121323110001145.875000
166.127252 51312131544761.843750 27840586432978.058594 70255034444851.890625 7772709876492.256836 88950294804404.062500 5806501264461.706055 121670602973271.171875
168.442976 51794462542300.125000 28344732670269.992188 70738676342012.718750 7952088153353.334961 89572580741204.593750 5945082905901.062500 122015215099614.359375
170.790980 52204167081654.765625 28819825027214.285156 71334892212852.796875 8135390478048.891602 89937672828460.515625 6086901776291.997070 122356958738892.015625
173.171713 52654843113891.453125 29302278707638.925781 71711462173045.875000 8322702692363.541992 90570609486262.812500 6232033496410.658203 122695847057015.234375
175.585633 53182303314730.101562 29792207771647.406250 72450263707446.218750 8514112515941.798828 91209898285210.156250 6380555453513.689453 123031894030065.265625
178.033202 53570867827954.148438 30289728046648.578125 72967296874621.062500 8709709587367.736328 91850463284968.390625 6532546842602.688477 123365114447405.421875
180.514888 54081049090760.195312 30794957154740.417969 73449481428507.609375 8909585506143.492188 92563124705722.062500 6688088708652.716797 123695523914931.000000
183.031168 54645836408154.546875 31308014540517.589844 73891559318025.109375 9113833875585.845703 93319223203480.203125 6847263989827.062500 124023138858457.750000
185.582523 55251392478977.242188 31829672298437.914062 74416285536348.812500 9322550346661.410156 93779685460404.421875 7010157561701.687500 124347976527249.937500
188.169442 55832550346785.023438 32383151876859.480469 74900886977152.140625 9535832662780.621094 94372395304725.984375 7176856282522.610352 124670054997688.625000
190.792422 56272364210279.109375 32953665121853.804688 75386276040581.500000 9753780705571.673828 94925719998994.703125 7347449039520.532227 124989393177079.406250
193.451965 56818177710311.101562 33532868070081.144531 76008955187311.421875 9976496541655.814453 95476349974417.140625 7522026796307.375977 125306010807599.875000
196.148581 57361019822120.625000 34120893077701.429688 76621077458925.468750 10204084470445.857422 96024231065749.640625 7700682641379.969727 125619928470385.593750
198.882786 57898107486821.265625 34708322616267.167969 77216197033450.328125 10436651072990.312500 96569310113226.640625 7883511837756.745117 125931167589753.281250
201.655104 58583392094643.257812 35280749765656.484375 77927565254442.890625 10674305261886.128906 97111534978779.484375 8070611873774.038086 126239750437559.671875
204.466067 59209251613131.546875 35862082468503.492188 78544535385649.734375 10917158332283.134766 97462109914022.890625 8262082515068.799805 126545700137693.312500
207.316213 59800371379593.789062 36449978403101.507812 78985041612330.390625 11165324014004.453125 97743508478796.453125 8458025857775.809570 126849040670697.375000
210.206088 60169921021641.781250 37037256280710.000000 79569318524499.343750 11418918524806.921875 98030146558719.187500 8658546382967.399414 127149796878519.171875
213.136247 60670554750021.742188 37504384619740.500000 80151019749651.187500 11678060624806.722656 98322121711214.781250 8863751012364.960938 127447994469383.593750
216.107251 61323250381462.250000 38121401299360.031250 80678816817563.125000 11942871672095.574219 98619533310182.375000 9073749165351.828125 127743660022784.984375
219.119669 61907576285154.507812 38747978350358.023438 81074174220608.875000 12213475679573.603516 98922482579818.562500 9288652817317.974609 128036820994593.796875
222.174078 62360653304807.218750 39384263906008.570312 81741595839741.046875 12489999373025.494141 99408901730967.218750 9508576559367.640625 128327505722270.937500
225.271064 62897315756159.062500 40030408394838.179688 82190187340882.656250 12772572250466.968750 99932234458034.296875 9733637659421.632812 128615743430184.875000
228.411221 63448491116597.101562 40686564576189.921875 82636887801454.015625 13061326642789.810547 100230554891895.843750 9963956124747.132812 128901564235023.609375
231.595149 64041613194379.054688 41417219589657.875000 83081673153974.937500 13356397775733.171875 100637275720536.203125 10199654765947.943359 129184999151294.359375
234.823460 64501633188061.515625 42148120091290.367188 83593634728431.250000 13657923833210.900391 101257782261926.812500 10440859262449.783203 129466080096902.781250
238.096772 65102814740447.054688 42676020535802.328125 84109245300237.453125 13966046022023.980469 101607105855447.062500 10687698229515.091797 129744839898801.953125
241.415712 65788619688036.351562 43242345230548.820312 84660008636971.234375 14280908637988.685547 101962975131927.296875 10940303286823.394531 130021312298701.984375
244.780916 66483698354393.867188 43836404253623.859375 85211578519633.031250 14602659133511.359375 102325512745451.640625 11198809128653.671875 130295531958828.890625
248.193029 67292737090501.328125 45017484248044.960938 85651056576148.046875 14931448186641.431641 103189472773902.859375 11463353595706.136719 130567534467721.859375
251.652705 67925944997820.875000 45750296505153.601562 86125223773211.921875 15267429771634.931641 103581579942401.515625 11734077748601.730469 130837356346055.890625
255.160607 68554310990010.375000 46494509512099.429688 86859139638257.828125 15610761231061.914062 103955813188393.468750 12011125943098.693359 131105035052476.859375
258.717408 69169164591762.445312 47068902872665.773438 87425911762930.765625 15960596798618.433594 104626568860195.562500 12294645907065.927734 131370608989434.531250
262.323788 69639478991700.812500 47661596709433.710938 87981498990056.250000 16314953219477.707031 104972057774692.234375 12584788819254.673828 131634117508998.312500
265.980440 70127032790874.125000 48221898137504.046875 88562323656150.000000 16677098003321.550781 105593435362706.031250 12881709389910.138672 131895600918640.375000
269.688063 70816281541067.765625 48826166913878.421875 89112735213727.750000 17047202329771.416016 106443277759064.359375 13185565943266.218750 132155100486966.875000
273.447368 71469599036374.281250 49406610309290.281250 89783112763944.515625 17425441140787.876953 107285504856963.765625 13496520501967.275391 132412658449381.515625
277.259076 72126967194511.640625 50237293209445.390625 90397023258627.546875 17811993223362.691406 108120224736294.000000 13814738873461.988281 132668318013659.906250
281.123917 72766889811247.328125 51081456039864.671875 91057472226107.000000 18207041294028.382812 108947556741740.515625 14140390738415.371094 132922123365415.937500
285.042632 73486956005747.515625 52189816275410.687500 91723144817194.359375 18610772085225.082031 109609618854172.765625 14473649741185.937500 133174119673436.843750
289.015972 74280915948791.734375 52775296283741.140625 92442259634236.375000 19023376433565.953125 110063002581621.859375 14814693582416.648438 133424353094865.625000
293.044698 75046335547648.906250 53307010739544.414062 93171929677309.546875 19445049370042.152344 110838964944997.750000 15163704113788.417969 133672870780206.093750
297.129582 75915314960364.359375 53730845424995.898438 93792104562424.250000 19875990212210.835938 111648148814555.390625 15520867434987.390625 133921273894006.328125
301.271407 76594114581798.812500 54460176253928.382812 94379508954127.140625 20316402658409.007812 112459106685736.546875 15886373992937.054688 134175009946140.609375
305.470967 77221695863435.812500 55350040469166.078125 94852272232777.156250 20766494884038.292969 113271819341370.750000 16260418683348.556641 134434665051082.625000
309.729067 77905305649373.437500 56232320423793.085938 95413819013884.343750 21226479639965.839844 114086267749894.234375 16643200954643.126953 134700377286121.156250
314.046522 78571403579624.296875 56601338974937.898438 96225867734780.718750 21696574353088.070312 114534692834769.375000 17034924914302.199219 134972287949556.562500
318.424160 79241036809164.031250 57511817214188.265625 96756522014925.062500 22177001229104.472656 114964827183268.578125 17435799437701.603516 135250541635839.234375
322.862820 80011442147509.546875 58261505861075.093750 97318407582684.531250 22667987357550.671875 115717542529236.390625 17846038279488.539062 135535286312460.890625
327.363353 80745485222463.875000 58811640668059.515625 97683896058756.093750 23169764819139.472656 116472619400986.093750 18265860187559.710938 135832960431770.203125
331.926620 81342639836268.093750 59657248244677.109375 98393780531951.968750 23682570795461.718750 117230038033576.843750 18695489019702.503906 136730728666904.859375
336.553498 81914956674735.359375 60447588407887.500000 99007065118818.859375 24206647681097.730469 117989777707167.203125 19135153862960.488281 137624169168783.796875
341.244871 82350537698853.562500 61384293932750.023438 99684277290030.671875 24742243198193.160156 118790113317192.843750 19585089155787.433594 138513427361354.468750
346.001639 82977944892761.109375 62313142247388.625000 100260199844284.625000 25289610513552.996094 119706806782305.656250 20045534813054.792969 139398650993786.968750
350.824714 83664473429373.281250 63301907974902.320312 100861178993169.156250 25849008358309.125000 120623901266950.046875 20516736353979.281250 140279989636269.875000
355.715021 84289674909246.359375 64203090382303.664062 101926321715689.281250 26420701150218.175781 121541399399838.171875 20998945033038.886719 141157594188662.406250
360.673495 85067971899726.453125 65057029449812.468750 102652925739829.890625 27004959118647.074219 122459305621762.640625 21492417973946.875000 142031616403590.218750
365.701088 85784594861636.812500 65936856154490.320312 103199581486472.218750 27602058432306.109375 123269658536372.406250 21997418306755.710938 142902208425456.000000
370.798763 86508727603791.406250 66627467714097.382812 103947071412149.671875 28212281329788.808594 123847797027647.937500 22514215308163.230469 143769522346711.281250
375.967497 87271167662071.093750 67366319394673.375000 105208675045544.781250 28835916252981.585938 124369246865883.593750 23043084545096.832031 144633709782612.593750
381.208280 88231519173082.375000 67809007137176.632812 105970047683985.062500 29473257983405.066406 125100396821386.343750 23584308021651.347656 145494921465553.750000
386.522116 88910749585067.937500 68630698337651.921875 106759776894837.796875 30124607781552.343750 125980214119294.203125 24138174329459.570312 146353306859937.500000
391.910025 89681217178366.843750 69470212878689.078125 107455484142316.843750 30790273529289.562500 126659065858927.671875 24704978801575.265625 147209013798415.437500
397.373038 90793068560447.203125 69993669114504.703125 108069353773985.203125 31470569875386.550781 127338422970630.828125 25285023669951.003906 148062188140194.562500
402.912203 91723355352312.000000 70529173944933.656250 108810882854493.109375 32165818384245.585938 128088048862363.656250 25878618226594.339844 148912973451974.093750
408.528580 92844157429692.437500 71077004697137.718750 109783588380602.625000 32876347687899.781250 128856223157479.250000 26486078988489.078125 149761510711948.093750
414.223247 93808829528482.171875 71637445081625.031250 110795029730942.750000 33602493641351.363281 129417261955161.875000 27107729866368.332031 150607938037175.718750
419.997295 94521178755555.093750 72696826906575.187500 111904539836111.078125 34344599481324.953125 130082703138844.734375 27743902337430.808594 151452390434498.968750
425.851829 95567526767344.546875 73751261800229.500000 112695781313946.281250 35103015988509.468750 130751183442066.593750 28394935622091.203125 152294999575059.437500
431.787973 96351411987206.093750 74967169842121.250000 113843345162885.937500 35878101653366.140625 131824338358887.750000 29061176864859.578125 153135893592348.125000
437.806863 97375011534631.734375 76288495151603.171875 115177828822375.781250 36670222845580.843750 132551707222151.734375 29742981319446.105469 153988008635116.281250
443.909653 98272520445488.718750 77095621522870.812500 116191204837410.468750 37479753987240.812500 133395192398869.015625 30440712538189.746094 154942322058015.062500
450.097513 99138131529070.796875 77800386244777.171875 117116146186074.781250 38307077729817.265625 134322880643245.312500 31154742565911.789062 155897991719638.093750
456.371628 100210540894596.171875 79082136181748.265625 118439989629638.796875 39152585135038.554688 135239390968025.234375 31885452138298.125000 156855001808491.250000
462.733201 101380495703369.734375 79866995011847.343750 119584479072760.687500 40016675859738.218750 136183615118085.640625 32630539380260.039062 157813336660810.187500
469.183451 102366420090104.875000 80475775942642.078125 120903747088601.734375 40899758344765.562500 137628944437124.500000 33388446129628.714844 158772980760141.781250
475.723614 103345106826434.609375 81406930371421.500000 122170164628933.750000 41802250008049.187500 138920018546846.734375 34163899862519.531250 159733918736898.656250
482.354943 104452358731670.234375 82246365899599.656250 123534424951903.828125 42724577441902.906250 139604292314519.593750 34957306824992.414062 160696135367886.062500
489.078709 105294054950266.781250 82960089538100.562500 124975367868503.703125 43667176614668.710938 140289057247329.281250 35769082668476.640625 161659615575803.156250
495.896201 106652726629139.921875 84385234285890.125000 126087845440756.218750 44485195992334.632812 141968292938306.750000 36599652667523.093750 162624344428719.000000
502.808725 107804449788407.062500 85562216047886.343750 127239592260863.906250 45285437684265.812500 143138181052145.968750 37449451942597.812500 163590307139524.843750
509.817606 108756041375536.078125 86432327727679.093750 128477153208936.500000 46104582000462.835938 144415220885327.125000 38318925688033.476562 164557489065361.906250
516.924187 110010957889719.187500 87368616380358.656250 130005703253829.203125 46943075442536.203125 145281963561435.187500 39208529405258.992188 165525875707028.625000
524.129830 111210950972923.750000 88754257177636.781250 131516470774289.625000 47801375058975.046875 146149832724252.000000 40118729141427.937500 166495452708364.281250
531.435916 112356192195517.625000 89684099689645.265625 132985579445877.281250 48679948694276.789062 147018815038790.875000 41050001733572.507812 167466205855613.375000
538.843844 113495870073121.078125 90522100402109.218750 134251335127166.703125 49579275243961.140625 148689746857460.718750 42002835058409.570312 168438121076769.000000
546.355035 114518969481066.234375 91507425872262.781250 135592668645759.093750 50499844915607.828125 150416694042476.000000 42977728287930.398438 169411184440897.625000
553.970928 115565162939024.296875 92452490102696.609375 136566241630198.109375 51442159496060.421875 152411584813426.625000 43975192150907.781250 170385382157445.250000
561.692982 116536504330867.093750 93910707027373.750000 137658814681627.187500 52406732624941.859375 154305202822447.218750 44995749200457.562500 171360700575525.937500
569.522678 117715984712890.437500 95100697954408.640625 138896423666530.125000 53394090074630.429688 155249912126369.781250 46039934087794.390625 172337126183192.968750
577.461515 118951064279992.390625 96132587367681.125000 140402651154021.968750 54404770036849.609375 156510345382245.468750 47108293842326.195312 173314645606694.937500
585.511016 120085912797941.812500 97196924737589.812500 141370115928455.968750 55439323416027.203125 157401078097409.062500 48201388158232.671875 174293245609715.312500
593.672722 121133768995729.687500 98659848444949.906250 143192939661847.312500 56551105055910.601562 159167677359383.093750 49319789687678.648438 175272913092597.312500
601.948197 122289973338128.187500 99618115034474.312500 144865760704586.656250 57816711963037.828125 160914755980899.593750 50464084340816.500000 176253635091555.500000
610.339029 123525314823770.312500 100814068409417.312500 146453303351795.781250 59110451334585.242188 162758327785321.968750 51634871592733.562500 177356839436234.687500
618.846824 124857616981896.250000 102262120752855.406250 147858553244012.250000 60432948511288.523438 164242811933351.625000 52832764797506.210938 179456028888209.250000
627.473213 126320847084033.296875 103623048069242.796875 149354494755378.968750 61784842734230.906250 165820829089029.093750 54058391509524.859375 181578803307788.937500
636.219849 127623623832261.296875 104893446791434.375000 150951124902903.062500 63166787453826.539062 168209615169126.937500 55312393812258.437500 183725427678535.312500
645.088409 128847395762609.156250 106300006020549.406250 152369907390176.718750 64579450645671.031250 169908719305697.781250 56595428654629.703125 185896169961172.187500
654.080591 130124967703052.687500 107489643953737.218750 154184338267738.781250 66023515133414.429688 172058910541889.343750 57908168195179.507812 188091301127036.000000
663.198120 131325423260272.140625 108866985694504.656250 155681127285030.812500 67499678918809.406250 174414813126922.656250 59251300154197.703125 189962074967465.062500
672.442742 132602778966432.015625 110211891150371.718750 157473124829442.656250 69008655519097.476562 176829327275600.187500 60625528174007.773438 190913339248549.468750
681.816229 133854609907774.000000 111664356577633.109375 159134704076862.875000 70551174311893.687500 179525530990236.375000 62031572187591.929688 191886951420824.812500
691.320378 135029783937590.453125 112977537609081.656250 160991477577936.812500 72127980887738.031250 181768899541818.156250 63470168795750.976562 193478251828226.031250
700.957009 136516446312980.718750 114329695212889.046875 162728078691444.062500 73739837410483.500000 183649751241983.187500 64942071652995.929688 195807646570850.781250
710.727970 137890116211987.031250 115719139613736.125000 164496071929598.500000 75387522985694.890625 185661504625896.375000 66448051862374.046875 198163641761292.937500
720.635132 139259784979571.359375 117135277319121.000000 166762362808759.937500 77071834037236.343750 187944132277891.156250 67988898379435.218750 200546541162504.406250
730.680395 140756508674530.375000 118648694287920.750000 169134781953717.187500 78793584692230.781250 190253564934681.437500 69565418425552.062500 202956652006249.156250
740.865683 142319856099668.000000 119913744557408.125000 171084268625811.593750 80553607174574.671875 192338099521523.937500 71178437910807.687500 205394285032713.312500
751.192949 143782338431139.031250 121300043227508.687500 173512616537693.500000 82352752207202.109375 194937535291743.250000 72828801866675.578125 207859754530571.375000
761.664172 145331293245478.531250 123248942505333.390625 175615909902617.500000 84191889423288.843750 197345859183597.218750 74517374888715.906250 210353378377506.750000
772.281357 147383980657566.500000 124618406358128.562500 177968743839817.000000 86071907786597.500000 199765696765417.968750 76245041589521.234375 212875478081196.843750
783.046540 148922825876696.156250 126027051943016.781250 180680213204660.718750 87993716021166.531250 202213950614748.687500 78012707062149.140625 215426378820765.593750
793.961785 150607913350974.218750 127703427911011.906250 182587961060566.187500 89958243050550.125000 204605645365667.343750 79821297354283.781250 218006409488709.406250
805.029181 151930342877775.812500 129213559655485.687500 185018930046101.937500 91966438446822.031250 207197045808828.625000 81671759953375.593750 220615902733302.000000
816.250851 153665513810267.312500 131035786459315.468750 187358016152226.062500 94019272889559.343750 209758706695582.593750 83565064283012.140625 223255195001482.843750
827.628946 155426598588852.250000 132471128513138.843750 189553115021835.937500 96117738635030.421875 212958509175720.406250 85502202210782.406250 225924626582237.031250
839.165644 157042159024162.906250 134220424747266.750000 191887166366591.125000 98262849995809.671875 215614315744517.968750 87484188567896.843750 228624541650467.875000
850.863158 158802345332852.218750 136018484599188.031250 194720122949924.562500 100455643831056.031250 218250254512300.281250 89512061680840.250000 231355288311373.531250
862.723729 160771390053436.531250 137678669024779.687500 197556247781405.375000 102697180047687.515625 220917162031045.750000 91586883915331.187500 234117218645327.937500
874.749630 162643797870803.281250 139526046110211.921875 200509026860672.750000 104988542112697.234375 223615402142110.625000 93709742232876.281250 236910688753275.531250
886.943166 164802161895640.906250 141349136696483.500000 203482945991538.687500 107004336659659.312500 226345342961499.906250 95881748760209.484375 239924095673500.468750
899.306672 166919545618845.187500 143290612648553.218750 206513009312232.562500 109364179422037.203125 229107356930088.875000 98104041371915.109375 243413822105874.593750
911.842520 169228250034851.000000 145308476837583.625000 209516351741629.718750 111841599332234.437500 232250480535647.031250 100377784286539.046875 246945286605673.843750
924.553110 171346401537452.875000 147321201070220.281250 212486195022509.750000 114374925713388.062500 235454960777228.718750 102704168676502.640625 250518988371419.312500
937.440879 173904062165850.718750 149368395377268.000000 215528744920786.093750 116073780550533.234375 238703266744831.812500 105084413292134.718750 254135432572179.687500
950.508296 176569375281495.562500 151357025536997.250000 218800776631101.375000 118289811277567.328125 241865648593068.843750 107519765100154.187500 257657514226670.906250
963.757866 178852395228131.406250 153372526362308.656250 222027195606818.562500 120872593819216.968750 244987607406649.750000 110011499936932.171875 260658903721534.718750
977.192128 181373177860079.031250 155375034856669.531250 225300595865659.000000 123112687937482.265625 248148411000347.312500 112560923176879.656250 264162410882832.906250
990.813657 183926180090590.500000 157725460374356.437500 228621661522420.031250 125859800495288.937500 251348542697944.000000 115169370416309.375000 267937654729996.718750
1004.625062 186198264779376.281250 159962795101967.656250 231605981154571.500000 128667980428301.796875 254588491836948.750000 117838208173130.468750 271757903437126.656250
1018.628990 188513375179363.187500 162155981418923.468750 235238768353353.875000 131538585243443.125000 257868753843421.750000 120568834602741.531250 275623693509280.500000
1032.828126 190751667793924.625000 164369912178671.875000 238806817485038.281250 134473002624551.625000 261189830307732.000000 123362680230499.843750 279535567847218.968750
1047.225190 193235130896519.906250 166807023536143.843750 242423701856985.843750 137472651103204.312500 264552229061255.500000 125937291220223.765625 283494075823648.187500
1061.822941 195874324202031.062500 169573850185847.250000 246128278339881.125000 140538980744451.484375 267956464254029.281250 128734347962854.265625 287499773360372.375000
1076.624177 198565415294552.187500 172352218746779.812500 249891186518007.906250 143673473847794.343750 271403056433369.531250 131717194047789.578125 291553223006364.875000
1091.631734 201071920255800.812500 174771629846268.312500 253545379102848.093750 146463767845991.375000 275056413247285.312500 134768948654117.250000 295654994016772.937500
1106.848489 204064189632207.468750 177192508567840.062500 257252363300328.937500 149076852747011.125000 278890649207989.468750 137891203679034.015625 299805662432861.000000
1122.277356 206790723303096.562500 179985553339001.093750 261012901783544.875000 152299884282909.250000 282777952733945.750000 140081326914884.500000 304005811162908.625000
1137.921294 209717499146984.937500 182707634503048.531250 264827768243821.593750 155376792749845.218750 286562760935919.000000 142286923621109.500000 308256030064071.750000
1153.783300 212720669781401.656250 185374520650395.375000 268697747549897.062500 158773876556087.500000 290343365315691.000000 144548700503239.718750 312556916025222.250000
1169.866413 215579813268916.406250 188556959728881.500000 272623635909398.218750 162345373314152.156250 294317119360940.625000 146868088562761.437500 316909073050771.875000
1186.173716 218709681775395.125000 191597216105277.250000 276891701751198.000000 165997048934732.468750 298074520835864.875000 149246555251122.656250 321313112345498.062500
1202.708335 221670901528805.125000 194934030786312.875000 281311830609412.468750 169730703405460.375000 301798139771799.937500 151685605398173.031250 325769652400377.937500
1219.473437 225051785759748.812500 198066853161362.812500 285465574023050.875000 173548177123066.250000 305567054191465.562500 154186782164254.062500 330279319079449.937500
1236.472235 228498632732965.937500 201176539971324.687500 289680016814652.250000 177451351800548.062500 309381815085949.187500 156751668016539.281250 334842745707706.875000
1253.707987 231923675928442.562500 204285495364816.312500 293956045994828.125000 180983767691867.000000 313255947277622.625000 159381885730243.875000 339460573160038.625000
1271.183997 235395788244606.187500 207463696226933.250000 298520088148599.500000 183854555832931.687500 317387522873135.125000 162079099415337.187500 344133449951235.125000
1288.903612 238831538237206.468750 210712277349818.781250 302943213941731.937500 187350165684351.125000 321859368987722.062500 164845015569406.156250 348862032327061.000000
1306.870230 242569465557754.281250 214057550032327.562500 307537071964132.062500 190995823301139.562500 326540643931046.250000 167681384157338.500000 353646984356418.000000
1325.087292 246211079118886.062500 217371784965184.187500 311694224482103.875000 194222817019509.250000 330643648512229.625000 170589999718505.968750 358488978024604.937500
1343.558290 249655262825515.625000 221388340029365.875000 316148213725567.000000 197863769424123.937500 335263572294619.375000 173572702502149.875000 363388693327689.000000
1362.286764 253429977465707.593750 224833286587491.250000 320738409982467.437500 202375252771445.875000 340039784932117.562500 176631379631686.156250 368346818368001.500000
1381.276303 257293653197216.187500 228749130783856.687500 324970090657660.312500 206088349754601.125000 344881768770947.000000 179767966298668.437500 373364049450775.375000
1400.530545 261285614520545.218750 232440872947045.843750 329542407551471.375000 210777160495069.875000 349790429518464.875000 182984446987162.375000 378441091181930.500000
1420.053182 265093252560830.375000 236528285774645.125000 334187006898609.312500 215572583776000.625000 354766685354140.937500 186282856729306.875000 383578656567027.812500
1439.847953 269284742894174.718750 240952463660657.375000 338991937271870.250000 220034499872994.281250 359342447639126.187500 189665282392856.062500 388777467111399.625000
1459.918652 273544625507099.562500 244825255631670.406250 343911341512506.062500 223814701541339.562500 364493132200307.375000 193133864001518.937500 394038252921479.000000
1480.269127 278166942377152.000000 249236162356446.250000 349131565519093.875000 227757386431584.468750 369727208314690.812500 196690796088928.156250 399361752807331.437500
1500.903276 282640718751545.000000 253183726512810.125000 354255787519930.562500 233080679581918.625000 374428054164622.562500 200338329087097.781250 404748714386412.562500
1521.825053 287196980266180.125000 257417217196212.187500 359472617767365.750000 238160568320079.437500 379547470098418.375000 204078770750246.031250 410199894188559.875000
1543.038469 291782461233175.062500 261748157406918.250000 364729166080747.687500 242700379887549.750000 384609731941309.750000 207914487614887.781250 415716057762239.812500
1564.547589 296177954441128.875000 266117667291815.562500 369760799984266.250000 247053904042237.843750 389927036307310.875000 211847906497115.000000 421297979782057.875000
1586.356534 301124881735980.250000 270506075373724.437500 375215587971843.437500 251474416568412.000000 395089498979605.187500 215881516028017.406250 426946444157552.062500
1608.469483 306134984198637.187500 275276433742119.437500 380364717374383.687500 256667095170314.562500 400680322314600.062500 220017868228212.062500 432662244143283.437500
1630.890676 311277068207178.375000 280092058465987.250000 386110061611930.187500 260996956990278.125000 406551413923477.562500 224259580122477.781250 438446182450236.750000
1653.624407 316365440183799.750000 285308996684193.187500 391367653527903.062500 265842441251612.343750 412717236854496.562500 228609335395520.218750 444299071358553.312500
1676.675035 321851505432025.250000 290221223421413.312500 397223319067735.000000 270528491494083.000000 418602598296322.687500 233069886089907.937500 450221732831604.250000
1700.046975 327330918717524.875000 295904935724440.937500 403208095807519.625000 275237118913401.750000 424569560270078.312500 237644054347261.031250 456214998631425.312500
1723.744708 332952185639638.437500 301041715287986.937500 408891069862626.437500 280340768602584.843750 430591246166200.750000 242334734193787.312500 462279710435524.750000
1747.772774 338686146529754.625000 305993400217618.125000 414784798772305.687500 284973333820382.250000 436658645420295.937500 247144893371303.281250 468416719955090.187500
1772.135779 344624969175707.250000 311803085506811.312500 420262661495624.500000 289793049682266.625000 442809234552903.500000 252077575214890.625000 474626889054597.500000
1796.838391 350532393472099.500000 317779509212572.687500 426265333491068.562500 294365169669999.062500 449044154177258.500000 257135900578381.656250 480911089872850.562500
1821.885343 356288803958918.937500 323279846190421.000000 432491336071744.500000 299052480675644.375000 455364560545498.437500 262323069808887.843750 487270204945459.125000
1847.281437 362366151540613.437500 329609569440308.562500 438794059397508.125000 304781921941440.500000 461787720768829.187500 267642364771626.687500 493705127328783.375000
1873.031539 369077517002382.187500 335742807904945.812500 445113883048463.250000 310694522074668.750000 468720150039296.187500 273097150926320.500000 500216760725349.875000
1899.140582 375562514566513.562500 341705708079349.875000 451754296695644.625000 316755893924367.750000 475381991829972.562500 278690879456486.750000 506806019610766.000000
1925.613572 382471117307820.000000 347806018262683.250000 458373222469038.687500 322327946727552.562500 482414975127531.625000 284427089452962.250000 513473829362144.937500
1952.455581 388940430217098.562500 354046904952791.625000 464769068270797.375000 328024739151668.687500 490110375831508.125000 290309410153050.000000 520221126388065.062500
1979.671753 395947523519649.000000 360568096137289.750000 472379087293974.375000 333858348594391.687500 497099314479073.750000 296341563236695.875000 527048858260075.312500
2007.267304 402786110668841.687500 367362783895173.375000 478779288219721.937500 339832060921730.125000 504104098578875.375000 302527365181156.125000 533957983845770.250000
2035.247521 410098084193778.625000 374159547625952.625000 486109330618631.937500 345949240914693.812500 511458514017624.312500 308870729675638.812500 540949473443448.812500
2063.617768 417548320438585.250000 381350190226313.812500 493117795716704.562500 352164911340955.250000 519701122524036.000000 315375670097454.375000 548024308918382.875000
2092.383480 425100663388482.062500 388309025499701.687500 500100497116863.375000 358956400766463.062500 527161257820394.875000 322046302051234.750000 555183483840706.750000
2121.550171 432845194132177.000000 395408342379961.062500 507397429544714.625000 366152976927223.312500 534637838192354.750000 328886845972830.500000 562428003624950.437500
2151.123430 440684825579981.062500 402797154896147.937500 515057047072103.125000 373424012731621.750000 542938994822008.000000 335901629799536.500000 569758885671238.750000
2181.108924 449051851392156.500000 410344392486822.562500 523486221236640.250000 379988240441806.125000 552495471785892.250000 343095091708327.000000 577177159508170.000000
2211.512400 457399712449119.812500 417978263688024.937500 531826717779703.750000 386607615676716.187500 562219394699006.000000 350471782923845.500000 584683866937402.875000
2242.339683 466043480366818.250000 425392425630096.000000 540177692779926.937500 393524160486750.750000 571011568755989.250000 358036370597912.750000 592523482831817.750000
2273.596682 475097603928789.625000 433326459555034.562500 548323031881873.437500 400537319148007.312500 579939412867442.875000 365793640762383.375000 601616974722223.375000
2305.289387 483791020944495.500000 441444091011014.062500 556259563661614.750000 408056676818492.375000 589228054654016.500000 373748501357213.562500 610849396809026.500000
2337.423871 492830184630106.750000 449908673400019.437500 564904446877096.000000 416238330845227.250000 597524114887277.625000 381905985335665.187500 619889145522225.500000
2370.006292 502077400918487.062500 458361656464202.750000 573769312897803.375000 425111801562929.562500 607301961131557.375000 390271253848596.500000 629739554292064.625000
2403.042894 511207084765112.187500 467191898353264.187500 582575501005561.625000 432796480733926.000000 617060521564107.125000 398849599509868.750000 639401632615434.000000
2436.540009 521315142881839.000000 476207739003802.062500 592149917557794.125000 440584465257221.750000 627207614966394.750000 407646449744921.062500 649475994720676.125000
2470.504055 531763927293290.625000 485783825332730.062500 602530992410268.750000 448957177660208.750000 638083537446260.000000 416667370224647.937500 660044320533651.000000
2504.941542 542099935038558.187500 494810302100073.375000 612073964372118.500000 457678443806024.750000 649062735248397.625000 425918068386735.187500 670784144152757.375000
2539.859069 551875509271326.875000 504125832049189.187500 621753909650455.250000 466754431250086.687500 658956419383861.875000 435404397046694.875000 681698248563496.750000
2575.263327 562653071412062.375000 513968977100170.875000 631266556501346.625000 476048305593601.687500 669887610024158.375000 445132358100874.875000 692789461912344.625000
2611.161101 572325546105483.250000 524007237553398.625000 641038164868373.125000 486284112308538.375000 680363012698206.125000 455108106323797.312500 704060658239605.875000
2647.559271 582818294146165.000000 533885461930108.562500 651473262738913.375000 495777694852440.000000 690892855415278.250000 465337953262213.875000 715514758224154.750000
2684.464811 593572505044780.125000 543706969229208.687500 661961510240106.375000 505290188942486.562500 702527458806136.750000 475828371228353.562500 727154729940264.500000
2721.884795 604855664285592.625000 554606658307968.187500 673319694997743.500000 515509189815038.125000 714299429008166.000000 485837457207335.437500 738983589626718.750000
2759.826392 615668800712448.625000 565589019971164.500000 683649878474119.125000 525973517868720.312500 726599146475348.750000 495476815235332.250000 751787086287801.500000
2798.296876 626198983945443.625000 576918024572997.500000 694387550754562.875000 536419344742539.062500 739206279339459.750000 505356315272309.812500 765042574893177.875000
2837.303617 637790136286965.875000 588230553400452.750000 705509457714128.500000 546804801329569.750000 752415187642511.750000 515481939893488.500000 778530019007508.875000
2876.854090 649258194858452.250000 599568457318874.125000 717946786308335.250000 557212020346812.875000 766190942516231.000000 525859820715926.625000 793106536736938.250000
2916.955876 661161012250179.875000 610958748144018.000000 729284387628677.375000 568549906263260.875000 779420927181226.500000 536496242111545.812500 807902035089338.875000
2957.616659 673320908412860.375000 623021386166015.750000 740155252706854.875000 580160088523494.875000 792217948355619.875000 547397645012664.937500 821376032421439.000000
2998.844231 685304604906580.625000 634684653376457.500000 751824098919014.625000 592049106732815.625000 806538158227925.250000 558570630812331.687500 835073322543328.875000
3040.646493 698111112323510.250000 647235346813655.875000 763451135946856.625000 603540316088120.125000 822025550314745.750000 570021965361828.375000 849591147637312.375000
3083.031457 711061218715713.125000 660158426241825.625000 776396734314262.000000 615885472648796.875000 836704062606102.000000 581758583067758.625000 864558092644146.250000
3126.007243 724391407590075.750000 671784015943033.125000 791315990185863.250000 627219304460007.875000 851644655074217.000000 593787591091213.750000 879786941640331.750000
3169.582089 738608551901955.875000 685056277365457.500000 804565333575638.125000 639469393063461.125000 866852007077440.250000 606116273651542.250000 896024053139886.875000
3213.764344 752748823094769.500000 698137951905009.000000 820719978322812.625000 651881501654228.000000 883507787660370.000000 618752096437343.750000 915000809808753.750000
3258.562476 768048242038250.625000 711441308921578.875000 835051119801413.375000 663138969209750.250000 901107222299709.000000 629567366105158.875000 934379232278029.375000
3303.985070 782085488140191.000000 723457729109459.000000 850922068743369.000000 676480395061355.250000 917515375807828.875000 639813878047627.625000 954167822285817.375000
3350.040830 798328935361842.000000 737027372065913.750000 868045838022712.750000 688081221217294.000000 934286638597631.000000 650243423468003.000000 974375261519696.000000
3396.738582 813265536108272.500000 750144439195794.000000 886081645101602.375000 701215510218941.625000 952393826850262.875000 664014137862175.000000 995010415425568.375000
3444.087276 828532657576575.750000 763049455553208.625000 903280910026217.625000 717644747917949.500000 969823058634929.750000 679476362263180.625000 1016082337097126.375000
3492.095985 842989831474927.125000 778281227605572.250000 921848155113392.375000 732966295863873.000000 987951248662273.250000 695329775496481.875000 1037600271247636.750000
3540.773909 858895901218503.625000 792328027224389.000000 938947132322034.875000 744290373446055.500000 1005581087005417.375000 709087417342809.000000 1059573658265808.125000
3590.130377 875376927583097.000000 806579620636716.375000 957884202555983.625000 754652455156850.750000 1025878994291322.250000 720904444035355.750000 1082012138357490.250000
3640.174847 892248063431678.625000 821018481016181.750000 976396649133540.125000 765999942877069.500000 1046729739048790.625000 732944150173142.500000 1104925555775045.375000
3690.916911 909468136171500.125000 834573820248805.875000 996039771312490.750000 778112970184737.000000 1068813844331719.125000 745210731916218.875000 1128323963136230.750000
3742.366291 926635597164444.250000 851408550061486.250000 1015132348296199.375000 788989589113489.500000 1089023829811929.625000 757708464496862.250000 1152217625834514.000000
3794.532847 943141158859310.125000 866311334435687.125000 1035313376327623.750000 802201630393078.875000 1109294804637498.750000 770441703709606.125000 1176617026542716.750000
3847.426577 961738533410970.750000 879584762032453.625000 1056214038328722.500000 814998798724854.750000 1133114009541799.750000 783414887429354.875000 1201532869811997.750000
3901.057617 977901519643962.875000 894836371761124.375000 1076731313855809.000000 827185951128154.875000 1157904600890308.000000 793716122826960.125000 1226976086768166.000000
3955.436245 995682889067239.250000 910935765516844.500000 1096703295062252.500000 839655516939805.875000 1182377294870929.250000 803057237736298.000000 1252957839907415.500000
4010.572881 1014112716035157.625000 929146067388203.500000 1119202967784019.000000 853662728830299.000000 1204327740236032.000000 812506873161625.875000 1279489527993550.000000
4066.478092 1033061916350364.000000 948468606584156.500000 1140165807248148.000000 864933145788439.625000 1229235547499146.250000 822066289841358.125000 1306582791058873.750000
4123.162591 1053618153032710.250000 966783331139754.625000 1161143981390315.250000 877505975711795.875000 1256213570878690.500000 831736763160550.500000 1334249515510920.000000
4180.637241 1073179686262519.375000 986132792138473.125000 1184582606350619.000000 890379557912532.375000 1283783588334095.000000 844864648206585.750000 1362501839347290.750000
4238.913057 1094175218946061.625000 1002647950400861.125000 1208088261041013.250000 901310895121794.250000 1311958590327295.500000 858957016236287.375000 1391352157480853.750000
4298.001206 1117203650702801.125000 1021517955862778.625000 1231496437984222.250000 912375142629808.875000 1340751852377310.250000 873301116284349.000000 1420813127177666.750000
4357.913012 1139238361597281.750000 1039297656533683.250000 1258659825051771.750000 923573916446324.500000 1370176941315396.250000 887901445040674.000000 1450723229541186.250000
4418.659956 1163723345835022.250000 1060182226648999.625000 1283975740589945.750000 934908852229589.125000 1400247721677495.250000 898942906937606.875000 1480217794007251.750000
4480.253680 1187136513040885.750000 1080032990894331.625000 1312035448716148.500000 946381605525244.375000 1430978362236925.000000 909601631931913.625000 1510311883070480.000000
4542.705986 1212025174258201.000000 1097960691419351.875000 1338335681859495.250000 958584666977245.500000 1462383342680438.000000 920385522839432.250000 1541017683035335.000000
4606.028844 1237192199930390.500000 1116351349980185.000000 1363971958892964.750000 970431104265196.375000 1494773653990522.000000 931296049489419.625000 1572347627912577.000000
4670.234388 1262443932187724.750000 1136132383359704.500000 1391519146266160.000000 982422724664980.000000 1528556060850279.500000 942334698971404.750000 1604314404454284.000000
4735.334923 1287592065206694.500000 1154401639550191.000000 1421318112012193.250000 994561307457190.000000 1561227832744760.500000 953502975837882.250000 1636930957291241.000000
4801.342924 1313793340971348.000000 1172201762618196.000000 1451414283864647.250000 1006848653728257.375000 1596354509812277.500000 964802402309377.625000 1670210494174730.000000
4868.271040 1340098872744728.750000 1191971951114378.750000 1481834671109136.000000 1019286586637692.125000 1631136444478016.750000 976234518481923.875000 1704166491324885.500000
4936.132098 1368996331475812.750000 1214503089381799.250000 1512176814193106.500000 1031876951688593.750000 1665842372448318.500000 987800882536973.250000 1738812698887744.500000
5004.939103 1397329268173307.000000 1234774415338844.500000 1543994890164452.000000 1044621617001488.375000 1702384530328114.000000 999503070953779.375000 1774163146503250.000000
5074.705239 1426147890454958.500000 1253807645357915.750000 1575681983490622.250000 1057522473591509.125000 1739745130329119.250000 1011342678724264.875000 1810232148986402.250000
5145.443878 1455761653790478.750000 1275612642211833.750000 1610358336139928.750000 1070581435648983.250000 1776769579999054.500000 1023321319570419.500000 1847034312123909.750000
5217.168576 1486033494971341.500000 1295204902986772.750000 1643671642845166.750000 1083800440823449.250000 1815103611228561.750000 1035440626164244.250000 1885985144401970.000000
5289.893076 1517338353924511.000000 1314528515116021.500000 1678350859732285.750000 1097181450511164.250000 1855076083815292.250000 1047702250350287.375000 1926203051063779.000000
5363.631317 1548630227457607.500000 1338337956309427.750000 1714323185085154.000000 1110726450146128.000000 1893691017147980.250000 1060107863370785.375000 1967278386739273.750000
5438.397428 1580559786281240.000000 1358346884635462.000000 1749593913692650.500000 1124437449494676.750000 1935253318468862.250000 1072659156093452.125000 2009229431457790.250000
5514.205739 1614244243576955.750000 1377134705872914.250000 1787264753108376.250000 1138316482953681.750000 1979170478426419.500000 1085357839241939.125000 2052074854971265.750000
5591.070777 1648006725662136.000000 1397103516137760.500000 1826574387685509.750000 1152365609852414.000000 2023862234951424.500000 1098205643629009.000000 2095833725062978.250000
5669.007271 1682326267825987.500000 1419075646012891.750000 1861306409759033.500000 1166586914758096.500000 2068146866714501.250000 1111204320392440.250000 2140525516033398.500000
5748.030158 1717564448504006.500000 1439397750510583.500000 1897396999417018.500000 1180982507785207.750000 2114588824567665.500000 1124355641233705.000000 2190095832478571.500000
5828.154581 1752844610377269.500000 1461313545043490.000000 1937107830603286.250000 1195554524908575.250000 2161773764404267.750000 1137661398659451.250000 2241258810917413.250000
5909.395895 1790021221234212.750000 1483809852294220.500000 1978763115204746.250000 1210305128280299.250000 2210164634823578.500000 1151123406225814.250000 2293616942432309.000000
5991.769669 1825837294097565.500000 1506606060884830.500000 2021295769287154.500000 1225236506550574.750000 2259638559395827.500000 1164743498785608.250000 2347198145469740.000000
6075.291689 1863984269906645.000000 1528549947215077.500000 2063709441321973.000000 1240350875192432.500000 2310219778360714.000000 1178523532738409.500000 2402030990643400.000000
6159.977960 1905717592357640.750000 1549758401121453.500000 2110570145469692.250000 1255650476830464.250000 2361933074487804.000000 1192465386283584.750000 2458144715968650.000000
6245.844712 1943828811258641.750000 1572716766130082.500000 2158462523456417.500000 1271137581573574.750000 2414803785219075.500000 1206570959676280.500000 2515569242452816.500000
6332.908400 1982721383843728.250000 1598552417254282.000000 2206281305104076.250000 1286814487351818.750000 2467990801900447.000000 1220842175486433.750000 2574335190049727.500000
6421.185709 2025751282556495.500000 1621627556288860.000000 2255412696249803.500000 1302683520257357.000000 2521778209238175.000000 1235280978860810.250000 2634473893986886.000000
6510.693555 2067738217150007.750000 1645035224588843.250000 2303807923680210.000000 1318747034889597.250000 2576771929933269.000000 1249889337788126.750000 2696017421474079.000000
6601.449093 2111777669550260.000000 1668118376108211.000000 2355251623551528.500000 1335007414704558.000000 2633710107201525.500000 1264669243367283.000000 2758998588802266.000000
6693.469713 2157974917222861.000000 1691422859024495.000000 2411073356247699.000000 1351467072368525.250000 2692864751715746.500000 1279622710078749.500000 2823450978841928.000000
6786.773051 2203820113832232.000000 1716675773923427.750000 2466480960036390.000000 1368128450116031.750000 2754498988578634.500000 1294751776059136.250000 2889408958950144.500000
6881.376986 2245498044581772.750000 1741734087816797.250000 2521759452806901.000000 1384994020112231.250000 2816485317155665.000000 1310058503378988.500000 2956907699295987.500000
6977.299650 2294130552629557.000000 1768061636626458.250000 2578616235679135.500000 1402066284819707.000000 2874795658958601.500000 1325442937144768.750000 3025983191613972.000000
7074.559423 2344794346722513.500000 1795049579587542.500000 2638054356766241.500000 1419347777369784.750000 2936340963104651.500000 1340441187897241.000000 3096672268395627.500000
7173.174944 2391422052673834.000000 1822220072631438.000000 2697511009349727.500000 1436841061938387.500000 3000574582685910.500000 1355607948098824.000000 3169012622529328.000000
7273.165113 2442842086701519.500000 1849769727173735.500000 2758248141942248.500000 1454548734126502.250000 3066213221455481.500000 1370945110999264.500000 3243042827398934.500000
7374.549090 2495211599190725.500000 1879629674658682.000000 2820394675661860.000000 1472473421345307.250000 3133287612212366.000000 1386454591119488.500000 3318802357451929.000000
7477.346305 2546957718348870.000000 1910836967717034.000000 2883755654445066.000000 1490617783206014.750000 3202859828798210.500000 1402138324490586.250000 3396331609247987.000000
7581.576458 2600939919297116.500000 1942008268178323.750000 2947175604621827.500000 1508984511914504.500000 3275688182430983.500000 1417998268895489.000000 3475671922999309.000000
7687.259522 2659416595369671.000000 1970445586685181.250000 3011334154636488.500000 1527576332670779.500000 3350172481724224.500000 1434036404113354.250000 3556865604614048.500000
7794.415750 2714657475766943.500000 2000262481427277.000000 3078311648038627.000000 1546396004073324.750000 3426350378991820.500000 1450254732166700.000000 3639955948254719.500000
7903.065679 2774445682991939.500000 2030260609653625.500000 3147210207631463.000000 1565446318528416.250000 3502547966667900.000000 1466655277571312.250000 3724987259423528.000000
8013.230128 2834756175841646.000000 2060547582702783.250000 3218051711162185.500000 1584730102664456.500000 3577439921491622.500000 1483240087588969.000000 3812004878587014.500000
8124.930211 2888068686653776.500000 2091286040602236.500000 3292270641517083.500000 1604250217751376.250000 3653933048011261.500000 1500011232482992.250000 3901055205352517.000000
8238.187331 2951617879187736.500000 2122482713591079.500000 3368257277069909.500000 1624009560125184.500000 3732061578886470.000000 1516970805776680.500000 3992185723209422.000000
8353.023195 3018049219387760.500000 2154144432235397.750000 3446053720039746.000000 1644011061617710.000000 3811860478662785.500000 1534120924514635.750000 4085445024848319.500000
8469.459808 3081972777846106.500000 2186278128923840.500000 3525703075412929.500000 1664257689991630.250000 3893585356245754.000000 1551463729527037.500000 4180882838071680.500000
8587.519485 3139166405904428.500000 2218890839385473.500000 3601477872773494.000000 1684752449380809.250000 3988154892364219.500000 1569001385696877.750000 4278550052309731.500000
8707.224849 3209239998409110.500000 2251989704230268.500000 3682357656219892.000000 1705498380736048.000000 4085064588015186.000000 1586736082230201.750000 4378498745755770.500000
8828.598841 3280937776286930.000000 2286940840565920.000000 3767235772285603.000000 1726498562276284.250000 4183741830932758.500000 1604670032929380.000000 4480782213135317.000000
8951.664721 3354297385361833.000000 2325436145086150.500000 3855325400511122.000000 1747756109945338.250000 4274580248462537.000000 1622805476469461.750000 4585454994124012.000000
9076.446073 3429357344023222.000000 2358787802116519.500000 3943156229087407.000000 1769274177874241.500000 4367390832302710.000000 1641144676677621.000000 4692572902429283.000000
9202.966809 3499962005040332.000000 2394340270875861.000000 4032303258821079.000000 1791055958849239.500000 4462216399579140.500000 1659689922815750.250000 4802193055551384.000000
9331.251175 3578866575294376.000000 2432713253055795.500000 4126314092377704.000000 1813104684785524.000000 4560247597893595.000000 1678443529866223.250000 4914373905239617.000000
9461.323756 3659594737653868.500000 2470845672553272.000000 4220283127582790.500000 1835423627206780.250000 4672515330171675.000000 1697407838820875.750000 5029175268660057.000000
9593.209478 3739186460545678.000000 2507599430312535.500000 4317386571761667.000000 1858016097730603.750000 4772140899417222.000000 1716585216973226.750000 5146658360291289.000000
9726.933615 3822873950425430.500000 2545967524445534.500000 4415712809172826.500000 1880885448559866.500000 4873890444291200.000000 1735978058213985.750000 5266885824565245.000000
9862.521795 3905059396826561.500000 2584002374991875.000000 4514154138143145.000000 1904035072980110.250000 4977809247069078.000000 1755588783329879.000000 5389921769270531.000000
10000.000000 3986467430697006.000000 2622671837761903.500000 4615511682707863.000000 1927468405863025.000000 5083943555425558.000000 1775419840305830.750000 5515831799736001.000000
