10.000000 0.002743 -0.014064 0.013903 -0.018966 0.019363 -0.020179 0.021306
10.139395 0.002743 -0.014062 0.013915 -0.018965 0.019366 -0.020179 0.021335
10.280732 0.002745 -0.014060 0.013918 -0.018964 0.019369 -0.020179 0.021365
10.424040 0.002773 -0.014059 0.013918 -0.018962 0.019373 -0.020179 0.021396
10.569346 0.002808 -0.014057 0.013918 -0.018960 0.019376 -0.020179 0.021427
10.716676 0.002853 -0.014055 0.013918 -0.018958 0.019379 -0.020179 0.021459
10.866061 0.002853 -0.014053 0.013918 -0.018958 0.019383 -0.020179 0.021491
11.017528 0.002853 -0.014051 0.013919 -0.018957 0.019386 -0.020179 0.021523
11.171107 0.002853 -0.014049 0.013934 -0.018955 0.019399 -0.020179 0.021556
11.326826 0.002855 -0.014047 0.013949 -0.018953 0.019415 -0.020179 0.021590
11.484715 0.002931 -0.014045 0.013965 -0.018952 0.019432 -0.020179 0.021624
11.644806 0.002952 -0.014043 0.013968 -0.018950 0.019448 -0.020179 0.021659
11.807128 0.002952 -0.014040 0.013968 -0.018948 0.019465 -0.020179 0.021695
11.971713 0.002952 -0.014038 0.013969 -0.018946 0.019487 -0.020179 0.021731
12.138593 0.002965 -0.014036 0.013973 -0.018945 0.019532 -0.020179 0.021767
12.307798 0.002965 -0.014036 0.013986 -0.018943 0.019532 -0.020179 0.021804
12.479362 0.003003 -0.014036 0.014000 -0.018941 0.019536 -0.020179 0.021842
12.653318 0.003021 -0.014036 0.014006 -0.018939 0.019555 -0.020179 0.021881
12.829698 0.003022 -0.014036 0.014007 -0.018937 0.019574 -0.020179 0.021920
13.008537 0.003023 -0.014036 0.014008 -0.018935 0.019593 -0.020179 0.021959
13.189869 0.003024 -0.014036 0.014009 -0.018932 0.019598 -0.020179 0.022000
13.373729 0.003025 -0.014036 0.014010 -0.018930 0.019598 -0.020179 0.022041
13.560151 0.003026 -0.014036 0.014010 -0.018928 0.019598 -0.020179 0.022083
13.749172 0.003027 -0.014036 0.014011 -0.018926 0.019598 -0.020179 0.022125
13.940828 0.003028 -0.014036 0.014012 -0.018923 0.019598 -0.020179 0.022168
14.135156 0.003029 -0.014036 0.014013 -0.018921 0.019598 -0.020179 0.022212
14.332192 0.003030 -0.014003 0.014014 -0.018918 0.019598 -0.020179 0.022256
14.531975 0.003031 -0.013998 0.014018 -0.018916 0.019598 -0.020179 0.022302
14.734543 0.003035 -0.013979 0.014035 -0.018909 0.019608 -0.020179 0.022348
14.939935 0.003049 -0.013976 0.014053 -0.018898 0.019620 -0.020179 0.022394
15.148189 0.003063 -0.013973 0.014070 -0.018887 0.019658 -0.020179 0.022442
15.359347 0.003077 -0.013971 0.014088 -0.018875 0.019697 -0.020178 0.022490
15.573448 0.003092 -0.013968 0.014100 -0.018864 0.019706 -0.020178 0.022539
15.790533 0.003107 -0.013965 0.014101 -0.018852 0.019775 -0.020178 0.022589
16.010645 0.003122 -0.013961 0.014101 -0.018840 0.019817 -0.020178 0.022640
16.233824 0.003123 -0.013958 0.014101 -0.018830 0.019828 -0.020178 0.022692
16.460115 0.003124 -0.013955 0.014102 -0.018824 0.019836 -0.020178 0.022744
16.689560 0.003126 -0.013952 0.014102 -0.018818 0.019860 -0.020178 0.022797
16.922204 0.003127 -0.013948 0.014102 -0.018811 0.019896 -0.020178 0.022852
17.158090 0.003128 -0.013945 0.014103 -0.018805 0.019920 -0.020178 0.022907
17.397264 0.003136 -0.013943 0.014103 -0.018798 0.019930 -0.020178 0.022963
17.639773 0.003139 -0.013942 0.014104 -0.018792 0.019940 -0.020178 0.023020
17.885662 0.003141 -0.013941 0.014131 -0.018785 0.019946 -0.020178 0.023077
18.134978 0.003144 -0.013939 0.014147 -0.018778 0.019951 -0.020178 0.023136
18.387770 0.003147 -0.013935 0.014147 -0.018771 0.019957 -0.020178 0.023196
18.644085 0.003150 -0.013922 0.014147 -0.018764 0.019962 -0.020178 0.023257
18.903974 0.003153 -0.013918 0.014149 -0.018756 0.019968 -0.020178 0.023318
19.167485 0.003156 -0.013914 0.014173 -0.018748 0.019974 -0.020178 0.023381
19.434669 0.003159 -0.013910 0.014197 -0.018740 0.019980 -0.020178 0.023445
19.705578 0.003162 -0.013905 0.014201 -0.018732 0.019986 -0.020178 0.023510
19.980263 0.003236 -0.013901 0.014201 -0.018725 0.019992 -0.020178 0.023576
20.258777 0.003236 -0.013896 0.014241 -0.018722 0.020004 -0.020178 0.023642
20.541173 0.003236 -0.013891 0.014298 -0.018719 0.020046 -0.020177 0.023711
20.827506 0.003236 -0.013887 0.014324 -0.018716 0.020075 -0.020177 0.023780
21.117830 0.003236 -0.013882 0.014333 -0.018713 0.020101 -0.020177 0.023850
21.412202 0.003237 -0.013877 0.014333 -0.018710 0.020115 -0.020177 0.023921
21.710676 0.003237 -0.013871 0.014334 -0.018707 0.020130 -0.020177 0.023994
22.013311 0.003237 -0.013866 0.014335 -0.018704 0.020152 -0.020177 0.024068
22.320165 0.003237 -0.013861 0.014336 -0.018700 0.020214 -0.020177 0.024143
22.631296 0.003237 -0.013855 0.014347 -0.018697 0.020252 -0.020177 0.024219
22.946764 0.003288 -0.013850 0.014347 -0.018694 0.020264 -0.020177 0.024297
23.266629 0.003342 -0.013838 0.014377 -0.018690 0.020277 -0.020177 0.024375
23.590953 0.003412 -0.013831 0.014386 -0.018687 0.020290 -0.020177 0.024455
23.919798 0.003414 -0.013819 0.014413 -0.018683 0.020303 -0.020176 0.024537
24.253227 0.003483 -0.013800 0.014413 -0.018679 0.020320 -0.020176 0.024619
24.591304 0.003585 -0.013799 0.014413 -0.018675 0.020337 -0.020176 0.024703
24.934094 0.003618 -0.013799 0.014413 -0.018672 0.020354 -0.020176 0.024789
25.281661 0.003620 -0.013794 0.014413 -0.018668 0.020372 -0.020176 0.024876
25.634074 0.003621 -0.013786 0.014428 -0.018663 0.020390 -0.020176 0.024964
25.991399 0.003623 -0.013770 0.014428 -0.018659 0.020408 -0.020176 0.025053
26.353705 0.003624 -0.013748 0.014428 -0.018655 0.020427 -0.020176 0.025144
26.721062 0.003626 -0.013722 0.014572 -0.018651 0.020446 -0.020175 0.025237
27.093539 0.003628 -0.013712 0.014574 -0.018646 0.020465 -0.020175 0.025369
27.471208 0.003630 -0.013622 0.014577 -0.018642 0.020485 -0.020175 0.025518
27.854142 0.003632 -0.013621 0.014581 -0.018637 0.020535 -0.020175 0.025670
28.242413 0.003634 -0.013621 0.014594 -0.018632 0.020556 -0.020175 0.025823
28.636097 0.003648 -0.013601 0.014595 -0.018627 0.020577 -0.020175 0.025979
29.035269 0.003649 -0.013530 0.014595 -0.018622 0.020599 -0.020174 0.026137
29.440005 0.003649 -0.013458 0.014618 -0.018617 0.020621 -0.020174 0.026298
29.850382 0.003649 -0.013424 0.014707 -0.018612 0.020643 -0.020174 0.026460
30.266481 0.003697 -0.013416 0.014786 -0.018605 0.020666 -0.020174 0.026625
30.688379 0.003749 -0.013407 0.014820 -0.018594 0.020689 -0.020174 0.026792
31.116158 0.003784 -0.013399 0.014828 -0.018583 0.020713 -0.020173 0.026962
31.549901 0.003812 -0.013390 0.014835 -0.018571 0.020738 -0.020173 0.027134
31.989689 0.003834 -0.013381 0.014843 -0.018559 0.020762 -0.020173 0.027309
32.435608 0.003958 -0.013372 0.014851 -0.018547 0.020788 -0.020173 0.027486
32.887743 0.003958 -0.013354 0.014859 -0.018534 0.020814 -0.020172 0.027666
33.346180 0.003971 -0.013344 0.014868 -0.018521 0.020840 -0.020172 0.027848
33.811008 0.003985 -0.013343 0.014876 -0.018516 0.020867 -0.020172 0.028033
34.282315 0.004021 -0.013333 0.014885 -0.018516 0.020894 -0.020172 0.028221
34.760192 0.004044 -0.013323 0.014894 -0.018516 0.021054 -0.020171 0.028411
35.244730 0.004044 -0.013313 0.014932 -0.018515 0.021100 -0.020171 0.028604
35.736022 0.004044 -0.013286 0.015020 -0.018515 0.021127 -0.020171 0.028799
36.234163 0.004044 -0.013286 0.015170 -0.018515 0.021155 -0.020170 0.028998
36.739248 0.004044 -0.013280 0.015233 -0.018514 0.021183 -0.020170 0.029199
37.251373 0.004055 -0.013268 0.015278 -0.018510 0.021212 -0.020170 0.029404
37.770637 0.004056 -0.013255 0.015285 -0.018503 0.021242 -0.020169 0.029611
38.297139 0.004056 -0.013223 0.015291 -0.018502 0.021435 -0.020169 0.029821
38.830980 0.004080 -0.013209 0.015298 -0.018502 0.021470 -0.020168 0.030034
39.372263 0.004119 -0.013195 0.015305 -0.018501 0.021743 -0.020168 0.030250
39.921091 0.004128 -0.013181 0.015431 -0.018501 0.021920 -0.020168 0.030469
40.477570 0.004175 -0.013166 0.015456 -0.018500 0.021957 -0.020167 0.030692
41.041805 0.004206 -0.013148 0.015574 -0.018499 0.022124 -0.020167 0.030917
41.613906 0.004206 -0.013135 0.015574 -0.018499 0.022504 -0.020166 0.031146
42.193981 0.004228 -0.013120 0.015574 -0.018498 0.022890 -0.020166 0.031378
42.782142 0.004289 -0.013104 0.015574 -0.018497 0.023281 -0.020165 0.031613
43.378502 0.004291 -0.013087 0.015580 -0.018497 0.023577 -0.020165 0.031852
43.983175 0.004294 -0.013070 0.015618 -0.018496 0.023684 -0.020164 0.032094
44.596276 0.004297 -0.013053 0.015704 -0.018495 0.023776 -0.020163 0.032339
45.217924 0.004299 -0.013035 0.015727 -0.018494 0.023873 -0.020163 0.032588
45.848238 0.004302 -0.013017 0.015795 -0.018494 0.023974 -0.020162 0.032840
46.487337 0.004365 -0.012982 0.015868 -0.018493 0.024078 -0.020161 0.033096
47.135345 0.004366 -0.012946 0.015871 -0.018492 0.024183 -0.020161 0.033356
47.792386 0.004439 -0.012945 0.015873 -0.018491 0.024289 -0.020160 0.033619
48.458586 0.004440 -0.012940 0.015876 -0.018490 0.024397 -0.020159 0.033886
49.134073 0.004440 -0.012920 0.015882 -0.018489 0.024507 -0.020158 0.034156
49.818975 0.004507 -0.012899 0.015905 -0.018488 0.024619 -0.020158 0.034431
50.513425 0.004540 -0.012878 0.015925 -0.018487 0.024732 -0.020157 0.034709
51.217554 0.004682 -0.012856 0.015939 -0.018486 0.024847 -0.020156 0.034991
51.931499 0.004689 -0.012807 0.015968 -0.018485 0.024963 -0.020155 0.035278
52.655396 0.004694 -0.012789 0.016003 -0.018484 0.025341 -0.020154 0.035568
53.389384 0.004724 -0.012760 0.016040 -0.018483 0.025488 -0.020153 0.035862
54.133603 0.004763 -0.012739 0.016076 -0.018475 0.025590 -0.020152 0.036209
54.888196 0.004776 -0.012693 0.016111 -0.018435 0.025733 -0.020151 0.036788
55.653308 0.004795 -0.012687 0.016145 -0.018395 0.025915 -0.020150 0.037375
56.429085 0.004877 -0.012680 0.016176 -0.018353 0.026036 -0.020149 0.037970
57.215676 0.004939 -0.012662 0.016177 -0.018311 0.026311 -0.020147 0.038469
58.013231 0.004952 -0.012656 0.016267 -0.018295 0.026456 -0.020146 0.038735
58.821904 0.004970 -0.012646 0.016310 -0.018289 0.026574 -0.020145 0.039005
59.641849 0.004973 -0.012645 0.016352 -0.018282 0.026694 -0.020144 0.039278
60.473224 0.004974 -0.012632 0.016395 -0.018276 0.026816 -0.020142 0.039554
61.316188 0.004974 -0.012605 0.016437 -0.018269 0.026939 -0.020141 0.039835
62.170903 0.005021 -0.012577 0.016491 -0.018262 0.027065 -0.020139 0.040118
63.037532 0.005035 -0.012571 0.016548 -0.018255 0.027193 -0.020138 0.040406
63.916241 0.005050 -0.012520 0.016578 -0.018247 0.027322 -0.020136 0.040697
64.807198 0.005065 -0.012494 0.016621 -0.018240 0.027734 -0.020134 0.040993
65.710575 0.005081 -0.012479 0.016686 -0.018232 0.028203 -0.020132 0.041291
66.626545 0.005096 -0.012441 0.016743 -0.018224 0.028667 -0.020131 0.041932
67.555283 0.005210 -0.012402 0.016802 -0.018193 0.028914 -0.020129 0.042607
68.496967 0.005211 -0.012364 0.016829 -0.018184 0.029447 -0.020127 0.043290
69.451778 0.005212 -0.012330 0.016878 -0.018184 0.029724 -0.020124 0.043983
70.419898 0.005213 -0.012303 0.016932 -0.018184 0.029903 -0.020122 0.044686
71.401513 0.005230 -0.012303 0.017003 -0.018173 0.030084 -0.020119 0.045399
72.396811 0.005231 -0.012302 0.017043 -0.018144 0.030268 -0.020117 0.046121
73.405984 0.005247 -0.012302 0.017107 -0.018144 0.030455 -0.020114 0.046854
74.429223 0.005275 -0.012272 0.017199 -0.018143 0.030644 -0.020111 0.047596
75.466726 0.005304 -0.012230 0.017362 -0.018140 0.030899 -0.020108 0.048349
76.518692 0.005308 -0.012187 0.017445 -0.018129 0.031240 -0.020105 0.049112
77.585321 0.005324 -0.012143 0.017484 -0.018118 0.031586 -0.020102 0.049886
78.666818 0.005325 -0.012098 0.017562 -0.018107 0.031814 -0.020099 0.050670
79.763391 0.005339 -0.012071 0.017612 -0.018095 0.032035 -0.020095 0.051465
80.875249 0.005347 -0.012004 0.017746 -0.018083 0.032259 -0.020092 0.052271
82.002606 0.005438 -0.011956 0.017883 -0.018070 0.032569 -0.020088 0.053088
83.145678 0.005618 -0.011906 0.017986 -0.018058 0.032935 -0.020085 0.053916
84.304684 0.005669 -0.011854 0.018084 -0.018045 0.033307 -0.020081 0.054755
85.479845 0.005690 -0.011729 0.018193 -0.018031 0.033684 -0.020077 0.055605
86.671388 0.005711 -0.011729 0.018410 -0.018017 0.034067 -0.020073 0.056467
87.879540 0.005714 -0.011696 0.018517 -0.018003 0.034456 -0.020068 0.057340
89.104533 0.005985 -0.011640 0.018665 -0.017988 0.034851 -0.020064 0.058225
90.346602 0.006074 -0.011596 0.018820 -0.017973 0.035252 -0.020059 0.059122
91.605985 0.006218 -0.011537 0.018951 -0.017957 0.035659 -0.020055 0.060030
92.882923 0.006368 -0.011480 0.019063 -0.017941 0.036073 -0.020050 0.060951
94.177660 0.006373 -0.011446 0.019225 -0.017923 0.036492 -0.020045 0.061883
95.490446 0.006449 -0.011351 0.019301 -0.017902 0.036918 -0.020039 0.062828
96.821531 0.006532 -0.011314 0.019454 -0.017890 0.037351 -0.020034 0.063785
98.171170 0.006539 -0.011223 0.019537 -0.017885 0.037790 -0.020028 0.064755
99.539623 0.006546 -0.011178 0.019650 -0.017884 0.038236 -0.020023 0.065737
100.927151 0.006575 -0.011119 0.019728 -0.017882 0.038688 -0.020017 0.066733
102.334021 0.006603 -0.011049 0.019823 -0.017845 0.039147 -0.020010 0.067740
103.760502 0.006604 -0.010978 0.019945 -0.017804 0.039613 -0.020004 0.068761
105.206867 0.006713 -0.010905 0.020113 -0.017774 0.040086 -0.019998 0.069795
106.673394 0.006753 -0.010830 0.020262 -0.017753 0.040566 -0.019992 0.070842
108.160363 0.006802 -0.010753 0.020425 -0.017731 0.041054 -0.019986 0.071903
109.668060 0.006847 -0.010674 0.020570 -0.017708 0.041548 -0.019980 0.072976
111.196773 0.006909 -0.010594 0.020729 -0.017685 0.042050 -0.019974 0.074064
112.746796 0.006961 -0.010512 0.020890 -0.017661 0.042559 -0.019967 0.075165
114.318425 0.007029 -0.010428 0.021102 -0.017637 0.043076 -0.019960 0.076279
115.911962 0.007121 -0.010360 0.021403 -0.017611 0.043600 -0.019952 0.077408
117.527712 0.007234 -0.010337 0.021686 -0.017585 0.044133 -0.019943 0.078551
119.165984 0.007242 -0.010242 0.021834 -0.017558 0.044673 -0.019933 0.079707
120.827094 0.007238 -0.010227 0.021950 -0.017519 0.045220 -0.019924 0.080878
122.511358 0.007464 -0.010166 0.021988 -0.017480 0.045776 -0.019914 0.082064
124.219100 0.007463 -0.010061 0.022230 -0.017470 0.046340 -0.019903 0.083263
125.950646 0.007462 -0.009953 0.022524 -0.017443 0.046913 -0.019892 0.084478
127.706330 0.007745 -0.009842 0.022931 -0.017403 0.047640 -0.019881 0.085706
129.486487 0.007902 -0.009764 0.023304 -0.017341 0.048400 -0.019869 0.086950
131.291459 0.007941 -0.009735 0.023522 -0.017300 0.049169 -0.019857 0.088209
133.121590 0.007939 -0.009660 0.023646 -0.017297 0.049946 -0.019845 0.089482
134.977233 0.007958 -0.009634 0.023813 -0.017279 0.050732 -0.019831 0.090771
136.858742 0.007963 -0.009617 0.024055 -0.017244 0.051528 -0.019818 0.092074
138.766479 0.008058 -0.009599 0.024496 -0.017207 0.052332 -0.019804 0.093393
140.700809 0.008116 -0.009581 0.024763 -0.017199 0.053145 -0.019790 0.094728
142.662102 0.008175 -0.009562 0.024987 -0.017191 0.053967 -0.019775 0.096078
144.650734 0.008217 -0.009543 0.025137 -0.017174 0.054798 -0.019761 0.097443
146.667087 0.008226 -0.009420 0.025477 -0.017144 0.055639 -0.019746 0.098824
148.711546 0.008362 -0.009398 0.025658 -0.017088 0.056309 -0.019730 0.100221
150.784505 0.008428 -0.009359 0.026101 -0.017031 0.057167 -0.019714 0.101633
152.886359 0.008521 -0.009308 0.026301 -0.016972 0.058035 -0.019697 0.103062
155.017512 0.008828 -0.009295 0.026722 -0.016911 0.058912 -0.019680 0.104506
157.178372 0.009015 -0.009281 0.027119 -0.016849 0.059697 -0.019662 0.105967
159.369353 0.009171 -0.009267 0.027512 -0.016806 0.060591 -0.019644 0.107444
161.590875 0.009179 -0.009200 0.027793 -0.016803 0.061494 -0.019624 0.108937
163.843365 0.009312 -0.009124 0.028309 -0.016799 0.062406 -0.019605 0.110446
166.127252 0.009478 -0.009073 0.028940 -0.016796 0.063328 -0.019584 0.111972
168.442976 0.009496 -0.009016 0.029406 -0.016792 0.064244 -0.019563 0.113514
170.790980 0.009515 -0.008853 0.029928 -0.016755 0.064901 -0.019541 0.115072
173.171713 0.009531 -0.008809 0.030495 -0.016674 0.065566 -0.019518 0.116648
175.585633 0.009554 -0.008793 0.031069 -0.016667 0.066240 -0.019495 0.118239
178.033202 0.009575 -0.008770 0.031652 -0.016660 0.066924 -0.019470 0.119848
180.514888 0.009701 -0.008749 0.032105 -0.016653 0.067616 -0.019445 0.121473
183.031168 0.009756 -0.008622 0.032458 -0.016645 0.068317 -0.019419 0.123115
185.582523 0.009866 -0.008604 0.032836 -0.016637 0.069027 -0.019403 0.124774
188.169442 0.009923 -0.008380 0.033132 -0.016629 0.069746 -0.019397 0.126450
190.792422 0.010125 -0.008153 0.033557 -0.016568 0.070475 -0.019390 0.128143
193.451965 0.010184 -0.008133 0.034048 -0.016481 0.071213 -0.019383 0.129853
196.148581 0.010270 -0.008112 0.034642 -0.016401 0.071960 -0.019376 0.131579
198.882786 0.010411 -0.008090 0.035056 -0.016385 0.072718 -0.019351 0.133323
201.655104 0.010615 -0.007935 0.035330 -0.016368 0.073484 -0.019324 0.135084
204.466067 0.010712 -0.007871 0.035699 -0.016350 0.074261 -0.019316 0.136862
207.316213 0.010988 -0.007702 0.036029 -0.016332 0.075048 -0.019308 0.138657
210.206088 0.011297 -0.007575 0.036439 -0.016314 0.075844 -0.019300 0.140469
213.136247 0.011311 -0.007430 0.037030 -0.016294 0.076651 -0.019291 0.142238
216.107251 0.011564 -0.007387 0.037615 -0.016274 0.077468 -0.019282 0.143946
219.119669 0.011672 -0.007293 0.037996 -0.016237 0.078388 -0.019272 0.145669
222.174078 0.011809 -0.007075 0.038422 -0.016186 0.079609 -0.019262 0.147487
225.271064 0.011901 -0.006975 0.038849 -0.016134 0.080846 -0.019252 0.149372
228.411221 0.012070 -0.006720 0.039249 -0.016080 0.082099 -0.019242 0.151273
231.595149 0.012231 -0.006479 0.039916 -0.016024 0.083368 -0.019230 0.153192
234.823460 0.012488 -0.006359 0.040595 -0.015966 0.084653 -0.019219 0.155127
238.096772 0.012613 -0.006128 0.041408 -0.015906 0.085953 -0.019207 0.157079
241.415712 0.012729 -0.005983 0.042254 -0.015844 0.087270 -0.019194 0.159048
244.780916 0.012736 -0.005822 0.042791 -0.015780 0.088509 -0.019181 0.161034
248.193029 0.012849 -0.005715 0.043529 -0.015748 0.089477 -0.019168 0.163036
251.652705 0.012916 -0.005690 0.044157 -0.015736 0.090456 -0.019154 0.165055
255.160607 0.012963 -0.005664 0.044793 -0.015724 0.091446 -0.019139 0.167091
258.717408 0.013084 -0.005590 0.045436 -0.015712 0.092448 -0.019124 0.169143
262.323788 0.013290 -0.005432 0.046085 -0.015699 0.093460 -0.019108 0.171212
265.980440 0.013387 -0.005321 0.046742 -0.015686 0.094483 -0.019091 0.173298
269.688063 0.013560 -0.005135 0.047303 -0.015672 0.095518 -0.019074 0.175399
273.447368 0.013713 -0.004946 0.047768 -0.015633 0.096564 -0.019056 0.177517
277.259076 0.013859 -0.004754 0.048566 -0.015615 0.097621 -0.019038 0.179651
281.123917 0.013919 -0.004558 0.049372 -0.015595 0.098686 -0.019018 0.181802
285.042632 0.013972 -0.004365 0.050137 -0.015575 0.099747 -0.018998 0.183968
289.015972 0.014188 -0.004231 0.050877 -0.015554 0.100819 -0.018977 0.186151
293.044698 0.014385 -0.004177 0.051574 -0.015532 0.101964 -0.018956 0.188349
297.129582 0.014441 -0.003982 0.052263 -0.015509 0.103365 -0.018933 0.190564
301.271407 0.014598 -0.003789 0.053007 -0.015485 0.104831 -0.018909 0.192794
305.470967 0.014769 -0.003451 0.054230 -0.015461 0.106308 -0.018885 0.195039
309.729067 0.014916 -0.003350 0.055096 -0.015435 0.107799 -0.018860 0.197300
314.046522 0.015109 -0.003186 0.056154 -0.015408 0.109306 -0.018833 0.199576
318.424160 0.015354 -0.002795 0.057262 -0.015360 0.111882 -0.018806 0.201868
322.862820 0.015567 -0.002600 0.058693 -0.015239 0.113882 -0.018777 0.204175
327.363353 0.015719 -0.002503 0.059558 -0.015091 0.115193 -0.018747 0.206496
331.926620 0.015880 -0.002332 0.060514 -0.014938 0.116572 -0.018716 0.208832
336.553498 0.016282 -0.002128 0.061344 -0.014780 0.118383 -0.018684 0.211183
341.244871 0.016473 -0.001913 0.062213 -0.014617 0.119524 -0.018650 0.213549
346.001639 0.016640 -0.001695 0.063734 -0.014449 0.120845 -0.018616 0.215929
350.824714 0.016813 -0.001478 0.064988 -0.014275 0.122740 -0.018579 0.218323
355.715021 0.017159 -0.001226 0.066010 -0.014096 0.124656 -0.018542 0.220731
360.673495 0.017540 -0.001022 0.067427 -0.013955 0.126399 -0.018503 0.223153
365.701088 0.017842 -0.000763 0.069022 -0.013914 0.128361 -0.018462 0.225588
370.798763 0.018043 -0.000448 0.070395 -0.013791 0.130343 -0.018420 0.228037
375.967497 0.018481 -0.000226 0.071844 -0.013590 0.132345 -0.018376 0.230499
381.208280 0.018904 0.000030 0.072865 -0.013481 0.134367 -0.018330 0.232974
386.522116 0.019358 0.000089 0.074495 -0.013372 0.136410 -0.018282 0.235462
391.910025 0.019678 0.000102 0.075805 -0.013260 0.138473 -0.018233 0.237963
397.373038 0.019923 0.000116 0.077429 -0.013143 0.140555 -0.018182 0.240476
402.912203 0.020315 0.000275 0.079261 -0.013014 0.142658 -0.018128 0.243001
408.528580 0.020510 0.000504 0.080432 -0.012738 0.144781 -0.018073 0.245538
414.223247 0.020941 0.000674 0.081527 -0.012601 0.146923 -0.018015 0.248087
419.997295 0.021395 0.000981 0.082962 -0.012511 0.149511 -0.017955 0.250648
425.851829 0.021783 0.001024 0.084085 -0.012418 0.152349 -0.017893 0.253219
431.787973 0.022688 0.001039 0.085216 -0.012322 0.154313 -0.017828 0.255802
437.806863 0.022961 0.001306 0.087105 -0.012193 0.156035 -0.017761 0.258395
443.909653 0.023419 0.001718 0.088605 -0.012036 0.158866 -0.017691 0.260999
450.097513 0.024149 0.002137 0.089848 -0.011873 0.162474 -0.017619 0.263614
456.371628 0.024396 0.002565 0.091115 -0.011705 0.164793 -0.017544 0.266238
462.733201 0.024875 0.002808 0.092355 -0.011585 0.167131 -0.017465 0.268872
469.183451 0.025490 0.002813 0.093619 -0.011463 0.169489 -0.017384 0.271515
475.723614 0.025742 0.002992 0.094889 -0.011339 0.171865 -0.017300 0.274167
482.354943 0.026316 0.003502 0.096166 -0.011213 0.174260 -0.017212 0.276829
489.078709 0.026717 0.003986 0.097448 -0.011085 0.176674 -0.017121 0.279498
495.896201 0.027336 0.004393 0.098737 -0.010955 0.179106 -0.017027 0.282177
502.808725 0.027992 0.004548 0.100032 -0.010823 0.181556 -0.016929 0.284863
509.817606 0.028546 0.004645 0.101332 -0.010642 0.184012 -0.016827 0.287557
516.924187 0.028902 0.004684 0.102638 -0.010316 0.186275 -0.016721 0.290258
524.129830 0.029414 0.004856 0.103950 -0.010107 0.188552 -0.016612 0.292966
531.435916 0.030174 0.005075 0.105197 -0.009991 0.190845 -0.016498 0.295681
538.843844 0.030600 0.005149 0.106723 -0.009870 0.193153 -0.016380 0.298403
546.355035 0.031115 0.005321 0.107925 -0.009764 0.196620 -0.016257 0.301131
553.970928 0.032069 0.005341 0.109245 -0.009616 0.199189 -0.016153 0.303864
561.692982 0.032777 0.005472 0.110581 -0.009503 0.201774 -0.016075 0.308000
569.522678 0.033333 0.005785 0.112159 -0.009428 0.204375 -0.015994 0.310750
577.461515 0.033946 0.005810 0.113909 -0.009341 0.206990 -0.015911 0.316332
585.511016 0.034642 0.006065 0.115683 -0.009143 0.209362 -0.015825 0.322562
593.672722 0.035208 0.006036 0.117480 -0.008938 0.211453 -0.015737 0.328824
601.948197 0.035548 0.006193 0.119302 -0.008739 0.213558 -0.015646 0.335113
610.339029 0.036334 0.006255 0.121147 -0.008575 0.215675 -0.015552 0.341427
618.846824 0.037115 0.006311 0.122934 -0.008404 0.217805 -0.015456 0.347760
627.473213 0.037752 0.006417 0.124144 -0.008247 0.219948 -0.015356 0.354110
636.219849 0.038754 0.006562 0.125912 -0.008110 0.222172 -0.015254 0.360472
645.088409 0.039153 0.006682 0.128064 -0.007970 0.224839 -0.015149 0.366842
654.080591 0.039749 0.006683 0.129671 -0.007687 0.227518 -0.015040 0.373217
663.198120 0.040304 0.006718 0.131847 -0.007459 0.230207 -0.014929 0.379593
672.442742 0.041078 0.006833 0.134738 -0.007250 0.232701 -0.014825 0.385964
681.816229 0.041955 0.006886 0.136635 -0.007046 0.235320 -0.014722 0.392328
691.320378 0.042668 0.006940 0.138317 -0.006967 0.237504 -0.014616 0.398681
700.957009 0.043645 0.007194 0.140924 -0.006887 0.239699 -0.014506 0.405018
710.727970 0.044728 0.007762 0.143034 -0.006808 0.242526 -0.014394 0.411336
720.635132 0.046069 0.008149 0.145168 -0.006699 0.245452 -0.014278 0.417631
730.680395 0.047418 0.008816 0.147327 -0.006473 0.249024 -0.014159 0.423899
740.865683 0.048464 0.009102 0.149657 -0.006086 0.251772 -0.014036 0.430136
751.192949 0.049623 0.009366 0.151705 -0.005706 0.254596 -0.013910 0.436339
761.664172 0.051038 0.009872 0.154138 -0.005493 0.259381 -0.013781 0.442504
772.281357 0.051885 0.009961 0.156196 -0.005419 0.264167 -0.013648 0.448628
783.046540 0.052770 0.010881 0.158472 -0.005344 0.267619 -0.013511 0.454706
793.961785 0.053553 0.010962 0.160772 -0.005198 0.271986 -0.013370 0.460737
805.029181 0.054302 0.011359 0.163094 -0.004944 0.276580 -0.013226 0.466717
816.250851 0.055086 0.011905 0.165264 -0.004855 0.281154 -0.013078 0.472643
827.628946 0.056277 0.012478 0.167033 -0.004685 0.285705 -0.012925 0.478511
839.165644 0.058015 0.012594 0.168805 -0.004454 0.288263 -0.012769 0.484320
850.863158 0.059853 0.012825 0.170580 -0.004128 0.292676 -0.012573 0.490065
862.723729 0.061283 0.013187 0.172427 -0.004026 0.297312 -0.012366 0.495746
874.749630 0.061946 0.013641 0.174138 -0.003729 0.301918 -0.012153 0.501359
886.943166 0.063227 0.013844 0.176371 -0.003441 0.306492 -0.011935 0.506903
899.306672 0.064712 0.014128 0.178509 -0.003212 0.311032 -0.011712 0.512375
911.842520 0.065918 0.014476 0.180658 -0.002903 0.315532 -0.011485 0.517773
924.553110 0.066627 0.014703 0.182817 -0.002803 0.319992 -0.011251 0.523095
937.440879 0.067250 0.014748 0.184985 -0.002704 0.324407 -0.011013 0.528340
950.508296 0.068119 0.014879 0.187496 -0.002371 0.328776 -0.010770 0.533506
963.757866 0.068990 0.015298 0.189868 -0.002002 0.333095 -0.010521 0.538591
977.192128 0.070335 0.015303 0.192609 -0.001902 0.337362 -0.010267 0.543596
990.813657 0.072111 0.015597 0.195198 -0.001867 0.341369 -0.010008 0.548517
1004.625062 0.073046 0.015675 0.197170 -0.001650 0.345293 -0.009743 0.553355
1018.628990 0.074385 0.015788 0.199206 -0.001274 0.349157 -0.009473 0.558109
1032.828126 0.075081 0.016116 0.201827 -0.001217 0.352958 -0.009198 0.562777
1047.225190 0.076591 0.016332 0.204489 -0.001160 0.356695 -0.008918 0.567360
1061.822941 0.077700 0.016848 0.207171 -0.001103 0.360119 -0.008632 0.571856
1076.624177 0.078812 0.017178 0.209875 -0.000797 0.362713 -0.008341 0.576267
1091.631734 0.079579 0.017220 0.212599 -0.000690 0.365305 -0.008045 0.580590
1106.848489 0.080982 0.017571 0.215344 -0.000609 0.368357 -0.007744 0.584827
1122.277356 0.082165 0.018150 0.217382 -0.000528 0.371787 -0.007438 0.588976
1137.921294 0.083287 0.018611 0.220013 -0.000447 0.375147 -0.007126 0.593040
1153.783300 0.084771 0.019213 0.222645 -0.000360 0.378438 -0.006810 0.597016
1169.866413 0.086560 0.019444 0.225276 -0.000270 0.381659 -0.006488 0.600907
1186.173716 0.087547 0.019816 0.227906 -0.000179 0.384810 -0.006162 0.604712
1202.708335 0.088750 0.020016 0.230534 -0.000067 0.387891 -0.005831 0.608432
1219.473437 0.090379 0.020128 0.233160 0.000101 0.390902 -0.005496 0.612067
1236.472235 0.092238 0.020355 0.235783 0.000445 0.393842 -0.005156 0.615618
1253.707987 0.094542 0.020470 0.238403 0.000659 0.396713 -0.004832 0.619086
1271.183997 0.096452 0.020930 0.241018 0.000783 0.399515 -0.004549 0.622472
1288.903612 0.098409 0.021040 0.243629 0.000906 0.402247 -0.004261 0.625776
1306.870230 0.100356 0.021498 0.246234 0.001029 0.404910 -0.003969 0.628999
1325.087292 0.101532 0.022169 0.248331 0.001152 0.407506 -0.003670 0.632143
1343.558290 0.102819 0.022296 0.249858 0.001426 0.410034 -0.003367 0.635208
1362.286764 0.105029 0.022726 0.251375 0.001744 0.412496 -0.003294 0.638196
1381.276303 0.106574 0.023243 0.254904 0.001856 0.414891 -0.003230 0.641107
1400.530545 0.107380 0.023593 0.256626 0.001842 0.417222 -0.003166 0.643942
1420.053182 0.108175 0.024473 0.258706 0.002044 0.419558 -0.003103 0.646704
1439.847953 0.109728 0.025312 0.260897 0.002083 0.421926 -0.003040 0.649392
1459.918652 0.111393 0.025428 0.262653 0.002131 0.424231 -0.002978 0.652009
1480.269127 0.112069 0.026068 0.264195 0.002275 0.426473 -0.002917 0.654556
1500.903276 0.112689 0.026408 0.265725 0.002416 0.428652 -0.002856 0.657033
1521.825053 0.114610 0.026632 0.267243 0.002501 0.430770 -0.002796 0.659443
1543.038469 0.116184 0.026789 0.270362 0.002556 0.432828 -0.002737 0.661786
1564.547589 0.117734 0.027083 0.271890 0.002611 0.434827 -0.002678 0.664063
1586.356534 0.118706 0.027191 0.273978 0.002688 0.436768 -0.002620 0.666277
1608.469483 0.120180 0.027277 0.276709 0.002756 0.438651 -0.002562 0.668428
1630.890676 0.122048 0.027384 0.278505 0.002911 0.440479 -0.002505 0.670518
1653.624407 0.122883 0.027627 0.281146 0.003022 0.442492 -0.002449 0.672548
1676.675035 0.124152 0.027756 0.284635 0.003165 0.445452 -0.002394 0.674519
1700.046975 0.126186 0.027883 0.288143 0.003310 0.449053 -0.002339 0.676433
1723.744708 0.127828 0.027942 0.291208 0.003345 0.452174 -0.002284 0.678291
1747.772774 0.130032 0.027990 0.294078 0.003337 0.455021 -0.002231 0.680095
1772.135779 0.131749 0.028038 0.298187 0.003555 0.457919 -0.002178 0.681845
1796.838391 0.134484 0.028339 0.300711 0.003555 0.460489 -0.002126 0.683543
1821.885343 0.136146 0.028479 0.301824 0.003533 0.463112 -0.002074 0.685190
1847.281437 0.137801 0.028590 0.303139 0.003512 0.465748 -0.002023 0.686787
1873.031539 0.138601 0.028700 0.304735 0.003490 0.467981 -0.001973 0.688337
1899.140582 0.139054 0.029139 0.306048 0.003469 0.469237 -0.001923 0.689839
1925.613572 0.139493 0.029902 0.307945 0.003471 0.470451 -0.001874 0.691295
1952.455581 0.141224 0.030659 0.309228 0.003611 0.471625 -0.001826 0.692707
1979.671753 0.141945 0.030898 0.310498 0.003751 0.472758 -0.001778 0.694075
2007.267304 0.144256 0.030992 0.312325 0.003907 0.474935 -0.001731 0.695401
2035.247521 0.146255 0.031086 0.315869 0.004199 0.477490 -0.001685 0.696686
2063.617768 0.148536 0.031177 0.318925 0.004211 0.479972 -0.001639 0.697931
2092.383480 0.150816 0.031267 0.321505 0.004305 0.482383 -0.001594 0.699136
2121.550171 0.153114 0.031555 0.325040 0.004442 0.484724 -0.001549 0.700304
2151.123430 0.155419 0.031919 0.328922 0.004579 0.486996 -0.001505 0.701435
2181.108924 0.157407 0.032279 0.332637 0.004715 0.488036 -0.001462 0.702531
2211.512400 0.158992 0.032693 0.336382 0.004851 0.488863 -0.001419 0.703591
2242.339683 0.159708 0.033098 0.338059 0.004932 0.489660 -0.001377 0.704618
2273.596682 0.160505 0.033463 0.340682 0.004872 0.490644 -0.001336 0.705612
2305.289387 0.161655 0.033701 0.344319 0.004811 0.492678 -0.001295 0.706574
2337.423871 0.162804 0.033937 0.347871 0.004843 0.494697 -0.001255 0.707506
2370.006292 0.165148 0.034240 0.352808 0.004921 0.496701 -0.001215 0.708407
2403.042894 0.167359 0.034440 0.354505 0.004898 0.498690 -0.001176 0.709279
2436.540009 0.169734 0.034644 0.357240 0.004876 0.500664 -0.001138 0.710123
2470.504055 0.170075 0.034878 0.360358 0.004853 0.502622 -0.001100 0.710940
2504.941542 0.170667 0.035111 0.363451 0.004831 0.504706 -0.001063 0.711730
2539.859069 0.171000 0.035343 0.366477 0.004809 0.507298 -0.001026 0.712494
2575.263327 0.171324 0.035574 0.369431 0.004787 0.510893 -0.000990 0.713233
2611.161101 0.173211 0.035839 0.372312 0.004766 0.514753 -0.000954 0.713948
2647.559271 0.174162 0.036065 0.374469 0.004744 0.518613 -0.000919 0.714640
2684.464811 0.175097 0.036261 0.377014 0.004723 0.522294 -0.000885 0.715309
2721.884795 0.175997 0.036488 0.379080 0.004702 0.523547 -0.000851 0.715956
2759.826392 0.178264 0.037041 0.381051 0.004681 0.524758 -0.000818 0.716581
2798.296876 0.178518 0.037352 0.384341 0.004661 0.525926 -0.000785 0.717186
2837.303617 0.178765 0.037783 0.388106 0.004728 0.527054 -0.000753 0.717771
2876.854090 0.180091 0.037919 0.392840 0.004796 0.528144 -0.000721 0.718336
2916.955876 0.181987 0.037971 0.395213 0.004863 0.529195 -0.000690 0.718883
2957.616659 0.182996 0.038000 0.397388 0.004930 0.530210 -0.000659 0.719411
2998.844231 0.184800 0.038052 0.399499 0.004996 0.531189 -0.000629 0.719922
3040.646493 0.186362 0.038377 0.401546 0.005061 0.532133 -0.000599 0.720416
3083.031457 0.187618 0.038463 0.403531 0.005126 0.533044 -0.000570 0.720893
3126.007243 0.187967 0.038674 0.405461 0.005133 0.533923 -0.000542 0.721354
3169.582089 0.188403 0.038858 0.408359 0.005133 0.535225 -0.000513 0.721800
3213.764344 0.189306 0.038956 0.410056 0.005133 0.538753 -0.000486 0.722231
3258.562476 0.190233 0.039079 0.410875 0.005134 0.544501 -0.000458 0.722648
3303.985070 0.191458 0.039179 0.411753 0.005134 0.549198 -0.000432 0.723050
3350.040830 0.191704 0.039226 0.414297 0.005134 0.556148 -0.000405 0.723439
3396.738582 0.193178 0.039272 0.415885 0.005137 0.563003 -0.000380 0.723814
3444.087276 0.193707 0.039316 0.417422 0.005171 0.569756 -0.000354 0.724178
3492.095985 0.194345 0.039360 0.420154 0.005198 0.575076 -0.000329 0.724528
3540.773909 0.195602 0.039402 0.422505 0.005193 0.580461 -0.000305 0.724867
3590.130377 0.196458 0.039444 0.426197 0.005188 0.586988 -0.000281 0.725195
3640.174847 0.196934 0.039485 0.428213 0.005183 0.593404 -0.000257 0.725511
3690.916911 0.197395 0.039524 0.430957 0.005178 0.598931 -0.000234 0.725817
3742.366291 0.198339 0.039563 0.432252 0.005207 0.600531 -0.000211 0.726112
3794.532847 0.198844 0.039601 0.433859 0.005270 0.602116 -0.000189 0.726418
3847.426577 0.199830 0.039638 0.436200 0.005323 0.606633 -0.000167 0.726717
3901.057617 0.200798 0.040113 0.438503 0.005328 0.610464 -0.000145 0.727004
3955.436245 0.201013 0.040502 0.440767 0.005333 0.611794 -0.000124 0.727282
4010.572881 0.201197 0.040552 0.443530 0.005338 0.612909 -0.000103 0.727550
4066.478092 0.201603 0.040601 0.446384 0.005342 0.614267 -0.000082 0.727808
4123.162591 0.202332 0.040708 0.449212 0.005347 0.616199 -0.000062 0.728056
4180.637241 0.203153 0.040726 0.451540 0.005352 0.618836 -0.000043 0.728296
4238.913057 0.203681 0.040747 0.453534 0.005356 0.622311 -0.000023 0.728528
4298.001206 0.204932 0.040795 0.456543 0.005361 0.623422 -0.000004 0.728751
4357.913012 0.205916 0.040842 0.458953 0.005365 0.624519 0.000014 0.728966
4418.659956 0.206626 0.040888 0.461036 0.005369 0.625603 0.000033 0.729173
4480.253680 0.207539 0.040935 0.462950 0.005374 0.626932 0.000051 0.729373
4542.705986 0.208310 0.040980 0.465263 0.005378 0.631309 0.000068 0.729565
4606.028844 0.209056 0.041025 0.467059 0.005382 0.635615 0.000086 0.729751
4670.234388 0.209776 0.041070 0.468749 0.005386 0.639850 0.000102 0.729930
4735.334923 0.210102 0.041114 0.469948 0.005390 0.642084 0.000119 0.730103
4801.342924 0.210148 0.041158 0.471372 0.005394 0.642302 0.000135 0.730269
4868.271040 0.210191 0.041201 0.473194 0.005398 0.642512 0.000152 0.730429
4936.132098 0.210234 0.041244 0.475688 0.005402 0.645950 0.000167 0.730584
5004.939103 0.210596 0.041286 0.478156 0.005405 0.649555 0.000183 0.730733
5074.705239 0.211651 0.041328 0.480595 0.005409 0.653088 0.000198 0.730877
5145.443878 0.212677 0.041369 0.483008 0.005413 0.656549 0.000213 0.731015
5217.168576 0.213673 0.041410 0.484135 0.005416 0.659566 0.000227 0.731149
5289.893076 0.214640 0.041451 0.485611 0.005420 0.660793 0.000241 0.731277
5363.631317 0.215579 0.041507 0.486954 0.005423 0.664008 0.000255 0.731401
5438.397428 0.215992 0.041644 0.488576 0.005427 0.667272 0.000269 0.731521
5514.205739 0.216395 0.041778 0.490471 0.005430 0.669935 0.000283 0.731636
5591.070777 0.216790 0.041908 0.490543 0.005434 0.671825 0.000296 0.734548
5669.007271 0.217177 0.042035 0.491239 0.005437 0.673684 0.000309 0.737388
5748.030158 0.217557 0.042157 0.492282 0.005440 0.675511 0.000322 0.740138
5828.154581 0.218179 0.042240 0.493314 0.005443 0.677787 0.000334 0.742803
5909.395895 0.218577 0.042252 0.494334 0.005446 0.680266 0.000346 0.745383
5991.769669 0.218900 0.042264 0.495343 0.005449 0.682151 0.000358 0.747880
6075.291689 0.219211 0.042275 0.496894 0.005452 0.683862 0.000370 0.750297
6159.977960 0.219510 0.042286 0.498938 0.005455 0.685544 0.000382 0.752635
6245.844712 0.219798 0.042296 0.498989 0.005458 0.687759 0.000393 0.754898
6332.908400 0.220075 0.042307 0.500048 0.005461 0.689383 0.000404 0.757085
6421.185709 0.220344 0.042366 0.501331 0.005454 0.690990 0.000415 0.759201
6510.693555 0.220663 0.042461 0.501772 0.005445 0.692569 0.000425 0.761246
6601.449093 0.220975 0.042554 0.501814 0.005436 0.694120 0.000436 0.763223
6693.469713 0.221280 0.042643 0.501854 0.005427 0.695643 0.000446 0.764394
6786.773051 0.221580 0.042731 0.503181 0.005418 0.696508 0.000456 0.765471
6881.376986 0.221874 0.042815 0.504509 0.005410 0.697963 0.000466 0.767203
6977.299650 0.222162 0.042897 0.505816 0.005402 0.699465 0.000476 0.768876
7074.559423 0.222459 0.042976 0.506610 0.005394 0.700735 0.000485 0.770492
7173.174944 0.222823 0.043053 0.507481 0.005387 0.700833 0.000494 0.772051
7273.165113 0.223146 0.043128 0.508558 0.005380 0.701610 0.000503 0.773556
7374.549090 0.223355 0.043200 0.509290 0.005373 0.701673 0.000512 0.775009
7477.346305 0.223557 0.043270 0.510033 0.005366 0.702419 0.000521 0.776411
7581.576458 0.223771 0.043316 0.510864 0.005360 0.703452 0.000529 0.777764
7687.259522 0.224020 0.043333 0.511817 0.005354 0.704772 0.000538 0.779069
7794.415750 0.224265 0.043349 0.512787 0.005348 0.706685 0.000546 0.780327
7903.065679 0.224504 0.043365 0.513745 0.005342 0.708564 0.000554 0.781541
8013.230128 0.224876 0.043381 0.514691 0.005336 0.710410 0.000562 0.782712
8124.930211 0.225400 0.043396 0.515626 0.005331 0.712172 0.000570 0.783841
8238.187331 0.225919 0.043410 0.516550 0.005326 0.713318 0.000577 0.784929
8353.023195 0.226298 0.043423 0.517462 0.005321 0.714442 0.000585 0.785979
8469.459808 0.226571 0.043509 0.518363 0.005316 0.715545 0.000592 0.786990
8587.519485 0.226836 0.043605 0.519832 0.005312 0.716627 0.000599 0.787965
8707.224849 0.227095 0.043700 0.520892 0.005307 0.717689 0.000606 0.788905
8828.598841 0.227348 0.043793 0.521001 0.005303 0.718872 0.000613 0.789810
8951.664721 0.227521 0.043884 0.521858 0.005299 0.720263 0.000620 0.790682
9076.446073 0.227835 0.043974 0.522597 0.005295 0.721623 0.000626 0.791523
9202.966809 0.228069 0.044062 0.523120 0.005291 0.722929 0.000633 0.792333
9331.251175 0.228298 0.044131 0.523624 0.005288 0.723882 0.000639 0.793113
9461.323756 0.228455 0.044171 0.524164 0.005284 0.724816 0.000645 0.793865
9593.209478 0.228586 0.044223 0.524967 0.005281 0.725731 0.000651 0.794589
9726.933615 0.228714 0.044300 0.525084 0.005278 0.726628 0.000657 0.795286
9862.521795 0.228839 0.044376 0.525469 0.005275 0.727508 0.000663 0.795957
10000.000000 0.228961 0.044451 0.525890 0.005272 0.728370 0.000668 0.796604
