10.000000 0.120921 0.020834 0.328794 0.002659 0.555145 -0.000477 0.654376
10.139395 0.121125 0.020898 0.329882 0.002662 0.557105 -0.000460 0.655507
10.280732 0.121321 0.020961 0.330960 0.002665 0.558909 -0.000442 0.656598
10.424040 0.121510 0.021024 0.332028 0.002663 0.559589 -0.000426 0.657651
10.569346 0.121692 0.021068 0.332622 0.002659 0.560247 -0.000409 0.658666
10.716676 0.121935 0.021098 0.333381 0.002656 0.560883 -0.000393 0.659645
10.866061 0.122322 0.021127 0.334374 0.002653 0.561499 -0.000376 0.660588
11.017528 0.122705 0.021155 0.335353 0.002650 0.562094 -0.000361 0.661498
11.171107 0.123084 0.021181 0.336318 0.002647 0.562954 -0.000345 0.662376
11.326826 0.123458 0.021207 0.337270 0.002644 0.564371 -0.000330 0.663221
11.484715 0.123828 0.021232 0.338207 0.002641 0.564910 -0.000315 0.664036
11.644806 0.124195 0.021295 0.339131 0.002638 0.565572 -0.000300 0.664822
11.807128 0.124557 0.021363 0.340041 0.002635 0.567326 -0.000285 0.665579
11.971713 0.124914 0.021429 0.340937 0.002632 0.568614 -0.000271 0.666308
12.138593 0.125268 0.021493 0.341821 0.002636 0.569222 -0.000257 0.667011
12.307798 0.125394 0.021557 0.342691 0.002652 0.570867 -0.000243 0.667688
12.479362 0.125496 0.021620 0.343548 0.002669 0.572492 -0.000229 0.668340
12.653318 0.125594 0.021681 0.344392 0.002672 0.574097 -0.000216 0.668968
12.829698 0.125688 0.021742 0.345223 0.002670 0.575681 -0.000203 0.669573
13.008537 0.125778 0.021801 0.346042 0.002667 0.577244 -0.000190 0.670156
13.189869 0.125865 0.021823 0.346848 0.002665 0.578788 -0.000177 0.670717
13.373729 0.125948 0.021843 0.347641 0.002663 0.580311 -0.000165 0.671258
13.560151 0.126028 0.021892 0.348423 0.002661 0.581814 -0.000152 0.671778
13.749172 0.126261 0.021946 0.349192 0.002658 0.583018 -0.000140 0.672279
13.940828 0.126555 0.021999 0.349948 0.002656 0.584165 -0.000129 0.672762
14.135156 0.126845 0.022051 0.350693 0.002654 0.585291 -0.000117 0.673226
14.332192 0.127132 0.022102 0.351426 0.002653 0.586394 -0.000106 0.673674
14.531975 0.127414 0.022153 0.352148 0.002651 0.587477 -0.000094 0.674104
14.734543 0.127477 0.022202 0.352858 0.002649 0.588538 -0.000083 0.674519
14.939935 0.127536 0.022250 0.353556 0.002647 0.589579 -0.000073 0.674918
15.148189 0.127592 0.022298 0.354067 0.002646 0.590599 -0.000062 0.675302
15.359347 0.127646 0.022344 0.354787 0.002644 0.591600 -0.000052 0.675671
15.573448 0.127698 0.022386 0.355141 0.002643 0.592581 -0.000041 0.676027
15.790533 0.127748 0.022404 0.355338 0.002641 0.593542 -0.000031 0.676369
16.010645 0.127796 0.022422 0.355529 0.002640 0.594484 -0.000021 0.676699
16.233824 0.127842 0.022439 0.355874 0.002638 0.595408 -0.000012 0.677016
16.460115 0.127886 0.022455 0.356617 0.002637 0.596313 -0.000002 0.677321
16.689560 0.127928 0.022471 0.357352 0.002636 0.597201 0.000007 0.677614
16.922204 0.127969 0.022487 0.357860 0.002635 0.598070 0.000016 0.677897
17.158090 0.128008 0.022503 0.358211 0.002634 0.598922 0.000025 0.678169
17.397264 0.128045 0.022518 0.358554 0.002632 0.599576 0.000034 0.678430
17.639773 0.128081 0.022532 0.358889 0.002631 0.600550 0.000043 0.678682
17.885662 0.128116 0.022547 0.359215 0.002630 0.601375 0.000051 0.678924
18.134978 0.128204 0.022561 0.359532 0.002629 0.602160 0.000060 0.679157
18.387770 0.128349 0.022574 0.359842 0.002628 0.602929 0.000068 0.679381
18.644085 0.128491 0.022587 0.360143 0.002628 0.603682 0.000076 0.679597
18.903974 0.128630 0.022600 0.360551 0.002627 0.604419 0.000084 0.679804
19.167485 0.128767 0.022613 0.361230 0.002626 0.605142 0.000091 0.680004
19.434669 0.128901 0.022625 0.361902 0.002625 0.605849 0.000099 0.680196
19.705578 0.129032 0.022637 0.362566 0.002624 0.606542 0.000106 0.680380
19.980263 0.129192 0.022649 0.363223 0.002624 0.607221 0.000114 0.680558
20.258777 0.129412 0.022660 0.363872 0.002623 0.607885 0.000121 0.680729
20.541173 0.129629 0.022671 0.364499 0.002622 0.608535 0.000128 0.680893
20.827506 0.129843 0.022682 0.364594 0.002621 0.609172 0.000135 0.681051
21.117830 0.130055 0.022693 0.364686 0.002621 0.609796 0.000141 0.681203
21.412202 0.130265 0.022703 0.364774 0.002620 0.610406 0.000148 0.681350
21.710676 0.130472 0.022713 0.364859 0.002620 0.611004 0.000154 0.681490
22.013311 0.130592 0.022723 0.364941 0.002619 0.611589 0.000161 0.681625
22.320165 0.130611 0.022732 0.365020 0.002618 0.612162 0.000167 0.681756
22.631296 0.130630 0.022742 0.365096 0.002618 0.612722 0.000173 0.681881
22.946764 0.130648 0.022751 0.365280 0.002617 0.613271 0.000179 0.682001
23.266629 0.130665 0.022759 0.365686 0.002617 0.613808 0.000185 0.682117
23.590953 0.130682 0.022767 0.366085 0.002616 0.614334 0.000191 0.682228
23.919798 0.130698 0.022768 0.366477 0.002616 0.614848 0.000196 0.682335
24.253227 0.130719 0.022769 0.366862 0.002616 0.615352 0.000202 0.682598
24.591304 0.130814 0.022780 0.367240 0.002615 0.615844 0.000207 0.682876
24.934094 0.130908 0.022800 0.367612 0.002615 0.616327 0.000213 0.683146
25.281661 0.130999 0.022808 0.367976 0.002614 0.616798 0.000218 0.683409
25.634074 0.131089 0.022815 0.368335 0.002614 0.617260 0.000223 0.683664
25.991399 0.131177 0.022822 0.368687 0.002614 0.617712 0.000228 0.683911
26.353705 0.131263 0.022829 0.369032 0.002613 0.618154 0.000233 0.684152
26.721062 0.131347 0.022836 0.369372 0.002613 0.618586 0.000238 0.684385
27.093539 0.131430 0.022843 0.369648 0.002613 0.619009 0.000243 0.684734
27.471208 0.131511 0.022849 0.369678 0.002612 0.619423 0.000247 0.685105
27.854142 0.131590 0.022855 0.370110 0.002612 0.619828 0.000252 0.685467
28.242413 0.131668 0.022862 0.370581 0.002612 0.620449 0.000256 0.685820
28.636097 0.131744 0.022867 0.370998 0.002611 0.621098 0.000261 0.686165
29.035269 0.131819 0.022873 0.371457 0.002611 0.621737 0.000265 0.686501
29.440005 0.131892 0.022879 0.371910 0.002611 0.622366 0.000269 0.686829
29.850382 0.131963 0.022884 0.372358 0.002611 0.622985 0.000273 0.687150
30.266481 0.132034 0.022890 0.372800 0.002611 0.623594 0.000277 0.687462
30.688379 0.132102 0.022895 0.373236 0.002610 0.624193 0.000281 0.687767
31.116158 0.132170 0.022900 0.373667 0.002610 0.624782 0.000285 0.688022
31.549901 0.132235 0.022905 0.374093 0.002610 0.625362 0.000285 0.688071
31.989689 0.132300 0.022910 0.374513 0.002610 0.625613 0.000285 0.688119
32.435608 0.132363 0.022915 0.374927 0.002609 0.625831 0.000284 0.688165
32.887743 0.132425 0.022919 0.375337 0.002609 0.626044 0.000283 0.688209
33.346180 0.132486 0.022924 0.375741 0.002609 0.626251 0.000282 0.688251
33.811008 0.132545 0.022928 0.376140 0.002609 0.626453 0.000281 0.688292
34.282315 0.132603 0.022932 0.376534 0.002609 0.626649 0.000281 0.688331
34.760192 0.132716 0.022936 0.376923 0.002609 0.626841 0.000280 0.688369
35.244730 0.132850 0.022941 0.377308 0.002608 0.627028 0.000279 0.688405
35.736022 0.132982 0.022944 0.377687 0.002608 0.627210 0.000279 0.688440
36.234163 0.133112 0.022948 0.378061 0.002608 0.627387 0.000278 0.688474
36.739248 0.133241 0.022952 0.378430 0.002608 0.627560 0.000277 0.688506
37.251373 0.133344 0.022956 0.378795 0.002608 0.627728 0.000277 0.688537
37.770637 0.133372 0.022959 0.379155 0.002608 0.627892 0.000276 0.688567
38.297139 0.133399 0.022963 0.379510 0.002608 0.628052 0.000276 0.688596
38.830980 0.133425 0.022966 0.379860 0.002608 0.628208 0.000275 0.688658
39.372263 0.133451 0.022969 0.380206 0.002607 0.628499 0.000275 0.688760
39.921091 0.133476 0.022972 0.380548 0.002607 0.629123 0.000274 0.688858
40.477570 0.133500 0.022975 0.380885 0.002607 0.629739 0.000273 0.688954
41.041805 0.133523 0.022978 0.381217 0.002607 0.630346 0.000273 0.689047
41.613906 0.133546 0.022981 0.381535 0.002607 0.630946 0.000273 0.689137
42.193981 0.133569 0.022984 0.381707 0.002607 0.631304 0.000272 0.689225
42.782142 0.133590 0.022987 0.381875 0.002607 0.631476 0.000272 0.689309
43.378502 0.133612 0.022990 0.382041 0.002607 0.631643 0.000271 0.689392
43.983175 0.133632 0.022992 0.382203 0.002607 0.631806 0.000271 0.689472
44.596276 0.133652 0.022995 0.382362 0.002607 0.631966 0.000270 0.689549
45.217924 0.133672 0.022997 0.382518 0.002607 0.632122 0.000270 0.689625
45.848238 0.133691 0.023000 0.382671 0.002606 0.632274 0.000270 0.689698
46.487337 0.133709 0.023002 0.382822 0.002606 0.632422 0.000269 0.689769
47.135345 0.133727 0.023005 0.382969 0.002606 0.632567 0.000269 0.689838
47.792386 0.133745 0.023007 0.383114 0.002606 0.632708 0.000268 0.689904
48.458586 0.133762 0.023009 0.383256 0.002606 0.632846 0.000268 0.689969
49.134073 0.133778 0.023011 0.383395 0.002606 0.632980 0.000268 0.690032
49.818975 0.133795 0.023013 0.383532 0.002606 0.633111 0.000268 0.690093
50.513425 0.133820 0.023015 0.383666 0.002606 0.633240 0.000267 0.690152
51.217554 0.133852 0.023017 0.383798 0.002606 0.633365 0.000267 0.690210
51.931499 0.133883 0.023019 0.383927 0.002606 0.633487 0.000267 0.690266
52.655396 0.133913 0.023021 0.384054 0.002606 0.633760 0.000266 0.690320
53.389384 0.133942 0.023023 0.384178 0.002606 0.634287 0.000266 0.690372
54.133603 0.133971 0.023025 0.384300 0.002606 0.634807 0.000266 0.690423
54.888196 0.134000 0.023026 0.384420 0.002606 0.635321 0.000266 0.690473
55.653308 0.134027 0.023028 0.384537 0.002606 0.635828 0.000265 0.690521
56.429085 0.134055 0.023030 0.384652 0.002606 0.636329 0.000265 0.690567
57.215676 0.134081 0.023031 0.384765 0.002606 0.636824 0.000265 0.690613
58.013231 0.134107 0.023033 0.384876 0.002606 0.637313 0.000265 0.690657
58.821904 0.134133 0.023034 0.384985 0.002606 0.637796 0.000264 0.690699
59.641849 0.134158 0.023036 0.385091 0.002606 0.638273 0.000264 0.690740
60.473224 0.134207 0.023037 0.385196 0.002606 0.638744 0.000264 0.690781
61.316188 0.134279 0.023039 0.385299 0.002605 0.639209 0.000264 0.690819
62.170903 0.134350 0.023040 0.385399 0.002605 0.639669 0.000264 0.690857
63.037532 0.134420 0.023041 0.385498 0.002605 0.640122 0.000263 0.690894
63.916241 0.134489 0.023043 0.385595 0.002605 0.640570 0.000263 0.690929
64.807198 0.134557 0.023044 0.385690 0.002605 0.641013 0.000263 0.690964
65.710575 0.134624 0.023045 0.385783 0.002605 0.641450 0.000263 0.690997
66.626545 0.134690 0.023046 0.385875 0.002605 0.641881 0.000263 0.691030
67.555283 0.134755 0.023047 0.385964 0.002605 0.642307 0.000262 0.691061
68.496967 0.134819 0.023049 0.386052 0.002605 0.642728 0.000262 0.691092
69.451778 0.134882 0.023050 0.386139 0.002605 0.643144 0.000262 0.691122
70.419898 0.134944 0.023051 0.386223 0.002605 0.643554 0.000262 0.691151
71.401513 0.135006 0.023052 0.386307 0.002605 0.643959 0.000262 0.691178
72.396811 0.135066 0.023053 0.386388 0.002605 0.644359 0.000262 0.691206
73.405984 0.135126 0.023054 0.386468 0.002605 0.644754 0.000262 0.691232
74.429223 0.135185 0.023055 0.386546 0.002605 0.645144 0.000261 0.691257
75.466726 0.135243 0.023056 0.386623 0.002605 0.645529 0.000261 0.691282
76.518692 0.135300 0.023057 0.386698 0.002605 0.645909 0.000261 0.691306
77.585321 0.135356 0.023057 0.386772 0.002605 0.646284 0.000261 0.691330
78.666818 0.135411 0.023058 0.386845 0.002605 0.646655 0.000261 0.691352
79.763391 0.135466 0.023059 0.386916 0.002605 0.647021 0.000261 0.691374
80.875249 0.135519 0.023060 0.386986 0.002605 0.647382 0.000261 0.691396
82.002606 0.135572 0.023061 0.387054 0.002605 0.647738 0.000261 0.691416
83.145678 0.135624 0.023062 0.387121 0.002605 0.648090 0.000261 0.691436
84.304684 0.135676 0.023062 0.387187 0.002605 0.648438 0.000260 0.691456
85.479845 0.135727 0.023063 0.387252 0.002605 0.648781 0.000260 0.691475
86.671388 0.135776 0.023064 0.387315 0.002605 0.648866 0.000260 0.691493
87.879540 0.135826 0.023064 0.387322 0.002605 0.648879 0.000260 0.691511
89.104533 0.135874 0.023065 0.387323 0.002605 0.649070 0.000260 0.691528
90.346602 0.135922 0.023066 0.387324 0.002605 0.649391 0.000260 0.691545
91.605985 0.135935 0.023066 0.387416 0.002605 0.649707 0.000260 0.691561
92.882923 0.135938 0.023067 0.387602 0.002605 0.650019 0.000260 0.691577
94.177660 0.135942 0.023068 0.387670 0.002605 0.650327 0.000260 0.691592
95.490446 0.135945 0.023068 0.387726 0.002605 0.650610 0.000260 0.691607
96.821531 0.135949 0.023069 0.387780 0.002605 0.650755 0.000260 0.691621
98.171170 0.135952 0.023069 0.387833 0.002605 0.650897 0.000260 0.691635
99.539623 0.135955 0.023070 0.387885 0.002605 0.650937 0.000259 0.691649
100.927151 0.135958 0.023070 0.387936 0.002605 0.650946 0.000259 0.691662
102.334021 0.135961 0.023071 0.387986 0.002605 0.650956 0.000259 0.691675
103.760502 0.135964 0.023071 0.388036 0.002605 0.650966 0.000259 0.691687
105.206867 0.135967 0.023072 0.388084 0.002605 0.650975 0.000259 0.691699
106.673394 0.135970 0.023072 0.388131 0.002605 0.650983 0.000259 0.691711
108.160363 0.135973 0.023073 0.388177 0.002605 0.650992 0.000259 0.691722
109.668060 0.135975 0.023073 0.388223 0.002604 0.651000 0.000259 0.691733
111.196773 0.135978 0.023074 0.388268 0.002604 0.651008 0.000259 0.691744
112.746796 0.135980 0.023074 0.388311 0.002604 0.651016 0.000259 0.691754
114.318425 0.135982 0.023075 0.388354 0.002604 0.651024 0.000259 0.691764
115.911962 0.135985 0.023075 0.388396 0.002604 0.651031 0.000259 0.691774
117.527712 0.135987 0.023075 0.388438 0.002604 0.651038 0.000259 0.691784
119.165984 0.135989 0.023076 0.388478 0.002604 0.651045 0.000259 0.691793
120.827094 0.135991 0.023076 0.388518 0.002604 0.651051 0.000259 0.691802
122.511358 0.135993 0.023077 0.388557 0.002603 0.651058 0.000259 0.691810
124.219100 0.135995 0.023077 0.388595 0.002603 0.651064 0.000259 0.691819
125.950646 0.135997 0.023077 0.388632 0.002603 0.651070 0.000259 0.691827
127.706330 0.135999 0.023078 0.388669 0.002603 0.651076 0.000259 0.691835
129.486487 0.136001 0.023078 0.388705 0.002603 0.651082 0.000258 0.691842
131.291459 0.136003 0.023078 0.388740 0.002603 0.651087 0.000258 0.691850
133.121590 0.136004 0.023079 0.388775 0.002603 0.651263 0.000258 0.691857
134.977233 0.136006 0.023079 0.388809 0.002603 0.651437 0.000258 0.691864
136.858742 0.136008 0.023079 0.388842 0.002603 0.651609 0.000258 0.691871
138.766479 0.136009 0.023080 0.388875 0.002603 0.651779 0.000258 0.691877
140.700809 0.136011 0.023080 0.388907 0.002603 0.651946 0.000258 0.691884
142.662102 0.136012 0.023080 0.388938 0.002602 0.652111 0.000258 0.691890
144.650734 0.136014 0.023080 0.388969 0.002602 0.652273 0.000258 0.691896
146.667087 0.136015 0.023081 0.388999 0.002602 0.652433 0.000258 0.691902
148.711546 0.136017 0.023081 0.389029 0.002602 0.652590 0.000258 0.691907
150.784505 0.136018 0.023081 0.389058 0.002602 0.652746 0.000258 0.691913
152.886359 0.136019 0.023081 0.389086 0.002602 0.652899 0.000258 0.691918
155.017512 0.136020 0.023082 0.389114 0.002602 0.653050 0.000258 0.691923
157.178372 0.136022 0.023082 0.389141 0.002602 0.653198 0.000258 0.691928
159.369353 0.136023 0.023082 0.389168 0.002602 0.653345 0.000258 0.691933
161.590875 0.136024 0.023082 0.389194 0.002602 0.653489 0.000258 0.691938
163.843365 0.136025 0.023082 0.389220 0.002602 0.653631 0.000258 0.691943
166.127252 0.136026 0.023083 0.389245 0.002602 0.653771 0.000258 0.691947
168.442976 0.136027 0.023083 0.389270 0.002602 0.653909 0.000258 0.691951
170.790980 0.136028 0.023083 0.389295 0.002601 0.654045 0.000258 0.691956
173.171713 0.136029 0.023083 0.389318 0.002601 0.654179 0.000258 0.691960
175.585633 0.136030 0.023083 0.389342 0.002601 0.654311 0.000258 0.691964
178.033202 0.136031 0.023084 0.389365 0.002601 0.654442 0.000258 0.691967
180.514888 0.136032 0.023084 0.389387 0.002601 0.654570 0.000258 0.691971
183.031168 0.136033 0.023084 0.389409 0.002601 0.654696 0.000258 0.691975
185.582523 0.136034 0.023084 0.389431 0.002601 0.654821 0.000258 0.691978
188.169442 0.136053 0.023084 0.389452 0.002601 0.654943 0.000258 0.691982
190.792422 0.136078 0.023084 0.389473 0.002601 0.655064 0.000258 0.691985
193.451965 0.136102 0.023085 0.389493 0.002601 0.655183 0.000258 0.691988
196.148581 0.136125 0.023085 0.389513 0.002601 0.655301 0.000258 0.691991
198.882786 0.136148 0.023085 0.389533 0.002601 0.655416 0.000258 0.691994
201.655104 0.136171 0.023085 0.389552 0.002601 0.655530 0.000258 0.691997
204.466067 0.136194 0.023085 0.389571 0.002601 0.655642 0.000258 0.692000
207.316213 0.136216 0.023085 0.389589 0.002601 0.655753 0.000258 0.692003
210.206088 0.136238 0.023085 0.389608 0.002601 0.655827 0.000258 0.692005
213.136247 0.136260 0.023086 0.389625 0.002601 0.655879 0.000258 0.692008
216.107251 0.136281 0.023086 0.389643 0.002601 0.655930 0.000258 0.692010
219.119669 0.136302 0.023086 0.389660 0.002601 0.655981 0.000258 0.692013
222.174078 0.136322 0.023086 0.389677 0.002600 0.656030 0.000258 0.692015
225.271064 0.136343 0.023086 0.389693 0.002600 0.656079 0.000258 0.692017
228.411221 0.136363 0.023086 0.389709 0.002600 0.656126 0.000258 0.692020
231.595149 0.136383 0.023086 0.389725 0.002600 0.656173 0.000258 0.692022
234.823460 0.136402 0.023086 0.389740 0.002600 0.656219 0.000258 0.692024
238.096772 0.136421 0.023086 0.389756 0.002600 0.656264 0.000258 0.692026
241.415712 0.136440 0.023087 0.389770 0.002600 0.656309 0.000258 0.692028
244.780916 0.136459 0.023087 0.389785 0.002600 0.656352 0.000258 0.692030
248.193029 0.136477 0.023087 0.389799 0.002600 0.656395 0.000258 0.692032
251.652705 0.136495 0.023087 0.389813 0.002600 0.656437 0.000258 0.692034
255.160607 0.136513 0.023087 0.389827 0.002600 0.656478 0.000258 0.692035
258.717408 0.136531 0.023087 0.389841 0.002600 0.656519 0.000258 0.692037
262.323788 0.136548 0.023087 0.389854 0.002600 0.656559 0.000258 0.692040
265.980440 0.136565 0.023087 0.389867 0.002600 0.656598 0.000257 0.692102
269.688063 0.136582 0.023087 0.389880 0.002600 0.656636 0.000257 0.692163
273.447368 0.136598 0.023087 0.389892 0.002600 0.656674 0.000257 0.692223
277.259076 0.136615 0.023087 0.389904 0.002600 0.656711 0.000257 0.692282
281.123917 0.136631 0.023087 0.389916 0.002600 0.656747 0.000257 0.692340
285.042632 0.136647 0.023088 0.389928 0.002600 0.656783 0.000257 0.692397
289.015972 0.136662 0.023088 0.389940 0.002600 0.656818 0.000257 0.692453
293.044698 0.136678 0.023088 0.389951 0.002600 0.656853 0.000257 0.692508
297.129582 0.136693 0.023088 0.389962 0.002600 0.656886 0.000257 0.692563
301.271407 0.136708 0.023088 0.389973 0.002600 0.656920 0.000257 0.692616
305.470967 0.136722 0.023088 0.389983 0.002600 0.656952 0.000257 0.692669
309.729067 0.136737 0.023088 0.389994 0.002600 0.656984 0.000257 0.692721
314.046522 0.136751 0.023088 0.390004 0.002600 0.657016 0.000257 0.692771
318.424160 0.136765 0.023088 0.390014 0.002600 0.657047 0.000257 0.692822
322.862820 0.136779 0.023088 0.390024 0.002600 0.657077 0.000257 0.692871
327.363353 0.136793 0.023088 0.390034 0.002600 0.657107 0.000257 0.692919
331.926620 0.136806 0.023088 0.390043 0.002600 0.657136 0.000257 0.692967
336.553498 0.136819 0.023088 0.390052 0.002600 0.657165 0.000257 0.693014
341.244871 0.136832 0.023088 0.390062 0.002600 0.657193 0.000257 0.693060
346.001639 0.136845 0.023088 0.390070 0.002600 0.657221 0.000257 0.693105
350.824714 0.136858 0.023088 0.390079 0.002600 0.657248 0.000257 0.693150
355.715021 0.136870 0.023088 0.390088 0.002600 0.657275 0.000257 0.693194
360.673495 0.136883 0.023088 0.390096 0.002600 0.657301 0.000257 0.693237
365.701088 0.136895 0.023089 0.390104 0.002599 0.657327 0.000257 0.693279
370.798763 0.136907 0.023089 0.390113 0.002599 0.657353 0.000257 0.693321
375.967497 0.136919 0.023089 0.390120 0.002599 0.657377 0.000257 0.693362
381.208280 0.136930 0.023089 0.390128 0.002599 0.657402 0.000257 0.693402
386.522116 0.136942 0.023089 0.390136 0.002599 0.657426 0.000257 0.693442
391.910025 0.136953 0.023089 0.390143 0.002599 0.657449 0.000257 0.693481
397.373038 0.136953 0.023089 0.390151 0.002600 0.657473 0.000257 0.693520
402.912203 0.136953 0.023089 0.390158 0.002600 0.657495 0.000257 0.693558
408.528580 0.136953 0.023089 0.390165 0.002600 0.657518 0.000257 0.693595
414.223247 0.136953 0.023089 0.390172 0.002600 0.657540 0.000257 0.693631
419.997295 0.136953 0.023089 0.390179 0.002600 0.657561 0.000257 0.693667
425.851829 0.136953 0.023089 0.390185 0.002600 0.657582 0.000257 0.693703
431.787973 0.136954 0.023089 0.390192 0.002600 0.657603 0.000257 0.693738
437.806863 0.136954 0.023089 0.390198 0.002600 0.657624 0.000257 0.693772
443.909653 0.136954 0.023089 0.390204 0.002600 0.657644 0.000257 0.693806
450.097513 0.136954 0.023089 0.390211 0.002600 0.657663 0.000257 0.693839
456.371628 0.136954 0.023089 0.390217 0.002600 0.657683 0.000257 0.693871
462.733201 0.136954 0.023089 0.390222 0.002600 0.657702 0.000257 0.693903
469.183451 0.136954 0.023089 0.390228 0.002601 0.657720 0.000257 0.693935
475.723614 0.136954 0.023089 0.390234 0.002601 0.657739 0.000257 0.693966
482.354943 0.136954 0.023089 0.390240 0.002601 0.657757 0.000257 0.693996
489.078709 0.136954 0.023089 0.390245 0.002601 0.657774 0.000257 0.694026
495.896201 0.136955 0.023089 0.390250 0.002601 0.657792 0.000257 0.694056
502.808725 0.136955 0.023089 0.390256 0.002601 0.657809 0.000257 0.694085
509.817606 0.136955 0.023089 0.390261 0.002601 0.657825 0.000257 0.694114
516.924187 0.136955 0.023089 0.390266 0.002601 0.657842 0.000257 0.694142
524.129830 0.136955 0.023089 0.390271 0.002601 0.657858 0.000257 0.694169
531.435916 0.136955 0.023089 0.390276 0.002601 0.657874 0.000257 0.694196
538.843844 0.136955 0.023089 0.390280 0.002601 0.657889 0.000257 0.694223
546.355035 0.136955 0.023089 0.390285 0.002601 0.657905 0.000257 0.694249
553.970928 0.136955 0.023089 0.390289 0.002601 0.657920 0.000257 0.694275
561.692982 0.136955 0.023089 0.390294 0.002601 0.657934 0.000257 0.694301
569.522678 0.136955 0.023089 0.390298 0.002601 0.657949 0.000257 0.694326
577.461515 0.136955 0.023090 0.390303 0.002601 0.657963 0.000257 0.694350
585.511016 0.136955 0.023090 0.390307 0.002602 0.657977 0.000257 0.694375
593.672722 0.136955 0.023090 0.390311 0.002602 0.657991 0.000257 0.694398
601.948197 0.136956 0.023090 0.390315 0.002602 0.658004 0.000257 0.694422
610.339029 0.136956 0.023090 0.390319 0.002602 0.658017 0.000257 0.694445
618.846824 0.136956 0.023090 0.390323 0.002602 0.658030 0.000257 0.694468
627.473213 0.136956 0.023090 0.390327 0.002602 0.658043 0.000257 0.694490
636.219849 0.136956 0.023090 0.390331 0.002602 0.658056 0.000257 0.694512
645.088409 0.136956 0.023090 0.390334 0.002602 0.658068 0.000257 0.694533
654.080591 0.136956 0.023090 0.390338 0.002602 0.658080 0.000257 0.694555
663.198120 0.136956 0.023090 0.390341 0.002602 0.658092 0.000257 0.694575
672.442742 0.136956 0.023090 0.390345 0.002602 0.658103 0.000257 0.694596
681.816229 0.136956 0.023090 0.390348 0.002602 0.658115 0.000257 0.694616
691.320378 0.136956 0.023090 0.390352 0.002602 0.658126 0.000257 0.694636
700.957009 0.136956 0.023090 0.390355 0.002602 0.658137 0.000257 0.694655
710.727970 0.136956 0.023090 0.390358 0.002602 0.658148 0.000257 0.694675
720.635132 0.136956 0.023090 0.390361 0.002602 0.658159 0.000257 0.694693
730.680395 0.136956 0.023090 0.390364 0.002602 0.658169 0.000257 0.694712
740.865683 0.136956 0.023090 0.390367 0.002602 0.658179 0.000257 0.694730
751.192949 0.136956 0.023090 0.390370 0.002602 0.658189 0.000257 0.694748
761.664172 0.136956 0.023090 0.390373 0.002602 0.658199 0.000257 0.694766
772.281357 0.136956 0.023090 0.390376 0.002602 0.658209 0.000257 0.694783
783.046540 0.136956 0.023090 0.390379 0.002602 0.658219 0.000257 0.694800
793.961785 0.136956 0.023090 0.390381 0.002602 0.658228 0.000257 0.694817
805.029181 0.136956 0.023090 0.390384 0.002602 0.658237 0.000257 0.694834
816.250851 0.136956 0.023090 0.390387 0.002603 0.658246 0.000257 0.694850
827.628946 0.136956 0.023090 0.390389 0.002603 0.658255 0.000257 0.694866
839.165644 0.136957 0.023090 0.390392 0.002603 0.658264 0.000257 0.694882
850.863158 0.136957 0.023090 0.390394 0.002603 0.658272 0.000257 0.694897
862.723729 0.136957 0.023090 0.390397 0.002603 0.658281 0.000257 0.694913
874.749630 0.136957 0.023090 0.390399 0.002603 0.658289 0.000257 0.694927
886.943166 0.136957 0.023090 0.390402 0.002603 0.658297 0.000257 0.694942
899.306672 0.136957 0.023090 0.390404 0.002603 0.658305 0.000257 0.694957
911.842520 0.136957 0.023090 0.390406 0.002603 0.658313 0.000257 0.694971
924.553110 0.136957 0.023090 0.390408 0.002603 0.658320 0.000257 0.694985
937.440879 0.136957 0.023090 0.390410 0.002603 0.658328 0.000257 0.694999
950.508296 0.136957 0.023090 0.390413 0.002603 0.658335 0.000257 0.695012
963.757866 0.136957 0.023090 0.390415 0.002603 0.658343 0.000257 0.695026
977.192128 0.136957 0.023090 0.390417 0.002603 0.658350 0.000257 0.695039
990.813657 0.136957 0.023090 0.390419 0.002603 0.658357 0.000257 0.695052
1004.625062 0.136957 0.023090 0.390421 0.002603 0.658364 0.000257 0.695064
1018.628990 0.136957 0.023090 0.390423 0.002603 0.658370 0.000257 0.695077
1032.828126 0.136957 0.023090 0.390424 0.002603 0.658377 0.000257 0.695089
1047.225190 0.136957 0.023090 0.390426 0.002603 0.658384 0.000257 0.695101
1061.822941 0.136957 0.023090 0.390428 0.002603 0.658390 0.000257 0.695113
1076.624177 0.136957 0.023090 0.390430 0.002603 0.658396 0.000257 0.695125
1091.631734 0.136957 0.023090 0.390432 0.002603 0.658403 0.000257 0.695136
1106.848489 0.136957 0.023090 0.390433 0.002603 0.658409 0.000257 0.695147
1122.277356 0.136957 0.023090 0.390435 0.002603 0.658415 0.000257 0.695159
1137.921294 0.136957 0.023090 0.390437 0.002603 0.658420 0.000257 0.695170
1153.783300 0.136957 0.023090 0.390438 0.002603 0.658426 0.000257 0.695180
1169.866413 0.136957 0.023090 0.390440 0.002603 0.658432 0.000257 0.695191
1186.173716 0.136957 0.023090 0.390441 0.002603 0.658437 0.000257 0.695201
1202.708335 0.136957 0.023090 0.390443 0.002603 0.658443 0.000257 0.695211
1219.473437 0.136957 0.023090 0.390444 0.002603 0.658448 0.000257 0.695222
1236.472235 0.136957 0.023090 0.390446 0.002603 0.658453 0.000257 0.695231
1253.707987 0.136957 0.023090 0.390447 0.002603 0.658458 0.000257 0.695241
1271.183997 0.136957 0.023090 0.390449 0.002603 0.658464 0.000257 0.695251
1288.903612 0.136957 0.023090 0.390450 0.002603 0.658469 0.000257 0.695260
1306.870230 0.136957 0.023090 0.390451 0.002603 0.658473 0.000257 0.695269
1325.087292 0.136957 0.023090 0.390453 0.002603 0.658478 0.000257 0.695278
1343.558290 0.136957 0.023090 0.390454 0.002603 0.658483 0.000257 0.695287
1362.286764 0.136957 0.023090 0.390455 0.002603 0.658488 0.000257 0.695296
1381.276303 0.136957 0.023090 0.390456 0.002603 0.658492 0.000257 0.695305
1400.530545 0.136957 0.023090 0.390458 0.002603 0.658497 0.000257 0.695313
1420.053182 0.136957 0.023090 0.390459 0.002603 0.658501 0.000257 0.695322
1439.847953 0.136957 0.023090 0.390460 0.002603 0.658505 0.000257 0.695330
1459.918652 0.136957 0.023090 0.390461 0.002603 0.658509 0.000257 0.695338
1480.269127 0.136957 0.023090 0.390462 0.002603 0.658514 0.000257 0.695346
1500.903276 0.136957 0.023090 0.390463 0.002603 0.658518 0.000257 0.695354
1521.825053 0.136957 0.023090 0.390464 0.002603 0.658522 0.000257 0.695362
1543.038469 0.136957 0.023090 0.390466 0.002603 0.658526 0.000257 0.695369
1564.547589 0.136957 0.023090 0.390467 0.002603 0.658529 0.000257 0.695377
1586.356534 0.136957 0.023090 0.390468 0.002603 0.658533 0.000257 0.695384
1608.469483 0.136957 0.023090 0.390469 0.002603 0.658537 0.000257 0.695391
1630.890676 0.136957 0.023090 0.390470 0.002603 0.658541 0.000257 0.695398
1653.624407 0.136957 0.023090 0.390471 0.002603 0.658544 0.000257 0.695405
1676.675035 0.136957 0.023090 0.390471 0.002603 0.658548 0.000257 0.695412
1700.046975 0.136957 0.023090 0.390472 0.002603 0.658551 0.000257 0.695419
1723.744708 0.136957 0.023090 0.390473 0.002603 0.658554 0.000257 0.695426
1747.772774 0.136957 0.023090 0.390474 0.002604 0.658558 0.000257 0.695432
1772.135779 0.136957 0.023090 0.390475 0.002604 0.658561 0.000257 0.695439
1796.838391 0.136957 0.023090 0.390476 0.002604 0.658564 0.000257 0.695445
1821.885343 0.136957 0.023090 0.390477 0.002604 0.658567 0.000257 0.695451
1847.281437 0.136957 0.023090 0.390478 0.002604 0.658571 0.000257 0.695457
1873.031539 0.136957 0.023090 0.390478 0.002604 0.658574 0.000257 0.695463
1899.140582 0.136957 0.023090 0.390479 0.002604 0.658577 0.000257 0.695469
1925.613572 0.136957 0.023090 0.390480 0.002604 0.658580 0.000257 0.695475
1952.455581 0.136957 0.023090 0.390481 0.002604 0.658582 0.000257 0.695481
1979.671753 0.136957 0.023090 0.390481 0.002604 0.658585 0.000257 0.695486
2007.267304 0.136957 0.023090 0.390482 0.002604 0.658588 0.000257 0.695492
2035.247521 0.136957 0.023090 0.390483 0.002604 0.658591 0.000257 0.695497
2063.617768 0.136957 0.023090 0.390484 0.002604 0.658593 0.000257 0.695503
2092.383480 0.136957 0.023090 0.390484 0.002604 0.658596 0.000257 0.695508
2121.550171 0.136957 0.023090 0.390485 0.002604 0.658599 0.000257 0.695513
2151.123430 0.136957 0.023090 0.390486 0.002604 0.658601 0.000257 0.695518
2181.108924 0.136957 0.023090 0.390486 0.002604 0.658604 0.000257 0.695523
2211.512400 0.136957 0.023090 0.390487 0.002604 0.658606 0.000257 0.695528
2242.339683 0.136957 0.023090 0.390488 0.002604 0.658609 0.000257 0.695533
2273.596682 0.136957 0.023090 0.390488 0.002604 0.658611 0.000257 0.695538
2305.289387 0.136957 0.023090 0.390489 0.002604 0.658613 0.000257 0.695542
2337.423871 0.136957 0.023090 0.390489 0.002604 0.658616 0.000257 0.695547
2370.006292 0.136957 0.023090 0.390490 0.002604 0.658618 0.000257 0.695552
2403.042894 0.136957 0.023090 0.390490 0.002604 0.658620 0.000257 0.695556
2436.540009 0.136957 0.023090 0.390491 0.002604 0.658622 0.000257 0.695560
2470.504055 0.136957 0.023090 0.390492 0.002604 0.658624 0.000257 0.695565
2504.941542 0.136957 0.023090 0.390492 0.002604 0.658626 0.000257 0.695569
2539.859069 0.136957 0.023090 0.390493 0.002604 0.658628 0.000257 0.695573
2575.263327 0.136957 0.023090 0.390493 0.002604 0.658630 0.000257 0.695577
2611.161101 0.136957 0.023090 0.390494 0.002604 0.658632 0.000257 0.695581
2647.559271 0.136957 0.023090 0.390494 0.002604 0.658634 0.000257 0.695585
2684.464811 0.136957 0.023090 0.390495 0.002604 0.658636 0.000257 0.695589
2721.884795 0.136957 0.023090 0.390495 0.002604 0.658638 0.000257 0.695593
2759.826392 0.136957 0.023090 0.390496 0.002604 0.658640 0.000257 0.695597
2798.296876 0.136957 0.023090 0.390496 0.002604 0.658642 0.000257 0.695601
2837.303617 0.136957 0.023090 0.390496 0.002604 0.658643 0.000257 0.695604
2876.854090 0.136957 0.023090 0.390497 0.002604 0.658645 0.000257 0.695608
2916.955876 0.136957 0.023090 0.390497 0.002604 0.658647 0.000257 0.695611
2957.616659 0.136957 0.023090 0.390498 0.002604 0.658649 0.000257 0.695615
2998.844231 0.136957 0.023090 0.390498 0.002604 0.658650 0.000257 0.695618
3040.646493 0.136957 0.023090 0.390499 0.002604 0.658652 0.000257 0.695622
3083.031457 0.136957 0.023090 0.390499 0.002604 0.658653 0.000257 0.695625
3126.007243 0.136957 0.023090 0.390499 0.002604 0.658655 0.000257 0.695628
3169.582089 0.136957 0.023090 0.390500 0.002604 0.658656 0.000257 0.695631
3213.764344 0.136957 0.023090 0.390500 0.002604 0.658658 0.000257 0.695634
3258.562476 0.136957 0.023090 0.390500 0.002604 0.658659 0.000257 0.695638
3303.985070 0.136957 0.023090 0.390501 0.002604 0.658661 0.000257 0.695641
3350.040830 0.136957 0.023090 0.390501 0.002604 0.658662 0.000257 0.695644
3396.738582 0.136957 0.023090 0.390502 0.002604 0.658664 0.000257 0.695647
3444.087276 0.136957 0.023090 0.390502 0.002604 0.658665 0.000257 0.695649
3492.095985 0.136957 0.023090 0.390502 0.002604 0.658666 0.000257 0.695652
3540.773909 0.136957 0.023090 0.390502 0.002604 0.658668 0.000257 0.695655
3590.130377 0.136957 0.023090 0.390503 0.002604 0.658669 0.000257 0.695658
3640.174847 0.136957 0.023090 0.390503 0.002604 0.658670 0.000257 0.695661
3690.916911 0.136957 0.023090 0.390503 0.002604 0.658672 0.000257 0.695663
3742.366291 0.136957 0.023090 0.390504 0.002604 0.658673 0.000257 0.695666
3794.532847 0.136957 0.023090 0.390504 0.002604 0.658674 0.000257 0.695668
3847.426577 0.136957 0.023090 0.390504 0.002604 0.658675 0.000257 0.695671
3901.057617 0.136957 0.023090 0.390505 0.002604 0.658676 0.000257 0.695673
3955.436245 0.136957 0.023090 0.390505 0.002604 0.658678 0.000257 0.695676
4010.572881 0.136957 0.023090 0.390505 0.002604 0.658679 0.000257 0.695678
4066.478092 0.136957 0.023090 0.390505 0.002604 0.658680 0.000257 0.695681
4123.162591 0.136957 0.023090 0.390506 0.002604 0.658681 0.000257 0.695683
4180.637241 0.136957 0.023090 0.390506 0.002604 0.658682 0.000257 0.695685
4238.913057 0.136957 0.023090 0.390506 0.002604 0.658683 0.000257 0.695688
4298.001206 0.136957 0.023090 0.390506 0.002604 0.658684 0.000257 0.695690
4357.913012 0.136957 0.023090 0.390507 0.002604 0.658685 0.000257 0.695692
4418.659956 0.136957 0.023090 0.390507 0.002604 0.658686 0.000257 0.695694
4480.253680 0.136957 0.023090 0.390507 0.002604 0.658687 0.000257 0.695696
4542.705986 0.136957 0.023090 0.390507 0.002604 0.658688 0.000257 0.695698
4606.028844 0.136957 0.023090 0.390508 0.002604 0.658689 0.000257 0.695700
4670.234388 0.136957 0.023090 0.390508 0.002604 0.658690 0.000257 0.695702
4735.334923 0.136957 0.023090 0.390508 0.002604 0.658691 0.000257 0.695704
4801.342924 0.136957 0.023090 0.390508 0.002604 0.658692 0.000257 0.695706
4868.271040 0.136957 0.023090 0.390508 0.002604 0.658692 0.000257 0.695708
4936.132098 0.136957 0.023090 0.390509 0.002604 0.658693 0.000257 0.695710
5004.939103 0.136957 0.023090 0.390509 0.002604 0.658694 0.000257 0.695712
5074.705239 0.136957 0.023090 0.390509 0.002604 0.658695 0.000257 0.695714
5145.443878 0.136957 0.023090 0.390509 0.002604 0.658696 0.000257 0.695716
5217.168576 0.136957 0.023090 0.390509 0.002604 0.658697 0.000257 0.695717
5289.893076 0.136957 0.023090 0.390510 0.002604 0.658697 0.000257 0.695719
5363.631317 0.136957 0.023090 0.390510 0.002604 0.658698 0.000257 0.695721
5438.397428 0.136957 0.023090 0.390510 0.002604 0.658699 0.000257 0.695722
5514.205739 0.136957 0.023090 0.390510 0.002604 0.658700 0.000257 0.695724
5591.070777 0.136957 0.023090 0.390510 0.002604 0.658700 0.000257 0.695726
5669.007271 0.136957 0.023090 0.390510 0.002604 0.658701 0.000257 0.695727
5748.030158 0.136957 0.023090 0.390511 0.002604 0.658702 0.000257 0.695729
5828.154581 0.136957 0.023090 0.390511 0.002604 0.658702 0.000257 0.695730
5909.395895 0.136957 0.023090 0.390511 0.002604 0.658703 0.000257 0.695732
5991.769669 0.136957 0.023090 0.390511 0.002604 0.658704 0.000257 0.695733
6075.291689 0.136957 0.023090 0.390511 0.002604 0.658704 0.000257 0.695735
6159.977960 0.136957 0.023090 0.390511 0.002604 0.658705 0.000257 0.695736
6245.844712 0.136957 0.023090 0.390512 0.002604 0.658706 0.000257 0.695738
6332.908400 0.136957 0.023090 0.390512 0.002604 0.658706 0.000257 0.695739
6421.185709 0.136957 0.023090 0.390512 0.002604 0.658707 0.000257 0.695740
6510.693555 0.136957 0.023090 0.390512 0.002604 0.658707 0.000257 0.695742
6601.449093 0.136957 0.023090 0.390512 0.002604 0.658708 0.000257 0.695743
6693.469713 0.136957 0.023090 0.390512 0.002604 0.658709 0.000257 0.695744
6786.773051 0.136957 0.023090 0.390512 0.002604 0.658709 0.000257 0.695746
6881.376986 0.136957 0.023090 0.390512 0.002604 0.658710 0.000257 0.695747
6977.299650 0.136957 0.023090 0.390513 0.002604 0.658710 0.000257 0.695748
7074.559423 0.136957 0.023090 0.390513 0.002604 0.658711 0.000257 0.695749
7173.174944 0.136957 0.023090 0.390513 0.002604 0.658711 0.000257 0.695751
7273.165113 0.136957 0.023090 0.390513 0.002604 0.658712 0.000257 0.695752
7374.549090 0.136957 0.023090 0.390513 0.002604 0.658712 0.000257 0.695753
7477.346305 0.136957 0.023090 0.390513 0.002604 0.658713 0.000257 0.695754
7581.576458 0.136957 0.023090 0.390513 0.002604 0.658713 0.000257 0.695755
7687.259522 0.136957 0.023090 0.390513 0.002604 0.658714 0.000257 0.695756
7794.415750 0.136957 0.023090 0.390514 0.002604 0.658714 0.000257 0.695757
7903.065679 0.136957 0.023090 0.390514 0.002604 0.658715 0.000257 0.695759
8013.230128 0.136957 0.023090 0.390514 0.002604 0.658715 0.000257 0.695760
8124.930211 0.136957 0.023090 0.390514 0.002604 0.658716 0.000257 0.695761
8238.187331 0.136957 0.023090 0.390514 0.002604 0.658716 0.000257 0.695762
8353.023195 0.136957 0.023090 0.390514 0.002604 0.658717 0.000257 0.695763
8469.459808 0.136957 0.023090 0.390514 0.002604 0.658717 0.000257 0.695764
8587.519485 0.136957 0.023090 0.390514 0.002604 0.658717 0.000257 0.695765
8707.224849 0.136957 0.023090 0.390514 0.002604 0.658718 0.000257 0.695766
8828.598841 0.136957 0.023090 0.390514 0.002604 0.658718 0.000257 0.695766
8951.664721 0.136957 0.023090 0.390514 0.002604 0.658719 0.000257 0.695767
9076.446073 0.136957 0.023090 0.390515 0.002604 0.658719 0.000257 0.695768
9202.966809 0.136957 0.023090 0.390515 0.002604 0.658719 0.000257 0.695769
9331.251175 0.136957 0.023090 0.390515 0.002604 0.658720 0.000257 0.695770
9461.323756 0.136957 0.023090 0.390515 0.002604 0.658720 0.000257 0.695771
9593.209478 0.136957 0.023090 0.390515 0.002604 0.658720 0.000257 0.695772
9726.933615 0.136958 0.023090 0.390515 0.002604 0.658721 0.000257 0.695773
9862.521795 0.136958 0.023090 0.390515 0.002604 0.658721 0.000257 0.695773
10000.000000 0.136958 0.023090 0.390515 0.002604 0.658721 0.000257 0.695774
