0.001000 4649506011958048980992.000000 215067887505944544.000000 159291687666811671767154688.000000 1667406159027134.500000 3004164002640332932551540736.000000 84831121575484.703125 5554829453898469121789526016.000000
0.001038 4615560228759011328000.000000 219632570141380224.000000 152483135115851812629905408.000000 1728479086963176.750000 2851443231604711688673165312.000000 87439660287895.859375 5263497703701523814164725760.000000
0.001077 4566332846451059064832.000000 224294100198336320.000000 145965575699203077768740864.000000 1791786256947053.250000 2706485715983629754652688384.000000 90153540837409.625000 4987444078286158851265789952.000000
0.001117 4514817684610152398848.000000 229054542427203360.000000 139726575421958852643389440.000000 1857414825896228.000000 2568896925970775420300165120.000000 92938195177908.125000 4725868009137790641265180672.000000
0.001159 4463883125922974924800.000000 232298845512372544.000000 133754219558122416441917440.000000 1925447784076010.500000 2438302141069612095077613568.000000 95803153758499.906250 4478009818183285668055089152.000000
0.001203 4413522784274259378176.000000 234346047548724064.000000 127943035827651305512370176.000000 1995970041360251.000000 2314345951309175260306210816.000000 98768515171749.421875 4243150087668867000390647808.000000
0.001248 4363730828727081238528.000000 236410844546801920.000000 121780771611591761392041984.000000 2069077151169272.250000 2196690936310964878676328448.000000 101819197043368.171875 4020607394570633689889243136.000000
0.001296 4314500366430665441280.000000 238493601411380896.000000 115915264734448656156983296.000000 2144860061747918.750000 2081529770825222336362315776.000000 104965351388456.750000 3809735760569858066342739968.000000
0.001344 4262562480185659097088.000000 240594583548398688.000000 110332279743905106113855488.000000 2223418461443464.500000 1972161540594133880000217088.000000 108212522230733.875000 3609922951642981715379486720.000000
0.001395 4187609969594165362688.000000 242715016160068192.000000 105018173313287675743043584.000000 2304856648348590.500000 1871906256173427717281153024.000000 111544630074190.875000 3420589163226737200567681024.000000
0.001448 4125831785331541147648.000000 244853389418143296.000000 99960018318968779020697600.000000 2389274596971834.000000 1776747049731923378880643072.000000 114991731181021.359375 3241184770612737485859454976.000000
0.001502 4078691766541827964928.000000 247010360285073632.000000 95145476088457475324379136.000000 2476786643305360.000000 1686424881907275221883158528.000000 118553437715991.984375 3071189090674501057748402176.000000
0.001559 4032089532932438360064.000000 253490897716255456.000000 90562822088215171610705920.000000 2567503488119860.000000 1600479039358635643429191680.000000 122218302772575.203125 2910108665972154835752976384.000000
0.001617 3986018816543517835264.000000 262069375839747968.000000 86400498524120066501378048.000000 2661541846207255.500000 1516081022168976515013804032.000000 125991603781310.546875 2757475969652890212587536384.000000
0.001678 3940473621742057684992.000000 270938076334673984.000000 82210027575888246705487872.000000 2759025421372629.000000 1436133267278607865480216576.000000 129889075322462.718750 2612848023088645770542317568.000000
0.001742 3912403022309204951040.000000 280106812038702688.000000 78555998270967462655688704.000000 2860077643174156.000000 1360401276770457168709156864.000000 133896739760184.125000 2475805013142893664611074048.000000
0.001807 3889437231905508950016.000000 289400352180655616.000000 75064365385715836644229120.000000 2964832679824968.000000 1288662703331925962971414528.000000 138036798576357.328125 2345949124220209092980899840.000000
0.001875 3851709917146490339328.000000 294224788276217728.000000 71727909378837537773060096.000000 3073423329847675.500000 1220706864042319411561889792.000000 142297150641503.281250 2222903485484783903000494080.000000
0.001946 3808251651370406379520.000000 298653895475567360.000000 68539736971803396260495360.000000 3185992532535249.000000 1156334420213694130301173760.000000 146699549852534.781250 2106310942000084885704802304.000000
0.002019 3765283281166463926272.000000 302073453596086080.000000 65493257779889444533305344.000000 3302682510999446.500000 1095356352788261071298232320.000000 151231885716665.781250 1995833052021828410771767296.000000
0.002095 3722799060276434960384.000000 305532067943492352.000000 62582171189752385591312384.000000 3423648354535673.000000 1037593729104898883068100608.000000 155906770611639.750000 1891149182275055272597651456.000000
0.002174 3680794183094955409408.000000 309030187857978560.000000 59800463815722670646886400.000000 3549042673626822.000000 982876938894084507187544064.000000 160724269108919.875000 1791955456238285468347662336.000000
0.002256 3635430442460113797120.000000 315331321077385024.000000 57142384004928099502260224.000000 3679030990815143.000000 931045433796324359713849344.000000 165684697317298.531250 1697963931030223485321347072.000000
0.002341 3566108996311538204672.000000 325232212501319040.000000 54562388984358235709374464.000000 3813778376850072.000000 881947062309068045021085696.000000 170808957567141.125000 1608901829911756235320852480.000000
0.002430 3505340318460351610880.000000 337183465386667584.000000 51872125293643039433031680.000000 3953461780397652.500000 835437673509899736212045824.000000 176083504080472.718750 1524510618178559013076074496.000000
0.002521 3438804052989968908288.000000 347741768109256064.000000 49314503739313608047198208.000000 4098261142046001.500000 791380756162032016742678528.000000 181530530749178.437500 1444545333860032979467763712.000000
0.002616 3373530033478907723776.000000 353488507374703232.000000 46882986917977530740768768.000000 4248363800149430.000000 749647024761380408628609024.000000 187138559159878.375000 1368773886356132559715303424.000000
0.002715 3309495292225655406592.000000 359330819555755008.000000 44571347718725208379490304.000000 4403963393459374.500000 710113972448257407226740736.000000 192918800467080.718750 1296976316645167436723650560.000000
0.002817 3246675125541835112448.000000 365269796638741376.000000 42373689101654242443132928.000000 4565261394704763.000000 672665529322193728443514880.000000 198879720929326.093750 1228944238806902125098958848.000000
0.002923 3185047617567595167744.000000 371306347022327616.000000 40284385440851236411670528.000000 4732466797761226.000000 637191789677592192799997952.000000 205028365861014.000000 1164480166894122752580517888.000000
0.003033 3124589379472613441536.000000 377443253271849472.000000 38298090390581264032727040.000000 4905796323246980.000000 603588645074862060286771200.000000 211363145833825.906250 1103396990112400812890128384.000000
0.003148 3065278727791738093568.000000 387062945082650368.000000 36409729129943337936093184.000000 5085473209107547.000000 571547565368320653267042304.000000 217890959312531.937500 1045517398826590529212383232.000000
0.003266 3007093413630138384384.000000 398452775254493184.000000 34614476563905091540615168.000000 5271730285478193.000000 540993992776966400863371264.000000 224626021568587.093750 990673382989180623864725504.000000
0.003389 2950012022319620292608.000000 410177625645160704.000000 32974050955386403061497856.000000 5464808669771133.000000 512073517684957606798426112.000000 231567242186680.468750 938705756219780261176410112.000000
0.003517 2894014054037970223104.000000 420290897626509504.000000 31506102841047933828202496.000000 5664957707403709.000000 484698853709395959507582976.000000 238724365469778.812500 889463660870663824696410112.000000
0.003650 2839078801385551560704.000000 427176456167252672.000000 30103492407428388155817984.000000 5872437044509441.000000 458787380392532755389349888.000000 246098587645350.468750 842804165822588433314349056.000000
0.003787 2785186243318753787904.000000 434174778458970560.000000 28763311579215765562195968.000000 6087514966728221.000000 434260893828445659121844224.000000 253703654941434.531250 798591827402773895911047168.000000
0.003930 2757362828850170953728.000000 441287668684428160.000000 27514320871085964498305024.000000 6310469325122962.000000 411045370026376246520184832.000000 261545363202914.593750 756698311729883165401022464.000000
0.004078 2746099051219135758336.000000 448517024183804416.000000 26275145941590145734017024.000000 6541588843089287.000000 389117480710178278754746368.000000 269627162204842.187500 717002006731393152290127872.000000
0.004232 2702350588001910784000.000000 455540268012206016.000000 25090173428705067876220928.000000 6781171783332146.000000 368625391577827786197303296.000000 277956973049585.000000 679387683153370511170338816.000000
0.004391 2631603932855568171008.000000 463332738193722176.000000 23981625287417552563077120.000000 6998809625320998.000000 349212340674866720156942336.000000 286547037128541.750000 643746155354313239123984384.000000
0.004557 2562709154421664645120.000000 470922994651750144.000000 22923868483935916550782976.000000 7203369083373395.000000 330821508516432207732015104.000000 295401050054421.937500 609973961863195369494544384.000000
0.004728 2495618605634368307200.000000 478637509961745088.000000 21912748142934199187275776.000000 7467595272569398.000000 313399074526835333438373888.000000 304529509485599.437500 577973065283160783460499456.000000
0.004906 2435510506241909063680.000000 486478326386634880.000000 20946208277025750287122432.000000 7741512819841919.000000 296894047293222926296285184.000000 313937950455860.250000 547650574318852017257185280.000000
0.005091 2392962926069317894144.000000 491344649808948160.000000 20022283474993649930993664.000000 8007319482546509.000000 281258121677658418663391232.000000 323640028158991.375000 518918465200236859402223616.000000
0.005283 2379129143903402852352.000000 495412928864383872.000000 19139094917593858591162368.000000 8257663451873845.000000 266445536927891624837513216.000000 333641889993974.750000 491693331139136664379588608.000000
0.005482 2318253776201733898240.000000 506016925231359296.000000 18294846697074091228135424.000000 8515830805096436.000000 252412939737809051029864448.000000 343951124643011.250000 465896140039284467395723264.000000
0.005689 2255769489506240299008.000000 516847417818215744.000000 17487822054549333022343168.000000 8763369449296968.000000 239119259357461992748089344.000000 354579482720652.500000 441452004617405783485710336.000000
0.005903 2212945526952836464640.000000 527650009473755136.000000 16697553774956259556982784.000000 9003905835079016.000000 226525590085392962957606912.000000 365535965241407.500000 418289964562255046886031360.000000
0.006126 2170934084304932962304.000000 536293032755225216.000000 15911226430198540398493696.000000 9250495766978826.000000 214595071736361025634566144.000000 376830007303376.500000 396342780235405858359476224.000000
0.006356 2120421808020026818560.000000 545077491797719040.000000 15202746532853406526078976.000000 9503558247865010.000000 203292788152491302665060352.000000 388474860337437.625000 375546740015234440035827712.000000
0.006596 2079980516385506721792.000000 554005704837219072.000000 14523595434409939515211776.000000 9762978092120880.000000 192585658112691975846100992.000000 400477866973921.812500 355841471328776003048701952.000000
0.006844 2049622420193413169152.000000 563080018593618560.000000 13802084680080523215765504.000000 10030845539223634.000000 182442345166946480789913600.000000 412852895983939.562500 337169769304757639080574976.000000
0.007102 2010709938238991892480.000000 572302794257449600.000000 13107948185180362124558336.000000 10304806295166728.000000 172833161481823115693522944.000000 425610327869232.375000 319477428656035882187358208.000000
0.007370 1972535766573873889280.000000 581676482536392448.000000 12444293519180200497119232.000000 10587330552096376.000000 163729982799082579977830400.000000 438762726712297.875000 302713086286627119801827328.000000
0.007648 1940930233824219758592.000000 591203522724485504.000000 11814233673744035109404672.000000 10876692068081482.000000 155106164576683824762585088.000000 452321446988015.250000 286828073397177991248740352.000000
0.007936 1934079717598191681536.000000 600886423282692864.000000 11216068131045159263535104.000000 11174409655703468.000000 146936467135204513271513088.000000 466297614027325.687500 271776273416080223409012736.000000
0.008235 1873119530760625192960.000000 610727712647037568.000000 10661591921193143150575616.000000 11480490703839708.000000 139196978568596914790465536.000000 480705676242037.812500 257513987756833366591143936.000000
0.008545 1836009546515189334016.000000 621031009870327808.000000 10143149525493485339148288.000000 11794503019908816.000000 131865045708196749244366848.000000 495560469653545.125000 243999809946532814484668416.000000
0.008867 1817828170502171787264.000000 630895862900404352.000000 9649910595007820943327232.000000 12117389034148652.000000 124919209325419278918221824.000000 510872806873763.812500 231194505034113807726673920.000000
0.009201 1799824681308720201728.000000 641228005838635136.000000 9180649979910699746328576.000000 12448877841368160.000000 118339139126795329144356864.000000 526659206358890.062500 219060895604217927119667200.000000
0.009548 1781997280602998439936.000000 649677586010825216.000000 8725183186994076021948416.000000 12789758317642752.000000 112105575752351449652133888.000000 542932935659137.625000 207563753779157657276383232.000000
0.009908 1764344185324799524864.000000 656549406264370048.000000 8291706125969626740293632.000000 13139725561348630.000000 106200273484360624245833728.000000 559709882888247.750000 196669699485028182397026304.000000
0.010281 1746863629071569125376.000000 663493691632786688.000000 7879762055402499828875264.000000 13499298833486042.000000 100605947984691405613170688.000000 577005478674183.375000 186347102801738897586913280.000000
0.010669 1729553861567039406080.000000 670511201762296704.000000 7517041046364313440223232.000000 13868729809650504.000000 95306224266607031215980544.000000 594834602975365.500000 176565992912557698587820032.000000
0.011071 1712413150755773480960.000000 677602709539486848.000000 7155151763541617765515264.000000 14248351170210384.000000 90285590173824012750159872.000000 613215978355557.875000 167297970616884831761465344.000000
0.011488 1695439776201415589888.000000 684768973811183232.000000 6807172935124969177743360.000000 14638548583137270.000000 85529349830867356087222272.000000 632163862462862.375000 158516126141248029042147328.000000
0.011921 1678632036074774593536.000000 692218937221134336.000000 6476111233620138440785920.000000 15038865205604392.000000 81023581531873005268893696.000000 651698364615120.250000 150194960901920168005861376.000000
0.012370 1661988243331954245632.000000 701666329454917248.000000 6161144323985651653410816.000000 15450639430934728.000000 76755096425575561304211456.000000 671834957006564.750000 142310313648315612929196032.000000
0.012836 1645525669160492466176.000000 706724119047048704.000000 5861489824152021406580736.000000 15873539871964912.000000 72711400119596490512400384.000000 692594974972744.375000 134839290098412636438790144.000000
0.013320 1640115365979321270272.000000 714197257464346496.000000 5576403379303572561723392.000000 16307824264780956.000000 68880656146611856956456960.000000 713995934865711.875000 127760196746336329812410368.000000
0.013822 1634720280300455198720.000000 721749110522701184.000000 5305176826667490013609984.000000 16754389648514114.000000 65251651144214368212746240.000000 736058985797701.625000 121052477681166930164056064.000000
0.014343 1629340281901217480704.000000 730262529665229440.000000 5047136424550116150476800.000000 17212660627372232.000000 61813762365634862506835968.000000 758803203364915.375000 114696655146308162979627008.000000
0.014883 1623975238815348686848.000000 739132831668979584.000000 4801641180115385578422272.000000 17683895585937904.000000 58556926302424145814618112.000000 782249716267989.750000 108674272760315838661132288.000000
0.015444 1618625017826786934784.000000 746861773159665024.000000 4568081259826025785720832.000000 18167859947535872.000000 55471609298510486066692096.000000 806421666535905.625000 102967842116570022468911104.000000
0.016026 1613289480959047499776.000000 754671134802169856.000000 4345876470205197561364480.000000 18665001912994696.000000 52548779762891755089821696.000000 831339989571733.500000 97560791996325986788442112.000000
0.016630 1607968489868024086528.000000 762561734483430912.000000 4134474824807379330138112.000000 19175983602748428.000000 49779881629227409177837568.000000 857027852734785.250000 92437420178701591141941248.000000
0.017256 1602661901755874541568.000000 772228212093052416.000000 3933351170336257048838144.000000 19700685426321084.000000 47156809330306907165949952.000000 883509507759876.250000 87582848003941318313115648.000000
0.017907 1588951644662563340288.000000 784124325210722176.000000 3742005879303260371681280.000000 20239962060307744.000000 44671884081138382344814592.000000 910810296991873.000000 82982977073171075577151488.000000
0.018581 1553242145029774114816.000000 796203581908880768.000000 3559963606652037281873920.000000 20793806644280416.000000 42317831421760198773047296.000000 938953983688836.750000 78624448379517644140707840.000000
0.019281 1518334185487134359552.000000 808468780469664896.000000 3386772118966712089444352.000000 21362872391197424.000000 40087759986464596303020032.000000 967967137729002.000000 74494603533628497654185984.000000
0.020008 1490128304753916248064.000000 820922776432362240.000000 3222001164500653460946944.000000 21947501595259008.000000 37975141177017900220809216.000000 997876751872845.500000 70581447992271553335132160.000000
0.020762 1455470494359831707648.000000 833568469425851392.000000 3065241407789556347961344.000000 22548239879750700.000000 35973790230142851651469312.000000 1028710723054165.750000 66873616268840057048137728.000000
0.021544 1427923436508928540672.000000 846408832684127488.000000 2916103406421570324791296.000000 23165277746001336.000000 34077848000008951460528128.000000 1060497176773258.000000 63360338954194618964508672.000000
0.022356 1388551862892112904192.000000 859446813123046912.000000 2774216652097031369654272.000000 23799373458250964.000000 32281763859762694743654400.000000 1093265857304726.500000 60031411417296387803447296.000000
0.023199 1356438162009825738752.000000 872685508465833472.000000 2638539852587939533946880.000000 24450696715497648.000000 30580279450846833007394816.000000 1127047148232727.750000 56877164221790057664610304.000000
0.024073 1354567915679438340096.000000 886127924171582208.000000 2503684794148139911086080.000000 25119929106252048.000000 28968413306523559019937792.000000 1161872069095879.250000 53888435040338015034540032.000000
0.024980 1352695503329359298560.000000 899777212882574336.000000 2375816635557832944517120.000000 25807338454693648.000000 27441446232377615928262656.000000 1197772845895215.000000 51056542067758468480106496.000000
0.025921 1350820762617684164608.000000 913636571372742912.000000 2268715628604774668042240.000000 26513630194221312.000000 25994907537260799709937664.000000 1234783141428936.250000 48373258822796624774823936.000000
0.026898 1347506649495252762624.000000 923493779266180096.000000 2161796645078529053032448.000000 27239266953237448.000000 24624561938262571492573184.000000 1272936728910488.500000 45830790267728205239549952.000000
0.027911 1334071750635015634944.000000 932744736033289472.000000 2056586307223299746168832.000000 27984816627436004.000000 23326397146702499782066176.000000 1312269145508989.750000 43421750169521132706725888.000000
0.028963 1320765831428115791872.000000 942087432273071744.000000 1956491782852519305150464.000000 28750695954225068.000000 22096612162881006195441664.000000 1352816735739485.750000 41139139682217920097681408.000000
0.030055 1307587520522505945088.000000 951522731712622336.000000 1861264376949789004136448.000000 29537550034301020.000000 20931606105728885880520704.000000 1394617157742781.500000 38976327018409082503561216.000000
0.031187 1294535457376880820224.000000 961051507845879552.000000 1770667483509291814486016.000000 30345941723057572.000000 19827967721678684295266304.000000 1437709120154081.500000 36927028203130705489690624.000000
0.032362 1281608292239036383232.000000 970674636331428608.000000 1684475996755829966503936.000000 31176489578096528.000000 18782465357190790161367040.000000 1482132398587567.750000 34985288826324691196051456.000000
0.033582 1268804685927523549184.000000 980392998847192832.000000 1602475755357039268724736.000000 32029667725760124.000000 17792037542342394831175680.000000 1527928074631109.000000 33145466770473472183238656.000000
0.034847 1260367145755633778688.000000 990207485600475008.000000 1524463006693450202480640.000000 32910147634580600.000000 16853783995094002783223808.000000 1575138754641068.500000 31402215826484479496552448.000000
0.036160 1256126928514790719488.000000 1000118988384171648.000000 1450243903761695230656512.000000 33830456286251228.000000 15964957158555787208949760.000000 1623808136070491.500000 29750470175535859798900736.000000
0.037523 1240179324639718408192.000000 1010128409833854080.000000 1379634021608544624705536.000000 34776359612586568.000000 15122954148458438020038656.000000 1673981134115096.750000 28185429686675754918608896.000000
0.038937 1235636776105113812992.000000 1022942037806158976.000000 1312457901230343321550848.000000 35748560013674360.000000 14325309134833553382572032.000000 1725703968741470.750000 26702545980219039162564608.000000
0.040404 1217699553044887764992.000000 1032176150984914688.000000 1248548611884529391501312.000000 36747778547168592.000000 13569686131513775292940288.000000 1779025032694285.500000 25297509227284464568107008.000000
0.041927 1203403573816347328512.000000 1041492231885001472.000000 1187747338063502722990080.000000 37774755364210904.000000 12853872155937276621225984.000000 1833993248019164.250000 23966235637848087707254784.000000
0.043507 1201682014856185905152.000000 1056703203003511680.000000 1129902983810587832614912.000000 38830250176996152.000000 12175770750311587198795776.000000 1890659814928672.500000 22704855608449749842132992.000000
0.045146 1183640599778196193280.000000 1077084740193226240.000000 1074871798576943036628992.000000 39915042734246840.000000 11533395851386195049185280.000000 1949076941402983.500000 21509702486203793275879424.000000
0.046847 1158916443453623631872.000000 1101023365446705664.000000 1022517019228609928232960.000000 41029933284895552.000000 10924865972476019579289600.000000 2009298787140659.500000 20377301929397485490405376.000000
0.048612 1147905467839982600192.000000 1125485893214704256.000000 972708530986489646940160.000000 42175743074246280.000000 10348398701515065958334464.000000 2071381139741705.000000 19304361818344328076984320.000000
0.050444 1146522768474653851648.000000 1150483294187608192.000000 925322544036130846670848.000000 43353314830963088.000000 9802305479745396543586304.000000 2135381459634622.750000 18287762700524736726695936.000000
0.052345 1145133367027944259584.000000 1176026738515600384.000000 882895549149775717728256.000000 44563513262800552.000000 9284983419475031631069184.000000 2201358850938413.000000 17324548735492029918740480.000000
0.054317 1143736978462548819968.000000 1197957482988694784.000000 844078597676670304387072.000000 45807225573651648.000000 8794203804895180706807808.000000 2269374479738056.500000 16411919113100402939133952.000000
0.056364 1142333307612126248960.000000 1224512573975597312.000000 803044640152265628319744.000000 47085361969500304.000000 8329323130959016744714240.000000 2339491163222655.500000 15547219924738794271539200.000000
0.058488 1140922048986293862400.000000 1251645498116757504.000000 763040612164956925722624.000000 48398856180781096.000000 7888975424422139171700736.000000 2411774019239343.500000 14727936457692858984431616.000000
0.060692 1139502886382445002752.000000 1266058166677591808.000000 730678908740248767823872.000000 49748665991290776.000000 7471866744111538680889344.000000 2486289746763408.500000 13951685895731230363615232.000000
0.062979 1138075492414752555008.000000 1262482666590643456.000000 699682326508288776077312.000000 51135773771115280.000000 7076771383091240579891200.000000 2563107374200278.000000 13216210402197293286555648.000000
0.065352 1100225519392922009600.000000 1268703474640122880.000000 669993331916505895403520.000000 52561187017696472.000000 6702528270620144818978816.000000 2642297912041793.500000 12519370564705406129537024.000000
0.067815 1062770756553316892672.000000 1297014165126794752.000000 641556816084089075400704.000000 54025938893869208.000000 6348037564109432037572608.000000 2723934734829057.000000 11859139185390024292040704.000000
0.070370 1036704219187351912448.000000 1325942688376177152.000000 614319992646201677709312.000000 55531088785156088.000000 6012257420275340311265280.000000 2808093421947346.500000 11233595394806078630789120.000000
0.073022 1006757487841792229376.000000 1355501680368688384.000000 588232299858329316884480.000000 57077722849246552.000000 5694200936802588079161344.000000 2894851561260504.500000 10640919076195761708335104.000000
0.075774 983171265583665512448.000000 1385703983352728064.000000 562955628297897920954368.000000 58666954575324488.000000 5392933255018814185144320.000000 2984289728041822.500000 10079385581359326874828800.000000
0.078629 949669835129405177856.000000 1416562645788379648.000000 538154592864585012740096.000000 60299925344339216.000000 5107568816370513667424256.000000 3076490468274153.500000 9547360723948613956272128.000000
0.081592 940872227187778387968.000000 1443019457390248448.000000 514440307653227831099392.000000 61977804991865104.000000 4837268761914145337507840.000000 3171539222533626.000000 9043296034836704795820032.000000
0.084666 934915121280276758528.000000 1480302272061180416.000000 491765203823577828163584.000000 63701792372371336.000000 4581238470320335160868864.000000 3269523734905697.500000 8565724266942120467628032.000000
0.087857 928987192119033593856.000000 1512724260640738816.000000 470083794483967067947008.000000 65473115929472640.000000 4338725224781079814078464.000000 3370534759670798.500000 8113255135361962967302144.000000
0.091167 923088045752467324928.000000 1536002049801656832.000000 449352583570635324653568.000000 67293034253644656.000000 4109016003957339306590208.000000 3474665717920630.500000 7684571281094691338059776.000000
0.094603 917217284214198108160.000000 1568525639794799616.000000 429529978735849665200128.000000 69162836655706232.000000 3891435387944708643749888.000000 3582012858471376.000000 7278424446292650612490240.000000
0.098168 911374505480691253248.000000 1603600863310018560.000000 410218831765064944451584.000000 71083843722324232.000000 3685343576348799751159808.000000 3692675582256535.000000 6893631850426409508929536.000000
0.101867 905559303209647996928.000000 1608782113753720576.000000 389024986252417525874688.000000 73057407879220560.000000 3490134509391018683531264.000000 3806756121626723.000000 6529072755955276556795904.000000
0.105705 899771266691030712320.000000 1632737197236266752.000000 372006379799429666308096.000000 75084913945369856.000000 3305234089062976400130048.000000 3924359949983026.000000 6183685214711151845179392.000000
0.109688 894009980620781387776.000000 1668264177572045056.000000 354930211354523945926656.000000 77167779679660864.000000 3130098493543187889520640.000000 4045595865135522.500000 5856462984284698392395776.000000
0.113822 888275024971924766720.000000 1712715005729509632.000000 337965190568014996570112.000000 79307456324672192.000000 2964212580777894728433664.000000 4170575984914422.500000 5546452606796532543389696.000000
0.118111 882565974842414333952.000000 1758338435193442048.000000 320798107113575768129536.000000 81505429136840240.000000 2807088376186309334532096.000000 4299415877029151.500000 5252750640258608005120000.000000
0.122561 874420675148818022400.000000 1805164626772226304.000000 304502034645744734961664.000000 83763217909436992.000000 2658263639929719818813440.000000 4432234560714354.000000 4974501035524463177760768.000000
0.127180 860758398982585188352.000000 1853224466273517312.000000 289032795593302024912896.000000 86082377479843856.000000 2517300510005434077151232.000000 4569154852563250.000000 4710892650638516343013376.000000
0.131972 862684075616045629440.000000 1902549578369404160.000000 274348452959784603222016.000000 88464498224536384.000000 2383784216681277961535488.000000 4710303336504178.000000 4461156895618430243176448.000000
0.136945 859980151554780168192.000000 1935691285890177536.000000 260409196454658875326464.000000 90911206536631104.000000 2257321864773395248316416.000000 4855810503000253.000000 4224565500633219587899392.000000
0.142105 850126206023517601792.000000 1963506233287240704.000000 247177234869412983472128.000000 93424165283004816.000000 2137541280261094869303296.000000 5005810746164527.000000 4000428401385403620261888.000000
0.147460 826710811754101080064.000000 1991718475409743104.000000 234616693524827081801728.000000 96005074242102912.000000 2024089917449090138898432.000000 5160442736612989.000000 3788091735270239376506880.000000
0.153017 803937957084520382464.000000 2020333558827572480.000000 222693517145772677660672.000000 99340757584969936.000000 1916633824065495119167488.000000 5319849380535396.000000 3586935942687972996939776.000000
0.158783 781789988963095805952.000000 2052118969390873600.000000 211375377596019093012480.000000 102910371180635840.000000 1814856660688908327059456.000000 5484177913185926.000000 3396373967872487424262144.000000
0.164766 760249739119857631232.000000 2097642156665532416.000000 202140179887325517447168.000000 106607538067311664.000000 1718458772012182318088192.000000 5653580229194937.000000 3215849554141928476377088.000000
0.170975 739300510663349895168.000000 2119060421719429376.000000 193397506833886170054656.000000 109736306344661680.000000 1627156307010156291424256.000000 5828212753321474.000000 3044835628515211515789312.000000
0.177417 718926065557921071104.000000 2140694547229774080.000000 185027118817926883311616.000000 112743192946544624.000000 1540680385566557010395136.000000 6008236784495092.000000 2882832771030650831503360.000000
0.184103 699110611507955630080.000000 2164645741821992704.000000 177013216737431922933760.000000 115830201337105472.000000 1458776309005495578918912.000000 6193818646570596.000000 2729367764388665274400768.000000
0.191040 679838790144434503680.000000 2200802911686077952.000000 169340672114930413993984.000000 118999316594321792.000000 1381202812229716868595712.000000 6385129732178775.000000 2583992219606547198640128.000000
0.198239 664290960290040643584.000000 2255532050827994624.000000 161994998642132360626176.000000 122252562981258320.000000 1307731355328447344803840.000000 6582346621243049.000000 2446281273776989360095232.000000
0.205709 650364344273328799744.000000 2272513334199627520.000000 154962324931463260143616.000000 125592004018979024.000000 1238145452560905416998912.000000 6785651503715131.000000 2315832356114773439414272.000000
0.213460 636724711592379285504.000000 2296946410110852352.000000 148229368423607217160192.000000 129019742504851152.000000 1172240036653373004447744.000000 6995232011115365.000000 2192264018717936816488448.000000
0.221504 625521059598280163328.000000 2357907624452306944.000000 141007339490620913745920.000000 132537920461914288.000000 1109820856678296548540416.000000 7211281607885906.000000 2075214828644451345235968.000000
0.229851 627608563878934085632.000000 2427363852890371072.000000 133695429110601208561664.000000 136148719021138048.000000 1050703907663034986790912.000000 7433999687292134.000000 1964342318095643256553472.000000
0.238512 629676602987629248512.000000 2485221280980048896.000000 128023960386532756422656.000000 139854358228495104.000000 994714890262286534967296.000000 7663591821467456.000000 1859321989655148487507968.000000
0.247499 631723968178320965632.000000 2523038796313252864.000000 121713926569312928137216.000000 143657096768422352.000000 941688698947356973858816.000000 7900269807144720.000000 1759846373699746824978432.000000
0.256826 633749405334798860288.000000 2603525554550305280.000000 115480204167466167828480.000000 147559231603911872.000000 891468937164749640040448.000000 8144252044657224.000000 1665624135238670140571648.000000
0.266503 635751613640676212736.000000 2622400551018865152.000000 109564583835323902984192.000000 151563097517471168.000000 843907458070693495701504.000000 8395763579004455.000000 1576379227596422947799040.000000
0.276546 637729244233700081664.000000 2641402652141508096.000000 103950851834642130010112.000000 155400887725036832.000000 798863929472010376183808.000000 8655036348112835.000000 1491850090482425126715392.000000
0.286967 639680898851322068992.000000 2660532270775038976.000000 98623620580659221757952.000000 157824960525930272.000000 756205421728564999356416.000000 8922309456831521.000000 1411788890108858801848320.000000
0.297780 630785840376256135168.000000 2679789799460034560.000000 94128921723719540277248.000000 160632062027021472.000000 715806017359411203276800.000000 9197829353119686.000000 1335960799169773029031936.000000
0.309001 631151860707464970240.000000 2704480010723819008.000000 90105866967959132438528.000000 166241556927896832.000000 677546441260689308778496.000000 9481849995875974.000000 1264143314572331196612608.000000
0.320645 634626228463832530944.000000 2722610224728479744.000000 86250946925785268617216.000000 169192788365289696.000000 641313710400356342562816.000000 9774633180020326.000000 1196125610952531533365248.000000
0.332727 629831341192038187008.000000 2740848717919222272.000000 82557170768340932624384.000000 171677774252676384.000000 607000801998872516755456.000000 10076448679785464.000000 1131707928096473863946240.000000
0.345265 608255512938377379840.000000 2763897772214805504.000000 79017838566870758719488.000000 175488451576829472.000000 574506339205794813181952.000000 10387574577973064.000000 1070700990483033936101376.000000
0.358275 587416781654669787136.000000 2803471000055816704.000000 75626529195935123111936.000000 180290257571888064.000000 543734293342812523986944.000000 10708297465738160.000000 1012925457270940979167232.000000
0.371776 567289962417399463936.000000 2843601323622401536.000000 72377088738933218476032.000000 185223416394164768.000000 514593701856977652547584.000000 11038912714305790.000000 958211401129592499470336.000000
0.385785 551585694617389694976.000000 2864398137259772416.000000 69263619375983268724736.000000 190291512990939328.000000 486998401139515192246272.000000 11379724730346356.000000 906397814400868499324928.000000
0.400322 532207749028675190784.000000 2884229484996883456.000000 66108625805044701200384.000000 195498239621479200.000000 460866773441386890919936.000000 11731047266620832.000000 857332141160555731746816.000000
0.415407 513506707167523897344.000000 2904182676538441728.000000 62717070057955473227776.000000 200847378475505152.000000 436121507125386002038784.000000 12093203652001622.000000 810869833817407596003328.000000
0.431060 495458921123262431232.000000 2942771581044452352.000000 59498730054802064015360.000000 206342826812801696.000000 412689369565398759899136.000000 12466527091311726.000000 766873932968494297513984.000000
0.447304 484847400644336812032.000000 3023453666280461312.000000 56444771973337815449600.000000 213047769548661984.000000 390500992022822378274816.000000 12851361046871298.000000 725214669285179059601408.000000
0.464159 485351756690816237568.000000 3096494061328894464.000000 53546812332774703235072.000000 220355101383664672.000000 369490665860855702224896.000000 13248059381797958.000000 685769086278658011693056.000000
0.481649 485824478081012269056.000000 3191329157829508096.000000 51226429397156568760320.000000 226646078294585440.000000 349596149509958437699584.000000 13656986872135796.000000 648420682847553178304512.000000
0.499799 486264321830126944256.000000 3249908075321460224.000000 49127797545336255283200.000000 233283307710629248.000000 331979752205066847649792.000000 14078519355285724.000000 613059074571068875210752.000000
0.518632 484481034436122771456.000000 3281821560345015296.000000 47111640565977779798016.000000 241280040366616448.000000 315626612982704691478528.000000 14513044196118280.000000 579579672764412237709312.000000
0.538175 487040221551690121216.000000 3304758439744439808.000000 44767766501391989735424.000000 249541846922919040.000000 300059135733004280791040.000000 14960960547784138.000000 547883380364759619600384.000000
0.558455 487373607234311487488.000000 3333702629425090048.000000 42572215298198683516928.000000 254768619523609568.000000 285239920612713259073536.000000 15422679754739062.000000 517876303765275020361728.000000
0.579498 474829623747075178496.000000 3418590136334967296.000000 40666303590597344100352.000000 260289025545977728.000000 271133346396153680232448.000000 15898625708535212.000000 489469479760197110988800.000000
0.601335 479635958387421872128.000000 3509669093178820608.000000 38659777838399222710272.000000 269608489961974496.000000 257492363779103975800832.000000 16389235187993626.000000 462578616809528351522816.000000
0.623994 483756760011098095616.000000 3610001451971717120.000000 36749462013107861716992.000000 278844006389692800.000000 243293146124165213847552.000000 16894958320733928.000000 437123849871082743922688.000000
0.647508 475142821679589949440.000000 3712875627490930688.000000 34930793554578509922304.000000 288808594967031424.000000 229860945616976148955136.000000 17416258887655716.000000 413029508089009835868160.000000
0.671907 479186745613965328384.000000 3818334212813394432.000000 33199426048473413189632.000000 299116408130849280.000000 217154705923786791714816.000000 17953614813801380.000000 390223894664809984032768.000000
0.697226 483222402328424808448.000000 3926418982024637440.000000 31551218989276747268096.000000 309778314320559424.000000 205135563002486477291520.000000 18507518549042156.000000 368639078270831224160256.000000
0.723499 487247430076824223744.000000 4037170754485706240.000000 29904128762375779123200.000000 316368634980050304.000000 193766728120768032407552.000000 19078477503367196.000000 348210695402529763622912.000000
0.750762 488539844554475896832.000000 4150629250823816704.000000 28277120120204726108160.000000 324731024722686144.000000 183013377113449937502208.000000 19667014492047496.000000 328877763093837280968704.000000
0.779052 489860826642304794624.000000 4260160950931273728.000000 26737632067036077096960.000000 332669600773495232.000000 172842545545627494776832.000000 20273668219232268.000000 310582501454209240530944.000000
0.808408 488356763305053323264.000000 4327540416046235136.000000 25412522392598299541504.000000 343619411669446464.000000 163223029467535334440960.000000 20898993706828496.000000 293270165510552551424000.000000
0.838870 488184729778742820864.000000 4395848221981636096.000000 24319545300402122522624.000000 354910406153208320.000000 154125291461916254797824.000000 21543562807457260.000000 276888885867397509021696.000000
0.870480 487788310370201042944.000000 4482983496432380928.000000 23200058895950516584448.000000 366551846486941888.000000 145521371702459218526208.000000 22207964696427040.000000 261389517721911139762176.000000
0.903282 482774943735498080256.000000 4550627560402787840.000000 22033400924878739079168.000000 378553147625345088.000000 137384803755337136996352.000000 22892806384488004.000000 246725497796399858712576.000000
0.937319 470779367841229832192.000000 4606392166116656640.000000 20923113371757027786752.000000 385946938464709952.000000 129690534871552594280448.000000 23598713232797040.000000 232852708772684131991552.000000
0.972639 455218958909324197888.000000 4678461555163083776.000000 19866521079247840215040.000000 397058204291062720.000000 122414850529885331390464.000000 24326329501989168.000000 219729350835308492488704.000000
1.009290 440165420717324697600.000000 4751481018891024384.000000 18861075621169493704704.000000 410036394008429440.000000 115535303004285172711424.000000 25076318923449316.000000 207315819950669125648384.000000
1.047322 425602227151475245056.000000 4825453359663727616.000000 17904349295453547790336.000000 423410538175589632.000000 109030643740785533517824.000000 25849365234187736.000000 195574592529144951603200.000000
1.086787 421947693773262094336.000000 4900380781470486528.000000 16994029401172000899072.000000 438061047639974080.000000 102880759340895312019456.000000 26646172790715116.000000 184470116135516107702272.000000
1.127740 425756940670759075840.000000 5012036997009067008.000000 16148091884307140837376.000000 448254308981521728.000000 97080758277824562855936.000000 27467467169339552.000000 173968705930730839998464.000000
1.170235 425934483400189739008.000000 5118449287761254400.000000 15416088239576801345536.000000 453266555188726144.000000 91717453268883454558208.000000 28313995768885184.000000 164038446544641025114112.000000
1.214332 408923870988081692672.000000 5192507140187129856.000000 14715294263971602759680.000000 458318415328797952.000000 86641976485869703397376.000000 29186528466942664.000000 154649099095107663036416.000000
1.260090 393713435058090541056.000000 5267360974579251200.000000 14044414533510813974528.000000 463409366531194176.000000 81839096106425400688640.000000 30085858256343944.000000 145772013083854383349760.000000
1.307573 377981351692169379840.000000 5343004426911769600.000000 13402207616782879948800.000000 472765214418052928.000000 77294383525334127476736.000000 31012801927753192.000000 137380042913646588723200.000000
1.356845 365551219620601200640.000000 5419430151755167744.000000 12787483816818982780928.000000 487665548827647744.000000 72994171023732422737920.000000 31968200737008336.000000 129447468784692435615744.000000
1.407973 357935835687411580928.000000 5451655640527166464.000000 12199103006451529940992.000000 502978187889469312.000000 68925511667067870248960.000000 32952921145587508.000000 121949921740982681862144.000000
1.461028 349638798077851205632.000000 5558651086265409536.000000 11635972553262913028096.000000 518710580301632832.000000 65076141314322900975616.000000 33967855513907680.000000 114864312649318932676608.000000
1.516083 336743217545969336320.000000 5653311717952072704.000000 11024285013688876793856.000000 534870023113878784.000000 61360356858742626582528.000000 35013922859481372.000000 108168764905161865822208.000000
1.573212 325854116960564346880.000000 5732771655446344704.000000 10427048116596313686016.000000 551463635809329280.000000 57835023146505887285248.000000 36092069616318624.000000 101842550670300236742656.000000
1.632493 317098377858080243712.000000 5812960599876359168.000000 9860891983324628647936.000000 568498332845615808.000000 54503564378619921825792.000000 37203270427510880.000000 95866030457570667266048.000000
1.694009 306089348343005249536.000000 5893864204783361024.000000 9350428633096388608000.000000 585980794626084608.000000 51355589351707712159744.000000 38348528936251776.000000 90220595887599509307392.000000
1.757842 297706212022715154432.000000 5961000023356142592.000000 8858990688877062127616.000000 603917436877696384.000000 48381259459566699020288.000000 39528878611957576.000000 84888615451695247261696.000000
1.824081 296331668736646840320.000000 6049091011849097216.000000 8386515416414099079168.000000 622314378417789952.000000 45571259301201501487104.000000 40745383601960592.000000 79853383123826599002112.000000
1.892816 294139701814674817024.000000 6138067526298990592.000000 7938817236029192273920.000000 641177407299850112.000000 42973258880041107849216.000000 41999139599169416.000000 75099069672770806743040.000000
1.964141 284818029992540733440.000000 6134934758319355904.000000 7553284229310570299392.000000 660511945334918784.000000 40524818301573125898240.000000 43291274714850912.000000 70610676533451795988480.000000
2.038154 281095330108593471488.000000 6119838384911385600.000000 7212104317609331130368.000000 680103008435246976.000000 38209972824977619025920.000000 44622950408538912.000000 66373992103839413567488.000000
2.114955 277976303158494789632.000000 6125138619034583040.000000 6819656291686830571520.000000 686205513539159680.000000 36021613642423843422208.000000 45995362410764776.000000 62375550340812932907008.000000
2.194651 268725057565061677056.000000 6166241403469852672.000000 6488530166987470405632.000000 692344822208629248.000000 33953007455666429755392.000000 47409741681093024.000000 58602591535056461758464.000000
2.277350 259715133418504683520.000000 6103467237335486464.000000 6181835729053250748416.000000 698520289226634624.000000 31997776635438066302976.000000 48867355384452448.000000 55043025151350083158016.000000
2.363165 251692413780704002048.000000 6007169405410896896.000000 5888186143148556156928.000000 713893674636874624.000000 30149880427261286416384.000000 50369507904648384.000000 51685394626556775628800.000000
2.452213 244429027947636260864.000000 5932299409500673024.000000 5607066308297453731840.000000 726568461976640128.000000 28403597148534308077568.000000 51917541862495784.000000 48518844023304513126400.000000
2.544617 236197037242215792640.000000 5973214364560150528.000000 5338428779238775586816.000000 727401755892701952.000000 26753507324705848164352.000000 53512839169232880.000000 45533086442642349228032.000000
2.640503 228970986791460896768.000000 6045901814615702528.000000 5087522412004199366656.000000 728198143058891264.000000 25194477715089577213952.000000 55156822111214064.000000 42718374104071877427200.000000
2.740003 223669380200668135424.000000 6082160022008175616.000000 4847142642447087042560.000000 729913880263240960.000000 23721646181495219421184.000000 56850954447966000.000000 40065470006088093925376.000000
2.843251 228373363286331392000.000000 5905723338412216320.000000 4616883558677037449216.000000 736289864104116992.000000 22330407355313098326016.000000 58596742543055496.000000 37565621084935585529856.000000
2.950391 228739742417326178304.000000 5734397274869926912.000000 4396354851540378320896.000000 742696001770943104.000000 21016399061045670313984.000000 60395736515185400.000000 35210532793550909734912.000000
3.061567 226349511316274118656.000000 5653423066326336512.000000 4191294790572388122624.000000 756629549028486400.000000 19775489456502749528064.000000 62249531432002680.000000 32992345026716881649664.000000
3.176933 221223152658661572608.000000 5588253730779090944.000000 3999841112621690388480.000000 771500447369207936.000000 18603764851964056174592.000000 64159768511992360.000000 30903609322301472899072.000000
3.296646 215491349519154905088.000000 5478042450023631872.000000 3818512055877495685120.000000 786459962598520064.000000 17497518172625975640064.000000 66128136362616392.000000 28937267272068427153408.000000
3.420870 207088065688919080960.000000 5556174157084042240.000000 3649032755865585188864.000000 797679453978105216.000000 16453238030519475634176.000000 68156372251882368.000000 27086630078985338355712.000000
3.549775 200822720140067995648.000000 5711322558600748032.000000 3470133857798477316096.000000 816597950365983488.000000 15467598373882536394752.000000 70246263404068016.000000 25345359201192541945856.000000
3.683537 198828168652964823040.000000 5717390732958025728.000000 3307580472935557627904.000000 831751311090107520.000000 14537448683663343484928.000000 72399648322467712.000000 23707448025865930145792.000000
3.822340 196387055145578889216.000000 5681172239820962816.000000 3124167828631987945472.000000 846943059760392576.000000 13625617592681140060160.000000 74618418145475296.000000 22167204519102348525568.000000
3.966373 191429925314329378816.000000 5643562130714478592.000000 2974236007546423345152.000000 860788561006435712.000000 12760418595671350706176.000000 76904518037795808.000000 20719234800700597731328.000000
4.115834 188344387258711048192.000000 5689629853484659712.000000 2804057971652317675520.000000 871052869424375424.000000 11946251659693959151616.000000 79259948605391504.000000 19358427595299667050496.000000
4.270926 182351730661313839104.000000 5819680810347369472.000000 2650330416661823225856.000000 872609568744548736.000000 11180296241991129235456.000000 81686767350067152.000000 18079939513789670490112.000000
4.431863 182293243183851110400.000000 5900091937399086080.000000 2514951111152854630400.000000 870147447636075008.000000 10459881793021638868992.000000 84187090150831824.000000 16879181121224416690176.000000
4.598864 180829894037068218368.000000 6003152466790261760.000000 2385628136634886127616.000000 869588206389828736.000000 9782479788379440414720.000000 86763092786971376.000000 15751803749662915035136.000000
4.772158 180110313852316909568.000000 6161023067884252160.000000 2249366620847990636544.000000 870494833909314688.000000 9145696189763983245312.000000 89417012491926304.000000 14693687016440213798912.000000
4.951983 177890775913324838912.000000 6309313646846333952.000000 2118669369954646097920.000000 891865550600140032.000000 8547264312234754441216.000000 92151149544304224.000000 13700927010332028698624.000000
5.138583 174519009811550863360.000000 6473314935294273536.000000 1994818697597163143168.000000 913431856611758080.000000 7985038076167162167296.000000 94967868897496400.000000 12769825109944496553984.000000
5.332215 171825958631749386240.000000 6614672203332403200.000000 1880344996346831568896.000000 935175682517399936.000000 7467018384945449009152.000000 97869601849390096.000000 11896877400421503598592.000000
5.533143 166004493333255585792.000000 6635710183123316736.000000 1788407627616583942144.000000 957077830752626944.000000 7017644991739201585152.000000 100858847755540544.000000 11078764656240642490368.000000
5.741642 162944272204140150784.000000 6839964603297169408.000000 1693594122338438217728.000000 979117978379925120.000000 6592885067703127113728.000000 103938175777401200.000000 10312342859458182905856.000000
5.957999 157620096404705247232.000000 7004966500596718592.000000 1586375745700059414528.000000 1001274684675226880.000000 6191508869931477237760.000000 107110226687132208.000000 9594634224277664038912.000000
6.182508 152839280159548899328.000000 7162896703863014400.000000 1489464880660089667584.000000 1023525403757181824.000000 5812344550760792457216.000000 110377714709477376.000000 8922818700254928437248.000000
6.415476 145170706121105063936.000000 7334392387831979008.000000 1414718573630968561664.000000 1041942276054932864.000000 5454275404474862272512.000000 113743429423147472.000000 8294225927824849502208.000000
6.657224 144314854796850692096.000000 7383883529741198336.000000 1333283612425064022016.000000 1043510162716007296.000000 5116237251052509855744.000000 117210237708394544.000000 7706327621143547084800.000000
6.908081 138372790972666183680.000000 7358274202906766336.000000 1252469683677509451776.000000 1037339812227362560.000000 4773202695784845279232.000000 120781085756727904.000000 7156730354489320538112.000000
7.168391 131494551255749181440.000000 7472907604003107840.000000 1178151428227068198912.000000 1031106499670982272.000000 4445294651001969049600.000000 124459001138374944.000000 6643168729660783591424.000000
7.438510 128122257375792758784.000000 7552198375613483008.000000 1106731737730883911680.000000 1024808651232083840.000000 4138079449021572710400.000000 128247094936893216.000000 6163498902955481890816.000000
7.718807 124846971764989886464.000000 7779417126076771328.000000 1034669635289511100416.000000 1018444702327489920.000000 3850367833064815460352.000000 132148563955527888.000000 5715692451409241833472.000000
8.009667 122763194621971054592.000000 8012027084205864960.000000 970353226831388999680.000000 1012013101230841088.000000 3581033270823409942528.000000 136166692996705312.000000 5297830559029226635264.000000
8.311487 120945324309199880192.000000 8174430749894006784.000000 914397645137763237888.000000 1005512312948933760.000000 3329008774588349808640.000000 140304857226347216.000000 4908098504765677240320.000000
8.624680 118692902860522733568.000000 8292311233233498112.000000 861261889708349980672.000000 998940823356536064.000000 3093283889578082041856.000000 144566524630548544.000000 4544780434939145879552.000000
8.949674 112678664548713857024.000000 8413125490394598400.000000 812334575939186589696.000000 992297143599779968.000000 2872901841116878340096.000000 148955258566756384.000000 4206254403776250118144.000000
9.286915 109169676797322100736.000000 8603867485254070272.000000 763487797142994812928.000000 985579814772294016.000000 2666956831782389940224.000000 153474720427250496.000000 3890987666606548058112.000000
9.636864 106724591385086115840.000000 8811690480045885440.000000 719938286391266377728.000000 978787412872093824.000000 2474591480090642087936.000000 158128672418718368.000000 3597532211140365910016.000000
10.000000 103032014727348846592.000000 8899466319784933376.000000 681357656150347350016.000000 971918554044124928.000000 2294994392717448970240.000000 162920980474449792.000000 3324520513081312804864.000000
