-0.001810054124005216 0.49293110760932723 3.10171596137975 1.3330908404295996
-0.001851898485468055 0.46496702948270735 2.9845796648453193 2.691782417535553
0.004334618001726023 0.6014221262723739 3.1250958572772434 1.6775231297107296
-0.0029401660215468872 0.39174505320630854 3.058270814618398 2.065342479856493
0.006773529416614384 0.06229083015657447 2.8949712671760865 2.9652660951335807
-0.002477315207814218 0.43121463632929824 3.0724896689406425 2.223334950774558
0.00314516070642918 0.2915284438417667 3.4428833786137805 2.60169115074967
0.0028241549247007454 0.12892779744922728 3.1640587734045837 1.7072610836755209
-0.0015840198212409198 0.34206930738389796 3.0758945078641236 2.13719624170993
0.0014646027552984364 0.00530311433383578 3.11069717701666 1.5321477976497384
0.006035498420622478 0.5224077146783938 3.3094570844227413 1.6728479315937717
-0.00924787994750518 0.36297988195811604 3.2608978039655394 1.310351195297034
0.006454453891711735 0.46688477473083906 3.2534496058276114 2.79452932809854
0.0012181517612289746 0.5620621866856275 2.966473786337389 1.4618158269056565
-0.008601088653607609 0.11439284014981421 3.2109368303844272 1.6757866373236507
-0.00030986320107958924 0.5890495792802263 3.26015948084986 1.429016651788095
-0.0005345102313460554 0.5820877502965336 3.246399697243113 1.3757702869640482
-0.0010180360604976056 0.6450063080624612 3.205396525265326 1.8392993962582884
0.00027252165034984815 0.09489749479807214 3.273461932420679 1.6560693660473143
0.00986200373114969 0.4840562367519201 3.318436010607403 2.9034681244000824
-0.0048177625580854795 0.23473616446498152 2.9494949456755877 2.7406359122054518
0.004261452709650323 0.31318177396537017 3.051556969781959 1.1194216399857972
-0.0027602649132434775 0.13723962982255727 3.187250641434558 2.016541961385027
-0.001938062576146341 0.6746833717245003 3.293082559088309 2.2762855039514305
0.004585208371802435 0.1838455234685292 3.319031265703522 1.8042979796687446
0.00787865376761964 0.10135898408986432 3.2098638227680945 1.4660620851781445
-0.00462238045195959 0.286198341191228 3.298314841347969 1.3065752426783555
-0.008747670869815264 0.12769297750326025 3.213269664965548 2.7591869607314865
-0.002512094410883887 0.49177865433724816 3.1157657612205885 1.7207812934064104
-0.007720251977747181 0.5004081638943269 2.897181043747841 2.911239426832938
0.009351905155158463 0.43713161225134073 2.8761117919487362 1.2395686639124677
0.002931438178877216 0.5034915315319831 3.417098540992172 2.0847682914647985
0.00961259209291402 0.2348463027829546 3.40637781730307 1.9683450983348119
0.003731900490483616 0.6490515799538249 3.0882591419019 2.0411219171389616
-0.007115508505573763 0.6258874856863722 2.981549732152412 1.6740054774905013
0.0051192582107033036 0.15339682088528306 3.427104932056826 1.3759103955955643
0.0001659947408722282 0.24554242371379875 3.219980967397291 1.7441652012375402
-4.737895547853206e-06 0.6886536793027977 2.9176622969634898 2.125124245130416
0.007616034726487563 0.005375164582467951 3.272451051020432 1.866494200199481
-0.009773872569653895 0.12286661442416594 3.2634718040512904 2.715484243104752
0.0013360216291890697 0.3743583876171922 3.2252352379489366 2.969385137722589
-0.0017134072889464945 0.5245760881913466 3.2397452827435815 1.8666217185771274
0.005439211406535187 0.3481271952217595 2.932249473816268 1.1043057940014624
-0.008767918239325382 0.3210960958276988 3.088317166648028 2.268875296321604
-0.008477402140180081 0.6454694768644962 3.170774623423673 1.8067387187934352
-0.00040179481816418616 0.2754439872351379 3.449661897482031 2.4763118715960393
0.0064325538412475574 0.576383347743158 3.3068367104570253 2.8546125601300547
-0.00827698042207883 0.34229877253675994 3.2955764207285787 2.439837156187034
-0.002957460257331651 0.6171027189730408 2.905423527645946 2.5473867151490275
-0.004663712616146152 0.5797161198435054 3.1942216111819977 2.328698918282576
0.004053411011458589 0.5740064356352796 3.0260882101015874 1.242956989886796
-0.009129052052520643 0.36835614309374853 3.1189265019508823 2.2806512362956677
0.008906304277124157 0.5526068156668404 2.956744724335005 1.1400766641311793
-0.009966798714221166 0.06915396801883564 3.270230250160174 2.928345377821615
0.005696378743261005 0.2016504367632042 3.0333149146479905 2.765310470286068
-0.002683027048083743 0.5425825574719184 3.252932404119983 1.9947432724599
-0.0039494239781192614 0.05209168352482921 3.0015678093525966 2.9178946161423536
-0.004898854471480227 0.21014086450508368 3.1609650558658346 2.90439627494936
-0.003813031983638226 0.25003488003011654 2.891379328864007 2.776793261062873
0.001951794554498094 0.3393240984184149 3.4197718174673915 1.1941805744788585
0.008399630560929426 0.47032872860811126 3.237963107040674 2.8714914203226036
-0.003904036112111568 0.2366657537328427 3.2480806075498037 2.8570756592003343
-0.0090193639306352 0.6910822007598302 3.129978477946068 1.9816137574285888
0.005398590011005241 0.08122833782079791 2.919553420956662 2.9415451244450814
-0.007334640525500133 0.34311860601068 3.233695917677239 2.8107225204883806
0.004910576253759093 0.4327511199769905 3.017766333353695 1.0508152860598596
0.007761863199366428 0.3580495481735533 3.3152637644074003 1.1102930085868803
-0.004671818425047992 0.6958429267134251 2.8974614760870576 2.0771129420981467
-0.001953544179152787 0.23081093094645827 3.1595608672215962 1.6437466535632697
-0.00034161640583575356 0.024623605543773464 2.93704481765276 2.7932405368286406
-4.387687110519827e-05 0.5729042988011429 3.314809149526936 1.4491560183789944
0.009741700494353633 0.3571944332347958 3.321185452708854 2.1730718681786176
-0.0020498262432093878 0.6555095366587842 2.9865572121190427 1.8018677420279143
0.0008311302737068677 0.578067277502701 3.068843733841756 2.2906553852024
0.002560773148880433 0.4042678828669161 3.2179505376240667 2.723022781425688
0.00555718519001187 0.3328202201813881 3.14371566749333 1.4191169321826635
0.006656800337159392 0.6321614541789756 3.074649336925736 1.6694137520706824
-0.004609201722991906 0.5850151984573382 3.3125362081950556 2.3969265368058967
-0.002990252759810321 0.3623982988563884 3.111554171642541 1.7230285423004068
0.009918518432324736 0.5055074238877313 3.1926601050148364 2.0777596347201603
-0.004634743238044787 0.3889338263183586 3.4124191051832504 1.7299697245670498
0.00997002557281593 0.326503934937672 3.31891801116624 2.179644676728721
-0.0035096030739301468 0.6358024216412493 3.0982318352987996 2.892234119900989
-0.0034500799715508935 0.5656995484808403 2.995520688769076 2.2100752083112836
0.00829463163355764 0.361597591896457 3.3721590509300117 2.043206363397591
-0.007993935051651559 0.3664638681818546 3.468349500553369 2.9225469223010547
0.0025771849515679687 0.06121432972514795 3.0815661408899775 2.896659850937843
-0.008900315039384526 0.14395360694269838 3.2380143022376093 2.2736435329248788
-0.0020074453881919465 0.35079155602640394 3.1095956522587014 2.2358245766250096
-0.0033192495989131125 0.4876407015368184 3.0805043940813532 1.5030768439289468
-0.006221480940033974 0.44205869905915535 3.3355371739668596 2.8558211978698353
0.0053034212116464564 0.48594605478232844 3.1096471894855844 1.75702985969751
0.0042484602978242365 0.225795556914286 3.1370008028556 2.2403711993891933
0.009012633339850543 0.25212420812874103 3.0984402538551254 2.1329455912475637
-0.00020108375712128874 0.5139562277783533 3.0069927868835613 1.7543238556258294
0.0003984877268167781 0.15096306991271902 3.343509005103005 1.8146406760435427
0.008589435495471384 0.692605929974456 3.362615027555201 1.5793181617741194
0.0044710804824877924 0.007986745969292885 3.40242896316902 1.9114098013834195
-0.009787187413112755 0.5959468911223285 3.0204559056581424 2.1971583458216397
0.004231733155727334 0.2846816660079178 3.1256989830330033 2.702647856427812
-0.009624438419025532 0.5631480226898705 3.1272131981440277 1.831920045522564
0.005353304412490306 0.17596949259301342 3.4344665894082413 1.76471999701772
0.007104527755441211 0.3307006908856846 3.261278218314896 1.6317020911201057
0.0021601191836026204 0.14252063917428465 3.422415853826527 2.6474648360813444
0.006171724848353842 0.059645385182221886 3.1109550075124583 2.648339774233209
-0.006996110634027383 0.3023504806534788 3.020366789607133 2.748550917748328
0.005390696153163391 0.08106426609556594 2.919292779936564 2.9456260030692736
-0.0011131317844237966 0.1892717972672997 3.0920866011860855 2.2405959244593427
0.0016750587308702243 0.4652411997579683 2.9769911417363337 2.6085353057837852
-0.0029359654908875607 0.4237179315448753 2.9927619820889504 2.757118937521457
0.0030983372942216926 0.2503075828838854 3.104242673907205 1.504609960769403
-0.009065109130921525 0.6145517319171545 3.1613947388598596 2.8265048412949194
0.004018544994026991 0.3934897519395588 3.4471083399939513 1.942119693458284
-0.007099536845173303 0.11834170932369553 3.1852762809750836 2.7391340986710007
-0.003441990020426346 0.299579253655574 3.0562442969098473 2.280928523992368
-0.0004812624481345827 0.4342972118620566 2.9023767499983437 1.2244984060476267
0.001428364180607857 0.5908860172707007 3.251558747852168 1.4939070614482692
-0.003150481136687904 0.47043467195196764 2.9116037008541253 2.9273947561858904
0.004796219187687888 0.5099765824796387 2.9906671697935963 2.185385791814743
0.004073223144785864 0.16169355649952916 3.4361947698534743 1.7020026300207374
-0.002448202887483807 0.4555508108674024 3.143063883974575 2.100796336029569
0.0037207317464755764 0.6230593320197096 3.139981044866355 2.803433780327813
-0.008251573967041178 0.24937681866979405 3.156250345096867 2.608959601870562
-0.0019560281598190485 0.5135690752569013 3.2518645088645757 1.9406641608528417
0.0037600260664470914 0.09245285813634238 2.8715836257109912 2.567446741112473
0.00812266889433852 0.1469403760712051 3.2588762183911384 1.692915642814711
-0.00498590175308794 0.6229163423925307 3.0354151943814554 1.2976017519736534
0.0016176178853957125 0.5506952636746125 2.883982126144523 2.698504302184327
-0.001683305124186062 0.6470941734131861 2.9847946412065154 1.601024891650232
-0.0019962856227126596 0.6962004907056452 3.4327622646967075 2.959589051046043
0.0015565118275703187 0.16312123724803118 3.42026089129973 2.5885760148851693
0.008526980402244354 0.49432081890857665 3.034369858093439 2.625754918318398
0.0013851513031881914 0.4968850273109273 3.233675067036786 1.5305036425090788
0.004896985824430013 0.17753443388066675 3.4338210748835887 1.7537381748383316
0.0004558930053979917 0.5710697730304283 3.297511508902948 1.4299399452566435
0.000863414919014825 0.39112797098135804 3.4444001615521613 1.2496740186322988
0.009886487780809187 0.2136437038808998 3.4676308965785423 1.7629659319814257
-0.002971405903946635 0.4790315726926525 3.042436963212201 2.5152806189454244
-0.004333435696173396 0.2667945249565261 3.358522873105049 2.9565021869813575
0.00947812401703929 0.6909529903363802 3.1916033077636876 2.7023336460285066
0.005668762142861749 0.11421572175993663 2.8913693409663974 1.3973860009848844
0.00944343467820185 0.4436074131222289 3.3365518957411666 2.5266799335402705
-0.0077674265193753665 0.12195848636665944 3.1233541575112507 1.6008982260476277
0.00503434313725637 0.02390131553958169 3.0874064890556427 2.67664545460763
-0.006581057244106648 0.6335649922976605 3.4214555593684506 2.3280150711347405
0.006171724848353842 0.059645385182221886 3.1109550075124583 2.648339774233209
-0.0019689574024611012 0.48790252880131935 3.044148425375264 1.5003207725974004
0.0024654897445689997 0.055354047823283126 3.462784203158093 2.8547419654933694
-0.0042619956897598085 0.11768157240093013 3.368218677101177 1.8327307723877486
0.0031204588691583334 0.5871756442901652 3.0402857989786067 1.4544924673944446
-0.002227153373671487 0.5061927432043403 3.0535700086715707 1.4683194216977018
0.0013652022938730078 0.3654863097746852 3.2612902428603383 2.9946577363763085
-0.0008584991881570537 0.5685091092062066 3.035977284673675 2.5727846319311216
0.008997001289338901 0.4976739506013464 3.228629495216794 2.465935861250354
0.0038343211074971873 0.4606847005920624 3.202752874084528 2.2353368789818964
0.0025264669505333775 0.47870679933922944 3.0570757313853862 1.7169008448344725
-0.001895126533968984 0.6892996867796638 3.0144370849482334 2.283332667299277
-0.00020335142946826482 0.5994507600472048 3.13417215640312 2.889994278593825
-0.004417302239362018 0.6939018313261266 3.016719589143783 2.256951339537957
-0.004605435697796259 0.36363444366831993 3.339750703593766 1.7328104073163184
0.005124610754309964 0.2726341981735598 3.4632731952345965 2.4678206517407593
-0.0013764508573164379 0.603227091755091 3.0082599485022987 1.9917237417104068
0.004781024638650704 0.28051283641368185 3.088803533766803 2.0449511105056954
0.005288175382494649 0.32676195274992137 2.8938473907654627 2.892246950857971
-0.009929913601929082 0.09775908411749923 3.2607113839014676 2.9293783745631394
-0.0035918061828553727 0.6838660347076915 3.0355019339155564 1.355908598437805
-0.008880747008598215 0.0289751843743217 3.3465375884920237 2.5277811790651175
-0.003432267685157358 0.6256654647645586 3.024473931063904 2.125734025241171
-0.009147132928007822 0.022133859848303405 3.19483709820426 2.9868850888160186
0.002300788826408286 0.5237372938897493 3.0524103634775357 1.84125730060846
0.00783321834126347 0.355507298651265 3.3104749351471883 1.1122049791350457
0.0021214221359018614 0.6270358785862662 2.9236849176424395 1.627779770286084
0.006788665298917016 0.2993064636113932 3.3307379567040964 1.9506658887993096
-0.0034466229578753844 0.31536172341647767 2.9397940201179735 2.6778817833958173
-0.00017405003093772485 0.09028164702472996 3.002263395047465 1.094500567741191
-0.0065691186242278245 0.38938117031085684 3.171097914011568 2.0959036132441984
0.007302224905798225 0.45032433482885265 3.2857357265342837 2.9776819767133924
0.002062361889692689 0.017163890657928504 3.0605031534867657 1.749440151914437
-0.0008314025882819312 0.27625802787316267 3.151829410683388 2.19588032758138
-0.0069633801645293935 0.6284287710178593 2.999183200221598 1.6404805784460128
-0.009997087225895132 0.2798863241313297 3.1378320639251425 2.413243385473954
-0.003290495910922512 0.27892970135735917 3.1773963225676836 2.169852728301806
-0.008156664671382326 0.6861900878347702 3.1038179533725145 1.1524677065208822
0.002350305893909493 0.5890918687735767 3.1366871149836384 1.4669973473998927
-0.001567132045856639 0.09974736789279298 3.061644067993565 2.828521733257125
0.004250762064788014 0.6552604690502233 3.402503823348349 1.4945136488349877
0.0013710479890549805 0.09834105191922694 3.036773280210849 1.9180314336898403
-0.0025431736999288884 0.3589981904857408 3.462952820461949 1.4409283276113078
0.0001595938559840848 0.36778177889098485 3.2203499208563544 1.6005367100490409
-0.0019727698561746573 0.3498531993375439 3.083568137996095 2.1539414076996857
0.0011304753041952512 0.48774079994010083 3.0094542087700535 1.0155578553372109
-0.0017615909684278405 0.44811964837537327 2.976254337271906 2.689892327134681
0.007054014399178401 0.351744155701449 3.0971638324563404 2.570766985937884
-7.48186580613458e-05 0.10810579629712608 3.106190627192504 1.3920657063513922
0.0021489817860873396 0.10302202204783092 3.4491591366288525 1.5468570438056617
-0.008083561005618871 0.1652011733707771 3.198530831644008 1.280954105046506
0.006739879706075605 0.6479704410636113 3.386899980623719 2.215329252080957
-0.008957567949063345 0.35225994157215573 3.237059091174067 2.3966452714836755
-0.004686739900532637 0.2529594351617118 3.2669326820182043 2.0442812235346612
-0.006690101075489905 0.686331662652235 3.178889148569288 1.6482677725881163
-0.00545419065118292 0.2379259456816743 3.2899048188600015 2.0975512803043643
-0.008583788809269202 0.5948221222896548 3.4312644041339473 2.176213986200129
-0.0015161150501552438 0.6955075016526276 3.171632553535034 1.822488345014964
0.002217342936585478 0.4831267830209597 3.0857956357798733 2.814265964168203
-0.0039546311174211484 0.5145296679007009 2.9641739709658217 2.18773848704037
-0.003599369413298085 0.6414772081165678 2.9244225573144487 2.0160030338917796
0.009354711231118426 0.6019570868438775 2.915776807967393 1.0406428300835313
-0.006073232618166587 0.5680524917316085 3.0496023665085503 1.8216864705774705
0.0013183817193266915 0.5631407190915313 2.9775072360164914 1.3045130494789166
-0.002311436865943097 0.47417223732114544 3.0411752209185963 2.5111464214615804
-0.00212356331725733 0.37003629408854855 3.1044118044046045 2.2713220992987995
-0.00297870035037662 0.6483766910448299 3.0799101921419774 2.169077555414056
-0.006203897796454317 0.2386247187242178 3.001389023717146 2.319939885317265
0.009012348314608822 0.6850027785825333 3.020347936905259 1.498221973230956
0.009633676069508414 0.40595855042103307 3.4125395407347767 2.121493312827368
-0.0016684298866612955 0.20163733947627147 3.339088979100253 2.650609597194052
-0.002782004066002956 0.4668838325176772 2.919151384879291 1.0662983001193382
0.005633553506849194 0.023334572439084544 2.9635081967409427 2.8454932973791927
0.005719001528808415 0.2222801366682476 3.459963352707989 2.327802923392026
0.0033545449802874243 0.3863811264477869 3.2425475726880517 1.0304111085377792
0.002360969896135515 0.09116215989608656 3.4171193535044537 1.5634302845094745
0.009892059231046985 0.524669319196392 3.0512425574959994 2.5269021783754426
0.006590942847161346 0.11849385880529212 2.9228728811374736 1.2431658219866093
-0.001147228764112055 0.5482321888861257 3.1884570297219 2.110083943883972
0.007886653488748823 0.3873130683975133 2.910657705266701 1.147892332851131
-0.006246185627434915 0.029612580742766348 3.386388806931491 1.2478911342952197
-0.005100646635833225 0.5681222180123973 3.4679204580207053 2.6068514526935442
0.0020051317164095665 0.053833497645163375 3.4397294982796986 1.5361649739455883
0.0005778234253925665 0.16480710947880006 3.177876034379854 1.7732823234852004
0.0028040942088785425 0.22193237943113842 3.3945094493751675 1.844704733389578
0.00875067708104987 0.28676036399950405 3.348681878003279 1.1658587949628705
-0.0001019974830994406 0.5186848614723851 2.9029980135007296 2.997870327813345
0.009585916358885498 0.6045033648097458 2.959012148920649 1.2100739774832996
0.0049665787251243435 0.6937470208903868 3.21578375314298 1.8006935246230962
0.0020601290501555923 0.41236234683450373 3.104490521132719 2.703796004805456
0.004297250761459204 0.2659770696811367 3.2256663391185487 2.3969778678964406
0.0017768804345076198 0.01198219267919727 3.1261498570020816 1.5013709238546034
-0.0035283474844075373 0.6396986883674711 2.8904438992735018 2.5458224354184704
-0.0002674973479659731 0.5734103507923695 3.2452995351751657 1.4082471893021102
0.0038641002543761084 0.23678127490607312 3.093131791862971 2.908802859198982
0.006381955098744796 0.4616254651318974 3.2494517304255024 2.8299613104439274
-0.007085775718805526 0.35317761721294844 3.314081695051821 1.477796019276798
-0.008525196449713158 0.34774972439308044 3.2546874079563732 2.9370116034915292
0.002360953010881346 0.6367721953467483 3.0570172684733756 1.8766591131083006
-0.0043354874124646985 0.6063749739245942 2.9244792996394624 2.5201983200078386
-0.005592080946492818 0.5403124750165876 3.112843442381128 2.2892086865757424
-0.00231209167005732 0.6403829393005869 3.4342500953807407 2.8844664644026174
0.00483437373385889 0.4240615753393736 3.022785586047156 1.0164326426633152
0.00018032235534599927 0.2890574185380853 3.112776816027629 2.877986305935454
0.008231487736552513 0.25906989944406594 3.0845898834179657 2.901668186522136
0.007977346817865594 0.2974101028159484 3.361859265447187 1.2052361811902443
-0.005680984154332162 0.6895373983964956 3.1195532843480787 1.1726016968384239
-0.005664523499878577 0.14571818574088924 3.4653078493811034 1.7499746235822382
-0.005209797710957513 0.20606677042703686 2.9167458523336776 2.90060642652251
-0.0014259253362066647 0.27318089392044215 3.2401346227628336 1.5559492218223556
0.009354711231118426 0.6019570868438775 2.915776807967393 1.0406428300835313
0.009307790376296523 0.2668929724045258 3.183128967647452 1.9148369324011487
-0.007501367182016769 0.5817716359602599 2.8980519591186917 2.9339004446051087
-0.0006014760444729749 0.5649183973528753 2.9714046468840616 1.8555269872725284
-0.0014413833546350887 0.052650946095687545 3.1689730476823903 1.0503701998661283
-0.008073099264320661 0.20833076828570074 3.1900189951553046 2.605738430997565
-0.003877764883714289 0.6173448209389321 3.283872611204267 2.4031818347958747
-0.00012818588548671028 0.5198382443290098 2.9832247168797688 2.6992713913225788
-0.008824290993624181 0.376488199511969 3.128240333226705 2.3240728311977943
0.0074673971485441065 0.1077233411184932 3.187446344083928 1.251207232554236
0.003301632196711037 0.1382871469720539 3.4189204304621157 2.343443629415757
0.002481715883276371 0.09646816953403692 3.414157733867845 1.5712691386626578
-0.002646396598088605 0.4069003749240522 2.9812753665108893 2.808905636478052
0.008403220377252163 0.44345639359034017 3.3836021930728943 2.0096295759280336
0.008683966837643407 0.4682250834489069 2.9130654792077224 2.956535448248107
0.00923331876631018 0.6833344999041178 3.2177590555324502 2.6766110604450755
-0.00868680537901512 0.6362114239618459 3.170198106940925 1.0803113583694683
-0.004815820519511183 0.3464045579298668 3.1217240116370037 1.5090866907005265
0.009900275581050276 0.3506567512794288 3.315935818757706 2.15938229418392
0.0037938342535226866 0.6381776895759457 2.985412835749413 2.532411451919063
-0.008891846626393567 0.18471069060286138 3.028917078866824 2.208133707733401
-0.0028376829719104326 0.4129148210334491 2.9817825329971894 2.817113099606248
0.0043498220873317145 0.4796357279330148 3.0480043318262804 2.3217311234536746
0.001512576101927066 0.35026291351238237 3.253751672911766 2.8623585862296386
-0.003737580278740228 0.5427979959193157 2.943105469566479 2.4187626869380785
-0.009493873076942603 0.5509179175450007 3.1303434296259143 1.790146089191075
-0.005766184831450736 0.31831551067364605 3.042884524365088 2.6834464273183816
-0.002017231796475603 0.6978184853130742 3.4371082994613458 2.9689300823843987
-0.00852277744936349 0.5088858295816157 3.1052821845743606 1.7796663903876415
0.008191981196507207 0.5125508673388294 3.1227030190373988 1.9918215065287042
0.0096146381591617 0.6112907000862658 2.9694938887152507 2.262576586767787
-0.00929103680990781 0.5490001479103492 2.931208047182173 1.7468273207673177
0.009684455256674255 0.2993480624327628 3.3483349442822723 2.012583448036816
0.004874713347621008 0.1416354011600811 3.3514510293363493 2.8114660576696995
0.0034770282524209627 0.2246875589726069 3.448799436770386 1.3723129583800011
-0.0025353309591053565 0.26833105703312077 3.4452996538074125 2.6484789332398675
-0.007604898959418437 0.44408794533074053 3.2300172427752774 1.2832130847928749
-0.008366915015547724 0.6554641253001345 3.1869393730427777 2.074921763013592
0.008193446301293286 0.3719467048034397 2.9703684057754622 1.1136366485846938
-0.002420620009869489 0.47894473534844867 3.0430125326368964 2.5078012858713463
-0.008203218254127556 0.11929470868234182 3.2258403480980036 2.1346983870922536
-0.009583304171177021 0.6933991316626226 3.0745017415674525 1.8968728939009976
0.0020233670087351323 0.2963151170908353 3.421000447089061 1.379761352755977
0.006139738472332325 0.5904122089769018 2.924374563443575 2.250758350704066
-0.007690654699591111 0.5655597409847317 3.3375707857521255 1.907906700255138
-0.008839102922291148 0.5860969566433389 3.3186208391959435 2.8972924203614747
0.007855908747556279 0.19951911340971867 3.0676508936816282 1.916179072954741
0.004328982540091009 0.39568780523594754 3.1584683842440326 1.9771421461397596
0.009788416950850759 0.1137172449415042 3.4629692843576647 1.6805966325652855
-0.0006384332399073239 0.4143697457024096 2.946381673853984 2.778527107051846
-0.0035018548294836723 0.4065796025298539 3.2159771062142517 2.1624805434742824
-0.0013742693354963104 0.6549622930738468 3.195334845817056 1.8340448961084148
-0.00536819390957002 0.17717522221087972 3.2043908324711627 1.2427792614822961
9.251229115214525e-05 0.6667161228983338 3.166873702545666 1.8982485802100486
-0.0067165297142781745 0.2630957953942798 2.944423827146984 2.1728620149316242
-0.0010978807525100064 0.2631022336432743 3.4627153192869153 2.776436188142446
0.0023761037347641654 0.0007551813999496226 3.4664769281387633 1.3395781521915127
-0.0030518475092670893 0.6643865822576257 3.252481255195322 2.8175800562911224
-0.00013764934823178856 0.546633350043994 3.000461418947632 1.7013653240545366
-0.004294507545790763 0.6384236115056028 3.463608662022292 2.8373029839685087
0.004911682769938591 0.3396002332446401 3.034847039354915 1.364552911818634
0.0039294617818989705 0.15257550230950667 3.2535139398786974 2.7406865757634775
-0.0015216020898710606 0.4658264213614118 3.0269267423682984 2.6380969873642606
-0.0039643732367373495 0.14356797462334212 2.923728820743762 2.743732793501052
0.006954323771173528 0.12928934178974621 3.2330584617802045 1.409632869997838
0.005484014182153371 0.026532160828074802 3.079744963679612 2.959563606544604
-0.0054298949180203 0.6154827235335782 3.126817622512567 1.9572835509338715
0.004791497188986298 0.5858513639928653 3.324433566884597 2.817355885491393
0.0031430422790880894 0.5543749587695183 2.883643463273212 2.6078674613403003
-0.004500313307632876 0.3012042024250108 3.258255101175349 2.1192727946461627
0.002753596865958779 0.4148285382820478 3.0533500294061406 1.018066167677852
-0.009562480392078899 0.4078246749462021 3.260082694996361 2.2100128418279006
-0.0020688562680438987 0.3804292621487829 3.327990359612697 1.5618136298221867
-0.00965225784277346 0.4873329966248901 2.916990350688471 2.6838206390232626
-0.001355633947568725 0.65902408050908 3.193372017187075 1.8346929244486319
0.005958645099397721 0.19818731740834344 3.09517952443926 1.9130060703983043
-0.006958766193331252 0.5430557792866344 3.297671565572579 1.502090922020592
-0.008545428819497906 0.4027973497997554 3.2729414937751162 1.66652534112672
0.0037795856224632175 0.41590436173421413 2.9186147265139133 1.612431216452206
0.004325936358977574 0.2363601398725409 3.3682777913267476 2.946816865315356
-0.004362130406498625 0.4171781985276789 3.0164642511177346 1.880366930365465
0.0014656969506155679 0.590509104490398 3.2560186092980383 1.4938637750765866
0.009589617790119706 0.004680867169085001 3.29766627209696 2.9764496223970816
-0.0045407364743460955 0.6192015665552216 3.171627765327136 2.3236798240129666
0.004785391123400382 0.12546373604776845 3.1717646471378727 1.5033773436982774
-0.0047957896565129915 0.5816487817999632 3.1100181554383557 1.9993974955587897
-0.004407383515366781 0.25821502965432414 3.2848636131554114 2.1082913333348396
-0.008989567906115 0.4893081203899085 2.954383668110206 2.6583325476816277
-0.005444685387783208 0.5270194847186735 3.0901156928696376 2.06906338159487
-0.005785265643565773 0.005738734914012056 3.4659258843565537 2.702440458621304
-0.005410512497343408 0.11510154085540092 3.1836682606384024 1.012767915493462
-0.0001542259721547183 0.6599479383482251 3.16352002752865 1.848675559596981
-0.004601046738041376 0.13230584455068867 3.0892990501842066 2.728370566829428
-0.004555000350364375 0.1027565115324891 3.3046467273152316 1.711875393645924
0.00436828580391715 0.5471345825883402 3.3258595044476773 2.63194168859395
0.007059978471276965 0.43649055937720116 3.37187094467855 2.6790414553735062
-0.004007577773460555 0.05228328583330588 3.4163238480238416 1.70524829537491
0.004390751628276037 0.31370670202509354 3.4685867899190823 1.3896934135382695
-0.009604434646116579 0.6077602256199721 3.1772128020556654 1.901325464336617
0.00778925679809831 0.5001350827589666 2.919683193297275 2.7555868684307976
0.0005936081709841052 0.6225566838227552 3.1416563077671817 1.7861825792608685
0.00047378999637649353 0.4824245794801564 2.88430296620244 2.511173271981699
-0.007326453094587397 0.4683414718187691 3.1312042949921133 1.3971789978227307
-0.00808513761659902 0.13670723261501655 3.1962346550507323 2.496795244491022
-0.0015525187438164435 0.21629521220594436 3.119961449562305 2.7609202697383277
-0.004785873472145535 0.5340437977140128 2.961367684831133 2.253475434908463
0.00890241663656085 0.3064463547545918 3.3447020087212076 2.6745051842133982
-0.0006560018130193227 0.6245070952198517 3.1254323316899906 2.2554143584013024
0.009948183864231963 0.5142701132802574 3.2999976830551963 1.640313052349903
-0.002311236637777374 0.27359416293089583 3.4463569946912593 2.706424279779742
0.0025026058894446605 0.37585689186113935 3.1916328883119296 2.662932023000043
-0.00820357702186034 0.25511417201122477 3.238369348310763 2.694064359436383
0.007102067832737173 0.45093494916898136 3.2599033810302847 2.925055261603881
-0.00025335248265600683 0.3228153761466738 3.0726698185727406 2.245027489255837
0.00571937640069249 0.4364452309124761 3.3622275685629006 2.533042202325796
0.0024120568734865644 0.5691979715923876 3.391593281571696 1.834924946110487
-0.004593902643318427 0.1577579404660367 3.3152707432568063 1.5178871894172754
0.00544187864733146 0.034896718177978125 3.082835344726141 2.9322457652100726
-0.004530254150380967 0.07548788560769515 3.3752286604275015 2.3881582608065086
0.0011746376628974575 0.5854228117551284 3.080088375256457 1.0050136023564569
-0.0008487410948451596 0.17876225175339447 3.2268757200494305 1.0699811491244304
-0.004722600546251476 0.5357723781841427 3.181929034360146 2.993553190624385
-0.007314289647570603 0.6053512065998237 3.076394794787747 1.4338376583776102
-0.0011723374846964946 0.5388241699734418 2.9144894356387065 2.4098277137516977
0.002502423052346109 0.07618676139433542 3.1241100527034833 1.8279250453615588
-0.0019069514896307592 0.5534984835792198 2.8992150034876154 2.4538332623919326
0.0097943518236373 0.04207044297462814 3.111201616100161 1.9554311732499232
-0.0007620325582191495 0.1791840588080368 3.0699065621489976 2.6594876946824586
0.0038867203955858833 0.31314807107200965 3.3745736193607576 2.632797105889947
0.0013484264588426555 0.6759164026605904 2.9112242964574375 1.7518108388225277
-0.0027747057641107267 0.3850845907361037 3.3256082325748753 1.5363956945972592
0.006982277548481755 0.5137388791737072 3.2769193377908707 1.3920906581865495
-0.0013406710899398619 0.5773992429788842 3.009844569013408 2.6134987343312277
-0.008988685996824461 0.15948610779761177 3.3050000841813207 2.4530669858250778
0.0002849500150598921 0.19199597044776648 3.2768555782704913 1.3245872797821547
0.0026737961869003415 0.6703277746479834 3.056044342190855 2.469463088481882
0.007365863959056694 0.4064594191450629 3.124912967492605 2.8833269993516937
0.0021140232398889304 0.46390688676681857 3.0813437112880884 1.5841262089349364
0.0036605223385544165 0.294642727251993 3.1937098264435426 1.9041797132030116
0.001667989139007263 0.5605214256978469 2.9795152221273775 1.3670209847541612
0.004674149085280694 0.40244697710246313 3.19599230173692 1.0586073551887356
-0.00971214144629566 0.30964381123052226 3.0594181988621827 2.261628720466804
-0.009595007681328448 0.665543461758111 3.170222969894195 2.047905670040962
0.0042042685807108324 0.13732801203943168 2.933570544619323 2.7838670310468085
0.0053095243381840775 0.17213983260671883 3.1111916093901413 2.6268365119424444
0.0015147933325845367 0.09027358790642848 3.0103584075606213 2.834253292379895
-0.008057336685035332 0.5554591113838468 3.470891984697441 2.7072091119077153
-0.004157419303244642 0.5526031579984942 3.3505633397024708 2.414614244682004
0.0012848674062931546 0.33581493253373 3.4205978468662055 1.3263324455955612
-0.005835374871156086 0.5916174113985253 2.9123514236364993 2.8548482845116308
0.009122048883402654 0.25101644946612167 3.3702118669176357 2.7167549447350323
0.006448934477329971 0.4811849021012416 3.236450471079423 1.7369638872332882
-0.009559281935379095 0.6518166669556533 2.9863268879384552 2.1101618994348335
0.0021738531517761415 0.10491772277353303 3.127147677785274 1.9276116258003537
0.008413103135816242 0.682048127256886 3.4176376652375695 1.5239765414005464
0.006167318587164759 0.23308122921513413 2.9574592651326252 1.3399961055145932
0.002699558202694999 0.34308296935213267 3.0844857667408028 1.5953626600627402
-0.0018295935468022042 0.6511817093610134 2.9511614435434876 1.4399163410818754
0.001378220989890747 0.5635696207732076 2.973217336706223 1.3096114810066866
-0.0029240957354087233 0.6947317848548782 2.9960510257314357 1.7869510553537236
0.005434579519974747 0.5752479641417488 3.3521649952841077 2.8677306820280117
-0.005271138380308254 0.5794934639862385 3.262718096099079 2.5488760973363997
-0.004018318953445782 0.600285501340574 2.934282660804981 2.4854320650606487
0.0009804155942933148 0.0906540336347733 3.121307031925194 1.2045560155088229
-0.008078854704231381 0.04906005432664815 3.0009520585193297 2.3807471013881774
0.0015220505673210595 0.15441840567563167 3.3980825783171626 2.489053756490579
-0.0001774485643493758 0.1637854443875036 3.0213789485026403 2.200571562667171
0.004881280404732738 0.37752450748979816 3.391664927508849 1.1726244537651176
0.004351572810073229 0.23416894987718234 3.3821691114983357 2.956083944827594
0.00568254410126657 0.014054596673351683 3.086626844907601 1.1657290811461631
-0.008381997426824281 0.4712163544921686 2.9588977813208155 2.7600235789171506
0.009815851579895672 0.2898497892312722 3.3573610845528807 1.9986973560055386
-0.005025128194155917 0.2846085823537756 3.0082988724909194 2.8184905331316648
0.0036952487889484907 0.12218139637324327 3.3492006199166804 1.640516693871034
0.0030048578873153706 0.5740601768449409 3.135512303384034 1.3392233648800318
0.001103882973298071 0.4253542378993749 2.9887986892190335 2.6049865827107546
-0.0009193288906673563 0.6385171854115305 3.015319788974434 2.3468397197404
-0.00392662609864808 0.23495936143999444 3.214929019524082 1.0795664122754836
0.00522374010879729 0.3094459687545512 2.885155446941835 2.9127667688243877
-0.0033065899336875166 0.47062960752742805 2.8975313736167068 2.8348151783033053
-0.00878320599631535 0.3543951832114699 3.177546146650319 2.782941886060053
-0.004269325798087056 0.28180997154495463 3.453773131699995 1.8868980556036914
-0.000364748782957185 0.5673624834192876 3.1802191382728804 1.103311848454434
-0.004533463579490619 0.16068371930091924 3.3164625057997315 1.519068211429478
0.0019869807052357406 0.07299692266805385 3.4317319897944705 2.1796438881021087
-0.002375686373596477 0.5908843955691202 2.922982922156064 2.332279971598849
0.006704519398806997 0.2898442173522976 3.4278069584921544 2.5307159129876378
-0.009073005262983082 0.16580357473639962 3.1348481346449555 1.1213131042162263
-0.00443875980768922 0.3552853937040601 3.390599704743619 1.4785703424866352
0.0006867988764312103 0.19953563751337275 3.4430404379780213 1.9861127325475354
0.0035855147628234465 0.2691259940954189 3.1056505586560514 1.4835358593928292
0.004519941055947836 0.3022209526685562 2.919117244085378 2.7882870548644516
-0.00936607059548316 0.5928681984903933 3.027089780344648 2.206342129624075
-0.007616888318053491 0.6301927995008865 3.055734286205377 1.4456960359144582
0.008814274757850639 0.01759200851650289 3.3808990891691884 1.6511052919368923
0.001987937492268007 0.43390289428510065 3.186410148551273 2.9502100616520863
0.00943305268244946 0.6554321176520294 3.2497813378939564 1.5130261353007968
-0.009263271441560937 0.3783235053224833 2.9733163573039434 2.7630148206370624
0.008968453183748953 0.3700482804395111 3.299732020676091 2.054121746494974
-0.007989625207934427 0.6064565294536497 3.3650830911041005 2.5932893397369603
-0.0019527621423330978 0.5210259757013249 3.0596463197966686 2.5445410173268064
-0.0038038202988994532 0.35109942526947235 3.003622233722786 2.3580156945802346
0.0010014797750630172 0.23393853718204474 3.4638051415847615 1.6997690068583424
0.009386687097319234 0.37195087296176155 3.298516177766752 2.029642779756896
-0.004963796804240873 0.24985524415190508 3.2597507292004875 2.06848113161185
-0.0022438426468653155 0.4420506308231813 3.0026032881752815 1.5220072914222338
-0.009111150483923075 0.1959652326797854 3.2392422899653273 2.3775958112103828
0.007965201720604246 0.5380176914883856 3.226476562875367 1.7503322517780036
-0.008190305725371598 0.3908927882934369 3.03836198134725 2.4299013377664354
0.004790973019744229 0.45096480193113975 3.031386198972863 2.206079424397353
-0.00554366947325719 0.3599298188740199 3.1029740361149183 2.244996388063492
0.0005590980648467053 0.2534292361570958 3.3030556127016117 1.7142958836893119
-0.0030031088611876667 0.029994444127446784 3.45077838233347 2.472957253566759
-0.008089143732086718 0.5628346753772069 3.285626351422182 1.4065868314318317
-0.001719932847822186 0.6579991925359017 3.2535627845882025 2.138530978833168
-0.00911685373084692 0.1955333663036929 3.2688648461793237 2.2777664474845563
0.0099276542537395 0.5568744262851535 3.0153967512717785 2.5869354126265947
0.008642712520373545 0.2811488921184577 3.3876917831000015 1.088695853120683
-0.0035508096866980884 0.3760297650371295 3.3167151531789227 1.6631241341298157
0.002692930510583747 0.23612574791589191 3.205302584211958 2.5044489360149087
0.0061504037088440915 0.17143795479978086 3.407056306564667 2.1771794662027624
0.0011037667797781383 0.6808191336469445 3.251985057415182 2.1702624468747653
0.0059260608269090485 0.18344035718972823 3.0923842733267044 1.9400645826987761
0.005244578135186132 0.42188138254662566 3.1120700510454657 1.838668942472895
0.0033235976472265182 0.3942444662517566 3.195903776810405 2.015626796138669
-0.0027267150147843484 0.466332909738274 2.916031181990839 1.0436256009201657
0.005832666152675597 0.17822454226023612 3.2829848661762835 1.1183678882032115
-0.0030792542660686155 0.6971804817118966 2.8789587642349623 1.5375788964941308
-0.0026811449324489235 0.349195152204009 3.40210209380444 1.4674158351506654
-0.0005447621156491472 0.6554732782993334 3.101766813896189 2.2776031218270436
-0.007735610775969249 0.6399806974826943 3.15740589731031 2.207237989722855
-0.008263740752350502 0.39111864250903117 3.3994792593999454 2.9333112965593418
0.002729980258231516 0.32162317199314466 2.9019756507791437 2.8221428144160603
0.009175721003048917 0.3223835361123094 3.0881785084780997 2.504890307254155
0.008545816847558417 0.1892755456503185 3.076463488077044 1.856774529869447
-0.007338216684765868 0.6126999161634841 3.103989782818328 1.9111075915345015
0.007456771270454372 0.0850509690330344 3.1882389430120797 1.1959987631157238
0.0010828765027085102 0.37912801544967656 3.189690323309336 1.3034402431468077
0.009913359511802246 0.3502684183550795 3.3165270745218804 2.159344377647993
-0.0063469890399209935 0.2127866178220286 2.9567279477460495 2.7284303235055645
-0.005400911537776587 0.5255911642374315 3.08952224024182 2.066214831306268
0.00048614441060857664 0.6341328058956242 3.1874323685534995 1.9408625205389938
-0.0027618245806437574 0.26139229667442937 2.9019042558403534 2.6985871513949355
0.009435918124537392 0.1482729341279309 3.176409778723777 2.008728743366793
0.00020898986072655527 0.45242792769036155 2.9921776374705855 2.6261138389851926
-0.002657557104041511 0.5917466425044462 2.9100128306135815 2.32908971797804
0.003691264559358443 0.4136256239732785 3.4478056399830534 1.950330639630792
-0.008889274466666815 0.5093918876938727 3.2250878120141753 1.421823136137524
-0.0005710700831001074 0.17865965371347003 3.228368347888527 1.0274556273953563
0.00892487286046319 0.017648425038812053 3.3808070654192237 1.650115261081263
0.009323101958085295 0.5209621624646679 3.064378758707364 2.5447022571562554
-0.008073099264320661 0.20833076828570074 3.1900189951553046 2.605738430997565
-0.0010006822849143457 0.6637310979832519 3.4215778166621362 2.8903345757709102
0.000796798344331454 0.12233024578590718 3.0471481310950725 2.7968012119386194
0.0025751734603545653 0.4035477547439107 3.217229827702216 2.7193233613576906
0.0025622139732814197 0.41477125252536123 3.265564035181881 1.3488312112485263
0.005661388185609342 0.37925185448632803 3.365440339617917 1.2176744016094165
0.00832743764781842 0.49138707845595914 3.1165538223329183 2.009645443848268
0.009269138829677738 0.24073084282902935 3.375036306106281 2.7387018169355857
0.008399630560929426 0.47032872860811126 3.237963107040674 2.8714914203226036
0.005332228283511898 0.5983585561136124 3.2853925739559497 2.6540776512576576
0.008144561256805592 0.4727794052859633 3.313546095091597 1.5198538627605023
-0.003075407533748869 0.10671235300776209 3.261526934735931 1.2596558586348612
0.009146322407367583 0.4417972458936169 3.1541912465094177 1.7745124773555292
-0.0009541263198224129 0.36912201842336567 3.054279122999215 1.964570930373295
-0.002062788727015089 0.6960308905864909 2.8868194850988926 2.2932714803752203
-0.006958766193331252 0.5430557792866344 3.297671565572579 1.502090922020592
-0.0042441145627385435 0.6982914846080124 3.025905474018071 2.219719648658019
0.004313593744633694 0.32127181573861147 3.1764150210956266 1.4913824983923787
0.0021053701009045604 0.14671505899364742 2.9084704913838975 2.89546162980915
-0.006972414219666487 0.43432169091402634 3.25505485766657 1.6822338080964196
-0.0014897444293464008 0.1863183692254281 3.320544250003057 2.4311267671978016
0.005547531686813775 0.522521112381181 2.9767732230619104 1.6179914282734442
-0.003981284057645908 0.09665446067827865 3.053433745030398 2.687563880848501
0.00032967791101469555 0.1374986488705376 3.1493221042824837 2.40551968584785
0.005627469146303996 0.13395631830475618 3.324937957968987 2.349246295164427
-0.004932978219698493 0.4595088390369371 3.286167604082332 2.2905375785423217
-0.004542548954690858 0.5925590337054129 3.182215835053945 2.360379550819775
-0.003168740487792947 0.6488549388976059 3.131717399639211 2.083425792536301
-0.007238068189075608 0.24633089821010426 3.1817251622998413 2.3070179841467175
0.0029986484625441575 0.5745928386429529 3.135916542219544 1.340324106402825
-0.0008487410948451596 0.17876225175339447 3.2268757200494305 1.0699811491244304
-0.0046693352847099545 0.6041485532366881 2.9885651823670925 2.52960020141627
-0.006125495475364335 0.08817167325069092 2.982840754372456 2.6773432184025663
0.003918823193091709 0.1860686135343462 3.3877549758736127 2.2021731232083726
0.0030536271387710335 0.09532872753083221 2.941725290939309 2.780621356054477
-0.0018142286288084454 0.6708479226621786 2.923394835496893 2.134644422219734
-0.003296907180345904 0.6603919539852074 3.1384479859380034 2.081990131907897
0.009867569409210082 0.38188788169062454 3.349706743662256 2.587725832765768
-0.002509421621294269 0.4619659128941829 2.9999331149998483 1.5076727589847252
-6.486017995229864e-06 0.18688083380738346 3.045280911269472 2.165801704860316
-0.003672988826334469 0.443557862107852 3.3442481358082152 1.6025146874697493
-0.009939148511153907 0.27955668038915593 3.140310014891575 2.4096189044476968
-0.0041749342407093135 0.5150770145454038 3.254227612384427 1.5946741953439507
0.004861560019945459 0.5125906889023498 2.9885085653320154 2.181075861392475
0.003178250856000967 0.6387534705571167 3.3663229827476626 1.56803861715059
0.009939198602260734 0.6956509791298031 3.2286041657578948 2.7169635825920797
-0.0036809219890659743 0.30400815748781407 2.942025468706949 2.743719365907851
-0.009475517585707055 0.25366463321009713 3.2493841230770553 2.4521770558533027
0.000940857942008962 0.6552521911771033 3.0079494590769267 2.529314194078496
-0.0043213394812746855 0.5954076275324907 2.9769693775600117 2.22809726091706
-0.0008109937151529389 0.14119723363911862 2.960406051588149 1.3360680727166514
0.009409461061433765 0.21593750896668384 3.3993526838276535 2.186293928595333
0.007445359689842765 0.16900083516344006 3.0250195826907484 2.7582383104521977
0.00011903222945852372 0.14598794169539672 3.1574669416594143 2.4149924308218815
-0.007851230524031663 0.5703233954852595 3.0296997902577405 1.7153761407572252
-0.006680777527027452 0.26414398602570976 2.944535978263315 2.1752758807781656
-0.004998899962282718 0.676394770326614 2.935445590902551 2.19067869189754
0.005534870896051724 0.11354432352129187 3.3331864176375583 2.271738756117054
0.003497174056474384 0.03786791957046702 3.4347000894495596 1.3989015464097498
-0.0030196061068726338 0.4099786859755661 3.0228921544094796 2.7088216328958294
0.008684727359571884 0.41087135920302814 3.2741677392994175 2.9645362496294565
0.0027890335922048596 0.5326013770623578 3.2088003401049283 2.511734257998293
-0.009619501577040378 0.1425399699974233 3.3329665912084545 2.3538892664615667
-0.0023606693870087026 0.665110126492951 3.2459579579519224 1.931442708192209
-0.0025226104650428976 0.4656588986676524 3.125266920458391 1.7035372065674315
0.009983308398593568 0.3368541524086506 3.3170672652417768 1.2310128580786346
0.007374302887654255 0.4933532274768541 3.213342770202318 2.3212219237949596
0.002213290011882101 0.06504985283926368 3.0802777550845875 2.941981836461985
0.002282890756786852 0.46130902417579944 3.0848250383426556 1.6054683967343013
0.0048519490182907955 0.02975630801767315 2.93985322704755 2.8252246936923715
0.004911052714162715 0.5917237820568341 3.35004079638189 2.8763692955040097
0.007844041983789973 0.23039330771873956 3.439266295247723 1.7325586578849652
0.003991823114027472 0.4003564184857274 3.1677296642194355 1.9972016563055515
-0.002499756038087799 0.18270483094022955 3.2360375805909616 1.754433577689139
0.006140310007332263 0.3457459842826237 3.4014569916914184 1.323961407903409
-0.008305305490679416 0.5736410507252346 2.9052790656014063 2.949107445710983
0.008690738706205646 0.6702092384875623 3.0578169493024037 1.9107653484618574
-0.00990676212328038 0.375965772841552 3.4714002691395813 2.956459632747835
-0.008134951129425104 0.3927820034346038 3.4469836746572597 2.9308498855896477
-4.560817678104633e-05 0.21447019968796902 3.2095980438284175 1.900204447867666
-0.008083176076538662 0.5591937791318651 3.444241975675018 2.371972513651616
0.004342857811726393 0.03379428138316051 2.987187224037475 2.501187902773128
0.008237573905266509 0.22663932044361138 3.08278221449204 2.13468986983678
-0.0049076862606638304 0.5259998771146923 2.94283182292703 2.398345597014239
0.004578311135786389 0.13152138247068024 3.1655337515580793 1.4911655348213397
-0.0028198682855891284 0.07001832502835059 2.9021108591422524 2.4945397914200855
-0.009413978959884755 0.11461028349334429 3.146503514285174 2.161740903385133
-3.22570087489156e-05 0.6260539526399579 3.0462043759929114 1.951982806051571
0.006227332755982721 0.38631650563175024 2.935839471210228 2.8450020907327858
0.001770421403650226 0.06285932651886988 3.069685542698317 1.8433994933481044
-0.0046291047687254255 0.691659809826461 3.3286407088391954 1.8870101052902852
0.004334618001726023 0.6014221262723739 3.1250958572772434 1.6775231297107296
0.007499565440768553 0.008908944762211712 3.2282920119140135 2.9590927688852746
-0.006577804847326234 0.5635398204832092 3.1129213725479468 1.6249353287604855
0.00061129758548043 0.29649231990350905 3.3985508411019993 1.639910367198635
-0.0030455338018460267 0.6932708564408041 3.3689207533839207 2.851945996887655
-0.0032836130000301737 0.6728808677776205 3.387886887967248 2.774679039474183
0.007166781967227868 0.2009287858756607 3.41323852351389 2.6071810471394987
-0.00872392537552456 0.3026487073399817 3.150767697818663 2.4743285162958415
-3.262534986868404e-05 0.5806673681835144 2.9174711084825757 2.7593917735025326
0.002023798067247013 0.653863332869042 3.1125212615067666 1.464407988281262
-0.009135879205832248 0.24237423276972817 3.067977955429822 2.4629162371515525
0.008116324900782384 0.022013998028869886 3.289321131493202 1.913323147571751
-0.002724005217629865 0.3294367654367983 2.90780978425723 2.781071627536896
-0.00280475835292114 0.49695314714261307 2.9248374920259446 2.7592848309530247
-0.0005481532896417728 0.5091793692662746 3.1127316739526436 2.2771959525001066
-0.005126292176045755 0.191738557182447 3.3446875632390465 2.294925627689502
0.005006263046075082 0.5864287864352097 3.310256579303114 2.8548132455208712
0.002097619719653443 0.16212735969174608 2.9740774513868784 2.486440496123425
0.006454453891711735 0.46688477473083906 3.2534496058276114 2.79452932809854
-0.0045268932999319705 0.5718749652809689 2.9865239302459425 2.2923262621860117
-0.00545419065118292 0.2379259456816743 3.2899048188600015 2.0975512803043643
-6.622867948193143e-05 0.677826603126585 3.220429002269735 1.9582475092469447
0.008191981196507207 0.5125508673388294 3.1227030190373988 1.9918215065287042
0.003497381093967657 0.5922503527597656 3.396024900970013 1.9484435886633436
0.0007012393188941587 0.47840725517870103 3.273722162788026 1.756898065187083
0.008729771322373946 0.4839828466437782 3.3974787570838285 2.784538592397193
0.004617190995593408 0.5375431939003311 3.097024743137517 1.328848713981224
-0.008183868161336979 0.5608922787427264 3.164906713747699 2.990545366990068
-0.0043917929929005025 0.6499428875249423 3.018515774529453 1.300943847355375
0.007544599209264638 0.3992774881565227 2.9190517410532624 1.015227390012416
0.006854324708295591 0.13196036691583524 3.4192137394048507 1.971676392274722
0.004968881196644424 0.3370153076765532 3.034088624615556 1.35855032291885
7.145192864092646e-05 0.3520338571641678 3.2371871414149602 1.611820390792261
0.004107393368562117 0.0038009660238474963 2.9906703989315737 2.8304142605527316
-0.0016442848288537942 0.06953604253949006 3.1815774951208473 1.692721322101516
0.005166610938888982 0.3013993695723282 3.0540203025945596 2.830212111870192
0.00526939270358283 0.5917796799732735 2.879449783317406 2.2963530773367054
0.002951444016806988 0.3569502145519957 3.1987026901762414 2.7338437234277375
-0.002830716761690274 0.4131516286162601 2.982623508383021 2.8205581479088178
0.0037623656466085724 0.6711519365366637 3.057400474024722 1.7775645512646443
0.00593865016166076 0.21916065328873602 3.4679765823998787 2.403903523613714
-0.00988097279314861 0.6412916056128232 3.1273719757272636 1.9820386774053613
-0.004037471913533718 0.686652801638842 3.035305449471007 2.248966550560657
0.00697176084952658 0.4706085004417788 3.302047203869251 1.5716918466518075
0.009842881501501519 0.5949124333820224 2.973301887916279 2.1922228561642756
0.006155762228540554 0.2696121482005548 3.2596152497860107 2.6313785836868395
-0.0069310109521236 0.23356099689366905 2.933679286018204 2.080446198795748
-0.0019527621423330978 0.5210259757013249 3.0596463197966686 2.5445410173268064
-0.00017027196393874615 0.5194276962150537 3.2572416176311454 1.6374765644501037
0.002414396271493137 0.006051736806458097 3.078078081520433 1.786596016968386
-0.000614058258084943 0.130518735450259 3.0647538878591685 2.1000782311642596
0.008218553053706413 0.6752265640740966 3.044937677077199 1.5584911957671044
-0.00151390148486393 0.6979980944849117 3.1724407781302078 1.8178989078946275
0.007349785448399322 0.3754100042690331 2.981050879318888 1.3202372528342854
0.002388295430839742 0.008069705637251734 3.463194675734247 1.340733028519647
0.0048780661167754525 0.42951371314066794 3.034915000104362 2.1267340975766156
0.009954588082767661 0.6253245793076739 2.9463527697501948 2.2985250681970686
0.0012173881613325513 0.09593137972409685 3.059834041679282 2.8083545775629633
-0.00224515728568207 0.4991215382793349 2.9810109304313164 2.296263015536181
-0.0007110745194033865 0.6825703572892703 3.427079396689958 2.814155522142095
-0.005550381622111093 0.3114256134737255 3.0817505795836997 2.009055774093509
0.0023007369181927487 0.48217646502577355 3.074442454948814 2.9223204061553147
0.009811133786373986 0.05976316848238372 3.0864160178403015 1.914843404210928
-0.009334820483343052 0.649261401995009 2.888545929650812 1.589299029847597
0.0011368791139183803 0.14396462969070814 3.4113265129704344 2.2143956517212757
0.004300596472947375 0.39227082992753376 3.0578008823550453 1.2007243728958013
-0.009285697993592036 0.6002136754562433 2.907974781178418 2.6233357221920515
0.002981441220544644 0.2973400646557837 3.1678511748111284 2.330575350958156
0.006734717027004332 0.1963639381570101 3.3904122547692555 2.1870827011982112
-0.004734162648809153 0.6788121153173194 3.3075851121089417 1.6579246727498693
0.004801970042155426 0.6376452654440972 3.4113538726063286 1.415699670880407
-0.004294507545790763 0.6384236115056028 3.463608662022292 2.8373029839685087
0.0016145381856300326 0.5858151422480928 3.275143278042552 1.8367265768114027
0.002696760384362092 0.2377884659362287 3.2043490777118255 2.4989865740302006
-0.003067721976646826 0.6925252168290317 3.2568030623058553 2.5336611240390665
0.0071305378005569785 0.6404982812068539 3.44974224195454 1.8615009417154547
-0.0038373190979554784 0.5026709691725904 3.1352763114315105 1.9514082544654252
0.0013353587322470556 0.3668542249970792 3.2583412727336563 2.987162708140147
0.004993538539195874 0.21367331220408792 3.068829799110089 2.9444688806061436
-0.008473884016095296 0.2823984531665429 3.133085503751437 2.1912832781608427
-0.00446197009369715 0.20370561151947691 2.9601608197228413 2.874030369583663
-0.0013286516991499386 0.6537215091897832 3.196756120630158 1.8319838521327334
0.008937376551794572 0.2097767191037791 2.9837454203452727 1.690307090357809
0.007073857059819575 0.2580265328047938 3.4276877002256136 1.179588380421075
-0.006159328648298164 0.6573538298617992 2.9452875982547764 2.1327333787368783
0.004160203157636683 0.27220100427628807 3.113659289873783 2.6361379036539483
0.002721363772548475 0.35364126559020087 3.234648608450006 1.188325526953132
-0.006808240101512984 0.32750169433266296 2.960734031854952 2.780875079869432
-0.0058818865711991655 0.04291821304485993 3.0529350954184156 2.624084091461106
-0.008115772334586843 0.04379601261946431 3.000129786408404 2.3763715905068232
0.009656623119578808 0.41349628603311683 3.413526312025481 2.1234779568538196
-0.00038623128177416467 0.6153802337796039 3.254274287481845 1.3156517583951894
-0.0016024907788943139 0.5225621212171023 3.003852564967637 2.3236609115710114
0.007233463324920995 0.2575275313468015 3.419242948940334 1.0926679700781035
0.0042042685807108324 0.13732801203943168 2.933570544619323 2.7838670310468085
0.0023909579514526658 0.6698483735596504 3.173490051733632 2.761454172598984
-0.008188131238224315 0.14274037031120101 3.2157282307796278 2.465865055984012
-0.00204130622773819 0.023440553050861013 3.1980083593952795 1.0599119597018263
-0.0005740973719053546 0.6019632056232862 3.2617524647112393 1.3279897332832997
0.0036432007778925794 0.5435938565467479 3.073216845734082 1.4119877630737776
0.00916596232344364 0.5231186673367014 3.0653795589376207 2.533706494751498
-0.00688720978616839 0.09000103772560172 3.113600102775985 2.555529756824666
0.004480274166330187 0.6647577046228039 3.2099678916517993 1.8298906283964647
-0.008113789862167238 0.6808622171208205 3.0523517210808726 1.2895459988340388
0.004901301137966646 0.1414617538097907 3.083830723646086 2.669644599687913
0.0031330600459062476 0.43096662110675565 3.2372942452990165 1.1230587302528632
0.009729639411370287 0.3913878388962182 2.8937760817937637 2.665559955288523
0.003881688442187857 0.45313769756613276 2.9845771351349852 2.6009682946252095
0.0036221975235375767 0.08669665394676468 3.4526861000930538 1.8062059831765338
0.009016037111216863 0.45156535070438664 3.1786290364476115 2.1126727798794764
0.007251933579256475 0.2107385847084065 3.130100441952317 2.60564219686313
0.00914920077513462 0.5897986374168152 2.9246422361072715 1.0725887397920149
-0.009601288069585354 0.6330630862150961 2.988096605959898 2.7008323541031993
-0.0007139241021813462 0.3459000256363604 3.445270208194564 1.1183019893591857
0.007430401088089789 0.6168590863286763 3.2054629840530486 2.0288461918176006
-0.002775716565002355 0.29834021808873123 3.165451476907808 2.0977263856368955
-0.002477315207814218 0.43121463632929824 3.0724896689406425 2.223334950774558
0.009149240088880654 0.34364986072266374 2.976842697626549 2.834269646606682
-0.008518403104197433 0.10219274096902004 3.245548440507257 2.74971079466344
-0.0023982705002755476 0.5766106808263507 3.198103382679728 2.1190209839717533
-0.0016577004759774868 0.6815560811997715 3.433039718095448 2.8318051608592154
-0.009445276670249126 0.4726116296474965 2.97527548554871 1.2991244255456156
0.005887817448332723 0.07469512213665476 3.047254352676645 2.252590896298055
0.007260012517908166 0.24288143658904052 3.1045016092993705 2.3155513567944146
-0.00018642770707844166 0.15937359450616181 3.136856792805121 2.4831835306900185
-0.0023640934892811285 0.48398248764152385 2.9500647949348138 2.9196178260103998
-0.009097542571732481 0.13193412023960538 3.262823621047213 1.6655445353960552
0.003852811059901868 0.09779362579124018 2.925360544392827 1.9959793516803814
-0.005549961496646753 0.6149649776285777 3.1222671759929455 1.942376126299392
0.0007514506071261257 0.1413088668163801 2.961086127575128 1.7538822302712274
0.0038949237520572635 0.24235696616329533 3.0700625065779406 2.8698316489448565
-0.003201465187388469 0.576891771532938 2.9988902761195946 2.5957833719945604
-0.0004622278211558876 0.48579445095019014 3.429881232756323 2.4336151053483204
-0.00706499420265644 0.28945223739331427 3.152459854003596 2.5847853317431433
-0.006246185627434915 0.029612580742766348 3.386388806931491 1.2478911342952197
-0.008957567949063345 0.35225994157215573 3.237059091174067 2.3966452714836755
-0.0046600339955937455 0.5195678628367661 2.969011116206868 2.9508362612721664
-0.001070712702131521 0.4431668198058656 2.9695908035875958 1.5788800969554708
0.006167318587164759 0.23308122921513413 2.9574592651326252 1.3399961055145932
-0.003837685685377846 0.4356234920730253 3.359948121010338 1.5833265730827715
0.009798865921840207 0.23314254288841768 3.175348894237855 1.9433060039932402
0.0007273195430396182 0.17988401492348158 3.403394046519415 2.4238252073110362
-0.006457730312692362 0.693185015964881 3.1672178957199475 1.6671628630125293
-0.007278590508288692 0.675203720633325 3.045746917096157 1.2627006861532548
-0.004578349858167893 0.3596429023028289 3.3385952017795373 1.728642878625238
0.0025496460763204283 0.19089272904816512 3.3724286712831386 1.7513532959249454
0.002491864681201315 0.08029202393521528 3.0016736809902196 2.47140855043921
-0.005205732634964336 0.6856944252642053 3.038960917250724 1.0927823454919183
0.008135161054897519 0.28646522211255765 3.1282762571897464 1.8293183974578247
0.0020439819660930587 0.4940361680748546 3.043205045233815 2.1412763998335462
0.009918349440948895 0.5158643997335588 3.0583726015244603 2.4612368250209773
0.0032456992698666224 0.33169187954494445 2.971649351740881 1.4037063278085202
-0.003961751286631194 0.2795426119763524 3.1708007234060225 2.1818904084977166
-0.009144965529553118 0.64284086976819 2.974189027020838 2.143930785855188
0.009344170675392912 0.24580946023591643 2.9782343488901546 2.253723996115527
0.0008719230079380197 0.36295516565515973 3.0740135673540556 2.0503620156766664
-0.0008160146948659793 0.6476938505064607 3.1651904617746935 1.7362363507851621
-0.0068251728877964605 0.3826535816469718 3.23444913474136 2.840002686798597
0.004539956769733299 0.192976013296624 3.430800442732597 1.8212257787894435
0.0012500193055413073 0.36579354047224155 3.2605664131525 2.989457544599267
0.00499982603795484 0.6866263064727163 3.216541664631604 1.7845957114305548
-0.005165195935604225 0.2076992071204749 3.1955097833123136 2.2110464514554735
-0.0019194478769407573 0.6145697276498986 3.363806394806906 2.484002806380406
-0.0077353591160719305 0.1424454383636065 3.1777470203547518 1.0409855769214595
-0.0032753057429351215 0.18839410642619142 3.191057294988188 1.945399738786579
0.005337670136768564 0.18319647481143314 3.185008517104701 1.6062259219509456
-0.0031075603335132727 0.1682807064587435 3.1991781497079868 1.9808208992138627
-0.007179590567594603 0.5932703289437163 2.9276362745083513 2.291604182516664
0.004749105963339301 0.132162035305345 3.352668455321196 1.6316292892984263
-0.0018155308972149856 0.6633568159543539 3.1921113284686005 1.8329475491682103
-0.009773715776949797 0.08353817867694685 3.2304722090959697 2.9272267952539277
-0.006538235730816062 0.37740953121098675 3.2573854614036524 1.7523096860870455
9.246581309798555e-05 0.20526390042293735 3.223934558607693 2.1326331477704326
0.0005439296389643479 0.15589462063107523 2.9598292377853253 1.790974753269813
0.002473117615026598 0.5284408728929357 3.401570074565497 1.6231638225773144
-0.00038623128177416467 0.6153802337796039 3.254274287481845 1.3156517583951894
0.008287201807030293 0.2553738213194321 3.405324155382588 1.7183272757260746
0.009592857477138917 0.23504599966560655 3.408851776841225 1.949101776482475
-0.0040033090169683035 0.2330975217566961 3.215325832182545 1.0768399926675813
-0.00462802895205568 0.027601910555999365 3.4428122046593552 2.425240660645577
0.003337340166232555 0.6273692197314638 3.1581056349952257 2.71203172419204
-0.00563920882933704 0.570770856261424 3.064419332415021 1.840293992082634
-0.002977713080654667 0.6478582505382818 3.0802183423568352 2.1693593205042996
-0.0053759564788096546 0.6237228013769579 3.3283925453840637 1.5661274287984983
0.003147876090480352 0.19681641897164104 3.0745920389067782 2.696705424219124
-0.0022566733040922126 0.03796468340521475 2.9344442244333058 2.5729633789079274
0.006829967550683497 0.11377841866790278 2.942361519681097 2.050064673109318
0.002481715883276371 0.09646816953403692 3.414157733867845 1.5712691386626578
-0.003290495910922512 0.27892970135735917 3.1773963225676836 2.169852728301806
-0.0038274663161795676 0.6591733435029322 3.318730270442994 1.9691854715210821
0.000621379941013232 0.1747944773123935 3.035818343270697 1.7940789140481577
0.004712901568198115 0.09615101950776078 3.1000730885580405 2.7944101130462338
-0.0012028551457682161 0.6726313155179351 3.0109800092938364 2.1520632461754094
0.00035782032090055094 0.5627800874681762 3.051898740959507 2.442906621527646
0.0006942980412195168 0.041624734047869774 2.9795230285816148 1.0953044568243784
0.009629230201531789 0.674660051792026 3.169046980150727 2.641301216674799
0.001900088005710048 0.1990682226406731 3.4522985779922797 1.7227659353572835
-0.005620100096015969 0.027308377537090922 3.3859446495879513 1.534971957826139
-0.004523265890602329 0.5742932324624048 3.1892815900935867 2.330792013941978
0.0005893876748565676 0.17233502403375323 3.0814245933826063 2.8125882441733236
-0.0032681855625746204 0.5166108030136349 3.1052780979173233 1.6409436792698384
-0.005980269679741603 0.2551601230366429 2.982456651297617 2.13642382966722
-0.00012448779787320452 0.5199512479674746 2.983178046617404 2.6993438975735304
0.0015692400266641218 0.06151088851187306 3.0229130353651303 2.604371375275141
0.008288718273759288 0.4456406999784358 3.4365871052766352 2.9699882077058493
-0.005087464390169585 0.5359293385022146 2.9331344818864933 1.9109896689206376
0.008711189630709906 0.061098795698928676 3.0214202597896698 2.732507833479046
0.008160135838155724 0.22884087850587223 3.403121364109812 2.104518745973693
-0.008406653150052084 0.228915433981437 3.1093830562010276 1.9411655702135593
0.006911041321173387 0.27133850556665134 3.3823995139128384 1.1069404930294828
0.008905702739952098 0.2516295328279134 3.37129274442632 2.3772368187518995
-0.0005985057744859958 0.6626966145233723 3.1905884539277154 1.8346541737792226
-0.0015461910848593389 0.011168669982429658 3.179011288407985 1.1188474122269714
-0.009147132928007822 0.022133859848303405 3.19483709820426 2.9868850888160186
0.006579214246497602 0.13874723645591927 3.2254896127516646 1.4750833947375028
-0.0019459368426023118 0.48566410391311576 3.039079406416984 2.6396914481735254
0.003002660220903037 0.5335096957927131 3.2092812761539853 1.5068248037690508
-0.0016111180338003652 0.5265006998174072 2.92586171167064 1.6568872381591655
0.005351887638511824 0.30398996134996253 3.112912862581128 2.009099447619935
-0.00041013499487254235 0.16628812927946152 3.167207506828629 1.8163860867999815
-0.00011430882677905801 0.47413947536213774 2.9853872824290586 1.5351574937035197
-0.00902459985516534 0.6496798075136474 2.987244543831089 2.1001496897484304
0.009212860871785933 0.3820745733964465 3.394113087404539 2.158957098596244
0.008837414213935958 0.4739048989002119 3.3109458532089744 2.8055862691545164
-0.0019686138641020123 0.6719373931893594 3.2887643991509443 2.460260737576905
-0.009665659145583162 0.3588509210116298 3.1184440950571344 2.283129911941272
0.002613922764649526 0.4694543989608354 3.1174608571353333 2.737515083331343
-0.009225429414035048 0.4448667001131589 2.9827193683182376 1.3079963173957894
-0.00021115043422157472 0.6686826863058452 2.9300689432875786 2.0937608310496056
0.006310844906906126 0.18350037836685615 3.380590109344485 1.4524562708271507
0.00771894494238001 0.5449222614910555 3.2924054567323973 2.0883963076419687
-0.0001324228442814903 0.5927203352498457 2.9338951325337406 1.152443540441601
-0.0011500310865894532 0.6924126549391948 3.4450172070912983 2.914405382822206
0.004413262684865249 0.134405501962591 3.0440274887890544 2.7997276464238476
0.009814095691092697 0.23376470940398633 3.1763276486152057 1.952703061390527
0.002008692877906819 0.3821095465118195 3.1246962032005325 1.9635172804579089
-0.00997935842334656 0.09619556923944278 3.2614431332237284 2.9319228476364945
0.005349918115988361 0.20890259798443245 3.447665544433148 2.3744612356365002
-0.00929695550422833 0.6929110826604126 3.038791420827472 1.8828394230655834
0.003564028928571452 0.06640248275273244 3.4437462934194234 1.6804676420235678
0.009066103553326519 0.12039097183299002 3.1611808615705583 1.9140910528708304
0.007999228716751097 0.6139899856445461 3.1040632342607717 1.657286890764854
0.004267863690127261 0.3137033687843416 3.2848736596368595 2.604125617875561
-0.0026734395953186265 0.38548307378730634 3.3244141765185966 1.5422527317576313
0.002204299867459264 0.0038017596779482132 3.088300749858983 2.7782813549126746
0.007230055400180161 0.18045030199248252 3.0941035652462308 2.9018872136342466
0.004356587505190183 0.5514676577073107 3.0847170364246024 1.263871208619519
-0.007487838521953262 0.4643925962281372 3.3076545929431806 2.8418255364004756
0.00943305268244946 0.6554321176520294 3.2497813378939564 1.5130261353007968
0.007342558717694332 0.30542715214736227 3.137316865469133 2.678104295496987
-0.0008584991881570537 0.5685091092062066 3.035977284673675 2.5727846319311216
0.009607693626167601 0.05046401457352606 3.1109652517082145 1.969132851886629
0.007004707534561384 0.1750777046693453 3.331112118725046 1.4937934556982455
9.795912223552433e-05 0.34018078780437 3.288160290408445 2.169802075897228
0.0009012814754611144 0.41099077076205004 3.2037814790380303 2.896038270667188
-0.00697402710883238 0.5683772979842096 3.121708668754051 2.1069459288918955
0.0017887931328086307 0.37936546183535935 3.1845150150752835 2.756447301884517
0.007025406951266175 0.496275678899041 3.273352304403521 1.5949575132890157
0.0063389272435138205 0.34736678889446154 3.080946164236077 2.475562990927937
-0.005688244252293227 0.6808453865348347 2.924246410864141 2.2425734228863194
-0.009753910243835618 0.1940290522885163 3.435296439872402 1.9663469254297843
-0.0018856556751854349 0.4686153402605681 2.8796069875342845 1.1991722512136154
-0.004217212713182977 0.6495870961885322 2.984396024533873 1.5843771662196406
-0.005659220948301442 0.6051124989632386 2.9098778104897765 2.143551171027114
-0.008306575024842066 0.16844931708385413 3.183709962209215 2.324924734295018
0.0002726980282931722 0.39138165099820027 3.189332103477434 2.1471013067840095
-0.0005538259309581352 0.13968414146134744 3.3415780953568333 2.0032019458383075
-0.009017831125116326 0.3706935147481316 3.429085663246226 2.962611863482878
-0.008944265840141949 0.042258457552322326 3.210102634827796 2.9207179460173336
0.009880390352657744 0.2089102636340816 3.3987455444213106 2.3231614005130217
-0.0013555743639953252 0.3060102722063396 3.0553517265042807 2.7374305826000302
-0.0013317759945148788 0.18791508528570955 3.079218112144893 2.7583307289718784
0.005384362367938043 0.114103595577845 3.3357307104672342 2.275442433909694
0.009780513297853562 0.2111208615663407 3.1841027360379788 1.9031347582907463
0.0005159970547033855 0.2138714751458174 3.3013626250129784 1.6652450620475143
0.007295810416887176 0.40687841201461494 3.35438983914312 2.240494034448602
0.0028852692406797155 0.01916428515424963 2.9702054832349023 2.635213471419182
-0.009674085879860503 0.25675037875091805 3.038048561659923 2.547427252023377
-0.004571035454042299 0.15614007941204583 3.0899937619642124 2.223661692727811
0.006550014602555732 0.3676392071604183 2.994061680894954 1.7388146643896885
-0.004769551664230041 0.6523154298768843 3.470417159120457 2.1575670480119786
0.009218337772863029 0.4182611526138074 2.987294470084903 2.9239220642313413
-0.007543767197045262 0.5491289895067563 3.4610344543537193 2.7582561844388103
0.0023674818091974515 0.6707724737444797 3.0184210883734703 2.440679791126031
-0.006183737438050403 0.6999266239450741 2.9068024664654093 2.2919597674476195
0.009405446560980694 0.2646462127916124 3.401876793031873 1.9124389687368515
-0.009956928135353324 0.08122792771489198 3.2257114758499967 2.9568180834020428
-0.0034501491135684043 0.08044897101494575 3.4455095079733784 1.769254019172552
0.007212262998148282 0.07671024424583145 3.0541982642139773 2.6098980690783407
-0.009902994902745071 0.5054463104754503 2.9172018115444196 2.7349820798018207
0.008910731552668605 0.48509082274191884 3.3151157611648583 2.831631377873082
-9.615707952918958e-05 0.5145983551860488 2.9182320872550096 2.4244268887303826
-0.004545242843539815 0.6923372950230737 2.9041544677339806 2.0418236429612002
0.00887174774058232 0.307414111319364 3.3925339892976054 1.2109949697268823
0.0014427576553333703 0.3448171002512952 3.0840625209296637 1.970918005130075
0.0049126758615907614 0.45188343485314025 3.0731985142126277 2.150543333032273
-0.0043354874124646985 0.6063749739245942 2.9244792996394624 2.5201983200078386
0.008133255391225936 0.13468885541422942 3.246152663417853 2.7156840031911456
-0.004898854471480227 0.21014086450508368 3.1609650558658346 2.90439627494936
-0.004593491971610847 0.16026403433746206 2.8933356511330954 2.646387952884255
-0.008914306412896525 0.2874686210838868 3.2885677861050673 2.4302889000117673
0.007848572576049335 0.24670965585771656 3.4486311357205506 2.4878898219655454
-0.0070219009083960894 0.5259736749030814 3.2688597320710007 1.4533394444995231
0.0005476446938645742 0.060477119854528555 2.8843817485834466 2.6141857632405587
-0.00151390148486393 0.6979980944849117 3.1724407781302078 1.8178989078946275
0.002082959005470332 0.3857271425350158 3.17540146156557 2.691347172481655
0.003758933787929619 0.2234110526936947 3.4569372015809243 2.289269576909918
-0.002226120090158162 0.24129251219834183 3.360860399660781 2.377797652187537
-0.0009636405166606665 0.15235045569535877 3.2554189540441163 1.996651464699905
0.002145675127490445 0.3867574156741181 3.19067972026257 2.7720085418059557
-0.002166783394752893 0.6059906799479592 3.07435586995305 1.770137317212345
-0.00037890623264246544 0.3287034095056951 3.4693925008671425 1.504292982037243
0.0027217313057452926 0.030276576014949375 3.436437454523311 1.3613480564439113
-0.003609900169333968 0.6919098059151908 3.420740815514011 2.9313824225271925
-0.0005798716329400468 0.09260809899299532 2.9709423602251217 1.6816147343756929
0.003988715631671313 0.22706562127886298 3.433171417217741 1.6198883245097677
0.0019230256121185191 0.24809120867091317 3.1382953272910012 1.5276911681322107
-0.006441839110042583 0.5869345595347177 3.0782547790178527 2.16259634322712
0.0007334984014067299 0.48674697480941786 3.2079477534190928 2.293978501698745
0.004833520866884607 0.4243647197204403 3.022672376099045 1.0139013526987126
-0.0023843399367898714 0.28617577098228236 3.415497967864562 2.0071820858311042
0.005526334939533933 0.0778022962092968 3.0585457935154285 2.2073782274400524
-0.001969112576091149 0.6114748132657295 3.4336382636736476 2.8877042246662414
0.004693366786860576 0.16194515353476574 3.2964663044088467 1.7322252310429043
-0.0033810932676470815 0.556953605484171 3.1414993549927193 2.0410794222760407
-0.009069222669289759 0.08916633203975716 3.215341361509532 2.8582437008155974
0.005018039352065365 0.3988497765780217 3.1891420781936572 2.2521760943903866
0.00963170007900407 0.004177407767409089 3.296970864165402 2.9846756542702995
-0.0005301627444849067 0.1742969273297526 3.0753357508327133 2.6429987548688954
0.007243765765007205 0.5750483189460173 3.191879690247641 1.80156021247226
-0.0009224097154971779 0.25215350715886103 3.3016470342404074 1.8057685176207632
-0.005949435834814706 0.29617922139490904 3.264538118888863 2.2425530386535892
-0.006581057244106648 0.6335649922976605 3.4214555593684506 2.3280150711347405
-0.0014402836748933152 0.4449925269539193 3.1330993873200903 2.0610074995799352
0.0009362164253472593 0.16528315754767092 3.4021403227425946 2.0286025687580436
-0.004737390151632213 0.699616820406677 2.8959804034623753 2.0645681608852904
0.0048519490182907955 0.02975630801767315 2.93985322704755 2.8252246936923715
0.0020120725523187473 0.1351916291573057 3.1710417125516903 2.328607200603604
-0.004444139288027542 0.10311663522396261 3.1555710399481365 1.4510489151332016
9.211079164383323e-05 0.5047785291242317 2.925836721693004 1.1315008075646418
0.008679342219581337 0.4933271389451698 3.0331374178382107 2.6394592458881765
-0.005799829147502121 0.09299587363229289 3.0887847849440506 2.660867838965551
-0.006681993932826998 0.3457766659125642 3.1483046303323037 2.0259071443081957
-0.001355633947568725 0.65902408050908 3.193372017187075 1.8346929244486319
-0.0070219009083960894 0.5259736749030814 3.2688597320710007 1.4533394444995231
0.0007633482913658816 0.6800212763191908 2.8713341389399862 1.9512176370475025
-0.008385700556423702 0.37434495652892763 3.3865263438356696 2.872400408693091
-0.0033034567043145153 0.2960744537489395 3.374337299109965 1.9695859712632493
0.004639800152305851 0.35904274337815023 3.0533813841293407 1.3882490864613826
-0.0065840176874528665 0.3514219970856437 3.076716802807437 2.257085147842631
0.008964152259470377 0.1526992972110861 3.4278393833941863 2.173291419431023
-0.007929702478579633 0.6766632492662379 3.1527441843748907 2.1964138266652897
0.007583230089567974 0.005820059393651378 3.2720597595298058 1.8701984523650608
0.004097063397383673 0.28409584127194953 3.191594088653084 1.4234944309905226
0.008643777139776742 0.46645031311473456 2.9134109448275165 2.9566191816436245
-0.004205699380893671 0.6957986715553102 2.8783185662911817 1.6457710910711654
-0.0011828119681784061 0.17640006963696386 3.2305909569644418 1.3755446645479132
0.0008850355268258045 0.6327884834192135 3.2664294454912954 1.7590949151891433
0.004774444915589008 0.560973033198491 2.884003272319483 2.2942213130489506
0.007987448399301713 0.3670743814450388 3.2890610219378145 2.002127813650326
-0.0013101995729588275 0.6108467061501994 2.9384610447812665 1.4242444265211998
-0.005827470220604674 0.056871266126161 2.9859485952890505 2.97392766415847
0.008223784782094689 0.31173540965476076 3.36253431663968 1.2056936740138031
-0.005833699887336622 0.024445851401528995 3.439583318050791 2.605103609465049
-0.004052224826106894 0.1500295320689482 3.3149314256811544 2.2701904410694884
0.004009005013110672 0.21935531315590162 3.449561190627521 2.5445830936134586
0.009632630923123156 0.0005811405509824619 3.2993505700370194 2.99618175020845
-0.0038503914375964295 0.6577652324410482 2.9879766076039687 1.2663960331335726
-0.0010844006871580528 0.5244272869404061 3.2373790957853927 1.8754290571105643
-0.0024610855963506746 0.5539908353392597 2.903774057308639 1.289381556155293
0.003579349187017744 0.2890604650131659 3.2819045301214054 2.6136689212008895
0.001398314651386707 0.5925010762960201 3.2542058375797924 1.4801483502352382
0.0023963075486071878 0.24288190804770843 3.447670489875614 2.1880755505932954
0.002044024982221875 0.16241259790879423 3.0008380127110796 1.7448613923776946
-0.0031589116249160915 0.6993662170566792 3.2626198535414686 2.546472702302398
0.005837946422343456 0.6641771561683266 3.358647934964716 1.8631855944972866
0.007160864594218165 0.4916588787339398 3.2473153022078898 1.550766810747793
0.00205322563674864 0.3819861197099744 3.1874819502180656 2.7209806298232024
0.009926495070971101 0.5251855502149619 3.047505106009525 2.4691609626616957
0.005986585438811774 0.21812691373267995 3.4704992670565193 2.4089072252712103
0.000696411483272005 0.5216505557198193 3.024885615207239 2.833825169057425
0.0018078910363388335 0.33624197808293865 3.4519378164214727 1.3486742643550118
-0.002526137559132142 0.3196540554049374 2.9230866671521016 2.846702663063929
-0.0010020867025687132 0.2343959255658069 3.2635381337885496 1.3873985996380236
0.008970248019082958 0.6825183395430907 3.4313693924884987 1.5836680489575061
0.004898654061711681 0.17747458657452775 3.4340056098353724 1.7530565415450141
-0.0020378040703273584 0.6766882906699213 3.0106121868749027 1.0623882284579156
0.005145865052352961 0.14948236665741138 3.177833848824647 1.4960118847625896
0.000504094090044668 0.3365538909882495 2.9854007083339473 1.0116959225808688
-0.0050299493646316406 0.09431612162789649 3.1647618858758446 1.4164132338723965
-0.006243233184993544 0.2601443997893712 2.976633819518516 2.1714265495049556
0.0010737620907376138 0.22919947615635902 3.4729583131955932 1.6877352460300052
-0.0039004728225677052 0.53741155477277 3.2479543042341614 1.6386896995513132
0.008241954319737158 0.29160744101364455 3.1521285270700625 2.7480802036245033
0.0016850570793637823 0.12940943418752895 3.4019983306952954 1.8917047687745072
0.005084965865697125 0.3648102756303087 2.875669434852243 2.8737755609281943
0.0028542837371946725 0.0008055207295460942 3.001986770156715 1.9841222577556694
-0.008075833194131101 0.24210459305912108 3.079545150709826 1.9954898729115313
-0.005670249235306624 0.6574255883189934 2.9556616948242436 2.0889947272834393
-0.0014862107041882042 0.5251236161325492 2.873547612311084 1.6561915780292398
0.001414898172079903 0.5014414577498782 3.0699478869478813 2.098978120669286
0.004832274328791171 0.36464106850645595 3.009977352757021 1.3414218988691324
-0.007180663724020861 0.6822159199329558 3.044649259258227 1.3957653792368943
