10.000000 0.000000 0.000000 0.000000 0.000000 0.000000 0.000000 0.000000
10.139395 0.000000 0.000000 0.000000 0.000000 0.000000 0.000000 0.000000
10.280732 0.000000 0.000000 0.000000 0.000000 0.000000 0.000000 0.000000
10.424040 0.000000 0.000000 0.000000 0.000000 0.000000 0.000000 0.000000
10.569346 0.000000 0.000000 0.000000 0.000000 0.000000 0.000000 0.000000
10.716676 0.000000 0.000000 0.000000 0.000000 0.000000 0.000000 0.000000
10.866061 0.000000 0.000000 0.000000 0.000000 0.000000 0.000000 0.000000
11.017528 0.000000 0.000000 0.000000 0.000000 0.000000 0.000000 0.000000
11.171107 0.000000 0.000000 0.000000 0.000000 0.000000 0.000000 0.000000
11.326826 0.000000 0.000000 0.000000 0.000000 0.000000 0.000000 0.000000
11.484715 0.000000 0.000000 0.000000 0.000000 0.000000 0.000000 0.000000
11.644806 0.000000 0.000000 0.000000 0.000000 0.000000 0.000000 0.000000
11.807128 0.000000 0.000000 0.000000 0.000000 0.000000 0.000000 0.000000
11.971713 0.000000 0.000000 0.000000 0.000000 0.000000 0.000000 0.000000
12.138593 0.000000 0.000000 0.000000 0.000000 0.000000 0.000000 0.000000
12.307798 0.000000 0.000000 0.000000 0.000000 0.000000 0.000000 0.000000
12.479362 0.000000 0.000000 0.000000 0.000000 0.000000 0.000000 0.000000
12.653318 0.000000 0.000000 0.000000 0.000000 0.000000 0.000000 0.000000
12.829698 0.000000 0.000000 0.000000 0.000000 0.000000 0.000000 0.000000
13.008537 0.000000 0.000000 0.000000 0.000000 0.000000 0.000000 0.000000
13.189869 0.000000 0.000000 0.000000 0.000000 0.000000 0.000000 0.000000
13.373729 0.000000 0.000000 0.000000 0.000000 0.000000 0.000000 0.000000
13.560151 0.000000 0.000000 0.000000 0.000000 0.000000 0.000000 0.000000
13.749172 0.000000 0.000000 0.000000 0.000000 0.000000 0.000000 0.000000
13.940828 0.000000 0.000000 0.000000 0.000000 0.000000 0.000000 0.000000
14.135156 0.000000 0.000000 0.000000 0.000000 0.000000 0.000000 0.000000
14.332192 0.000000 0.000000 0.000000 0.000000 0.000000 0.000000 0.000000
14.531975 0.000000 0.000000 0.000000 0.000000 0.000000 0.000000 0.000000
14.734543 0.000000 0.000000 0.000000 0.000000 0.000000 0.000000 0.000000
14.939935 61.387651 56.493095 65.675820 53.095579 70.432451 48.688044 73.128176
15.148189 61.381887 56.488348 65.669463 53.091284 70.424572 48.684144 73.119986
15.359347 61.376043 56.483534 65.663018 53.086929 70.416584 48.680189 73.111682
15.573448 61.370117 56.478653 65.656482 53.082513 70.408485 48.676179 73.103262
15.790533 61.364037 56.473645 65.649777 53.077983 70.400175 48.672065 73.094623
16.010645 61.357591 56.468335 65.642668 53.073179 70.391366 48.667703 73.085464
16.233824 61.351055 56.462951 65.635460 53.068308 70.382433 48.663280 73.076178
16.460115 61.344428 56.457492 65.628151 53.063370 70.373377 48.658795 73.066763
16.689560 61.337679 56.451932 65.620708 53.058340 70.364154 48.654228 73.057175
16.922204 61.330471 56.445994 65.612758 53.052968 70.354304 48.649349 73.046935
17.158090 61.323162 56.439973 65.604698 53.047521 70.344316 48.644402 73.036552
17.397264 61.315751 56.433868 65.596525 53.041998 70.334190 48.639387 73.026025
17.639773 61.308237 56.427677 65.588238 53.036398 70.323922 48.634301 73.015351
17.885662 61.300201 56.421057 65.579375 53.030408 70.312943 48.628862 73.003937
18.134978 61.292029 56.414323 65.570362 53.024316 70.301777 48.623330 72.992329
18.387770 61.283742 56.407496 65.561224 53.018140 70.290456 48.617721 72.980560
18.644085 61.275341 56.400574 65.551958 53.011878 70.278977 48.612034 72.968626
18.903974 61.266419 56.393223 65.542120 53.005227 70.266789 48.605995 72.955956
19.167485 61.257282 56.385695 65.532043 52.998416 70.254308 48.599809 72.942981
19.434669 61.248018 56.378061 65.521826 52.991510 70.241652 48.593538 72.929824
19.705578 61.238625 56.370321 65.511467 52.984507 70.228820 48.587178 72.916485
19.980263 61.228722 56.362161 65.500546 52.977125 70.215295 48.580474 72.902423
20.258777 61.218508 56.353743 65.489282 52.969509 70.201344 48.573558 72.887921
20.541173 61.208152 56.345209 65.477861 52.961788 70.187199 48.566546 72.873216
20.827506 61.197651 56.336555 65.466281 52.953959 70.172857 48.559436 72.858306
21.117830 61.186661 56.327498 65.454161 52.945764 70.157848 48.551994 72.842703
21.412202 61.175244 56.318088 65.441571 52.937251 70.142258 48.544263 72.826496
21.710676 61.163668 56.308547 65.428805 52.928619 70.126450 48.536424 72.810063
22.013311 61.151931 56.298873 65.415184 52.919866 70.110422 48.528476 72.793401
22.320165 61.139736 56.288822 65.400191 52.910772 70.093771 48.520217 72.776091
22.631296 61.126977 56.278304 65.384504 52.901256 70.076352 48.511575 72.757982
22.946764 61.114039 56.267640 65.368599 52.891607 70.058689 48.502812 72.739621
23.266629 61.100922 56.256827 65.352473 52.881824 70.040781 48.493928 72.721004
23.590953 61.087393 56.245674 65.335841 52.871733 70.022312 48.484764 72.701804
23.919798 61.073135 56.233919 65.318317 52.861098 70.002852 48.475105 72.681574
24.253227 61.058679 56.222001 65.300548 52.850314 69.983120 48.465312 72.661062
24.591304 61.044022 56.209916 65.282532 52.839380 69.963114 48.455382 72.640264
24.934094 61.029015 56.197544 65.264088 52.828185 69.942632 48.445215 72.618972
25.281661 61.013087 56.184409 65.244514 52.816301 69.920898 48.434422 72.596378
25.634074 60.996937 56.171091 65.224668 52.804250 69.898860 48.423478 72.573469
25.991399 60.980561 56.157588 65.204545 52.792032 69.876516 48.412382 72.550240
26.353705 60.963919 56.143864 65.184094 52.779615 69.853807 48.401105 72.526633
26.721062 60.946128 56.129190 65.162237 52.766337 69.829538 48.389046 72.501404
27.093539 60.928088 56.114312 65.140076 52.752874 69.804930 48.376820 72.475823
27.471208 60.909798 56.099225 65.117605 52.739224 69.779979 48.364422 72.449886
27.854142 60.891252 56.083929 65.094821 52.725383 69.754681 48.351852 72.423587
28.242413 60.871478 56.067616 65.070535 52.710621 69.727716 48.338446 72.395555
28.636097 60.851333 56.050997 65.045794 52.695583 69.700246 48.324789 72.366999
29.035269 60.830908 56.034146 65.020708 52.680335 69.672393 48.310940 72.338045
29.440005 60.810197 56.017061 64.995272 52.664874 69.644151 48.296899 72.308687
29.850382 60.788273 55.998970 64.968353 52.648503 69.614263 48.282031 72.277617
30.266481 60.765783 55.980411 64.940740 52.631709 69.583607 48.266778 72.245749
30.688379 60.742979 55.961593 64.912743 52.614681 69.552524 48.251313 72.213437
31.116158 60.719858 55.942514 64.884356 52.597415 69.521007 48.235632 72.180674
31.549901 60.695556 55.922455 64.854526 52.579263 69.487890 48.219146 72.146248
31.989689 60.670455 55.901736 64.823720 52.560512 69.453689 48.202116 72.110696
32.435608 60.645004 55.880727 64.792484 52.541500 69.419012 48.184849 72.074648
32.887743 60.619198 55.859426 64.760812 52.522223 69.383851 48.167341 72.038098
33.346180 60.592268 55.837193 64.727769 52.502102 69.347168 48.149066 71.999965
33.811008 60.564262 55.814067 64.693411 52.481173 69.309028 48.130058 71.960318
34.282315 60.535865 55.790620 64.658575 52.459953 69.270356 48.110784 71.920118
34.760192 60.507073 55.766845 64.623252 52.438436 69.231145 48.091242 71.879358
35.244730 60.477240 55.742208 64.586661 52.416139 69.190527 48.070990 71.837135
35.736022 60.446004 55.716406 64.548511 52.392786 69.148011 48.049780 71.792940
36.234163 60.414333 55.690245 64.512845 52.369108 69.104903 48.028274 71.748128
36.739248 60.382219 55.663718 64.476681 52.345100 69.061193 48.006468 71.702692
37.251373 60.349183 55.636426 64.439480 52.320398 69.016235 47.984032 71.655958
37.770637 60.314359 55.607648 64.400271 52.294350 68.968863 47.960372 71.606716
38.297139 60.279048 55.578469 64.360514 52.267938 68.920831 47.936383 71.556788
38.830980 60.243246 55.548883 64.320203 52.241159 68.872130 47.912060 71.506163
39.372263 60.206675 55.518660 64.279029 52.213803 68.822388 47.887212 71.454458
39.921091 60.168576 55.486575 64.235343 52.184760 68.769635 47.860832 71.399622
40.477570 60.130478 55.454043 64.191558 52.155312 68.716145 47.834084 71.344021
41.041805 60.090251 55.421058 64.148039 52.125453 68.661910 47.806963 71.287646
41.613906 60.049290 55.387601 64.103898 52.095168 68.606901 47.779454 71.230465
42.193981 60.005540 55.351846 64.056752 52.062799 68.548188 47.750052 71.169435
42.782142 59.961181 55.315593 64.008949 52.029980 68.488656 47.720241 71.107555
43.378502 59.916663 55.278834 63.960479 51.996703 68.429072 47.690014 71.044811
43.983175 59.871605 55.241563 63.911335 51.962962 68.370978 47.659365 70.981194
44.596276 59.823785 55.201987 63.859180 51.927131 68.309358 47.626817 70.913727
45.217924 59.774997 55.161607 63.805970 51.890573 68.246496 47.593608 70.844903
45.848238 59.725529 55.120664 63.752018 51.853504 68.182757 47.559935 70.775119
46.487337 59.675372 55.079150 63.697315 51.815919 68.118130 47.525794 70.704362
47.135345 59.622513 55.035379 63.639669 51.776287 68.050060 47.489791 70.629849
47.792386 59.568237 54.990428 63.580478 51.735585 67.980177 47.452817 70.553357
48.458586 59.513436 54.944850 63.520463 51.694316 67.909320 47.415327 70.475799
49.134073 59.458624 54.898637 63.459611 51.652472 67.837476 47.377315 70.397159
49.818975 59.401259 54.850252 63.395932 51.608658 67.762328 47.337512 70.314918
50.513425 59.343566 54.800244 63.330136 51.563372 67.684702 47.296371 70.229974
51.217554 59.281881 54.749539 63.263423 51.517454 67.605995 47.254657 70.143846
51.931499 59.220942 54.698127 63.195780 51.470897 67.526190 47.212361 70.056517
52.655396 59.157603 54.644671 63.125480 51.422486 67.443285 47.168381 69.965809
53.389384 59.091752 54.589076 63.052400 51.372134 67.357134 47.122635 69.871566
54.133603 59.024984 54.528352 62.978301 51.321080 67.269783 47.076252 69.776008
54.888196 58.957285 54.466294 62.903169 51.269314 67.181214 47.029222 69.679118
55.653308 58.887397 54.402229 62.825614 51.215856 67.089819 46.980654 69.579150
56.429085 58.814306 54.337097 62.744515 51.159914 66.994301 46.929827 69.474694
57.215676 58.740196 54.275878 62.662285 51.103193 66.897452 46.878291 69.368782
58.013231 58.665053 54.214077 62.578909 51.045681 66.799253 46.826038 69.261394
58.821904 58.587995 54.150685 62.493412 50.986687 66.698579 46.772437 69.151310
59.641849 58.506945 54.083957 62.403503 50.924588 66.592791 46.716013 69.035667
60.473224 58.424766 54.016300 62.312341 50.861624 66.485529 46.658802 68.918412
61.316188 58.341442 53.947699 62.219909 50.797782 66.376771 46.600793 68.799522
62.170903 58.256639 53.875207 62.119986 50.732435 66.264118 46.541680 68.678408
63.037532 58.166764 53.797748 62.013721 50.658931 66.141447 46.479100 68.550540
63.916241 58.073082 53.719208 61.905976 50.584403 66.017067 46.415649 68.420891
64.807198 57.975488 53.639583 61.796728 50.508835 65.890953 46.351313 68.289434
65.710575 57.878454 53.560964 61.685958 50.432215 65.763081 46.286080 68.156144
66.626545 57.779155 53.473164 61.577750 50.350937 65.627791 46.216836 68.015125
67.555283 57.678348 53.381826 61.468522 50.268423 65.490453 46.146537 67.871971
68.496967 57.573120 53.287100 61.357772 50.184759 65.351201 46.075259 67.726822
69.451778 57.469543 53.191054 61.245478 50.099929 65.210008 46.002986 67.579650
70.419898 57.360504 53.089973 61.116625 50.010562 65.061643 45.926801 67.425004
71.401513 57.249190 52.986791 60.983970 49.919321 64.910234 45.849008 67.267186
72.396811 57.136325 52.882170 60.854146 49.826808 64.756714 45.770131 67.107167
73.405984 57.021886 52.776090 60.723537 49.733005 64.601054 45.690154 66.944918
74.429223 56.902218 52.665196 60.581491 49.634852 64.438567 45.606417 66.775555
75.466726 56.779413 52.551408 60.435782 49.534101 64.271932 45.520444 66.601869
76.518692 56.654896 52.438144 60.283791 49.431946 64.102975 45.433272 66.425763
77.585321 56.531051 52.333089 60.127619 49.328366 63.931662 45.344885 66.247202
78.666818 56.399805 52.223842 59.969971 49.220688 63.753962 45.252950 66.061986
79.763391 56.264467 52.111117 59.809205 49.109608 63.571565 45.158074 65.871205
80.875249 56.127243 51.996821 59.646875 48.996980 63.393902 45.061875 65.677764
82.002606 55.988105 51.880931 59.488560 48.882781 63.213762 44.964336 65.481627
83.145678 55.842433 51.761173 59.325164 48.764804 63.027953 44.863520 65.279390
84.304684 55.693729 51.636264 59.149586 48.642545 62.835745 44.758989 65.070273
85.479845 55.534887 51.502227 58.976707 48.518583 62.640859 44.653000 64.858242
86.671388 55.377006 51.366323 58.790536 48.392892 62.443255 44.545534 64.643255
87.879540 55.226854 51.226765 58.605090 48.263807 62.240483 44.435123 64.422801
89.104533 55.063672 51.081597 58.412558 48.129501 62.023543 44.320160 64.194124
90.346602 54.888117 50.934406 58.217646 48.000707 61.803578 44.203593 63.962259
91.605985 54.710115 50.785163 58.019479 47.876070 61.580547 44.085402 63.727163
92.882923 54.536191 50.638039 57.823661 47.748718 61.352967 43.964652 63.487284
94.177660 54.356602 50.484316 57.621058 47.615563 61.116285 43.838465 63.237863
95.490446 54.174509 50.315412 57.415631 47.480552 60.876303 43.710519 62.984965
96.821531 53.989878 50.154230 57.206167 47.343659 60.632975 43.580790 62.728542
98.171170 53.802256 49.982633 56.995353 47.204510 60.385767 43.448930 62.468034
99.539623 53.606199 49.808734 56.774737 47.058344 60.128272 43.310729 62.196761
100.927151 53.407409 49.632410 56.550702 46.894065 59.867188 43.170601 61.921707
102.334021 53.205847 49.453630 56.319199 46.736015 59.602464 43.028520 61.642819
103.760502 53.001477 49.272356 56.079202 46.577799 59.334051 42.884458 61.360044
105.206867 52.788414 49.083104 55.829448 46.405109 59.055219 42.733767 61.066384
106.673394 52.571993 48.892104 55.575786 46.229675 58.782037 42.580668 60.768168
108.160363 52.352554 48.695917 55.318587 46.051796 58.494569 42.425435 60.465796
109.668060 52.130057 48.498266 55.057804 45.871438 58.203093 42.268038 60.159209
111.196773 51.899538 48.295688 54.809424 45.684255 57.901182 42.104447 59.842739
112.746796 51.662066 48.093666 54.559007 45.493436 57.591189 41.937623 59.520522
114.318425 51.420788 47.898095 54.305099 45.299957 57.276874 41.768473 59.193813
115.911962 51.177085 47.699797 54.036828 45.103781 56.962192 41.596965 58.862550
117.527712 50.921102 47.494997 53.744161 44.901361 56.639051 41.419759 58.522452
119.165984 50.651607 47.285567 53.453353 44.694451 56.309458 41.238512 58.175610
120.827094 50.391410 47.073217 53.172227 44.484657 55.981322 41.054739 57.823932
122.511358 50.128665 46.849014 52.877580 44.271938 55.641956 40.868403 57.467353
124.219100 49.859252 46.622015 52.589745 44.053585 55.295033 40.676904 57.102957
125.950646 49.590111 46.380623 52.276771 43.829989 54.940948 40.480622 56.731138
127.706330 49.321675 46.135866 51.958333 43.614041 54.592749 40.281604 56.354137
129.486487 49.027765 45.887698 51.641572 43.386816 54.243411 40.079812 55.971880
131.291459 48.745069 45.634083 51.327591 43.150944 53.887400 39.873391 55.582701
133.121590 48.459665 45.363503 51.001217 42.909183 53.522842 39.661577 55.185887
134.977233 48.169978 45.086299 50.658969 42.664052 53.137620 39.446811 54.783543
136.858742 47.863313 44.806005 50.311951 42.415504 52.747028 39.229051 54.375590
138.766479 47.557336 44.523419 49.959266 42.162395 52.350531 39.007151 53.961364
140.700809 47.247094 44.257170 49.625091 41.903073 51.947377 38.779458 53.539928
142.662102 46.932527 43.970127 49.288350 41.640137 51.538604 38.548591 53.112619
144.650734 46.612570 43.672797 48.922193 41.373536 51.124133 38.314506 52.679352
146.667087 46.265905 43.393639 48.566489 41.102760 50.703977 38.076662 52.240077
148.711546 45.934916 43.103035 48.192563 40.825829 50.278444 37.832929 51.794838
150.784505 45.599424 42.790124 47.799141 40.545038 49.846979 37.585798 51.343393
152.886359 45.243739 42.474272 47.431020 40.261205 49.409500 37.335222 50.885655
155.017512 44.889480 42.162939 47.036954 39.978748 48.966026 37.081084 50.421630
157.178372 44.525572 41.836394 46.633499 39.699704 48.519434 36.821371 49.953901
159.369353 44.167294 41.520458 46.248916 39.405648 48.066617 36.558038 49.479652
161.590875 43.787382 41.200600 45.849874 39.100300 47.607488 36.291035 48.998793
163.843365 43.403142 40.871419 45.454375 38.796323 47.141958 36.020310 48.511231
166.127252 43.026495 40.547138 45.040523 38.490000 46.695203 35.745023 48.022284
168.442976 42.631198 40.213371 44.617793 38.176120 46.247795 35.465815 47.527103
170.790980 42.231171 39.874952 44.187920 37.866220 45.764270 35.182715 47.025019
173.171713 41.824855 39.508491 43.752184 37.553892 45.295558 34.895669 46.515936
175.585633 41.432108 39.177224 43.328150 37.236557 44.854590 34.605115 46.007169
178.033202 41.028646 38.818775 42.903392 36.915777 44.376251 34.310656 45.493484
180.514888 40.618138 38.462480 42.451140 36.590526 43.922525 34.012092 44.972639
183.031168 40.200831 38.087412 42.008249 36.262172 43.437758 33.709366 44.444533
185.582523 39.795145 37.721196 41.572516 35.932331 42.966917 33.403992 43.917824
188.169442 39.370698 37.338054 41.108749 35.598874 42.485800 33.095232 43.388623
190.792422 38.934251 36.967337 40.658908 35.254154 41.974846 32.782168 42.852044
193.451965 38.506679 36.582089 40.191699 34.900549 41.460221 32.464739 42.307987
196.148581 38.079100 36.195347 39.729423 34.549712 40.975568 32.145222 41.765602
198.882786 37.646872 35.810727 39.267924 34.181237 40.484336 31.823457 41.224401
201.655104 37.208183 35.432038 38.790250 33.807999 39.966808 31.497207 40.675657
204.466067 36.764909 35.048545 38.289760 33.443952 39.442065 31.166409 40.111185
207.316213 36.329762 34.661639 37.821964 33.077979 38.930554 30.833668 39.563847
210.206088 35.880924 34.246007 37.337094 32.711934 38.420180 30.500550 39.014640
213.136247 35.432803 33.829385 36.849845 32.340787 37.897216 30.162788 38.457776
216.107251 34.981251 33.435558 36.360703 31.959991 37.371116 29.820318 37.893150
219.119669 34.520144 33.030678 35.861682 31.562122 36.850336 29.475527 37.402294
222.174078 34.073192 32.632937 35.371940 31.174839 36.338500 29.133054 36.920720
225.271064 33.606638 32.201770 34.894367 30.785790 35.819529 28.785808 36.432433
228.411221 33.145698 31.785683 34.408018 30.391318 35.314574 28.433721 35.925692
231.595149 32.671704 31.354949 33.884452 29.995914 34.782180 28.078312 35.389806
234.823460 32.212859 30.946253 33.403890 29.617204 34.264026 27.728810 34.870100
238.096772 31.748497 30.543658 32.914893 29.238085 33.746040 27.374435 34.343149
241.415712 31.291169 30.114500 32.418256 28.836773 33.198790 27.015121 33.808853
244.780916 30.824490 29.685666 31.924310 28.413783 32.673782 26.650799 33.267109
248.193029 30.367166 29.240474 31.446834 28.006796 32.169094 26.296857 32.749463
251.652705 29.913616 28.805369 30.954978 27.618811 31.675157 25.937999 32.224638
255.160607 29.459574 28.356149 30.459306 27.225418 31.150039 25.574138 31.704162
258.717408 28.979788 27.920718 29.960208 26.826541 30.626446 25.205206 31.188772
262.323788 28.520415 27.476448 29.465188 26.407257 30.137815 24.847285 30.695498
265.980440 28.071748 27.050444 28.984194 26.006952 29.670775 24.486813 30.199774
269.688063 27.606484 26.628064 28.492587 25.592433 29.188282 24.121318 29.697139
273.447368 27.149466 26.186574 27.994593 25.187754 28.694190 23.750727 29.191757
277.259076 26.692940 25.774987 27.518400 24.802154 28.226978 23.391011 28.713584
281.123917 26.247437 25.347658 27.039721 24.415371 27.757613 23.031946 28.237742
285.042632 25.780644 24.923513 26.570365 24.018582 27.281705 22.667876 27.755268
289.015972 25.318725 24.488605 26.103948 23.618044 26.802377 22.298731 27.266069
293.044698 24.866193 24.044385 25.635835 23.228475 26.340170 21.939502 26.793284
297.129582 24.423007 23.629406 25.171732 22.821092 25.886899 21.584920 26.328803
301.271407 23.971996 23.214033 24.698951 22.407356 25.413001 21.225395 25.857847
305.470967 23.516740 22.778048 24.225958 22.020865 24.946412 20.860859 25.380326
309.729067 23.076989 22.349720 23.772102 21.643355 24.485664 20.504450 24.915987
314.046522 22.658472 21.945891 23.337335 21.255078 24.044198 20.157383 24.466665
318.424160 22.230863 21.525177 22.896588 20.849309 23.574164 19.805477 24.011079
322.862820 21.797287 21.104572 22.447631 20.445582 23.120326 19.448665 23.549143
327.363353 21.370466 20.700903 22.008982 20.040701 22.661756 19.097411 23.096190
331.926620 20.966247 20.316111 21.598234 19.652144 22.225870 18.760740 22.689366
336.553498 20.554834 19.927201 21.184354 19.245355 21.799126 18.419375 22.278093
341.244871 20.128982 19.525448 20.762328 18.829300 21.368697 18.073253 21.861087
346.001639 19.716343 19.118263 20.343546 18.415758 20.941618 17.725959 21.447094
350.824714 19.330733 18.736345 19.951505 18.042559 20.541352 17.394774 21.058265
355.715021 18.938531 18.358075 19.549445 17.656133 20.135507 17.058972 20.664015
360.673495 18.543308 17.971385 19.144719 17.291697 19.724005 16.718489 20.264269
365.701088 18.143772 17.593455 18.732777 16.920012 19.310852 16.376563 19.862818
370.798763 17.781447 17.248582 18.359277 16.579768 18.931630 16.056827 19.492149
375.967497 17.413081 16.879739 17.980499 16.221308 18.555270 15.705890 19.098355
381.208280 17.040840 16.519887 17.604493 15.867249 18.178199 15.350060 18.699071
386.522116 16.657216 16.152184 17.211237 15.510352 17.782381 14.989271 18.294222
391.910025 16.311779 15.815177 16.862650 15.192433 17.439249 14.666721 17.934665
397.373038 15.971551 15.476399 16.510869 14.863816 17.093279 14.341273 17.581604
402.912203 15.625083 15.133269 16.163180 14.525743 16.737645 14.015561 17.223622
408.528580 15.270232 14.782944 15.808239 14.190366 16.369472 13.716793 16.860649
414.223247 14.946480 14.473788 15.480700 13.884207 16.041499 13.442630 16.528499
419.997295 14.629601 14.163176 15.157477 13.583715 15.717389 13.170354 16.198840
425.851829 14.307886 13.848707 14.833300 13.274216 15.383788 12.894284 15.864585
431.787973 13.982961 13.523636 14.500432 12.967075 15.045538 12.597797 15.525671
437.806863 13.685306 13.233724 14.193623 12.685058 14.734521 12.308004 15.212053
443.909653 13.392459 12.944203 13.892078 12.410974 14.432560 12.027599 14.906646
450.097513 13.095344 12.651045 13.591701 12.133070 14.126390 11.743285 14.596982
456.371628 12.795733 12.354303 13.287240 11.851293 13.808894 11.455009 14.283001
462.733201 12.517199 12.081740 13.000888 11.585287 13.513089 11.187579 13.988549
469.183451 12.248847 11.826457 12.735644 11.333038 13.250951 10.934792 13.707654
475.723614 11.978850 11.562973 12.466989 11.083830 12.971841 10.678480 13.422842
482.354943 11.707298 11.293178 12.189683 10.826447 12.688841 10.418596 13.134061
489.078709 11.450725 11.035357 11.931579 10.582129 12.420269 10.173170 12.859071
495.896201 11.208817 10.798325 11.680914 10.354269 12.170791 9.946797 12.607290
502.808725 10.965216 10.554150 11.430141 10.122771 11.917835 9.717269 12.364111
509.817606 10.714746 10.311480 11.177962 9.888046 11.666043 9.484541 12.117543
516.924187 10.478652 10.075664 10.939272 9.661235 11.423792 9.260463 11.878378
524.129830 10.260270 9.863814 10.720809 9.455390 11.202418 9.058916 11.650848
531.435916 10.044355 9.654003 10.500373 9.240531 10.977959 8.854559 11.413541
538.843844 9.823895 9.436131 10.275146 9.024063 10.750371 8.647353 11.172926
546.355035 9.606589 9.223433 10.054601 8.823974 10.522378 8.443712 10.935611
553.970928 9.410626 9.043781 9.854208 8.642087 10.317797 8.265115 10.723742
561.692982 9.216649 8.848927 9.651969 8.456884 10.110365 8.084027 10.508920
569.522678 9.019849 8.653169 9.449337 8.265222 9.900041 7.900416 10.291103
577.461515 8.818364 8.454274 9.244162 8.077380 9.691452 7.716086 10.072192
585.511016 8.644655 8.291021 9.069736 7.916891 9.518191 7.558375 9.881028
593.672722 8.468654 8.114741 8.887797 7.748189 9.342514 7.398467 9.687198
601.948197 8.290493 7.943128 8.705403 7.582174 9.157045 7.236329 9.490667
610.339029 8.114223 7.767240 8.521773 7.410563 8.968146 7.071931 9.291396
618.846824 7.957736 7.620068 8.363468 7.260547 8.802801 6.931035 9.117170
627.473213 7.800953 7.468457 8.206554 7.118551 8.637122 6.790117 8.942609
636.219849 7.644723 7.311179 8.045878 6.969548 8.468448 6.647234 8.765616
645.088409 7.487534 7.152228 7.880882 6.821851 8.294209 6.502360 8.586155
654.080591 7.343661 7.011466 7.735595 6.691114 8.145382 6.375098 8.425827
663.198120 7.205844 6.876193 7.593341 6.561828 7.997106 6.250967 8.268670
672.442742 7.067420 6.739418 7.448716 6.429751 7.845660 6.125106 8.110447
681.816229 6.925718 6.602839 7.303053 6.296499 7.692103 5.997490 7.956051
691.320378 6.795120 6.476842 7.170457 6.175827 7.551689 5.882510 7.815065
700.957009 6.672289 6.357533 7.043436 6.056667 7.416833 5.773016 7.679765
710.727970 6.544787 6.238642 6.914644 5.939299 7.280097 5.661995 7.542580
720.635132 6.417591 6.116314 6.783387 5.818500 7.142616 5.549426 7.403482
730.680395 6.299797 6.002864 6.664506 5.706526 7.015318 5.445393 7.273477
740.865683 6.189395 5.897194 6.550103 5.604759 6.897035 5.348488 7.154086
751.192949 6.079351 5.788732 6.432082 5.500543 6.778926 5.250232 7.034118
761.664172 5.967675 5.678330 6.312502 5.394279 6.656279 5.150606 6.912479
772.281357 5.862357 5.572308 6.201341 5.293475 6.536413 5.056223 6.795869
783.046540 5.765401 5.476139 6.092530 5.201185 6.425311 4.970004 6.687244
793.961785 5.664695 5.378532 5.986675 5.104073 6.312660 4.882583 6.577106
805.029181 5.561694 5.278915 5.879625 5.005010 6.198438 4.793944 6.465432
816.250851 5.460443 5.182770 5.775418 4.908408 6.087022 4.707972 6.356223
827.628946 5.369235 5.092652 5.680760 4.821847 5.987685 4.630707 6.255699
839.165644 5.279977 5.005728 5.584782 4.734080 5.889125 4.552364 6.153774
850.863158 5.188975 4.919502 5.487467 4.645089 5.784600 4.472930 6.050427
862.723729 5.095018 4.833303 5.390831 4.556960 5.677930 4.394202 5.947549
874.749630 5.012781 4.756388 5.304594 4.480916 5.585991 4.324344 5.853731
886.943166 4.930150 4.679532 5.217029 4.405492 5.492771 4.253513 5.758604
899.306672 4.848988 4.600930 5.126825 4.329016 5.398251 4.181694 5.662152
911.842520 4.764580 4.516325 5.036647 4.251744 5.302710 4.109129 5.564630
924.553110 4.689454 4.444949 4.956340 4.182133 5.217258 4.045326 5.476333
937.440879 4.613758 4.371323 4.874914 4.111963 5.130615 3.980634 5.386805
950.508296 4.535528 4.298112 4.791909 4.042281 5.042765 3.915041 5.296029
963.757866 4.455358 4.221560 4.706933 3.971627 4.953689 3.848533 5.203988
977.192128 4.383123 4.155331 4.629816 3.908203 4.872551 3.788746 5.119253
990.813657 4.312197 4.088887 4.551885 3.844853 4.791351 3.729018 5.034339
1004.625062 4.239832 4.021815 4.474232 3.780620 4.709019 3.668457 4.948240
1018.628990 4.165830 3.952838 4.395984 3.715491 4.625540 3.607052 4.860942
1032.828126 4.098284 3.888296 4.325487 3.655472 4.547813 3.550383 4.779000
1047.225190 4.030468 3.826503 4.253750 3.596458 4.472146 3.494634 4.697926
1061.822941 3.961754 3.763269 4.181891 3.534726 4.395560 3.438108 4.615722
1076.624177 3.893161 3.699423 4.109404 3.471121 4.314508 3.380793 4.532372
1091.631734 3.827054 3.639045 4.040468 3.414020 4.239686 3.326685 4.452831
1106.848489 3.764996 3.577632 3.972626 3.358591 4.166753 3.274112 4.375025
1122.277356 3.701576 3.515362 3.903411 3.302389 4.092803 3.220807 4.296135
1137.921294 3.636800 3.453041 3.833141 3.244900 4.017823 3.166759 4.216145
1153.783300 3.575538 3.394743 3.765633 3.188116 3.945496 3.114744 4.138717
1169.866413 3.514494 3.338329 3.702607 3.134278 3.875763 3.064716 4.063791
1186.173716 3.452698 3.280842 3.636512 3.080532 3.805057 3.013991 3.987821
1202.708335 3.388144 3.221745 3.568492 3.026271 3.733846 2.960137 3.910792
1219.473437 3.326297 3.163876 3.502760 2.974050 3.661594 2.907496 3.835288
1236.472235 3.267119 3.110166 3.440285 2.923961 3.593297 2.857622 3.763018
1253.707987 3.208492 3.054574 3.376938 2.871097 3.522087 2.807053 3.689740
1271.183997 3.148973 2.996715 3.313538 2.818773 3.453378 2.755779 3.615441
1288.903612 3.088624 2.940470 3.250108 2.767844 3.386774 2.705048 3.541763
1306.870230 3.033911 2.886242 3.188991 2.719841 3.325542 2.657410 3.472064
1325.087292 2.975782 2.832666 3.127887 2.670570 3.260202 2.609109 3.401394
1343.558290 2.918805 2.775782 3.066101 2.619032 3.193476 2.560134 3.329738
1362.286764 2.860746 2.721692 3.005570 2.568187 3.127084 2.511034 3.257870
1381.276303 2.809425 2.671831 2.949737 2.521176 3.065728 2.465340 3.192078
1400.530545 2.754797 2.620458 2.892301 2.473510 3.003056 2.418771 3.125879
1420.053182 2.700420 2.568205 2.831858 2.425180 2.941008 2.371545 3.058757
1439.847953 2.642613 2.512968 2.769785 2.376176 2.876480 2.323660 2.990699
1459.918652 2.590898 2.462879 2.712869 2.331093 2.816972 2.279446 2.927927
1480.269127 2.538478 2.411060 2.659237 2.284788 2.756687 2.235327 2.864335
1500.903276 2.485364 2.360681 2.603162 2.238155 2.696714 2.190734 2.799856
1521.825053 2.431311 2.309402 2.546915 2.190872 2.637432 2.144943 2.734479
1543.038469 2.380603 2.262329 2.492514 2.146571 2.581615 2.102124 2.673591
1564.547589 2.329217 2.212159 2.440289 2.101269 2.524454 2.059055 2.612724
1586.356534 2.277964 2.163396 2.385434 2.056289 2.467686 2.015209 2.551008
1608.469483 2.225274 2.111890 2.329737 2.010701 2.410209 1.970752 2.488433
1630.890676 2.175859 2.064475 2.277214 1.967887 2.356262 1.928779 2.429587
1653.624407 2.127327 2.018226 2.225455 1.924603 2.302760 1.887360 2.371612
1676.675035 2.078210 1.971226 2.172982 1.880715 2.248513 1.845364 2.312828
1700.046975 2.028432 1.924643 2.120025 1.836215 2.193509 1.802783 2.253225
1723.744708 1.980577 1.878935 2.070750 1.793707 2.141046 1.762121 2.196598
1747.772774 1.933639 1.834050 2.022481 1.752386 2.090262 1.722554 2.141702
1772.135779 1.887937 1.790953 1.973601 1.711552 2.039201 1.682436 2.086040
1796.838391 1.840335 1.745937 1.923552 1.669343 1.987572 1.641759 2.029602
1821.885343 1.794577 1.701054 1.876754 1.627715 1.937748 1.602473 1.975377
1847.281437 1.750637 1.660257 1.830993 1.587819 1.892272 1.564828 1.923745
1873.031539 1.706513 1.617187 1.785285 1.547807 1.843658 1.526658 1.871393
1899.140582 1.661079 1.575088 1.738654 1.506713 1.793813 1.487956 1.818311
1925.613572 1.617423 1.532301 1.692448 1.465680 1.746865 1.450135 1.766665
1952.455581 1.576297 1.492323 1.648690 1.427919 1.701663 1.413989 1.718460
1979.671753 1.534975 1.453480 1.605141 1.389247 1.657412 1.375488 1.670222
2007.267304 1.491997 1.412862 1.560907 1.350115 1.613416 1.333473 1.623170
2035.247521 1.449172 1.372041 1.516843 1.310749 1.569726 1.291858 1.578190
2063.617768 1.409581 1.335262 1.476062 1.275474 1.528067 1.253224 1.537231
2092.383480 1.369348 1.297327 1.435141 1.239131 1.486354 1.215326 1.495700
2121.550171 1.328740 1.259425 1.394364 1.203303 1.444492 1.176965 1.453620
2151.123430 1.288734 1.220901 1.353571 1.166842 1.402497 1.138521 1.412172
2181.108924 1.253038 1.185760 1.316550 1.133707 1.363616 1.104230 1.374577
2211.512400 1.216205 1.151711 1.277882 1.100112 1.324375 1.069314 1.336369
2242.339683 1.178275 1.115745 1.239400 1.066126 1.286032 1.033911 1.297298
2273.596682 1.139207 1.080672 1.199763 1.031142 1.247153 0.998015 1.257682
2305.289387 1.105547 1.048336 1.165478 1.000147 1.212302 0.966573 1.222227
2337.423871 1.071666 1.015602 1.130418 0.969028 1.176743 0.934917 1.186490
2370.006292 1.037547 0.983672 1.094593 0.937423 1.141128 0.902820 1.150256
2403.042894 1.003221 0.951433 1.059679 0.905378 1.104543 0.870274 1.113639
2436.540009 0.971982 0.921108 1.027755 0.876275 1.071374 0.841304 1.080822
2470.504055 0.940861 0.891526 0.995923 0.846104 1.038782 0.812635 1.048360
2504.941542 0.909702 0.861621 0.963485 0.817541 1.005219 0.783567 1.015446
2539.859069 0.877689 0.831393 0.930394 0.788579 0.971386 0.754094 0.982073
2575.263327 0.849460 0.803959 0.901254 0.762246 0.940578 0.727512 0.951432
2611.161101 0.821457 0.778340 0.872177 0.736334 0.910774 0.701995 0.921755
2647.559271 0.792838 0.751347 0.843251 0.709991 0.880554 0.676122 0.891663
2684.464811 0.763922 0.723999 0.813923 0.683281 0.849912 0.649888 0.861152
2721.884795 0.737079 0.699022 0.786537 0.658656 0.821345 0.625788 0.832732
2759.826392 0.712086 0.675019 0.760526 0.635561 0.794334 0.603255 0.805832
2798.296876 0.686626 0.651010 0.734166 0.612151 0.767066 0.580408 0.778556
2837.303617 0.661129 0.626209 0.707676 0.588695 0.739514 0.557242 0.750901
2876.854090 0.637062 0.603000 0.682690 0.566390 0.713353 0.535527 0.724714
2916.955876 0.615192 0.582081 0.659491 0.546280 0.689421 0.515783 0.700539
2957.616659 0.592531 0.560779 0.635816 0.525890 0.665057 0.495763 0.676027
2998.844231 0.570089 0.539241 0.611784 0.505215 0.640354 0.475464 0.651173
3040.646493 0.548357 0.518105 0.588662 0.485326 0.616547 0.456020 0.627207
3083.031457 0.529003 0.499731 0.567967 0.467622 0.595182 0.438847 0.605663
3126.007243 0.509283 0.481066 0.547208 0.449671 0.573608 0.421435 0.583824
3169.582089 0.489329 0.462126 0.525889 0.431272 0.551790 0.403780 0.561695
3213.764344 0.469408 0.443282 0.504981 0.413429 0.530219 0.386477 0.539927
3258.562476 0.452236 0.427199 0.486937 0.398027 0.511257 0.371648 0.520899
3303.985070 0.434811 0.410435 0.468555 0.382409 0.492031 0.356611 0.501606
3350.040830 0.417078 0.393948 0.450007 0.366574 0.472631 0.341365 0.482043
3396.738582 0.399482 0.376798 0.431600 0.350668 0.453166 0.326060 0.462366
3444.087276 0.384654 0.362785 0.415985 0.337325 0.436676 0.313341 0.445647
3492.095985 0.369635 0.348546 0.400028 0.323601 0.419956 0.300444 0.428696
3540.773909 0.354463 0.333946 0.383364 0.309686 0.403003 0.287368 0.411508
3590.130377 0.339008 0.319224 0.366726 0.295577 0.385814 0.274109 0.394084
3640.174847 0.326015 0.306865 0.352882 0.283796 0.371304 0.263070 0.379314
3690.916911 0.312896 0.294328 0.339074 0.272064 0.356878 0.252080 0.364581
3742.366291 0.299725 0.281639 0.325074 0.260167 0.342078 0.240936 0.349642
3794.532847 0.286291 0.268926 0.310879 0.248105 0.327079 0.229637 0.334495
3847.426577 0.274770 0.257914 0.298391 0.237782 0.314157 0.219988 0.321366
3901.057617 0.263651 0.247456 0.286385 0.227813 0.301635 0.210678 0.308638
3955.436245 0.252292 0.236714 0.274375 0.217769 0.288938 0.201239 0.295733
4010.572881 0.240867 0.225663 0.262099 0.207523 0.276064 0.191668 0.282647
4066.478092 0.230801 0.215999 0.251184 0.198476 0.264660 0.183276 0.271043
4123.162591 0.221346 0.206905 0.241068 0.190039 0.253935 0.175435 0.260123
4180.637241 0.211787 0.197835 0.230666 0.181502 0.243060 0.167484 0.249050
4238.913057 0.202076 0.188644 0.220174 0.172893 0.232034 0.159422 0.237824
4298.001206 0.193204 0.180315 0.210643 0.165045 0.222033 0.152158 0.227624
4357.913012 0.185099 0.172677 0.202008 0.157966 0.212958 0.145588 0.218323
4418.659956 0.176878 0.164911 0.193150 0.150777 0.203755 0.138927 0.208893
4480.253680 0.168527 0.157110 0.184127 0.143526 0.194425 0.132173 0.199331
4542.705986 0.160796 0.149875 0.175820 0.136783 0.185729 0.125913 0.190419
4606.028844 0.154039 0.143443 0.168486 0.130873 0.178039 0.120436 0.182538
4670.234388 0.147137 0.136908 0.161050 0.124881 0.170242 0.114882 0.174547
4735.334923 0.140159 0.130303 0.153507 0.118806 0.162337 0.109250 0.166445
4801.342924 0.133487 0.124037 0.146300 0.113010 0.154740 0.103881 0.158693
4868.271040 0.127806 0.118697 0.140135 0.108094 0.148228 0.099335 0.152053
4936.132098 0.122050 0.113266 0.133885 0.103110 0.141625 0.094725 0.145321
5004.939103 0.116148 0.107760 0.127547 0.098057 0.134931 0.090051 0.138494
5074.705239 0.110507 0.102413 0.121319 0.093097 0.128352 0.085465 0.131785
5145.443878 0.105755 0.097976 0.116164 0.089026 0.122904 0.081707 0.126221
5217.168576 0.100931 0.093452 0.110936 0.084899 0.117380 0.077897 0.120579
5289.893076 0.096040 0.088915 0.105636 0.080714 0.111779 0.074034 0.114858
5363.631317 0.091100 0.084327 0.100283 0.076487 0.106122 0.070133 0.109079
5438.397428 0.087156 0.080653 0.095992 0.073129 0.101587 0.067039 0.104439
5514.205739 0.083157 0.076927 0.091641 0.069725 0.096987 0.063901 0.099734
5591.070777 0.079103 0.073150 0.087230 0.066273 0.092324 0.060720 0.094964
5669.007271 0.074992 0.069364 0.082757 0.062773 0.087596 0.057495 0.090126
5748.030158 0.071665 0.066251 0.079094 0.059926 0.083722 0.054876 0.086158
5828.154581 0.068414 0.063178 0.075489 0.057128 0.079910 0.052302 0.082252
5909.395895 0.065067 0.060063 0.071833 0.054291 0.076044 0.049692 0.078292
5991.769669 0.061690 0.056904 0.068129 0.051414 0.072135 0.047045 0.074277
6075.291689 0.058864 0.054241 0.065008 0.048997 0.068833 0.044824 0.070880
6159.977960 0.056178 0.051712 0.062042 0.046705 0.065695 0.042719 0.067651
6245.844712 0.053448 0.049148 0.059011 0.044381 0.062513 0.040584 0.064378
6332.908400 0.050665 0.046549 0.055946 0.042025 0.059286 0.038420 0.061058
6421.185709 0.048232 0.044290 0.053279 0.039979 0.056472 0.036542 0.058162
6510.693555 0.046015 0.042228 0.050833 0.038108 0.053888 0.034825 0.055504
6601.449093 0.043753 0.040138 0.048353 0.036210 0.051269 0.033084 0.052808
6693.469713 0.041456 0.038018 0.045842 0.034286 0.048612 0.031319 0.050074
6786.773051 0.039397 0.036112 0.043586 0.032561 0.046222 0.029737 0.047614
6881.376986 0.037571 0.034426 0.041585 0.031037 0.044102 0.028340 0.045433
6977.299650 0.035721 0.032717 0.039556 0.029491 0.041947 0.026924 0.043221
7074.559423 0.033843 0.030984 0.037499 0.027925 0.039762 0.025489 0.040978
7173.174944 0.032110 0.029381 0.035590 0.026473 0.037735 0.024159 0.038895
7273.165113 0.030628 0.028020 0.033945 0.025235 0.035999 0.023026 0.037111
7374.549090 0.029124 0.026630 0.032276 0.023980 0.034238 0.021878 0.035301
7477.346305 0.027599 0.025221 0.030585 0.022708 0.032453 0.020713 0.033467
7581.576458 0.026138 0.023877 0.028973 0.021491 0.030744 0.019599 0.031710
7687.259522 0.024931 0.022767 0.027639 0.020487 0.029329 0.018682 0.030255
7794.415750 0.023705 0.021642 0.026287 0.019470 0.027895 0.017752 0.028779
7903.065679 0.022464 0.020501 0.024915 0.018439 0.026440 0.016809 0.027283
8013.230128 0.021235 0.019372 0.023564 0.017421 0.025004 0.015878 0.025806
8124.930211 0.020254 0.018472 0.022483 0.016610 0.023854 0.015137 0.024622
8238.187331 0.019260 0.017559 0.021387 0.015787 0.022689 0.014385 0.023421
8353.023195 0.018252 0.016633 0.020273 0.014953 0.021507 0.013623 0.022204
8469.459808 0.017230 0.015697 0.019139 0.014107 0.020308 0.012851 0.020970
8587.519485 0.016432 0.014968 0.018253 0.013449 0.019372 0.012250 0.020005
8707.224849 0.015628 0.014233 0.017362 0.012785 0.018428 0.011644 0.019031
8828.598841 0.014812 0.013487 0.016461 0.012111 0.017471 0.011029 0.018044
8951.664721 0.013984 0.012728 0.015543 0.011429 0.016501 0.010406 0.017042
9076.446073 0.013314 0.012114 0.014799 0.010877 0.015714 0.009902 0.016230
9202.966809 0.012663 0.011519 0.014078 0.010342 0.014950 0.009414 0.015442
9331.251175 0.012007 0.010917 0.013348 0.009799 0.014175 0.008919 0.014642
9461.323756 0.011341 0.010306 0.012607 0.009249 0.013390 0.008417 0.013832
9593.209478 0.010778 0.009794 0.011984 0.008788 0.012730 0.007997 0.013150
9726.933615 0.010253 0.009315 0.011402 0.008357 0.012113 0.007604 0.012513
9862.521795 0.009720 0.008830 0.010812 0.007921 0.011487 0.007206 0.011867
10000.000000 0.009179 0.008338 0.010214 0.007478 0.010853 0.006803 0.011212
