10.000000 0.000206 -0.006131 0.007060 -0.009475 0.009860 -0.009979 0.013120
10.139395 0.000211 -0.006130 0.007060 -0.009475 0.009861 -0.009979 0.013174
10.280732 0.000211 -0.006129 0.007060 -0.009475 0.009861 -0.009979 0.013229
10.424040 0.000211 -0.006128 0.007060 -0.009475 0.009862 -0.009979 0.013285
10.569346 0.000242 -0.006128 0.007060 -0.009475 0.009862 -0.009979 0.013341
10.716676 0.000243 -0.006127 0.007060 -0.009475 0.009862 -0.009979 0.013399
10.866061 0.000245 -0.006125 0.007060 -0.009475 0.009862 -0.009979 0.013457
11.017528 0.000247 -0.006125 0.007061 -0.009475 0.009862 -0.009979 0.013516
11.171107 0.000249 -0.006124 0.007063 -0.009475 0.009865 -0.009979 0.013576
11.326826 0.000251 -0.006122 0.007067 -0.009475 0.009866 -0.009979 0.013637
11.484715 0.000253 -0.006121 0.007076 -0.009475 0.009867 -0.009979 0.013699
11.644806 0.000255 -0.006120 0.007084 -0.009475 0.009867 -0.009979 0.013761
11.807128 0.000279 -0.006119 0.007093 -0.009475 0.009868 -0.009979 0.013825
11.971713 0.000281 -0.006118 0.007101 -0.009475 0.009868 -0.009979 0.013889
12.138593 0.000281 -0.006117 0.007102 -0.009474 0.009868 -0.009979 0.013954
12.307798 0.000282 -0.006115 0.007102 -0.009474 0.009868 -0.009979 0.014021
12.479362 0.000290 -0.006114 0.007102 -0.009474 0.009868 -0.009979 0.014088
12.653318 0.000294 -0.006113 0.007102 -0.009474 0.009868 -0.009979 0.014156
12.829698 0.000295 -0.006111 0.007102 -0.009474 0.009868 -0.009979 0.014225
13.008537 0.000295 -0.006082 0.007102 -0.009474 0.009868 -0.009979 0.014295
13.189869 0.000296 -0.006049 0.007102 -0.009474 0.009868 -0.009979 0.014366
13.373729 0.000297 -0.006015 0.007102 -0.009474 0.009868 -0.009979 0.014438
13.560151 0.000297 -0.005981 0.007102 -0.009474 0.009868 -0.009979 0.014511
13.749172 0.000298 -0.005957 0.007102 -0.009474 0.009868 -0.009979 0.014585
13.940828 0.000298 -0.005956 0.007102 -0.009474 0.009868 -0.009979 0.014661
14.135156 0.000299 -0.005955 0.007103 -0.009474 0.009868 -0.009979 0.014737
14.332192 0.000299 -0.005954 0.007106 -0.009474 0.009868 -0.009979 0.014814
14.531975 0.000300 -0.005954 0.007109 -0.009474 0.009868 -0.009979 0.014893
14.734543 0.000301 -0.005953 0.007112 -0.009474 0.009868 -0.009979 0.014972
14.939935 0.000312 -0.005952 0.007115 -0.009474 0.009868 -0.009979 0.015053
15.148189 0.000325 -0.005945 0.007119 -0.009474 0.009868 -0.009979 0.015135
15.359347 0.000338 -0.005944 0.007122 -0.009474 0.009868 -0.009979 0.015218
15.573448 0.000351 -0.005944 0.007125 -0.009473 0.009868 -0.009979 0.015302
15.790533 0.000365 -0.005944 0.007129 -0.009470 0.009868 -0.009979 0.015388
16.010645 0.000369 -0.005944 0.007132 -0.009467 0.009868 -0.009979 0.015474
16.233824 0.000369 -0.005944 0.007136 -0.009464 0.009868 -0.009979 0.015562
16.460115 0.000370 -0.005944 0.007139 -0.009460 0.009868 -0.009979 0.015651
16.689560 0.000370 -0.005943 0.007143 -0.009457 0.009868 -0.009979 0.015742
16.922204 0.000370 -0.005943 0.007147 -0.009454 0.009868 -0.009979 0.015833
17.158090 0.000371 -0.005942 0.007150 -0.009450 0.009868 -0.009979 0.015926
17.397264 0.000371 -0.005941 0.007154 -0.009447 0.009882 -0.009979 0.016021
17.639773 0.000372 -0.005925 0.007158 -0.009443 0.009882 -0.009979 0.016116
17.885662 0.000372 -0.005901 0.007162 -0.009439 0.009882 -0.009979 0.016213
18.134978 0.000373 -0.005881 0.007167 -0.009436 0.009882 -0.009979 0.016312
18.387770 0.000373 -0.005881 0.007167 -0.009432 0.009882 -0.009979 0.016411
18.644085 0.000374 -0.005881 0.007179 -0.009428 0.009882 -0.009979 0.016512
18.903974 0.000389 -0.005881 0.007198 -0.009424 0.009882 -0.009979 0.016615
19.167485 0.000422 -0.005881 0.007217 -0.009419 0.009882 -0.009979 0.016719
19.434669 0.000426 -0.005881 0.007231 -0.009415 0.009904 -0.009979 0.016825
19.705578 0.000445 -0.005881 0.007231 -0.009410 0.009911 -0.009979 0.016932
19.980263 0.000464 -0.005881 0.007231 -0.009406 0.009912 -0.009979 0.017040
20.258777 0.000484 -0.005841 0.007231 -0.009402 0.009912 -0.009979 0.017150
20.541173 0.000511 -0.005834 0.007255 -0.009402 0.009912 -0.009979 0.017262
20.827506 0.000523 -0.005834 0.007270 -0.009402 0.009913 -0.009979 0.017375
21.117830 0.000544 -0.005834 0.007274 -0.009401 0.009914 -0.009979 0.017490
21.412202 0.000564 -0.005834 0.007275 -0.009401 0.009924 -0.009979 0.017606
21.710676 0.000585 -0.005834 0.007275 -0.009400 0.009935 -0.009979 0.017724
22.013311 0.000588 -0.005834 0.007276 -0.009400 0.009939 -0.009979 0.017844
22.320165 0.000591 -0.005834 0.007276 -0.009400 0.009939 -0.009979 0.017965
22.631296 0.000594 -0.005834 0.007277 -0.009399 0.009946 -0.009979 0.018088
22.946764 0.000597 -0.005834 0.007278 -0.009399 0.009946 -0.009979 0.018213
23.266629 0.000600 -0.005834 0.007303 -0.009398 0.009947 -0.009979 0.018340
23.590953 0.000603 -0.005834 0.007303 -0.009398 0.009948 -0.009979 0.018468
23.919798 0.000611 -0.005834 0.007303 -0.009397 0.009948 -0.009979 0.018598
24.253227 0.000629 -0.005834 0.007307 -0.009391 0.009949 -0.009979 0.018730
24.591304 0.000632 -0.005834 0.007307 -0.009385 0.009950 -0.009979 0.018864
24.934094 0.000640 -0.005834 0.007308 -0.009379 0.009951 -0.009979 0.019000
25.281661 0.000658 -0.005826 0.007308 -0.009373 0.009952 -0.009979 0.019138
25.634074 0.000673 -0.005826 0.007308 -0.009366 0.009952 -0.009979 0.019277
25.991399 0.000676 -0.005826 0.007315 -0.009360 0.009958 -0.009979 0.019419
26.353705 0.000682 -0.005826 0.007325 -0.009353 0.009959 -0.009979 0.019562
26.721062 0.000689 -0.005814 0.007349 -0.009346 0.009960 -0.009979 0.019708
27.093539 0.000704 -0.005813 0.007357 -0.009339 0.009962 -0.009979 0.019855
27.471208 0.000704 -0.005812 0.007365 -0.009332 0.009963 -0.009979 0.020005
27.854142 0.000705 -0.005801 0.007370 -0.009324 0.009990 -0.009979 0.020157
28.242413 0.000708 -0.005796 0.007390 -0.009316 0.009990 -0.009978 0.020310
28.636097 0.000709 -0.005796 0.007402 -0.009308 0.009994 -0.009977 0.020466
29.035269 0.000730 -0.005796 0.007403 -0.009300 0.010003 -0.009977 0.020625
29.440005 0.000737 -0.005785 0.007452 -0.009292 0.010029 -0.009976 0.020785
29.850382 0.000758 -0.005771 0.007479 -0.009283 0.010035 -0.009975 0.020948
30.266481 0.000769 -0.005750 0.007499 -0.009275 0.010135 -0.009975 0.021112
30.688379 0.000773 -0.005710 0.007518 -0.009266 0.010171 -0.009974 0.021280
31.116158 0.000789 -0.005679 0.007538 -0.009257 0.010208 -0.009973 0.021449
31.549901 0.000802 -0.005647 0.007561 -0.009247 0.010254 -0.009972 0.021621
31.989689 0.000802 -0.005616 0.007575 -0.009239 0.010287 -0.009971 0.021795
32.435608 0.000802 -0.005581 0.007582 -0.009238 0.010323 -0.009970 0.021972
32.887743 0.000802 -0.005577 0.007582 -0.009237 0.010348 -0.009970 0.022151
33.346180 0.000803 -0.005576 0.007582 -0.009235 0.010363 -0.009969 0.022333
33.811008 0.000825 -0.005575 0.007582 -0.009226 0.010389 -0.009968 0.022517
34.282315 0.000873 -0.005540 0.007615 -0.009216 0.010415 -0.009967 0.022703
34.760192 0.000906 -0.005503 0.007629 -0.009206 0.010442 -0.009966 0.022893
35.244730 0.000906 -0.005500 0.007639 -0.009195 0.010470 -0.009966 0.023085
35.736022 0.000906 -0.005497 0.007691 -0.009185 0.010497 -0.009966 0.023279
36.234163 0.000906 -0.005494 0.007748 -0.009177 0.010521 -0.009966 0.023476
36.739248 0.000907 -0.005474 0.007805 -0.009172 0.010544 -0.009966 0.023676
37.251373 0.000910 -0.005446 0.007808 -0.009168 0.010568 -0.009966 0.023879
37.770637 0.000964 -0.005423 0.007811 -0.009164 0.010592 -0.009966 0.024085
38.297139 0.000976 -0.005403 0.007813 -0.009159 0.010616 -0.009966 0.024293
38.830980 0.000997 -0.005401 0.007816 -0.009155 0.010641 -0.009966 0.024504
39.372263 0.001026 -0.005400 0.007819 -0.009150 0.010667 -0.009966 0.024718
39.921091 0.001044 -0.005398 0.007822 -0.009147 0.010693 -0.009966 0.024935
40.477570 0.001083 -0.005396 0.007825 -0.009147 0.010719 -0.009966 0.025155
41.041805 0.001133 -0.005395 0.007854 -0.009147 0.010833 -0.009966 0.025378
41.613906 0.001140 -0.005393 0.007854 -0.009147 0.010999 -0.009966 0.025605
42.193981 0.001143 -0.005391 0.007880 -0.009147 0.011183 -0.009966 0.025834
42.782142 0.001146 -0.005386 0.007936 -0.009146 0.011244 -0.009966 0.026066
43.378502 0.001150 -0.005304 0.007982 -0.009146 0.011289 -0.009966 0.026302
43.983175 0.001153 -0.005277 0.008051 -0.009146 0.011343 -0.009966 0.026540
44.596276 0.001165 -0.005250 0.008110 -0.009146 0.011398 -0.009965 0.026782
45.217924 0.001200 -0.005242 0.008127 -0.009146 0.011483 -0.009965 0.027028
45.848238 0.001209 -0.005241 0.008140 -0.009146 0.011579 -0.009965 0.027276
46.487337 0.001219 -0.005240 0.008189 -0.009146 0.011637 -0.009965 0.027529
47.135345 0.001229 -0.005238 0.008198 -0.009146 0.011744 -0.009965 0.027784
47.792386 0.001239 -0.005237 0.008207 -0.009146 0.011953 -0.009965 0.028043
48.458586 0.001250 -0.005236 0.008217 -0.009146 0.012165 -0.009965 0.028306
49.134073 0.001260 -0.005235 0.008250 -0.009146 0.012380 -0.009965 0.028572
49.818975 0.001272 -0.005218 0.008264 -0.009146 0.012469 -0.009965 0.028841
50.513425 0.001283 -0.005184 0.008265 -0.009146 0.012511 -0.009965 0.029115
51.217554 0.001315 -0.005150 0.008266 -0.009146 0.012555 -0.009965 0.029392
51.931499 0.001342 -0.005113 0.008298 -0.009146 0.012598 -0.009965 0.029672
52.655396 0.001345 -0.005095 0.008397 -0.009146 0.012643 -0.009965 0.029957
53.389384 0.001365 -0.005094 0.008409 -0.009146 0.012758 -0.009965 0.030245
54.133603 0.001372 -0.005090 0.008415 -0.009137 0.012907 -0.009964 0.030538
54.888196 0.001416 -0.005089 0.008449 -0.009124 0.013058 -0.009964 0.030834
55.653308 0.001478 -0.005056 0.008456 -0.009110 0.013212 -0.009964 0.031134
56.429085 0.001496 -0.005040 0.008464 -0.009096 0.013368 -0.009964 0.031438
57.215676 0.001526 -0.005026 0.008472 -0.009082 0.013527 -0.009964 0.031747
58.013231 0.001527 -0.005011 0.008511 -0.009067 0.013689 -0.009964 0.032059
58.821904 0.001530 -0.004996 0.008520 -0.009063 0.013853 -0.009964 0.032376
59.641849 0.001541 -0.004980 0.008549 -0.009060 0.014020 -0.009964 0.032697
60.473224 0.001562 -0.004964 0.008563 -0.009053 0.014190 -0.009964 0.033022
61.316188 0.001565 -0.004948 0.008618 -0.009051 0.014363 -0.009963 0.033351
62.170903 0.001572 -0.004941 0.008696 -0.009043 0.014502 -0.009963 0.033685
63.037532 0.001606 -0.004937 0.008715 -0.009041 0.014631 -0.009963 0.034024
63.916241 0.001687 -0.004934 0.008722 -0.009038 0.014762 -0.009963 0.034366
64.807198 0.001751 -0.004893 0.008736 -0.009036 0.014896 -0.009963 0.034714
65.710575 0.001775 -0.004858 0.008743 -0.009033 0.015033 -0.009963 0.035066
66.626545 0.001786 -0.004827 0.008789 -0.009030 0.015171 -0.009963 0.035422
67.555283 0.001805 -0.004787 0.008842 -0.009028 0.015312 -0.009962 0.035784
68.496967 0.001831 -0.004782 0.008861 -0.009025 0.015456 -0.009962 0.036150
69.451778 0.001843 -0.004735 0.008913 -0.009022 0.015641 -0.009962 0.036521
70.419898 0.001897 -0.004721 0.008922 -0.009019 0.015923 -0.009962 0.036897
71.401513 0.001900 -0.004686 0.008932 -0.009015 0.016169 -0.009962 0.037278
72.396811 0.001936 -0.004684 0.008935 -0.009012 0.016318 -0.009961 0.037663
73.405984 0.002006 -0.004682 0.008937 -0.009011 0.016469 -0.009961 0.038054
74.429223 0.002028 -0.004662 0.008953 -0.009011 0.016624 -0.009961 0.038450
75.466726 0.002058 -0.004637 0.008961 -0.009002 0.016781 -0.009961 0.038851
76.518692 0.002100 -0.004623 0.008982 -0.008998 0.016942 -0.009960 0.039258
77.585321 0.002134 -0.004623 0.009021 -0.008994 0.017106 -0.009960 0.039670
78.666818 0.002154 -0.004611 0.009029 -0.008990 0.017274 -0.009960 0.040087
79.763391 0.002173 -0.004606 0.009154 -0.008986 0.017445 -0.009960 0.040509
80.875249 0.002190 -0.004601 0.009179 -0.008982 0.017684 -0.009959 0.040937
82.002606 0.002195 -0.004596 0.009185 -0.008978 0.018021 -0.009959 0.041371
83.145678 0.002204 -0.004575 0.009192 -0.008956 0.018363 -0.009959 0.041810
84.304684 0.002205 -0.004521 0.009289 -0.008942 0.018710 -0.009958 0.042254
85.479845 0.002219 -0.004517 0.009313 -0.008937 0.019062 -0.009958 0.042705
86.671388 0.002239 -0.004514 0.009385 -0.008935 0.019418 -0.009958 0.043161
87.879540 0.002240 -0.004511 0.009414 -0.008935 0.019780 -0.009957 0.043623
89.104533 0.002263 -0.004501 0.009488 -0.008934 0.020147 -0.009957 0.044091
90.346602 0.002296 -0.004500 0.009499 -0.008934 0.020519 -0.009956 0.044566
91.605985 0.002345 -0.004451 0.009533 -0.008918 0.020837 -0.009956 0.045046
92.882923 0.002356 -0.004424 0.009537 -0.008913 0.021120 -0.009956 0.045532
94.177660 0.002378 -0.004409 0.009553 -0.008897 0.021407 -0.009955 0.046024
95.490446 0.002420 -0.004393 0.009610 -0.008890 0.021699 -0.009955 0.046523
96.821531 0.002455 -0.004377 0.009628 -0.008883 0.021996 -0.009954 0.047028
98.171170 0.002469 -0.004360 0.009632 -0.008876 0.022297 -0.009954 0.047540
99.539623 0.002499 -0.004348 0.009631 -0.008867 0.022603 -0.009953 0.048057
100.927151 0.002538 -0.004324 0.009688 -0.008860 0.022915 -0.009952 0.048582
102.334021 0.002552 -0.004265 0.009753 -0.008852 0.023231 -0.009952 0.049113
103.760502 0.002611 -0.004264 0.009819 -0.008844 0.023553 -0.009951 0.049651
105.206867 0.002656 -0.004263 0.009886 -0.008825 0.023879 -0.009951 0.050195
106.673394 0.002709 -0.004243 0.009895 -0.008798 0.024211 -0.009950 0.050746
108.160363 0.002730 -0.004221 0.009922 -0.008770 0.024548 -0.009949 0.051304
109.668060 0.002761 -0.004198 0.009979 -0.008766 0.024891 -0.009948 0.051869
111.196773 0.002805 -0.004130 0.010013 -0.008763 0.025239 -0.009948 0.052441
112.746796 0.002839 -0.004040 0.010058 -0.008760 0.025593 -0.009947 0.053020
114.318425 0.002942 -0.004023 0.010065 -0.008756 0.025953 -0.009946 0.053607
115.911962 0.002955 -0.003963 0.010144 -0.008753 0.026318 -0.009945 0.054200
117.527712 0.002996 -0.003897 0.010188 -0.008749 0.026702 -0.009944 0.054801
119.165984 0.003009 -0.003865 0.010241 -0.008738 0.027138 -0.009943 0.055409
120.827094 0.003075 -0.003848 0.010337 -0.008725 0.027579 -0.009942 0.056025
122.511358 0.003108 -0.003810 0.010434 -0.008711 0.028028 -0.009941 0.056648
124.219100 0.003193 -0.003767 0.010485 -0.008697 0.028482 -0.009940 0.057279
125.950646 0.003211 -0.003748 0.010503 -0.008682 0.028944 -0.009939 0.057917
127.706330 0.003257 -0.003722 0.010568 -0.008667 0.029413 -0.009938 0.058563
129.486487 0.003393 -0.003691 0.010728 -0.008651 0.029888 -0.009937 0.059217
131.291459 0.003437 -0.003661 0.010792 -0.008634 0.030370 -0.009936 0.059879
133.121590 0.003509 -0.003599 0.011047 -0.008629 0.030860 -0.009935 0.060549
134.977233 0.003535 -0.003564 0.011180 -0.008625 0.031356 -0.009933 0.061227
136.858742 0.003561 -0.003545 0.011257 -0.008600 0.031867 -0.009931 0.061912
138.766479 0.003613 -0.003485 0.011376 -0.008571 0.032441 -0.009929 0.062607
140.700809 0.003681 -0.003418 0.011456 -0.008541 0.032890 -0.009927 0.063309
142.662102 0.003727 -0.003348 0.011605 -0.008515 0.033416 -0.009925 0.064020
144.650734 0.003769 -0.003276 0.011666 -0.008499 0.033949 -0.009923 0.064739
146.667087 0.003949 -0.003202 0.011808 -0.008476 0.034490 -0.009920 0.065466
148.711546 0.003993 -0.003134 0.011934 -0.008453 0.035039 -0.009918 0.066202
150.784505 0.004081 -0.003081 0.012007 -0.008428 0.035596 -0.009915 0.066947
152.886359 0.004153 -0.003030 0.012104 -0.008403 0.036161 -0.009913 0.067700
155.017512 0.004274 -0.002987 0.012270 -0.008394 0.036734 -0.009910 0.068463
157.178372 0.004403 -0.002976 0.012453 -0.008389 0.037315 -0.009907 0.069234
159.369353 0.004441 -0.002964 0.012597 -0.008384 0.037904 -0.009904 0.070013
161.590875 0.004489 -0.002940 0.012802 -0.008374 0.038501 -0.009901 0.070802
163.843365 0.004652 -0.002850 0.012928 -0.008356 0.039107 -0.009898 0.071600
166.127252 0.004731 -0.002815 0.013073 -0.008326 0.039721 -0.009894 0.072407
168.442976 0.004871 -0.002779 0.013281 -0.008293 0.040344 -0.009891 0.073224
170.790980 0.004961 -0.002742 0.013556 -0.008265 0.040975 -0.009887 0.074049
173.171713 0.005040 -0.002626 0.013878 -0.008254 0.041615 -0.009883 0.074884
175.585633 0.005113 -0.002463 0.014110 -0.008243 0.042264 -0.009879 0.075728
178.033202 0.005177 -0.002337 0.014274 -0.008231 0.042896 -0.009875 0.076582
180.514888 0.005347 -0.002261 0.014442 -0.008219 0.043409 -0.009871 0.077446
183.031168 0.005362 -0.002183 0.014671 -0.008206 0.043929 -0.009866 0.078319
185.582523 0.005456 -0.002171 0.015017 -0.008173 0.044454 -0.009862 0.079201
188.169442 0.005564 -0.002074 0.015288 -0.008133 0.044985 -0.009857 0.080094
190.792422 0.005636 -0.001932 0.015532 -0.008107 0.045522 -0.009852 0.080996
193.451965 0.005754 -0.001859 0.015793 -0.008079 0.046066 -0.009847 0.081909
196.148581 0.005874 -0.001799 0.016014 -0.008050 0.046615 -0.009841 0.082831
198.882786 0.005964 -0.001714 0.016280 -0.008021 0.047170 -0.009835 0.083763
201.655104 0.006061 -0.001590 0.016531 -0.008007 0.047732 -0.009829 0.084705
204.466067 0.006229 -0.001465 0.016889 -0.008002 0.048300 -0.009823 0.085658
207.316213 0.006345 -0.001388 0.017208 -0.007974 0.048927 -0.009817 0.086621
210.206088 0.006505 -0.001363 0.017501 -0.007937 0.049961 -0.009810 0.087594
213.136247 0.006586 -0.001249 0.017817 -0.007900 0.051014 -0.009803 0.088577
216.107251 0.006686 -0.001179 0.018154 -0.007862 0.052086 -0.009796 0.089571
219.119669 0.006824 -0.001075 0.018468 -0.007856 0.053178 -0.009788 0.090576
222.174078 0.006986 -0.000931 0.018734 -0.007836 0.054289 -0.009780 0.091591
225.271064 0.007157 -0.000882 0.019027 -0.007794 0.055420 -0.009772 0.092616
228.411221 0.007258 -0.000767 0.019324 -0.007750 0.056102 -0.009764 0.093653
231.595149 0.007331 -0.000665 0.019593 -0.007705 0.056766 -0.009758 0.094700
234.823460 0.007477 -0.000611 0.019810 -0.007680 0.057436 -0.009752 0.095757
238.096772 0.007573 -0.000515 0.020249 -0.007665 0.058114 -0.009746 0.096826
241.415712 0.007639 -0.000244 0.020567 -0.007650 0.058799 -0.009739 0.097906
244.780916 0.007880 -0.000183 0.020931 -0.007635 0.059492 -0.009732 0.098996
248.193029 0.008004 -0.000005 0.021409 -0.007619 0.060191 -0.009725 0.100098
251.652705 0.008144 0.000192 0.021897 -0.007602 0.060898 -0.009717 0.101210
255.160607 0.008368 0.000352 0.022401 -0.007585 0.061901 -0.009709 0.102334
258.717408 0.008523 0.000468 0.022969 -0.007567 0.062611 -0.009701 0.103469
262.323788 0.008726 0.000504 0.023453 -0.007548 0.063328 -0.009692 0.104615
265.980440 0.008910 0.000707 0.023845 -0.007513 0.064053 -0.009683 0.105772
269.688063 0.009173 0.000747 0.024269 -0.007446 0.064786 -0.009674 0.106941
273.447368 0.009553 0.000797 0.024796 -0.007377 0.065526 -0.009664 0.108121
277.259076 0.009746 0.001005 0.025357 -0.007305 0.066731 -0.009654 0.109312
281.123917 0.009956 0.001190 0.025975 -0.007231 0.068196 -0.009644 0.110515
285.042632 0.010096 0.001440 0.026517 -0.007154 0.069689 -0.009633 0.111729
289.015972 0.010252 0.001501 0.027185 -0.007074 0.070883 -0.009621 0.112955
293.044698 0.010624 0.001589 0.027817 -0.006992 0.071699 -0.009609 0.114193
297.129582 0.010991 0.001829 0.028603 -0.006907 0.072523 -0.009597 0.115441
301.271407 0.011259 0.002026 0.029163 -0.006847 0.073356 -0.009584 0.116702
305.470967 0.011434 0.002082 0.029813 -0.006820 0.074196 -0.009570 0.117974
309.729067 0.011603 0.002238 0.030521 -0.006792 0.075233 -0.009556 0.119258
314.046522 0.011740 0.002277 0.031311 -0.006763 0.076480 -0.009542 0.120553
318.424160 0.012102 0.002303 0.031791 -0.006733 0.077320 -0.009527 0.121860
322.862820 0.012463 0.002330 0.032601 -0.006701 0.078167 -0.009511 0.123179
327.363353 0.012725 0.002420 0.033486 -0.006668 0.079279 -0.009494 0.124510
331.926620 0.013008 0.002608 0.034314 -0.006634 0.080503 -0.009477 0.125852
336.553498 0.013293 0.002686 0.035201 -0.006599 0.081744 -0.009459 0.127207
341.244871 0.013520 0.002719 0.036004 -0.006545 0.083243 -0.009440 0.128573
346.001639 0.013818 0.002811 0.036551 -0.006464 0.085007 -0.009421 0.129951
350.824714 0.014315 0.003042 0.037106 -0.006379 0.086799 -0.009401 0.131340
355.715021 0.014768 0.003262 0.037752 -0.006290 0.088463 -0.009379 0.132742
360.673495 0.015222 0.003363 0.038732 -0.006198 0.090025 -0.009357 0.134155
365.701088 0.015555 0.003566 0.039745 -0.006102 0.091346 -0.009335 0.135580
370.798763 0.015828 0.003690 0.040537 -0.006002 0.092580 -0.009311 0.137017
375.967497 0.016124 0.003772 0.041758 -0.005898 0.093826 -0.009286 0.138466
381.208280 0.016337 0.003931 0.043267 -0.005790 0.095333 -0.009260 0.139927
386.522116 0.016672 0.004087 0.044281 -0.005737 0.097446 -0.009233 0.141399
391.910025 0.017063 0.004100 0.045585 -0.005736 0.098538 -0.009205 0.142883
397.373038 0.017405 0.004189 0.046918 -0.005734 0.099639 -0.009176 0.144379
402.912203 0.017641 0.004458 0.048281 -0.005669 0.101269 -0.009145 0.145887
408.528580 0.018230 0.004508 0.049488 -0.005631 0.103122 -0.009113 0.147407
414.223247 0.018738 0.004572 0.050370 -0.005623 0.104260 -0.009080 0.148938
419.997295 0.019021 0.004628 0.051584 -0.005565 0.106163 -0.009044 0.150481
425.851829 0.019607 0.004752 0.053565 -0.005452 0.107499 -0.009006 0.152036
431.787973 0.020080 0.004909 0.055009 -0.005336 0.108715 -0.008967 0.153602
437.806863 0.020548 0.005042 0.056200 -0.005216 0.110472 -0.008926 0.155180
443.909653 0.021036 0.005131 0.057534 -0.005094 0.112507 -0.008884 0.156770
450.097513 0.021492 0.005329 0.058932 -0.004969 0.114568 -0.008839 0.158371
456.371628 0.021980 0.005462 0.060393 -0.004840 0.116655 -0.008793 0.159983
462.733201 0.022587 0.005697 0.061679 -0.004707 0.118770 -0.008746 0.161608
469.183451 0.023066 0.005959 0.063060 -0.004572 0.120173 -0.008696 0.163243
475.723614 0.023651 0.006193 0.064534 -0.004432 0.121304 -0.008644 0.164890
482.354943 0.024332 0.006400 0.066335 -0.004290 0.122442 -0.008590 0.166548
489.078709 0.024998 0.006606 0.068238 -0.004170 0.123586 -0.008535 0.168218
495.896201 0.025629 0.006786 0.070392 -0.004155 0.124944 -0.008476 0.169898
502.808725 0.026331 0.006941 0.072269 -0.004139 0.127995 -0.008416 0.171590
509.817606 0.026989 0.007172 0.074295 -0.004091 0.131101 -0.008353 0.173293
516.924187 0.027581 0.007430 0.076267 -0.003916 0.133843 -0.008288 0.175007
524.129830 0.028257 0.007542 0.077617 -0.003735 0.135655 -0.008220 0.176731
531.435916 0.028884 0.007799 0.079016 -0.003547 0.138369 -0.008149 0.178467
538.843844 0.029707 0.008119 0.080420 -0.003352 0.141573 -0.008076 0.180213
546.355035 0.030178 0.008404 0.081844 -0.003151 0.144395 -0.007999 0.181970
553.970928 0.031182 0.008615 0.084088 -0.002942 0.146346 -0.007920 0.183738
561.692982 0.032016 0.008734 0.086548 -0.002726 0.148742 -0.007838 0.185516
569.522678 0.032977 0.008936 0.089026 -0.002511 0.150810 -0.007752 0.187305
577.461515 0.033811 0.009266 0.091424 -0.002451 0.152897 -0.007707 0.189103
585.511016 0.034757 0.009465 0.093852 -0.002363 0.154685 -0.007620 0.190913
593.672722 0.035648 0.009640 0.096605 -0.002327 0.156424 -0.007559 0.193928
601.948197 0.036671 0.009725 0.097938 -0.002263 0.158173 -0.007496 0.197180
610.339029 0.037442 0.009838 0.100500 -0.002199 0.160224 -0.007430 0.200464
618.846824 0.038195 0.009966 0.102976 -0.002133 0.163622 -0.007362 0.203779
627.473213 0.038960 0.010157 0.104825 -0.002066 0.165886 -0.007291 0.207125
636.219849 0.039940 0.010297 0.107205 -0.001998 0.169545 -0.007217 0.210501
645.088409 0.040941 0.010743 0.109957 -0.001907 0.173251 -0.007141 0.213907
654.080591 0.041660 0.010960 0.112239 -0.001690 0.177292 -0.007062 0.217343
663.198120 0.042669 0.011318 0.114234 -0.001465 0.180559 -0.006980 0.220807
672.442742 0.043756 0.011685 0.116087 -0.001231 0.183089 -0.006895 0.224300
681.816229 0.045087 0.011943 0.118365 -0.000988 0.185640 -0.006807 0.228070
691.320378 0.046147 0.012130 0.121219 -0.000815 0.188959 -0.006716 0.232173
700.957009 0.047134 0.012425 0.124424 -0.000696 0.191053 -0.006622 0.236312
710.727970 0.048241 0.012956 0.126440 -0.000489 0.194736 -0.006524 0.240485
720.635132 0.049451 0.013230 0.128375 -0.000205 0.198528 -0.006423 0.243891
730.680395 0.050647 0.013508 0.130923 0.000098 0.201687 -0.006318 0.247304
740.865683 0.051895 0.013903 0.134336 0.000291 0.205109 -0.006210 0.250739
751.192949 0.053209 0.014308 0.136777 0.000605 0.207934 -0.006098 0.254193
761.664172 0.054294 0.014703 0.139413 0.000931 0.210842 -0.005982 0.257667
772.281357 0.055667 0.015067 0.142439 0.001268 0.214855 -0.005863 0.261159
783.046540 0.056819 0.015628 0.143836 0.001618 0.218905 -0.005739 0.264671
793.961785 0.057757 0.016109 0.147070 0.001981 0.222991 -0.005612 0.268199
805.029181 0.059078 0.016583 0.150679 0.002050 0.227110 -0.005480 0.273063
816.250851 0.060282 0.016844 0.152830 0.002128 0.231262 -0.005434 0.278372
827.628946 0.061572 0.017504 0.155530 0.002458 0.235446 -0.005421 0.283715
839.165644 0.062777 0.018044 0.158853 0.002758 0.239660 -0.005408 0.289088
850.863158 0.063892 0.018656 0.161771 0.002802 0.243174 -0.005394 0.294490
862.723729 0.065592 0.019273 0.165213 0.002846 0.247080 -0.005379 0.299918
874.749630 0.066648 0.019780 0.168298 0.002891 0.251857 -0.005364 0.305369
886.943166 0.067817 0.020285 0.172164 0.002936 0.257657 -0.005349 0.310840
899.306672 0.068963 0.021153 0.174626 0.002981 0.263498 -0.005333 0.315466
911.842520 0.070561 0.021787 0.178559 0.003026 0.268747 -0.005316 0.320032
924.553110 0.071913 0.022397 0.181182 0.003072 0.273728 -0.005280 0.324606
937.440879 0.073757 0.023019 0.183424 0.003117 0.278736 -0.005165 0.329185
950.508296 0.075344 0.023659 0.187197 0.003553 0.283770 -0.005046 0.333769
963.757866 0.076942 0.023940 0.189935 0.003882 0.288828 -0.004923 0.338355
977.192128 0.078499 0.024195 0.192816 0.004211 0.293906 -0.004798 0.342942
990.813657 0.079882 0.024723 0.195853 0.004648 0.299003 -0.004668 0.347528
1004.625062 0.081137 0.025623 0.199586 0.004789 0.304117 -0.004536 0.352111
1018.628990 0.083065 0.026491 0.203863 0.004996 0.308031 -0.004399 0.356690
1032.828126 0.084857 0.027105 0.207117 0.005179 0.312864 -0.004259 0.361263
1047.225190 0.086607 0.027680 0.210109 0.005362 0.318367 -0.004115 0.365829
1061.822941 0.088079 0.028219 0.213068 0.005548 0.323850 -0.003968 0.370385
1076.624177 0.089746 0.028881 0.217291 0.005900 0.329309 -0.003816 0.374930
1091.631734 0.091685 0.029371 0.219940 0.006083 0.334195 -0.003661 0.379463
1106.848489 0.093874 0.029894 0.222688 0.006135 0.338448 -0.003501 0.383982
1122.277356 0.095629 0.030999 0.224543 0.006321 0.342674 -0.003337 0.388485
1137.921294 0.097624 0.031819 0.227314 0.006521 0.346871 -0.003170 0.392971
1153.783300 0.099779 0.032451 0.230426 0.006830 0.351038 -0.003060 0.398113
1169.866413 0.101586 0.033046 0.233869 0.007065 0.355172 -0.002968 0.403406
1186.173716 0.103373 0.033730 0.238124 0.007141 0.359850 -0.002873 0.408649
1202.708335 0.105235 0.034376 0.242319 0.007353 0.364961 -0.002775 0.413841
1219.473437 0.107544 0.035014 0.246730 0.007569 0.370035 -0.002674 0.418978
1236.472235 0.110329 0.035682 0.250747 0.007788 0.375069 -0.002571 0.424059
1253.707987 0.112126 0.036607 0.254546 0.007834 0.380061 -0.002464 0.429081
1271.183997 0.114091 0.037765 0.257459 0.007923 0.385008 -0.002355 0.434172
1288.903612 0.116996 0.038460 0.260871 0.007935 0.389907 -0.002242 0.439409
1306.870230 0.119602 0.039212 0.264595 0.008254 0.394757 -0.002127 0.444603
1325.087292 0.121744 0.040184 0.267722 0.008365 0.399556 -0.002008 0.449752
1343.558290 0.124349 0.041185 0.271224 0.008324 0.404300 -0.001885 0.454853
1362.286764 0.127017 0.042021 0.275506 0.008283 0.408990 -0.001760 0.459905
1381.276303 0.129742 0.043104 0.280926 0.008240 0.413621 -0.001631 0.464906
1400.530545 0.131607 0.043960 0.284224 0.008197 0.418193 -0.001499 0.469854
1420.053182 0.133120 0.044831 0.288357 0.008261 0.422143 -0.001363 0.474748
1439.847953 0.135319 0.046041 0.292422 0.008221 0.425689 -0.001224 0.479586
1459.918652 0.137877 0.046608 0.296217 0.008180 0.429219 -0.001081 0.484367
1480.269127 0.140556 0.047976 0.299363 0.008138 0.432731 -0.000935 0.489089
1500.903276 0.143242 0.049559 0.302007 0.008096 0.436225 -0.000785 0.493750
1521.825053 0.146189 0.050388 0.304563 0.008094 0.439700 -0.000632 0.498351
1543.038469 0.148627 0.050967 0.307062 0.008109 0.443156 -0.000474 0.502890
1564.547589 0.151322 0.052002 0.309673 0.008123 0.446591 -0.000314 0.507365
1586.356534 0.153994 0.052949 0.313904 0.008137 0.450006 -0.000149 0.511776
1608.469483 0.156233 0.053780 0.317295 0.008151 0.453399 0.000020 0.516123
1630.890676 0.157545 0.055206 0.320902 0.008166 0.456770 0.000192 0.520404
1653.624407 0.159891 0.056196 0.324687 0.008180 0.459636 0.000368 0.524618
1676.675035 0.163117 0.057418 0.328301 0.008195 0.462435 0.000547 0.528766
1700.046975 0.165442 0.058199 0.331009 0.008209 0.465167 0.000731 0.532846
1723.744708 0.168151 0.058758 0.334992 0.008479 0.468085 0.000918 0.536859
1747.772774 0.171717 0.059334 0.338155 0.008796 0.472053 0.001109 0.540804
1772.135779 0.174148 0.060698 0.342207 0.009111 0.474877 0.001304 0.544681
1796.838391 0.176517 0.061990 0.346038 0.009425 0.479293 0.001296 0.548490
1821.885343 0.178864 0.062817 0.350506 0.009735 0.482893 0.001286 0.552230
1847.281437 0.180654 0.064465 0.353654 0.010043 0.486045 0.001276 0.555902
1873.031539 0.182446 0.065487 0.356585 0.010349 0.489577 0.001266 0.559505
1899.140582 0.184539 0.066336 0.359969 0.010651 0.493529 0.001256 0.563040
1925.613572 0.187343 0.067189 0.362950 0.010950 0.497406 0.001247 0.566507
1952.455581 0.189432 0.068043 0.366231 0.011245 0.501208 0.001237 0.569907
1979.671753 0.191204 0.068900 0.369452 0.011537 0.504657 0.001228 0.573239
2007.267304 0.194183 0.069804 0.373330 0.011824 0.506989 0.001219 0.576504
2035.247521 0.197275 0.071194 0.375820 0.012108 0.509318 0.001210 0.579702
2063.617768 0.200479 0.072636 0.378667 0.012343 0.513249 0.001201 0.582834
2092.383480 0.204002 0.073297 0.380803 0.012435 0.517104 0.001192 0.585900
2121.550171 0.206008 0.073889 0.383830 0.012526 0.519644 0.001184 0.588901
2151.123430 0.208525 0.075967 0.386597 0.012618 0.522683 0.001175 0.591838
2181.108924 0.211242 0.076610 0.389148 0.012709 0.526647 0.001167 0.594711
2211.512400 0.213401 0.077954 0.392403 0.012800 0.530389 0.001159 0.597520
2242.339683 0.215381 0.078722 0.396440 0.012891 0.533257 0.001151 0.600267
2273.596682 0.217982 0.079625 0.399761 0.012982 0.535473 0.001143 0.602952
2305.289387 0.220764 0.080608 0.402004 0.013033 0.537630 0.001136 0.605575
2337.423871 0.223006 0.081315 0.406243 0.013083 0.539730 0.001128 0.608139
2370.006292 0.226058 0.081846 0.409292 0.013133 0.541773 0.001121 0.610643
2403.042894 0.229277 0.082458 0.412129 0.013183 0.545434 0.001113 0.613088
2436.540009 0.231113 0.083220 0.415007 0.013233 0.549077 0.001106 0.615476
2470.504055 0.232955 0.084696 0.418051 0.013283 0.550336 0.001099 0.617807
2504.941542 0.235712 0.085612 0.420322 0.013333 0.551523 0.001092 0.620081
2539.859069 0.238620 0.086126 0.424254 0.013384 0.552667 0.001086 0.622301
2575.263327 0.240559 0.087733 0.428435 0.013434 0.553771 0.001079 0.624466
2611.161101 0.243492 0.088161 0.432266 0.013525 0.555633 0.001073 0.626578
2647.559271 0.247943 0.089121 0.434329 0.013616 0.558586 0.001066 0.628637
2684.464811 0.249496 0.090298 0.437262 0.013665 0.560624 0.001060 0.630645
2721.884795 0.253262 0.091244 0.438983 0.013714 0.562625 0.001054 0.632603
2759.826392 0.254895 0.092300 0.441700 0.013764 0.565206 0.001048 0.634510
2798.296876 0.257168 0.093432 0.444001 0.013813 0.567478 0.001042 0.636369
2837.303617 0.260879 0.093980 0.447581 0.013862 0.569703 0.001037 0.638181
2876.854090 0.264378 0.094716 0.450607 0.013911 0.571881 0.001031 0.639945
2916.955876 0.266239 0.095291 0.452432 0.013960 0.574012 0.001026 0.641664
2957.616659 0.269471 0.095802 0.454626 0.014174 0.576098 0.001020 0.643338
2998.844231 0.271972 0.096962 0.456492 0.014456 0.578139 0.001015 0.644967
3040.646493 0.273271 0.098044 0.458937 0.014737 0.580173 0.001010 0.646554
3083.031457 0.274541 0.098801 0.461364 0.014853 0.582232 0.001005 0.648098
3126.007243 0.276755 0.099336 0.463363 0.014900 0.584263 0.001000 0.649602
3169.582089 0.278564 0.099875 0.464253 0.014946 0.586264 0.000995 0.651065
3213.764344 0.281450 0.100400 0.466219 0.014992 0.588237 0.000991 0.652488
3258.562476 0.283214 0.100918 0.468093 0.015036 0.590180 0.000986 0.653873
3303.985070 0.285225 0.101890 0.470677 0.015080 0.592096 0.000982 0.655220
3350.040830 0.286245 0.103262 0.473607 0.015123 0.593983 0.000993 0.656530
3396.738582 0.287790 0.104185 0.475104 0.015166 0.595842 0.001097 0.657805
3444.087276 0.290130 0.104655 0.477217 0.015392 0.597672 0.001200 0.659044
3492.095985 0.292552 0.105225 0.480557 0.015633 0.599476 0.001303 0.660249
3540.773909 0.294784 0.106549 0.482627 0.015712 0.601251 0.001404 0.661421
3590.130377 0.295857 0.107598 0.485139 0.015791 0.602899 0.001455 0.662560
3640.174847 0.297613 0.107762 0.487328 0.015869 0.604049 0.001448 0.663667
3690.916911 0.300043 0.107921 0.488681 0.015947 0.605164 0.001440 0.664743
3742.366291 0.301094 0.108997 0.490271 0.016084 0.606244 0.001433 0.665758
3794.532847 0.303399 0.110089 0.492978 0.016230 0.607297 0.001426 0.666664
3847.426577 0.305101 0.111166 0.496056 0.016374 0.608304 0.001418 0.667544
3901.057617 0.306303 0.112226 0.498620 0.016518 0.609286 0.001411 0.668399
3955.436245 0.308220 0.113271 0.501774 0.016661 0.610496 0.001404 0.669229
4010.572881 0.310683 0.114299 0.503714 0.016804 0.612904 0.001397 0.670036
4066.478092 0.311939 0.115310 0.505839 0.016946 0.614475 0.001389 0.670819
4123.162591 0.314409 0.116267 0.506852 0.017087 0.615816 0.001382 0.671579
4180.637241 0.315349 0.116824 0.508075 0.017227 0.617130 0.001375 0.672317
4238.913057 0.316261 0.117373 0.509031 0.017367 0.618418 0.001368 0.673034
4298.001206 0.317163 0.118199 0.510939 0.017506 0.619681 0.001361 0.673729
4357.913012 0.318054 0.119141 0.511510 0.017644 0.620919 0.001354 0.674404
4418.659956 0.318302 0.119997 0.513753 0.017781 0.622131 0.001337 0.675060
4480.253680 0.319096 0.120891 0.515970 0.017918 0.623320 0.001309 0.675696
4542.705986 0.320203 0.121290 0.518161 0.018054 0.624993 0.001281 0.676314
4606.028844 0.321274 0.122091 0.521327 0.018189 0.626325 0.001255 0.676913
4670.234388 0.322340 0.122988 0.523853 0.018323 0.627598 0.001230 0.677494
4735.334923 0.323165 0.123207 0.526340 0.018456 0.629084 0.001205 0.678059
4801.342924 0.324281 0.123405 0.528655 0.018588 0.629600 0.001182 0.678606
4868.271040 0.324782 0.123598 0.530424 0.018722 0.630625 0.001159 0.679138
4936.132098 0.326123 0.123786 0.532173 0.018888 0.632105 0.001137 0.679653
5004.939103 0.326998 0.123969 0.533902 0.018980 0.633539 0.001115 0.680153
5074.705239 0.327844 0.124185 0.535612 0.019109 0.634927 0.001095 0.680638
5145.443878 0.328661 0.124511 0.538773 0.019237 0.636271 0.001075 0.681109
5217.168576 0.329450 0.124831 0.541626 0.019363 0.637573 0.001056 0.681566
5289.893076 0.330212 0.125168 0.543368 0.019489 0.638832 0.001038 0.682009
5363.631317 0.331332 0.125595 0.545006 0.019614 0.639451 0.001020 0.682438
5438.397428 0.332040 0.126015 0.545688 0.019739 0.640047 0.001003 0.682855
5514.205739 0.332537 0.126428 0.546302 0.019862 0.641524 0.000987 0.683259
5591.070777 0.333298 0.126834 0.547909 0.019984 0.642953 0.000971 0.683651
5669.007271 0.334254 0.127344 0.549499 0.020105 0.644337 0.000956 0.684031
5748.030158 0.334735 0.127900 0.550544 0.020225 0.645581 0.000941 0.684400
5828.154581 0.336183 0.128449 0.551641 0.020344 0.646581 0.000927 0.684758
5909.395895 0.336924 0.128974 0.553135 0.020463 0.647548 0.000914 0.685104
5991.769669 0.338176 0.129179 0.554594 0.020580 0.648266 0.000901 0.685441
6075.291689 0.339244 0.129483 0.556052 0.020696 0.648957 0.000888 0.685767
6159.977960 0.339827 0.129934 0.557200 0.020811 0.649628 0.000876 0.686083
6245.844712 0.340173 0.130094 0.558288 0.020926 0.650529 0.000864 0.686389
6332.908400 0.340520 0.130250 0.559086 0.021039 0.651923 0.000857 0.686687
6421.185709 0.341219 0.130538 0.559410 0.021151 0.652713 0.000856 0.686975
6510.693555 0.341768 0.130680 0.559723 0.021262 0.653476 0.000854 0.687254
6601.449093 0.342509 0.130862 0.560885 0.021372 0.654213 0.000853 0.687525
6693.469713 0.343880 0.131220 0.561380 0.021481 0.654925 0.000852 0.687788
6786.773051 0.345461 0.131622 0.562230 0.021589 0.655613 0.000851 0.688042
6881.376986 0.345978 0.131947 0.562711 0.021697 0.656278 0.000849 0.688289
6977.299650 0.346259 0.132264 0.563178 0.021766 0.656921 0.000848 0.688529
7074.559423 0.346448 0.132614 0.563631 0.021781 0.657541 0.000847 0.688761
7173.174944 0.346631 0.133015 0.566000 0.021795 0.658410 0.000846 0.688985
7273.165113 0.347200 0.133352 0.568375 0.021809 0.659127 0.000845 0.689203
7374.549090 0.347831 0.133637 0.568906 0.021822 0.659497 0.000844 0.689415
7477.346305 0.348456 0.133719 0.570543 0.021834 0.659856 0.000843 0.689620
7581.576458 0.348964 0.133986 0.571352 0.021846 0.660340 0.000842 0.689818
7687.259522 0.349166 0.134246 0.572144 0.021858 0.660843 0.000841 0.690011
7794.415750 0.349574 0.134497 0.572510 0.021869 0.661330 0.000840 0.690197
7903.065679 0.350377 0.134742 0.572847 0.021879 0.661799 0.000839 0.690378
8013.230128 0.350884 0.134980 0.573585 0.021890 0.662252 0.000838 0.690553
8124.930211 0.351585 0.135210 0.574793 0.021899 0.662689 0.000837 0.690723
8238.187331 0.351782 0.135300 0.575506 0.021909 0.663112 0.000836 0.690888
8353.023195 0.352501 0.135371 0.576499 0.021918 0.663519 0.000836 0.691047
8469.459808 0.353033 0.135540 0.577475 0.021927 0.664121 0.000835 0.691202
8587.519485 0.353240 0.135779 0.578542 0.021935 0.664339 0.000834 0.691352
8707.224849 0.353739 0.136011 0.579378 0.021943 0.664659 0.000833 0.691497
8828.598841 0.354703 0.136234 0.580306 0.021951 0.665013 0.000833 0.691638
8951.664721 0.355305 0.136451 0.581219 0.021958 0.665355 0.000832 0.691774
9076.446073 0.355515 0.136660 0.582146 0.021965 0.665684 0.000831 0.691978
9202.966809 0.355887 0.136863 0.583653 0.021972 0.666775 0.000830 0.692191
9331.251175 0.356595 0.137058 0.584696 0.021978 0.667972 0.000830 0.692398
9461.323756 0.357297 0.137139 0.585161 0.021985 0.669124 0.000829 0.692599
9593.209478 0.357991 0.137146 0.585556 0.021991 0.670234 0.000828 0.692795
9726.933615 0.358678 0.137153 0.586745 0.021997 0.670764 0.000828 0.692986
9862.521795 0.359191 0.137160 0.587893 0.022002 0.671225 0.000827 0.693171
10000.000000 0.360031 0.137166 0.588489 0.022007 0.672194 0.000827 0.693351
