10.000000 0.000411 -0.012338 0.014021 -0.019131 0.019528 -0.020160 0.025899
10.139395 0.000422 -0.012336 0.014021 -0.019131 0.019529 -0.020160 0.026005
10.280732 0.000422 -0.012334 0.014021 -0.019131 0.019530 -0.020160 0.026112
10.424040 0.000422 -0.012333 0.014021 -0.019131 0.019531 -0.020160 0.026221
10.569346 0.000483 -0.012331 0.014021 -0.019131 0.019532 -0.020160 0.026331
10.716676 0.000487 -0.012329 0.014021 -0.019131 0.019532 -0.020160 0.026443
10.866061 0.000491 -0.012325 0.014021 -0.019131 0.019532 -0.020160 0.026557
11.017528 0.000494 -0.012325 0.014023 -0.019131 0.019532 -0.020160 0.026672
11.171107 0.000498 -0.012323 0.014026 -0.019131 0.019538 -0.020160 0.026789
11.326826 0.000502 -0.012320 0.014036 -0.019131 0.019539 -0.020160 0.026907
11.484715 0.000506 -0.012318 0.014052 -0.019131 0.019540 -0.020160 0.027027
11.644806 0.000511 -0.012316 0.014068 -0.019130 0.019542 -0.020160 0.027149
11.807128 0.000558 -0.012313 0.014085 -0.019130 0.019543 -0.020160 0.027272
11.971713 0.000562 -0.012311 0.014102 -0.019130 0.019543 -0.020160 0.027398
12.138593 0.000562 -0.012309 0.014104 -0.019130 0.019543 -0.020160 0.027525
12.307798 0.000563 -0.012306 0.014104 -0.019130 0.019543 -0.020160 0.027653
12.479362 0.000580 -0.012303 0.014104 -0.019130 0.019543 -0.020160 0.027784
12.653318 0.000589 -0.012301 0.014104 -0.019130 0.019543 -0.020160 0.027916
12.829698 0.000590 -0.012298 0.014104 -0.019130 0.019543 -0.020160 0.028051
13.008537 0.000591 -0.012239 0.014104 -0.019130 0.019543 -0.020160 0.028187
13.189869 0.000592 -0.012172 0.014104 -0.019130 0.019543 -0.020160 0.028325
13.373729 0.000593 -0.012103 0.014104 -0.019130 0.019543 -0.020160 0.028465
13.560151 0.000594 -0.012034 0.014104 -0.019130 0.019543 -0.020160 0.028607
13.749172 0.000595 -0.011984 0.014104 -0.019130 0.019543 -0.020160 0.028752
13.940828 0.000596 -0.011983 0.014104 -0.019129 0.019543 -0.020160 0.028898
14.135156 0.000598 -0.011982 0.014107 -0.019129 0.019543 -0.020160 0.029046
14.332192 0.000599 -0.011980 0.014112 -0.019129 0.019543 -0.020160 0.029196
14.531975 0.000600 -0.011978 0.014118 -0.019129 0.019543 -0.020160 0.029349
14.734543 0.000601 -0.011977 0.014124 -0.019129 0.019544 -0.020160 0.029503
14.939935 0.000624 -0.011975 0.014130 -0.019129 0.019544 -0.020160 0.029660
15.148189 0.000650 -0.011960 0.014137 -0.019129 0.019544 -0.020160 0.029819
15.359347 0.000676 -0.011960 0.014143 -0.019129 0.019544 -0.020160 0.029980
15.573448 0.000702 -0.011960 0.014149 -0.019127 0.019544 -0.020160 0.030143
15.790533 0.000729 -0.011959 0.014156 -0.019121 0.019544 -0.020160 0.030309
16.010645 0.000737 -0.011959 0.014163 -0.019114 0.019544 -0.020160 0.030477
16.233824 0.000738 -0.011958 0.014170 -0.019108 0.019544 -0.020160 0.030647
16.460115 0.000739 -0.011958 0.014177 -0.019102 0.019544 -0.020160 0.030820
16.689560 0.000740 -0.011958 0.014184 -0.019095 0.019544 -0.020160 0.030995
16.922204 0.000741 -0.011957 0.014192 -0.019088 0.019544 -0.020160 0.031173
17.158090 0.000742 -0.011955 0.014199 -0.019081 0.019544 -0.020160 0.031353
17.397264 0.000742 -0.011953 0.014207 -0.019074 0.019571 -0.020160 0.031536
17.639773 0.000743 -0.011921 0.014215 -0.019066 0.019571 -0.020160 0.031721
17.885662 0.000744 -0.011871 0.014222 -0.019059 0.019571 -0.020160 0.031909
18.134978 0.000745 -0.011832 0.014231 -0.019051 0.019571 -0.020160 0.032100
18.387770 0.000746 -0.011831 0.014232 -0.019043 0.019571 -0.020160 0.032293
18.644085 0.000747 -0.011831 0.014256 -0.019035 0.019571 -0.020160 0.032488
18.903974 0.000778 -0.011831 0.014293 -0.019026 0.019571 -0.020160 0.032687
19.167485 0.000844 -0.011831 0.014331 -0.019018 0.019571 -0.020160 0.032888
19.434669 0.000852 -0.011831 0.014358 -0.019009 0.019614 -0.020160 0.033092
19.705578 0.000890 -0.011831 0.014358 -0.019000 0.019628 -0.020160 0.033299
19.980263 0.000928 -0.011831 0.014358 -0.018990 0.019629 -0.020160 0.033509
20.258777 0.000967 -0.011751 0.014358 -0.018983 0.019629 -0.020160 0.033722
20.541173 0.001021 -0.011736 0.014406 -0.018983 0.019630 -0.020160 0.033938
20.827506 0.001046 -0.011736 0.014435 -0.018982 0.019631 -0.020160 0.034156
21.117830 0.001087 -0.011736 0.014443 -0.018981 0.019634 -0.020159 0.034378
21.412202 0.001128 -0.011736 0.014445 -0.018980 0.019654 -0.020159 0.034603
21.710676 0.001170 -0.011736 0.014446 -0.018979 0.019674 -0.020159 0.034831
22.013311 0.001175 -0.011736 0.014447 -0.018979 0.019681 -0.020159 0.035062
22.320165 0.001181 -0.011736 0.014448 -0.018978 0.019683 -0.020159 0.035296
22.631296 0.001187 -0.011736 0.014449 -0.018977 0.019695 -0.020159 0.035534
22.946764 0.001193 -0.011736 0.014450 -0.018976 0.019697 -0.020159 0.035775
23.266629 0.001199 -0.011736 0.014499 -0.018975 0.019698 -0.020159 0.036019
23.590953 0.001205 -0.011736 0.014500 -0.018974 0.019699 -0.020159 0.036266
23.919798 0.001221 -0.011736 0.014500 -0.018973 0.019701 -0.020159 0.036517
24.253227 0.001257 -0.011736 0.014508 -0.018961 0.019702 -0.020159 0.036772
24.591304 0.001263 -0.011736 0.014508 -0.018948 0.019704 -0.020159 0.037030
24.934094 0.001279 -0.011736 0.014509 -0.018936 0.019705 -0.020159 0.037291
25.281661 0.001315 -0.011721 0.014510 -0.018923 0.019707 -0.020159 0.037556
25.634074 0.001346 -0.011721 0.014511 -0.018910 0.019709 -0.020159 0.037825
25.991399 0.001351 -0.011721 0.014523 -0.018896 0.019720 -0.020159 0.038097
26.353705 0.001363 -0.011720 0.014544 -0.018883 0.019722 -0.020159 0.038374
26.721062 0.001376 -0.011696 0.014590 -0.018868 0.019724 -0.020159 0.038654
27.093539 0.001406 -0.011694 0.014606 -0.018854 0.019727 -0.020159 0.038937
27.471208 0.001407 -0.011692 0.014621 -0.018839 0.019729 -0.020159 0.039225
27.854142 0.001408 -0.011670 0.014632 -0.018824 0.019782 -0.020158 0.039517
28.242413 0.001416 -0.011659 0.014671 -0.018808 0.019783 -0.020157 0.039812
28.636097 0.001417 -0.011659 0.014695 -0.018792 0.019791 -0.020156 0.040112
29.035269 0.001460 -0.011659 0.014697 -0.018775 0.019808 -0.020155 0.040416
29.440005 0.001474 -0.011638 0.014795 -0.018758 0.019860 -0.020153 0.040723
29.850382 0.001515 -0.011610 0.014848 -0.018741 0.019871 -0.020152 0.041036
30.266481 0.001537 -0.011567 0.014886 -0.018723 0.020066 -0.020150 0.041352
30.688379 0.001544 -0.011486 0.014924 -0.018705 0.020138 -0.020149 0.041672
31.116158 0.001577 -0.011422 0.014964 -0.018686 0.020211 -0.020147 0.041997
31.549901 0.001602 -0.011357 0.015009 -0.018667 0.020299 -0.020145 0.042327
31.989689 0.001603 -0.011295 0.015037 -0.018650 0.020364 -0.020144 0.042661
32.435608 0.001603 -0.011224 0.015051 -0.018648 0.020435 -0.020142 0.042999
32.887743 0.001604 -0.011217 0.015050 -0.018646 0.020484 -0.020140 0.043342
33.346180 0.001605 -0.011215 0.015050 -0.018643 0.020513 -0.020138 0.043690
33.811008 0.001648 -0.011213 0.015050 -0.018623 0.020564 -0.020136 0.044042
34.282315 0.001745 -0.011141 0.015114 -0.018603 0.020616 -0.020134 0.044399
34.760192 0.001810 -0.011067 0.015142 -0.018583 0.020669 -0.020133 0.044761
35.244730 0.001810 -0.011061 0.015162 -0.018561 0.020722 -0.020133 0.045127
35.736022 0.001811 -0.011056 0.015265 -0.018539 0.020777 -0.020133 0.045499
36.234163 0.001811 -0.011049 0.015377 -0.018523 0.020823 -0.020133 0.045876
36.739248 0.001811 -0.011007 0.015490 -0.018515 0.020868 -0.020133 0.046257
37.251373 0.001817 -0.010953 0.015495 -0.018506 0.020914 -0.020133 0.046644
37.770637 0.001927 -0.010905 0.015500 -0.018497 0.020961 -0.020133 0.047036
38.297139 0.001950 -0.010864 0.015506 -0.018488 0.021009 -0.020133 0.047433
38.830980 0.001992 -0.010861 0.015511 -0.018479 0.021058 -0.020132 0.047836
39.372263 0.002050 -0.010858 0.015517 -0.018469 0.021108 -0.020132 0.048244
39.921091 0.002086 -0.010855 0.015522 -0.018462 0.021159 -0.020132 0.048657
40.477570 0.002164 -0.010851 0.015528 -0.018462 0.021211 -0.020132 0.049076
41.041805 0.002263 -0.010848 0.015585 -0.018462 0.021433 -0.020132 0.049501
41.613906 0.002277 -0.010844 0.015586 -0.018462 0.021759 -0.020132 0.049931
42.193981 0.002284 -0.010841 0.015636 -0.018462 0.022119 -0.020132 0.050366
42.782142 0.002290 -0.010831 0.015746 -0.018462 0.022237 -0.020132 0.050808
43.378502 0.002297 -0.010665 0.015837 -0.018462 0.022326 -0.020132 0.051255
43.983175 0.002304 -0.010611 0.015973 -0.018462 0.022432 -0.020132 0.051708
44.596276 0.002327 -0.010555 0.016090 -0.018462 0.022539 -0.020132 0.052168
45.217924 0.002396 -0.010539 0.016122 -0.018462 0.022705 -0.020131 0.052633
45.848238 0.002415 -0.010536 0.016149 -0.018462 0.022893 -0.020131 0.053104
46.487337 0.002434 -0.010534 0.016246 -0.018461 0.023006 -0.020131 0.053582
47.135345 0.002454 -0.010532 0.016263 -0.018461 0.023215 -0.020131 0.054066
47.792386 0.002475 -0.010530 0.016281 -0.018461 0.023624 -0.020131 0.054556
48.458586 0.002496 -0.010527 0.016300 -0.018461 0.024038 -0.020131 0.055053
49.134073 0.002517 -0.010525 0.016364 -0.018461 0.024458 -0.020131 0.055556
49.818975 0.002540 -0.010490 0.016393 -0.018461 0.024631 -0.020131 0.056066
50.513425 0.002563 -0.010421 0.016395 -0.018461 0.024714 -0.020130 0.056582
51.217554 0.002626 -0.010354 0.016396 -0.018461 0.024798 -0.020130 0.057105
51.931499 0.002680 -0.010280 0.016460 -0.018461 0.024883 -0.020130 0.057635
52.655396 0.002687 -0.010243 0.016653 -0.018461 0.024970 -0.020130 0.058171
53.389384 0.002727 -0.010240 0.016677 -0.018461 0.025195 -0.020130 0.058715
54.133603 0.002741 -0.010231 0.016689 -0.018442 0.025485 -0.020130 0.059265
54.888196 0.002828 -0.010231 0.016756 -0.018415 0.025780 -0.020129 0.059823
55.653308 0.002951 -0.010164 0.016771 -0.018388 0.026079 -0.020129 0.060388
56.429085 0.002987 -0.010132 0.016786 -0.018359 0.026384 -0.020129 0.060960
57.215676 0.003047 -0.010103 0.016802 -0.018330 0.026693 -0.020129 0.061540
58.013231 0.003049 -0.010073 0.016879 -0.018300 0.027008 -0.020128 0.062126
58.821904 0.003056 -0.010042 0.016895 -0.018291 0.027328 -0.020128 0.062721
59.641849 0.003076 -0.010011 0.016953 -0.018286 0.027653 -0.020128 0.063323
60.473224 0.003120 -0.009978 0.016980 -0.018271 0.027984 -0.020128 0.063932
61.316188 0.003125 -0.009945 0.017089 -0.018268 0.028319 -0.020127 0.064550
62.170903 0.003140 -0.009930 0.017243 -0.018251 0.028588 -0.020127 0.065175
63.037532 0.003207 -0.009923 0.017279 -0.018246 0.028840 -0.020127 0.065808
63.916241 0.003369 -0.009916 0.017292 -0.018241 0.029095 -0.020127 0.066449
64.807198 0.003495 -0.009833 0.017320 -0.018236 0.029355 -0.020126 0.067098
65.710575 0.003544 -0.009764 0.017334 -0.018231 0.029620 -0.020126 0.067756
66.626545 0.003565 -0.009702 0.017426 -0.018225 0.029889 -0.020126 0.068421
67.555283 0.003604 -0.009620 0.017530 -0.018219 0.030163 -0.020125 0.069095
68.496967 0.003656 -0.009611 0.017565 -0.018214 0.030442 -0.020125 0.069777
69.451778 0.003680 -0.009516 0.017668 -0.018208 0.030800 -0.020124 0.070468
70.419898 0.003787 -0.009486 0.017687 -0.018201 0.031347 -0.020124 0.071168
71.401513 0.003792 -0.009415 0.017705 -0.018195 0.031824 -0.020124 0.071876
72.396811 0.003865 -0.009412 0.017712 -0.018188 0.032111 -0.020123 0.072593
73.405984 0.004004 -0.009409 0.017715 -0.018187 0.032404 -0.020123 0.073318
74.429223 0.004048 -0.009367 0.017747 -0.018186 0.032703 -0.020122 0.074053
75.466726 0.004107 -0.009317 0.017762 -0.018167 0.033009 -0.020122 0.074797
76.518692 0.004191 -0.009289 0.017804 -0.018160 0.033320 -0.020121 0.075550
77.585321 0.004259 -0.009288 0.017881 -0.018152 0.033637 -0.020121 0.076312
78.666818 0.004298 -0.009265 0.017896 -0.018144 0.033961 -0.020120 0.077083
79.763391 0.004336 -0.009255 0.018142 -0.018136 0.034292 -0.020120 0.077864
80.875249 0.004370 -0.009245 0.018191 -0.018127 0.034754 -0.020119 0.078654
82.002606 0.004380 -0.009235 0.018204 -0.018119 0.035404 -0.020118 0.079454
83.145678 0.004399 -0.009193 0.018216 -0.018073 0.036064 -0.020118 0.080263
84.304684 0.004401 -0.009082 0.018408 -0.018045 0.036733 -0.020117 0.081083
85.479845 0.004427 -0.009076 0.018454 -0.018035 0.037410 -0.020116 0.081912
86.671388 0.004467 -0.009069 0.018595 -0.018031 0.038097 -0.020116 0.082751
87.879540 0.004470 -0.009063 0.018653 -0.018030 0.038793 -0.020115 0.083600
89.104533 0.004516 -0.009043 0.018797 -0.018029 0.039498 -0.020114 0.084459
90.346602 0.004581 -0.009041 0.018819 -0.018028 0.040213 -0.020113 0.085328
91.605985 0.004679 -0.008941 0.018886 -0.017997 0.040824 -0.020112 0.086208
92.882923 0.004700 -0.008888 0.018893 -0.017987 0.041366 -0.020111 0.087098
94.177660 0.004745 -0.008857 0.018926 -0.017953 0.041917 -0.020110 0.087999
95.490446 0.004827 -0.008825 0.019037 -0.017939 0.042477 -0.020109 0.088910
96.821531 0.004897 -0.008792 0.019072 -0.017925 0.043045 -0.020108 0.089832
98.171170 0.004925 -0.008758 0.019079 -0.017910 0.043622 -0.020107 0.090764
99.539623 0.004986 -0.008733 0.019079 -0.017893 0.044208 -0.020106 0.091708
100.927151 0.005063 -0.008685 0.019190 -0.017879 0.044803 -0.020105 0.092662
102.334021 0.005091 -0.008567 0.019317 -0.017862 0.045407 -0.020104 0.093627
103.760502 0.005209 -0.008565 0.019447 -0.017845 0.046021 -0.020103 0.094604
105.206867 0.005297 -0.008562 0.019579 -0.017806 0.046645 -0.020101 0.095592
106.673394 0.005402 -0.008523 0.019596 -0.017751 0.047278 -0.020100 0.096591
108.160363 0.005445 -0.008478 0.019650 -0.017695 0.047920 -0.020098 0.097601
109.668060 0.005506 -0.008431 0.019760 -0.017686 0.048573 -0.020097 0.098623
111.196773 0.005593 -0.008294 0.019827 -0.017680 0.049236 -0.020095 0.099656
112.746796 0.005663 -0.008113 0.019915 -0.017674 0.049909 -0.020094 0.100702
114.318425 0.005867 -0.008078 0.019929 -0.017667 0.050592 -0.020092 0.101758
115.911962 0.005893 -0.007957 0.020084 -0.017660 0.051286 -0.020090 0.102827
117.527712 0.005973 -0.007824 0.020171 -0.017653 0.052016 -0.020089 0.103908
119.165984 0.006001 -0.007760 0.020274 -0.017629 0.052841 -0.020087 0.105000
120.827094 0.006131 -0.007726 0.020463 -0.017603 0.053678 -0.020085 0.106105
122.511358 0.006197 -0.007649 0.020653 -0.017575 0.054527 -0.020083 0.107222
124.219100 0.006365 -0.007563 0.020753 -0.017546 0.055387 -0.020080 0.108351
125.950646 0.006401 -0.007525 0.020788 -0.017516 0.056260 -0.020078 0.109493
127.706330 0.006493 -0.007471 0.020915 -0.017485 0.057144 -0.020076 0.110647
129.486487 0.006763 -0.007410 0.021227 -0.017453 0.058041 -0.020074 0.111813
131.291459 0.006850 -0.007348 0.021353 -0.017419 0.058950 -0.020071 0.112992
133.121590 0.006994 -0.007224 0.021853 -0.017409 0.059872 -0.020068 0.114184
134.977233 0.007044 -0.007153 0.022113 -0.017399 0.060806 -0.020066 0.115388
136.858742 0.007096 -0.007116 0.022263 -0.017350 0.061766 -0.020062 0.116606
138.766479 0.007201 -0.006995 0.022497 -0.017289 0.062843 -0.020058 0.117836
140.700809 0.007335 -0.006859 0.022652 -0.017230 0.063685 -0.020053 0.119079
142.662102 0.007427 -0.006719 0.022944 -0.017177 0.064670 -0.020049 0.120335
144.650734 0.007510 -0.006574 0.023063 -0.017144 0.065669 -0.020044 0.121605
146.667087 0.007867 -0.006425 0.023341 -0.017098 0.066681 -0.020040 0.122887
148.711546 0.007954 -0.006287 0.023587 -0.017050 0.067707 -0.020035 0.124183
150.784505 0.008129 -0.006182 0.023728 -0.017000 0.068746 -0.020029 0.125493
152.886359 0.008272 -0.006078 0.023918 -0.016949 0.069798 -0.020024 0.126815
155.017512 0.008511 -0.005992 0.024243 -0.016929 0.070865 -0.020018 0.128151
157.178372 0.008768 -0.005969 0.024600 -0.016919 0.071945 -0.020012 0.129501
159.369353 0.008843 -0.005946 0.024881 -0.016909 0.073039 -0.020006 0.130865
161.590875 0.008938 -0.005898 0.025280 -0.016890 0.074148 -0.020000 0.132242
163.843365 0.009261 -0.005716 0.025526 -0.016853 0.075270 -0.019993 0.133632
166.127252 0.009418 -0.005646 0.025808 -0.016792 0.076407 -0.019987 0.135037
168.442976 0.009695 -0.005574 0.026214 -0.016726 0.077559 -0.019979 0.136456
170.790980 0.009872 -0.005499 0.026749 -0.016667 0.078725 -0.019972 0.137888
173.171713 0.010029 -0.005266 0.027377 -0.016645 0.079906 -0.019964 0.139334
175.585633 0.010174 -0.004937 0.027828 -0.016622 0.081101 -0.019956 0.140795
178.033202 0.010300 -0.004685 0.028146 -0.016599 0.082263 -0.019948 0.142269
180.514888 0.010636 -0.004533 0.028472 -0.016574 0.083207 -0.019939 0.143758
183.031168 0.010667 -0.004375 0.028919 -0.016548 0.084160 -0.019930 0.145261
185.582523 0.010853 -0.004351 0.029589 -0.016481 0.085124 -0.019920 0.146778
188.169442 0.011066 -0.004157 0.030116 -0.016400 0.086097 -0.019910 0.148309
190.792422 0.011209 -0.003872 0.030588 -0.016346 0.087081 -0.019900 0.149855
193.451965 0.011443 -0.003726 0.031094 -0.016290 0.088074 -0.019889 0.151415
196.148581 0.011680 -0.003604 0.031524 -0.016232 0.089077 -0.019878 0.152989
198.882786 0.011858 -0.003434 0.032038 -0.016172 0.090091 -0.019866 0.154578
201.655104 0.012050 -0.003185 0.032523 -0.016143 0.091115 -0.019854 0.156182
204.466067 0.012380 -0.002935 0.033216 -0.016132 0.092149 -0.019841 0.157799
207.316213 0.012609 -0.002780 0.033834 -0.016076 0.093290 -0.019828 0.159432
210.206088 0.012926 -0.002729 0.034401 -0.016002 0.095168 -0.019815 0.161078
213.136247 0.013086 -0.002501 0.035011 -0.015925 0.097076 -0.019800 0.162740
216.107251 0.013283 -0.002362 0.035660 -0.015848 0.099015 -0.019785 0.164416
219.119669 0.013556 -0.002153 0.036267 -0.015837 0.100985 -0.019770 0.166106
222.174078 0.013876 -0.001865 0.036779 -0.015797 0.102987 -0.019754 0.167812
225.271064 0.014211 -0.001765 0.037343 -0.015711 0.105020 -0.019737 0.169531
228.411221 0.014411 -0.001536 0.037916 -0.015622 0.106244 -0.019721 0.171266
231.595149 0.014555 -0.001331 0.038433 -0.015530 0.107433 -0.019709 0.173015
234.823460 0.014844 -0.001223 0.038850 -0.015479 0.108633 -0.019696 0.174779
238.096772 0.015032 -0.001031 0.039694 -0.015449 0.109845 -0.019683 0.176557
241.415712 0.015162 -0.000489 0.040306 -0.015419 0.111068 -0.019669 0.178350
244.780916 0.015637 -0.000366 0.041003 -0.015387 0.112302 -0.019655 0.180158
248.193029 0.015881 -0.000010 0.041920 -0.015355 0.113548 -0.019640 0.181980
251.652705 0.016157 0.000384 0.042856 -0.015321 0.114805 -0.019625 0.183817
255.160607 0.016597 0.000703 0.043821 -0.015285 0.116586 -0.019609 0.185668
258.717408 0.016902 0.000935 0.044906 -0.015249 0.117843 -0.019592 0.187534
262.323788 0.017301 0.001008 0.045832 -0.015211 0.119113 -0.019574 0.189414
265.980440 0.017662 0.001412 0.046579 -0.015141 0.120394 -0.019556 0.191309
269.688063 0.018178 0.001492 0.047388 -0.015004 0.121688 -0.019537 0.193219
273.447368 0.018925 0.001593 0.048393 -0.014863 0.122994 -0.019517 0.195143
277.259076 0.019303 0.002008 0.049460 -0.014717 0.125113 -0.019497 0.197081
281.123917 0.019715 0.002377 0.050634 -0.014566 0.127685 -0.019475 0.199034
285.042632 0.019991 0.002877 0.051664 -0.014410 0.130297 -0.019453 0.201001
289.015972 0.020296 0.002997 0.052932 -0.014249 0.132383 -0.019429 0.202983
293.044698 0.021024 0.003174 0.054128 -0.014083 0.133805 -0.019405 0.204978
297.129582 0.021744 0.003652 0.055616 -0.013910 0.135239 -0.019380 0.206988
301.271407 0.022267 0.004043 0.056674 -0.013789 0.136684 -0.019353 0.209012
305.470967 0.022609 0.004156 0.057900 -0.013734 0.138142 -0.019326 0.211050
309.729067 0.022940 0.004467 0.059234 -0.013677 0.139939 -0.019297 0.213102
314.046522 0.023207 0.004543 0.060720 -0.013618 0.142093 -0.019267 0.215167
318.424160 0.023914 0.004595 0.061622 -0.013556 0.143541 -0.019236 0.217247
322.862820 0.024619 0.004649 0.063143 -0.013493 0.145000 -0.019204 0.219340
327.363353 0.025131 0.004828 0.064802 -0.013426 0.146910 -0.019170 0.221448
331.926620 0.025682 0.005202 0.066350 -0.013357 0.149011 -0.019135 0.223568
336.553498 0.026237 0.005357 0.068009 -0.013286 0.151133 -0.019099 0.225702
341.244871 0.026680 0.005424 0.069505 -0.013177 0.153691 -0.019060 0.227850
346.001639 0.027258 0.005607 0.070524 -0.013011 0.156694 -0.019021 0.230011
350.824714 0.028226 0.006066 0.071557 -0.012839 0.159734 -0.018979 0.232185
355.715021 0.029107 0.006502 0.072758 -0.012660 0.162546 -0.018936 0.234372
360.673495 0.029988 0.006704 0.074575 -0.012473 0.165179 -0.018892 0.236573
365.701088 0.030634 0.007106 0.076451 -0.012279 0.167401 -0.018845 0.238786
370.798763 0.031164 0.007352 0.077915 -0.012077 0.169470 -0.018796 0.241011
375.967497 0.031736 0.007516 0.080169 -0.011867 0.171555 -0.018746 0.243250
381.208280 0.032149 0.007830 0.082945 -0.011648 0.174072 -0.018693 0.245501
386.522116 0.032797 0.008140 0.084806 -0.011541 0.177587 -0.018638 0.247764
391.910025 0.033554 0.008167 0.087195 -0.011537 0.179398 -0.018581 0.250040
397.373038 0.034214 0.008343 0.089631 -0.011534 0.181221 -0.018521 0.252328
402.912203 0.034670 0.008876 0.092115 -0.011404 0.183914 -0.018459 0.254627
408.528580 0.035806 0.008976 0.094309 -0.011325 0.186965 -0.018394 0.256939
414.223247 0.036787 0.009102 0.095909 -0.011310 0.188833 -0.018326 0.259262
419.997295 0.037333 0.009213 0.098107 -0.011192 0.191948 -0.018253 0.261597
425.851829 0.038459 0.009459 0.101684 -0.010963 0.194129 -0.018176 0.263943
431.787973 0.039370 0.009770 0.104281 -0.010729 0.196109 -0.018096 0.266300
437.806863 0.040269 0.010033 0.106419 -0.010488 0.198964 -0.018013 0.268668
443.909653 0.041204 0.010209 0.108809 -0.010240 0.202258 -0.017926 0.271047
450.097513 0.042080 0.010602 0.111305 -0.009987 0.205582 -0.017836 0.273437
456.371628 0.043015 0.010864 0.113906 -0.009726 0.208937 -0.017743 0.275838
462.733201 0.044176 0.011329 0.116191 -0.009459 0.212322 -0.017646 0.278248
469.183451 0.045091 0.011848 0.118638 -0.009185 0.214561 -0.017544 0.280669
475.723614 0.046210 0.012310 0.121244 -0.008904 0.216362 -0.017439 0.283100
482.354943 0.047508 0.012718 0.124417 -0.008616 0.218170 -0.017330 0.285540
489.078709 0.048777 0.013126 0.127759 -0.008375 0.219985 -0.017216 0.287990
495.896201 0.049978 0.013481 0.131526 -0.008344 0.222133 -0.017098 0.290450
502.808725 0.051311 0.013786 0.134796 -0.008312 0.226942 -0.016975 0.292918
509.817606 0.052559 0.014242 0.138313 -0.008215 0.231811 -0.016847 0.295396
516.924187 0.053681 0.014750 0.141725 -0.007862 0.236087 -0.016714 0.297882
524.129830 0.054960 0.014971 0.144053 -0.007497 0.238902 -0.016576 0.300377
531.435916 0.056146 0.015478 0.146459 -0.007119 0.243100 -0.016432 0.302880
538.843844 0.057699 0.016106 0.148868 -0.006727 0.248032 -0.016283 0.305391
546.355035 0.058588 0.016668 0.151305 -0.006322 0.252352 -0.016128 0.307910
553.970928 0.060478 0.017082 0.155131 -0.005902 0.255327 -0.015967 0.310437
561.692982 0.062045 0.017318 0.159309 -0.005467 0.258965 -0.015799 0.312971
569.522678 0.063849 0.017713 0.163496 -0.005034 0.262093 -0.015626 0.315512
577.461515 0.065411 0.018361 0.167531 -0.004913 0.265239 -0.015534 0.318061
585.511016 0.067178 0.018752 0.171599 -0.004737 0.267926 -0.015358 0.320616
593.672722 0.068841 0.019097 0.176188 -0.004664 0.270531 -0.015234 0.324857
601.948197 0.070748 0.019262 0.178403 -0.004537 0.273142 -0.015105 0.329407
610.339029 0.072181 0.019485 0.182644 -0.004407 0.276195 -0.014971 0.333977
618.846824 0.073579 0.019736 0.186724 -0.004275 0.281228 -0.014832 0.338565
627.473213 0.074998 0.020110 0.189759 -0.004141 0.284566 -0.014688 0.343171
636.219849 0.076812 0.020384 0.193650 -0.004004 0.289933 -0.014539 0.347792
645.088409 0.078661 0.021257 0.198128 -0.003821 0.295335 -0.014384 0.352428
654.080591 0.079987 0.021682 0.201825 -0.003385 0.301186 -0.014224 0.357077
663.198120 0.081845 0.022383 0.205045 -0.002933 0.305887 -0.014058 0.361739
672.442742 0.083844 0.023101 0.208025 -0.002464 0.309510 -0.013886 0.366413
681.816229 0.086283 0.023604 0.211676 -0.001977 0.313147 -0.013707 0.371428
691.320378 0.088223 0.023969 0.216227 -0.001631 0.317857 -0.013523 0.376852
700.957009 0.090025 0.024544 0.221311 -0.001393 0.320814 -0.013331 0.382285
710.727970 0.092041 0.025581 0.224495 -0.000978 0.325990 -0.013133 0.387727
720.635132 0.094241 0.026115 0.227539 -0.000410 0.331287 -0.012929 0.392142
730.680395 0.096411 0.026655 0.231533 0.000197 0.335673 -0.012717 0.396542
740.865683 0.098670 0.027425 0.236854 0.000582 0.340399 -0.012498 0.400945
751.192949 0.101042 0.028212 0.240640 0.001209 0.344280 -0.012271 0.405349
761.664172 0.102996 0.028979 0.244710 0.001859 0.348257 -0.012037 0.409754
772.281357 0.105463 0.029687 0.249360 0.002533 0.353714 -0.011795 0.414158
783.046540 0.107529 0.030774 0.251498 0.003231 0.359184 -0.011545 0.418560
793.961785 0.109207 0.031706 0.256427 0.003954 0.364664 -0.011287 0.422961
805.029181 0.111565 0.032626 0.261897 0.004092 0.370154 -0.011020 0.428986
816.250851 0.113710 0.033131 0.265139 0.004246 0.375650 -0.010927 0.435510
827.628946 0.116002 0.034406 0.269193 0.004904 0.381151 -0.010901 0.442022
839.165644 0.118138 0.035449 0.274156 0.005500 0.386654 -0.010874 0.448516
850.863158 0.120109 0.036629 0.278491 0.005588 0.391215 -0.010846 0.454990
862.723729 0.123109 0.037817 0.283575 0.005677 0.396254 -0.010817 0.461441
874.749630 0.124968 0.038793 0.288108 0.005765 0.402374 -0.010786 0.467866
886.943166 0.127020 0.039763 0.293755 0.005854 0.409741 -0.010755 0.474261
899.306672 0.129029 0.041429 0.297330 0.005944 0.417092 -0.010723 0.479626
911.842520 0.131820 0.042645 0.303012 0.006034 0.423642 -0.010690 0.484885
924.553110 0.134177 0.043812 0.306781 0.006124 0.429806 -0.010617 0.490117
937.440879 0.137380 0.045002 0.309989 0.006215 0.435956 -0.010383 0.495319
950.508296 0.140130 0.046225 0.315359 0.007081 0.442089 -0.010143 0.500490
963.757866 0.142889 0.046761 0.319236 0.007734 0.448202 -0.009895 0.505628
977.192128 0.145571 0.047247 0.323295 0.008387 0.454293 -0.009642 0.510732
990.813657 0.147946 0.048254 0.327554 0.009253 0.460358 -0.009381 0.515800
1004.625062 0.150096 0.049966 0.332758 0.009532 0.466396 -0.009113 0.520831
1018.628990 0.153390 0.051614 0.338682 0.009943 0.470984 -0.008837 0.525824
1032.828126 0.156438 0.052779 0.343160 0.010305 0.476613 -0.008555 0.530776
1047.225190 0.159407 0.053869 0.347256 0.010667 0.482972 -0.008264 0.535687
1061.822941 0.161898 0.054889 0.351288 0.011035 0.489255 -0.007967 0.540556
1076.624177 0.164711 0.056141 0.357008 0.011731 0.495459 -0.007661 0.545381
1091.631734 0.167969 0.057066 0.360575 0.012093 0.500969 -0.007348 0.550161
1106.848489 0.171636 0.058053 0.364260 0.012196 0.505732 -0.007027 0.554895
1122.277356 0.174565 0.060134 0.366738 0.012562 0.510435 -0.006697 0.559581
1137.921294 0.177882 0.061676 0.370425 0.012958 0.515077 -0.006360 0.564220
1153.783300 0.181453 0.062862 0.374547 0.013567 0.519657 -0.006139 0.569501
1169.866413 0.184437 0.063977 0.379082 0.014031 0.524173 -0.005953 0.574896
1186.173716 0.187377 0.065258 0.384653 0.014180 0.529250 -0.005762 0.580200
1202.708335 0.190430 0.066467 0.390108 0.014599 0.534757 -0.005565 0.585414
1219.473437 0.194203 0.067659 0.395803 0.015024 0.540183 -0.005363 0.590535
1236.472235 0.198733 0.068906 0.400956 0.015455 0.545528 -0.005155 0.595564
1253.707987 0.201643 0.070628 0.405798 0.015546 0.550789 -0.004941 0.600499
1271.183997 0.204815 0.072781 0.409491 0.015720 0.555965 -0.004721 0.605467
1288.903612 0.209484 0.074072 0.413795 0.015745 0.561055 -0.004495 0.610541
1306.870230 0.213651 0.075465 0.418465 0.016373 0.566059 -0.004262 0.615537
1325.087292 0.217062 0.077263 0.422367 0.016591 0.570975 -0.004023 0.620454
1343.558290 0.221192 0.079112 0.426713 0.016511 0.575803 -0.003778 0.625291
1362.286764 0.225404 0.080652 0.431995 0.016429 0.580543 -0.003526 0.630048
1381.276303 0.229685 0.082646 0.438629 0.016346 0.585194 -0.003268 0.634725
1400.530545 0.232603 0.084217 0.442639 0.016260 0.589755 -0.003002 0.639321
1420.053182 0.234963 0.085815 0.447635 0.016387 0.593671 -0.002730 0.643836
1439.847953 0.238380 0.088029 0.452518 0.016308 0.597170 -0.002451 0.648271
1459.918652 0.242340 0.089066 0.457048 0.016227 0.600634 -0.002165 0.652624
1480.269127 0.246470 0.091559 0.460785 0.016145 0.604065 -0.001872 0.656897
1500.903276 0.250590 0.094437 0.463910 0.016061 0.607461 -0.001572 0.661088
1521.825053 0.255087 0.095942 0.466920 0.016059 0.610822 -0.001264 0.665199
1543.038469 0.258791 0.096991 0.469851 0.016087 0.614148 -0.000949 0.669230
1564.547589 0.262867 0.098863 0.472901 0.016115 0.617439 -0.000627 0.673181
1586.356534 0.266889 0.100572 0.477818 0.016143 0.620695 -0.000298 0.677053
1608.469483 0.270245 0.102070 0.481737 0.016171 0.623915 0.000039 0.680846
1630.890676 0.272205 0.104635 0.485883 0.016199 0.627099 0.000383 0.684560
1653.624407 0.275700 0.106412 0.490210 0.016227 0.629795 0.000735 0.688196
1676.675035 0.280482 0.108600 0.494317 0.016256 0.632418 0.001094 0.691755
1700.046975 0.283913 0.109997 0.497381 0.016284 0.634968 0.001461 0.695238
1723.744708 0.287893 0.110993 0.501863 0.016815 0.637681 0.001835 0.698645
1747.772774 0.293103 0.112021 0.505405 0.017439 0.641354 0.002216 0.701977
1772.135779 0.296637 0.114449 0.509917 0.018058 0.643954 0.002605 0.705234
1796.838391 0.300068 0.116744 0.514158 0.018673 0.648003 0.002589 0.708419
1821.885343 0.303452 0.118209 0.519074 0.019283 0.651285 0.002569 0.711531
1847.281437 0.306023 0.121121 0.522518 0.019887 0.654146 0.002549 0.714572
1873.031539 0.308591 0.122923 0.525710 0.020485 0.657337 0.002529 0.717542
1899.140582 0.311580 0.124419 0.529378 0.021077 0.660889 0.002509 0.720442
1925.613572 0.315567 0.125917 0.532595 0.021662 0.664357 0.002490 0.723274
1952.455581 0.318525 0.127417 0.536118 0.022240 0.667740 0.002471 0.726039
1979.671753 0.321027 0.128918 0.539561 0.022810 0.670794 0.002453 0.728737
2007.267304 0.325215 0.130498 0.543685 0.023372 0.672850 0.002435 0.731370
2035.247521 0.329540 0.132924 0.546322 0.023927 0.674898 0.002417 0.733938
2063.617768 0.333998 0.135434 0.549324 0.024385 0.678341 0.002399 0.736444
2092.383480 0.338873 0.136583 0.551568 0.024564 0.681698 0.002382 0.738887
2121.550171 0.341636 0.137610 0.554736 0.024743 0.683903 0.002365 0.741269
2151.123430 0.345090 0.141207 0.557620 0.024921 0.686529 0.002348 0.743591
2181.108924 0.348802 0.142317 0.560269 0.025099 0.689939 0.002332 0.745854
2211.512400 0.351740 0.144632 0.563635 0.025277 0.693143 0.002315 0.748059
2242.339683 0.354426 0.145953 0.567786 0.025454 0.695587 0.002299 0.750208
2273.596682 0.357939 0.147505 0.571184 0.025630 0.697470 0.002284 0.752302
2305.289387 0.361681 0.149190 0.573471 0.025730 0.699297 0.002269 0.754341
2337.423871 0.364686 0.150401 0.577770 0.025828 0.701071 0.002254 0.756326
2370.006292 0.368755 0.151308 0.580848 0.025925 0.702793 0.002239 0.758260
2403.042894 0.373027 0.152353 0.583698 0.026023 0.705865 0.002224 0.760142
2436.540009 0.375454 0.153653 0.586580 0.026121 0.708909 0.002210 0.761975
2470.504055 0.377881 0.156165 0.589614 0.026218 0.709957 0.002196 0.763758
2504.941542 0.381500 0.157722 0.591868 0.026316 0.710944 0.002182 0.765494
2539.859069 0.385299 0.158593 0.595756 0.026414 0.711894 0.002169 0.767183
2575.263327 0.387824 0.161313 0.599867 0.026511 0.712809 0.002156 0.768826
2611.161101 0.391626 0.162036 0.603611 0.026689 0.714350 0.002143 0.770425
2647.559271 0.397362 0.163657 0.605620 0.026865 0.716786 0.002131 0.771979
2684.464811 0.399355 0.165639 0.608465 0.026962 0.718461 0.002118 0.773492
2721.884795 0.404165 0.167230 0.610130 0.027058 0.720103 0.002106 0.774962
2759.826392 0.406241 0.169001 0.612749 0.027154 0.722213 0.002094 0.776392
2798.296876 0.409123 0.170897 0.614960 0.027249 0.724065 0.002083 0.777782
2837.303617 0.413805 0.171814 0.618385 0.027345 0.725873 0.002071 0.779133
2876.854090 0.418195 0.173042 0.621266 0.027440 0.727639 0.002060 0.780447
2916.955876 0.420519 0.174001 0.622999 0.027535 0.729362 0.002049 0.781724
2957.616659 0.424540 0.174853 0.625076 0.027951 0.731044 0.002039 0.782965
2998.844231 0.427638 0.176782 0.626838 0.028499 0.732685 0.002028 0.784170
3040.646493 0.429242 0.178579 0.629139 0.029045 0.734316 0.002018 0.785342
3083.031457 0.430807 0.179835 0.631415 0.029271 0.735963 0.002008 0.786480
3126.007243 0.433529 0.180719 0.633285 0.029362 0.737583 0.001998 0.787586
3169.582089 0.435746 0.181611 0.634116 0.029452 0.739176 0.001989 0.788660
3213.764344 0.439268 0.182479 0.635947 0.029540 0.740742 0.001979 0.789704
3258.562476 0.441414 0.183335 0.637688 0.029627 0.742281 0.001970 0.790717
3303.985070 0.443853 0.184937 0.640082 0.029712 0.743794 0.001961 0.791701
3350.040830 0.445087 0.187195 0.642786 0.029796 0.745281 0.001984 0.792657
3396.738582 0.446951 0.188710 0.644164 0.029878 0.746743 0.002191 0.793585
3444.087276 0.449768 0.189479 0.646102 0.030318 0.748179 0.002397 0.794487
3492.095985 0.452674 0.190413 0.649157 0.030784 0.749590 0.002602 0.795362
3540.773909 0.455341 0.192579 0.651043 0.030938 0.750977 0.002805 0.796211
3590.130377 0.456620 0.194291 0.653325 0.031090 0.752261 0.002906 0.797036
3640.174847 0.458709 0.194557 0.655307 0.031242 0.753155 0.002891 0.797836
3690.916911 0.461589 0.194817 0.656529 0.031393 0.754021 0.002876 0.798613
3742.366291 0.462832 0.196568 0.657962 0.031659 0.754859 0.002862 0.799345
3794.532847 0.465551 0.198343 0.660396 0.031941 0.755675 0.002847 0.799998
3847.426577 0.467551 0.200088 0.663151 0.032221 0.756454 0.002833 0.800631
3901.057617 0.468962 0.201805 0.665439 0.032499 0.757213 0.002818 0.801246
3955.436245 0.471205 0.203492 0.668241 0.032777 0.758147 0.002804 0.801842
4010.572881 0.474078 0.205149 0.669960 0.033052 0.760000 0.002789 0.802421
4066.478092 0.475539 0.206777 0.671837 0.033327 0.761207 0.002775 0.802982
4123.162591 0.478403 0.208315 0.672730 0.033600 0.762235 0.002761 0.803526
4180.637241 0.479490 0.209207 0.673806 0.033871 0.763241 0.002747 0.804054
4238.913057 0.480545 0.210087 0.674646 0.034141 0.764226 0.002732 0.804567
4298.001206 0.481585 0.211410 0.676320 0.034410 0.765189 0.002718 0.805064
4357.913012 0.482611 0.212915 0.676820 0.034676 0.766132 0.002704 0.805545
4418.659956 0.482897 0.214280 0.678780 0.034942 0.767054 0.002670 0.806013
4480.253680 0.483811 0.215706 0.680713 0.035205 0.767957 0.002614 0.806466
4542.705986 0.485081 0.216340 0.682617 0.035467 0.769225 0.002560 0.806906
4606.028844 0.486309 0.217613 0.685358 0.035727 0.770234 0.002507 0.807332
4670.234388 0.487530 0.219036 0.687538 0.035986 0.771195 0.002456 0.807746
4735.334923 0.488473 0.219384 0.689676 0.036243 0.772316 0.002407 0.808147
4801.342924 0.489746 0.219698 0.691660 0.036498 0.772705 0.002360 0.808535
4868.271040 0.490318 0.220004 0.693173 0.036756 0.773477 0.002315 0.808912
4936.132098 0.491845 0.220302 0.694665 0.037075 0.774589 0.002271 0.809278
5004.939103 0.492839 0.220592 0.696136 0.037253 0.775664 0.002228 0.809632
5074.705239 0.493799 0.220933 0.697587 0.037501 0.776704 0.002187 0.809976
5145.443878 0.494725 0.221450 0.700263 0.037747 0.777709 0.002148 0.810309
5217.168576 0.495619 0.221955 0.702669 0.037991 0.778680 0.002110 0.810632
5289.893076 0.496481 0.222488 0.704132 0.038234 0.779619 0.002074 0.810945
5363.631317 0.497745 0.223162 0.705507 0.038474 0.780079 0.002038 0.811249
5438.397428 0.498543 0.223824 0.706077 0.038713 0.780522 0.002004 0.811543
5514.205739 0.499104 0.224476 0.706592 0.038950 0.781620 0.001972 0.811829
5591.070777 0.499961 0.225116 0.707934 0.039185 0.782680 0.001940 0.812105
5669.007271 0.501035 0.225919 0.709260 0.039417 0.783704 0.001910 0.812374
5748.030158 0.501576 0.226794 0.710130 0.039648 0.784624 0.001881 0.812634
5828.154581 0.503199 0.227657 0.711042 0.039878 0.785362 0.001853 0.812886
5909.395895 0.504028 0.228479 0.712282 0.040105 0.786075 0.001826 0.813130
5991.769669 0.505428 0.228801 0.713491 0.040330 0.786604 0.001800 0.813367
6075.291689 0.506621 0.229278 0.714696 0.040553 0.787112 0.001775 0.813596
6159.977960 0.507270 0.229985 0.715643 0.040774 0.787605 0.001750 0.813819
6245.844712 0.507655 0.230236 0.716540 0.040993 0.788267 0.001727 0.814034
6332.908400 0.508042 0.230480 0.717197 0.041210 0.789290 0.001713 0.814243
6421.185709 0.508819 0.230931 0.717464 0.041426 0.789868 0.001710 0.814446
6510.693555 0.509429 0.231154 0.717721 0.041639 0.790427 0.001707 0.814642
6601.449093 0.510252 0.231437 0.718676 0.041850 0.790966 0.001705 0.814832
6693.469713 0.511772 0.231998 0.719081 0.042059 0.791486 0.001702 0.815017
6786.773051 0.513520 0.232625 0.719779 0.042266 0.791989 0.001700 0.815196
6881.376986 0.514091 0.233133 0.720173 0.042472 0.792474 0.001698 0.815369
6977.299650 0.514402 0.233628 0.720555 0.042605 0.792942 0.001695 0.815537
7074.559423 0.514610 0.234173 0.720926 0.042633 0.793394 0.001693 0.815700
7173.174944 0.514812 0.234798 0.722861 0.042660 0.794025 0.001691 0.815857
7273.165113 0.515439 0.235323 0.724795 0.042686 0.794547 0.001689 0.816010
7374.549090 0.516135 0.235766 0.725226 0.042711 0.794816 0.001686 0.816158
7477.346305 0.516822 0.235895 0.726555 0.042735 0.795076 0.001684 0.816302
7581.576458 0.517380 0.236310 0.727211 0.042758 0.795427 0.001682 0.816441
7687.259522 0.517603 0.236713 0.727852 0.042780 0.795793 0.001681 0.816575
7794.415750 0.518051 0.237105 0.728148 0.042802 0.796145 0.001679 0.816706
7903.065679 0.518933 0.237485 0.728420 0.042822 0.796485 0.001677 0.816833
8013.230128 0.519488 0.237854 0.729017 0.042842 0.796813 0.001675 0.816955
8124.930211 0.520256 0.238212 0.729992 0.042860 0.797130 0.001673 0.817074
8238.187331 0.520471 0.238351 0.730567 0.042878 0.797435 0.001672 0.817189
8353.023195 0.521258 0.238461 0.731366 0.042896 0.797730 0.001670 0.817301
8469.459808 0.521839 0.238724 0.732151 0.042912 0.798164 0.001668 0.817409
8587.519485 0.522066 0.239095 0.733008 0.042928 0.798322 0.001667 0.817514
8707.224849 0.522610 0.239453 0.733679 0.042944 0.798553 0.001665 0.817615
8828.598841 0.523662 0.239800 0.734423 0.042958 0.798808 0.001664 0.817714
8951.664721 0.524318 0.240135 0.735153 0.042972 0.799055 0.001662 0.817809
9076.446073 0.524546 0.240459 0.735894 0.042986 0.799292 0.001661 0.817951
9202.966809 0.524951 0.240772 0.737097 0.042999 0.800078 0.001660 0.818100
9331.251175 0.525721 0.241075 0.737928 0.043012 0.800939 0.001658 0.818245
9461.323756 0.526483 0.241200 0.738298 0.043024 0.801767 0.001657 0.818385
9593.209478 0.527236 0.241212 0.738613 0.043035 0.802563 0.001656 0.818522
9726.933615 0.527981 0.241222 0.739558 0.043046 0.802943 0.001654 0.818655
9862.521795 0.528536 0.241232 0.740469 0.043057 0.803273 0.001653 0.818784
10000.000000 0.529445 0.241242 0.740942 0.043067 0.803966 0.001652 0.818910
