10.000000 76509059.576774 3620135.552533 374210587.120996 313860.868957 837854155.073133 86304.088531 1820697506.548104
10.139395 75964423.252599 3644150.853143 371025879.890723 316348.686794 824978731.113036 87316.873676 1773421872.047156
10.280732 75212498.606147 3668200.648522 366623042.758664 318852.124385 809003182.274695 88341.134488 1727236133.762005
10.424040 74680885.374855 3692282.074419 364168023.140310 321371.188001 806514688.552539 89376.989159 1682118196.505240
10.569346 74142680.359879 3716392.202158 358113080.061353 323905.881498 796854922.458708 90424.556736 1638046367.954184
10.716676 73597987.983331 3740528.038106 354088905.061356 326456.206260 785662937.233644 91483.957114 1594999351.383442
10.866061 73164833.314964 3764686.523157 347539455.505981 329022.161135 772662241.613958 92555.311027 1552956238.541068
11.017528 72570058.095897 3778228.658867 343476333.829847 331603.742376 756028897.786921 93638.740044 1511896502.665710
11.171107 72008963.380263 3779675.429922 339426483.053125 334200.943580 737803627.133168 94734.366559 1471799991.641933
11.326826 71431295.823987 3769155.429949 334468174.862067 337484.860104 714980145.013067 95842.313783 1432646921.291073
11.484715 71034255.125663 3739093.698195 328351655.708012 341293.749766 692862692.677762 96962.705733 1394417868.794982
11.644806 70538952.975687 3715548.507583 323119502.078708 343830.196234 671429429.548573 98095.667223 1357093766.250055
11.807128 69779237.995668 3755970.776610 315355903.283730 346075.656812 659935307.636070 99241.323852 1320655894.348979
11.971713 69123276.814004 3784156.417447 311537907.179927 348328.057062 652106671.800085 100399.801997 1285085876.187684
12.138593 68547125.799657 3784489.867175 308269141.390321 350587.250138 644342583.077591 101571.228791 1250365671.194995
12.307798 67918339.876967 3784631.786351 303568031.044749 352853.085128 634162570.142774 102755.732121 1216477569.182551
12.479362 67119361.368586 3784580.534068 300162327.870946 355539.176682 619444017.993234 103953.440606 1183404184.512564
12.653318 66491513.605285 3785763.409162 295862232.709050 358276.199544 605012230.860818 105164.483583 1151128450.381035
12.829698 65892188.787792 3811422.751520 291119326.574916 361028.618094 589707613.212098 106388.991097 1119633613.214087
13.008537 65369958.658313 3837132.209559 285642685.794730 363796.392414 576992201.953258 107627.093875 1088903227.175100
13.189869 64635584.566473 3862888.768407 279688506.724651 366579.479123 563395670.084031 108878.923318 1058921148.780380
13.373729 63893165.355496 3888689.330838 275882391.727475 369377.831318 553225772.353362 110144.611473 1029671531.621082
13.560151 63300828.748509 3914530.716001 273220695.300957 372191.398489 545887788.453227 111424.291023 1001138821.189231
13.749172 62653997.940161 3940409.658155 269615704.717175 375020.126456 528721185.583009 112718.095255 973307749.805595
13.940828 62004828.887082 3966322.805403 263108586.651745 377863.957291 512094423.061554 114026.158049 946163331.647318
14.135156 61353567.421465 3992266.718416 256154923.150020 380722.829246 498372161.272573 115348.613846 919690857.873164
14.332192 60700470.884370 4018237.869163 250472566.578061 383596.676674 482663477.686226 116685.597631 893875891.844293
14.531975 60197340.923815 4044232.639636 246423317.001476 386485.429961 468459474.442024 118037.244900 868704264.438507
14.734543 59643831.313515 4070247.320577 240672200.652267 389389.015443 464013290.454886 119403.691641 844162069.455974
14.939935 58995800.862144 4096278.110206 235807868.404831 392587.364007 452705109.730666 120785.074299 820235659.114383
15.148189 58346389.607690 4122321.112953 229211770.922086 395987.142068 441631797.241661 122181.529752 789948168.423831
15.359347 57695869.477216 4127472.111396 223235594.643999 399416.124760 428804923.943693 123593.195275 759909326.175528
15.573448 57197111.955407 4132973.011365 220384706.780165 402874.555667 415333618.523914 125020.208513 730928566.013198
15.790533 56560611.173361 4125933.450603 216222291.602566 405987.998334 404279659.915972 126462.707441 702972142.563017
16.010645 56096799.920798 4118892.811346 210739841.555890 408813.386963 395487775.575363 127920.830334 676007248.221278
16.233824 55918014.364841 4140569.070741 207761941.416826 411658.353465 386874806.102932 129394.715727 650001992.048181
16.460115 55598123.787637 4162114.049790 201670947.406912 414523.030920 378366145.307432 130884.502377 624925378.983858
16.689560 55115755.016176 4183522.520454 196053664.178488 417407.554310 369986792.554829 132390.329222 600747289.385205
16.922204 54603371.800831 4204789.217395 191041328.185620 420312.058904 359635180.437695 133912.335338 577438458.882097
17.158090 54243434.137522 4225908.839532 188196341.820299 423236.680949 351933190.412354 135450.659898 554970458.551550
17.397264 53837208.737901 4246876.051637 185021027.242034 426181.558023 345624625.970653 137005.442121 533315675.408373
17.639773 53287351.073049 4267685.485978 179841651.104884 429146.827689 337762273.551752 138576.821228 512447293.210837
17.885662 52739094.079070 4288331.744004 175006492.406989 432132.629446 331203306.705611 140164.936391 492339273.579854
18.134978 52192483.588724 4308809.398085 172701908.228350 435139.102611 322424063.307749 141769.926678 472966337.430132
18.387770 51647565.394216 4329112.993284 168762322.013489 438166.388396 313657273.835243 143391.931002 454303946.711724
18.644085 51104385.225729 4349237.049182 165698182.372103 441214.628365 305149811.666361 145031.088064 437873498.356995
18.903974 50216726.517452 4369176.061740 162592510.605687 444283.965130 298120567.342787 146687.536290 425916166.032052
19.167485 50023421.447571 4371276.841359 159102224.636930 447374.541996 290879407.542393 148361.413775 414245038.113262
19.434669 49485728.792908 4363387.957618 156580173.078197 450486.503353 281569876.587028 150052.858214 402854506.651227
19.705578 49006460.487250 4355282.070622 153662352.508334 453619.994734 272558295.106125 151762.006841 391739040.377313
19.980263 48642809.418393 4346958.505477 150085946.248693 456815.032432 263961838.565649 153488.996354 380893184.346856
20.258777 47968699.889185 4338416.631771 147182259.766422 460028.951062 257007333.829701 155233.962846 370311559.577586
20.541173 47354607.041319 4329655.864507 144317474.017392 463254.515706 250213190.048055 156997.041731 359988862.682820
20.827506 46826962.737410 4320675.665042 140815689.302352 466491.525852 242769128.662714 158778.367665 349919865.499026
21.117830 46301461.637860 4311475.542010 136985156.971603 469739.774878 237094100.323085 160578.074466 340099414.707362
21.412202 45778147.648061 4302055.052237 133294190.091747 472999.049971 233291602.474687 162396.295028 330522431.448837
21.710676 45093221.822868 4316134.061034 130126404.714311 476269.132055 225738004.946704 164233.161237 321183910.932752
22.013311 44604151.543314 4331153.711530 126492137.334911 479549.795710 218544828.547383 166088.803880 312078922.038116
22.320165 43718917.096078 4324313.720445 122959279.171661 482840.809099 212651516.145328 167963.352550 303202606.907731
22.631296 42947239.827828 4320464.762306 120370090.004085 486171.687629 206898453.090672 169856.935549 294550180.534707
22.946764 42423580.502347 4330701.342130 117823311.937909 489452.925201 201282909.026523 171769.679788 286116930.341151
23.266629 41838309.671450 4325405.565955 115401150.605166 492773.531487 198640798.896505 173701.710681 277898215.748814
23.590953 41324022.381045 4319936.770809 112664302.588948 496103.494511 193733241.696876 175653.152040 269889467.741524
23.919798 40708060.986776 4314293.858519 110379146.761889 499442.549251 187441400.956274 177624.125956 262086188.419215
24.253227 40139838.606480 4308475.751987 108004324.528370 502790.423835 181353899.231313 179614.752691 254483950.543431
24.591304 39633094.018779 4302481.395969 105669104.852498 506146.839478 175464100.239378 181625.150549 247078397.074168
24.934094 39088993.154995 4296309.757866 103373151.007110 509511.510406 170329125.838902 183655.435758 239865240.697982
25.281661 38425602.960942 4289959.828512 101116122.932820 512884.143801 165602750.733129 185705.722333 232840263.347261
25.634074 37413268.153472 4283430.622976 98897677.153744 516264.439734 160993329.707285 187776.121950 225999315.710648
25.991399 36948112.684748 4276721.181365 96737290.477212 519652.091099 156933222.990058 189866.743800 221698400.785222
26.353705 36824833.106167 4269830.569631 94315432.103423 523046.783563 152115737.282159 191977.694452 214345054.000559
26.721062 36693633.079857 4262757.880382 91775510.603451 526448.195499 149259628.740396 194109.077698 207235604.820678
27.093539 36285289.825816 4255502.233696 89314495.478296 529855.997933 146099561.526186 196260.994402 200395214.383068
27.471208 35529139.207190 4248062.777941 86892566.417178 533269.854493 142197697.824193 198433.542341 194414546.724211
27.854142 34941855.714683 4240438.690592 84582598.598558 536689.421353 139253309.704767 200626.816041 188594428.256423
28.242413 34565670.727003 4232629.179055 82004146.445926 540354.295964 135138845.268498 202840.906605 182931176.508761
28.636097 34341050.017845 4224633.481488 79930400.725966 544318.365336 131130631.109829 205075.901537 177421173.531960
29.035269 33880106.217707 4216450.867624 77601106.711293 548311.263881 127882955.667819 207331.884564 172060865.330393
29.440005 33495956.985407 4208080.639593 75939194.942699 552333.194919 123886685.113090 209608.935441 166846761.285832
29.850382 33028849.166698 4198660.401542 74077028.365696 556384.363269 119995618.917237 211907.129764 161775433.573175
30.266481 32406104.974591 4172119.911914 72289312.976808 560464.975053 116207919.181651 214226.538764 156843516.568322
30.688379 31968819.752977 4145440.878809 70090729.523097 564575.237606 112633265.435214 216567.229106 152047706.248409
31.116158 31606141.581306 4118626.794754 68051001.319301 568715.359460 109231307.250596 218929.262666 147384759.584619
31.549901 31065382.611908 4115569.918956 66211642.624461 572885.550641 105924446.041128 221312.696320 142851493.927780
31.989689 30633749.532233 4117246.001054 64503295.584127 577086.022246 102332851.693579 223717.581711 138444786.387019
32.435608 30118102.449321 4118614.461204 62570033.545341 581316.986807 99349684.869763 226143.965012 134161573.201707
32.887743 29750711.631162 4090736.585502 60895659.148340 585578.658082 96555651.757793 228591.886691 129998849.106975
33.346180 29267015.255432 4038752.005079 59488488.767167 589871.251303 93906913.273957 231061.381250 125953666.693078
33.811008 28732688.797599 3989064.650643 57810390.743198 594194.982682 90750210.893273 233552.476980 122023135.758882
34.282315 28205970.239112 4004750.581540 56068598.588865 598400.054169 87837616.095945 236065.195682 118204422.659796
34.760192 27686785.954221 4020471.649570 54540641.855937 602553.249082 85921099.104823 238599.552403 114494749.650434
35.244730 27241520.753440 4036227.423900 53126420.281709 606734.955933 83238887.337662 241155.555150 110891394.222332
35.736022 26646780.897628 4052017.462321 51795515.190721 610945.362593 80783321.848501 243733.204597 107391688.437045
36.234163 26022641.664504 4059647.588025 50218882.464250 615184.658208 78146246.115643 246332.493788 103993018.254938
36.739248 25513892.451533 4049235.824747 48789518.406453 619453.032999 75812582.256615 248953.407830 100692822.860024
37.251373 24932845.855914 4068879.816831 47387586.712091 623750.678078 73438221.276018 251595.923571 97488593.981174
37.770637 24501585.434745 4088599.205007 46232427.294306 628077.785700 71003415.983025 254260.009276 94320728.522484
38.297139 23984199.544987 4108393.737165 45016074.633712 632434.549058 69188626.804879 256945.624291 90983554.669379
38.830980 23578682.938372 4104215.637788 43866583.326705 636821.162483 67029644.235290 259652.718696 87754558.523370
39.372263 23147104.567692 4081464.031558 42575234.013095 641237.821276 65377578.055330 262381.232951 84630619.795533
39.921091 22771484.009445 4058511.265263 41503154.344622 645684.721782 63454470.959563 265131.097529 81608694.601163
40.477570 22452396.174431 4035361.361410 40589392.394530 649669.047344 61579556.491723 267902.232538 78685814.001522
41.041805 22136593.885698 4012018.402652 39579897.222652 650913.530481 60088157.828532 270694.547343 75859082.563949
41.613906 21647869.235637 4022488.040945 38621068.973187 652114.988970 58121102.583562 273507.940160 73125676.940175
42.193981 21262726.819901 4042779.390814 37546620.306402 653272.926783 56234898.592810 276342.297655 70482844.462673
42.782142 20780341.151212 4063150.567617 36991627.504901 655222.815036 54543732.512230 279197.494524 67927901.758901
43.378502 20283899.809171 4073491.756960 36032264.826069 663100.004187 52896296.152374 282073.393066 65458233.383306
43.983175 19815449.138957 4067735.640499 35094680.397275 671041.705363 51291725.840782 284969.842743 63071290.466962
44.596276 19429233.702516 4061647.493047 34036301.578059 679047.187352 49729167.551681 287886.679727 61233492.450180
45.217924 19056143.419561 4055227.338739 33050098.101776 687100.613016 48207776.910490 290823.726442 59765241.127050
45.848238 18578089.410365 4048475.296385 32258930.603483 691860.956507 46646541.921524 293780.791087 58315007.960591
46.487337 18231217.379184 4038432.401125 31428632.160179 696653.769168 45285169.357946 296757.667153 56883031.909818
47.135345 17725316.004655 3986093.115653 30571181.120516 701479.259580 43838751.346182 299754.132930 55469544.980206
47.792386 17240706.932855 3934327.448809 29706175.287747 706337.637266 42396842.509681 302769.950993 53659679.396607
48.458586 16784122.051681 3927920.583730 28815274.761304 711229.112741 41069868.879974 305804.867688 52307349.539405
49.134073 16436616.670199 3935332.638810 27953219.476138 716153.897489 39716154.738588 308858.612601 51043441.297306
49.818975 16063697.333057 3901706.321739 27201822.311492 721112.203950 38407060.704998 311930.898011 49793905.754617
50.513425 15747099.240402 3843277.890791 26468528.431107 726104.245610 37420551.094885 315021.418343 48559043.776689
51.217554 15433025.156925 3852761.378382 25752973.743634 730169.178623 36561986.013240 318129.849599 47339148.933966
51.931499 15087621.955109 3828717.545638 25010286.312518 731621.363638 35343479.517672 321255.848779 46110685.916941
52.655396 14739962.472076 3760209.213417 24314075.654920 733022.491012 34165582.360973 324399.053299 44852504.963658
53.389384 14316868.033179 3722854.230211 23563337.768910 734372.063444 33026941.149944 327559.080387 43614525.700522
54.133603 13922518.096638 3713575.173125 22856898.018674 735669.597016 31926247.596115 330735.526476 42555421.426968
54.888196 13542691.493829 3713845.607008 22277277.086751 736914.621531 30862237.012529 333927.966581 41473884.485478
55.653308 13219823.034001 3688527.590110 21651318.885043 738106.680832 29833686.860633 337135.953668 40349487.299750
56.429085 12853840.325002 3676468.084639 21039996.154457 739245.333123 28841479.099243 340359.018012 39241866.911775
57.215676 12532900.327766 3664102.895455 20492475.662613 740330.151281 27907391.579985 343596.666547 38151240.975130
58.013231 12295917.301703 3649048.520754 19937720.580505 741360.723153 27014556.539343 346848.382203 37077815.513338
58.821904 11986921.861625 3584083.576567 19367835.010151 742336.651854 26128993.498727 350113.623237 36021784.474567
59.641849 11765927.624165 3528980.883064 18774214.353443 743257.556049 25282755.112896 353391.822551 34983329.301256
60.473224 11467117.299648 3510949.284077 18190919.568060 744123.070232 24463923.806701 356682.387007 33962618.516847
61.316188 11185566.294793 3492757.759048 17649312.126104 748808.825718 23685853.596847 359984.696733 32959807.331808
62.170903 10936045.310867 3474408.268233 17158960.539763 756061.743276 22922413.506063 363298.104417 31975037.271100
63.037532 10686928.804452 3462846.501561 16686304.951571 763349.480378 22274756.146693 366621.934603 31008435.825229
63.916241 10377571.356434 3481897.775606 16253107.043483 770670.908493 21484982.281357 369955.482971 30060116.126954
64.807198 10146132.537606 3442672.942269 15815266.488427 776186.366759 20893529.155718 373298.015628 29130176.655675
65.710575 9918627.269652 3417140.162594 15363971.694253 777915.858330 20197586.201375 376648.768374 28218700.971444
66.626545 9697564.408971 3380363.702053 14979884.713961 779591.486516 19669533.436125 380006.945987 27325757.480440
67.555283 9433101.621594 3361110.581753 14513494.437299 781212.676667 19151069.764557 383371.721489 26451399.233643
68.496967 9160162.305778 3341714.706220 14112907.916712 782778.867767 18926476.750812 386742.235422 25595663.760320
69.451778 8924429.556559 3303002.077840 13717001.950901 783358.013291 18508543.068185 390117.595119 24758572.937785
70.419898 8705483.385757 3260871.261536 13379497.014284 782981.778661 17900186.301965 393496.873980 24007100.078021
71.401513 8479195.087404 3219043.310846 12980705.513385 782539.044376 17311825.596680 396879.110750 23352207.331775
72.396811 8258441.412519 3177521.322746 12673217.432286 782029.739339 16753578.881821 400263.308804 22710564.829510
73.405984 8040079.432761 3146874.320773 12378933.756514 781453.811090 16223426.690802 403648.435434 22082013.905579
74.429223 7832365.323749 3130550.522180 11984237.582967 780811.225787 15785783.355774 407033.421151 21466396.575026
75.466726 7651039.000055 3093258.568481 11600908.227321 780101.968165 15313704.359201 410417.158991 20863555.533143
76.518692 7424559.496555 3072377.874781 11293072.472629 779326.041486 14886171.357711 413798.503836 20273334.152489
77.585321 7233882.567786 3051346.970832 10939882.350224 778483.467474 14426412.732735 417176.271752 19695576.477463
78.666818 7071125.363658 3029709.903121 10612518.281855 777574.286236 13955066.589857 420549.239338 19130127.216547
79.763391 6894213.788054 2979908.624471 10309857.015684 776598.556171 13499120.476807 422237.640467 18576831.732346
80.875249 6702174.274981 2944785.565397 9991414.986169 778056.789611 13058071.236995 421477.744879 18035536.029543
82.002606 6498966.366398 2902890.765611 9702392.231237 780264.333004 12632298.059805 420685.020586 17490003.673450
83.145678 6326776.770448 2861521.494408 9419494.476165 783779.571171 12262542.185036 419859.648134 16886573.823444
84.304684 6149347.850453 2859411.526181 9127659.815755 789138.601885 11927701.692479 419001.817611 16298206.533964
85.479845 5975129.300903 2829613.908126 8846495.963263 794529.612857 11617568.693469 418111.728508 15790506.213530
86.671388 5816461.385504 2809151.746707 8604139.318099 799952.638588 11296647.154079 417189.589580 15311915.585998
87.879540 5671339.733181 2806268.280990 8355605.320969 801016.580157 10953416.974174 416235.618693 14841437.372911
89.104533 5513148.591931 2792942.022669 8122602.058713 802696.565367 10639393.942565 415250.042679 14379219.272177
90.346602 5379753.448730 2751941.630084 7865638.147125 808356.071533 10414648.376080 414233.097166 13925397.978643
91.605985 5253006.679960 2732260.252709 7656557.825460 814050.139640 10036718.575581 413185.026420 13480098.932256
92.882923 5110571.747849 2723468.144987 7415876.430658 819778.799875 9739134.806989 412106.083169 13064871.131449
94.177660 4991823.022073 2686853.393651 7197675.374944 820751.562308 9428383.068486 410996.528432 12725144.596085
95.490446 4840975.605661 2660751.156393 6969439.188139 822293.671646 9114848.701040 409856.631330 12390482.736765
96.821531 4702488.550768 2619467.159959 6763391.224425 828376.694705 8811740.702449 408686.668907 12021667.381222
98.171170 4589152.707628 2588839.901134 6577933.813131 834499.643102 8518712.351016 407486.925934 11632516.458138
99.539623 4469063.016308 2547311.630325 6371627.831196 840662.606898 8257565.157655 406257.694716 11253119.749982
100.927151 4351452.147327 2498366.706633 6202500.201903 841847.004979 8030983.924222 404999.274893 10883330.839942
102.334021 4222468.931377 2474683.105900 6004168.166825 840420.819924 7757727.919386 403711.973234 10523003.596701
103.760502 4125070.715071 2411866.086003 5821936.197894 838930.100448 7510659.261160 402396.103429 10171992.155958
105.206867 4012603.635302 2401382.072967 5661383.014413 837375.194412 7287002.197820 401051.985884 9830150.903580
106.673394 3910802.838125 2364047.080736 5481932.578867 835756.469476 7103906.009370 399679.947498 9497334.460595
108.160363 3797192.213244 2302268.756991 5337849.872441 834074.312860 6869195.993467 398280.321453 9173397.670232
109.668060 3678810.749346 2273647.231466 5186369.686586 832329.131094 6641356.820550 396853.446990 8858195.587199
111.196773 3574658.291865 2227690.403632 5047893.574173 832025.913045 6422890.017634 395399.669188 8551583.469389
112.746796 3488327.492073 2173325.929472 4899655.247257 837933.137342 6208098.897700 393919.338738 8253416.772171
114.318425 3391654.118564 2159582.451885 4747494.700126 838916.614363 6002187.154961 392412.811716 7963551.145458
115.911962 3304229.637498 2112348.199602 4598477.927556 841353.753179 5794195.079589 390880.449356 7681842.433673
117.527712 3218980.744414 2085658.534223 4456855.680016 845260.861484 5598650.347568 389322.617817 7408146.678772
119.165984 3142124.822475 2046713.285254 4319275.686732 849113.256914 5424531.705886 387739.687951 7142320.126424
120.827094 3052825.686011 2008194.674835 4185570.494804 852909.217467 5270713.115389 387588.662039 6884219.235475
122.511358 2972246.041469 1979030.675627 4055644.919479 856647.006161 5127412.174777 390828.390124 6633700.690753
124.219100 2892381.539851 1947328.280967 3929966.794940 860324.871443 4995588.889463 394093.576222 6430515.799531
125.950646 2822163.381683 1914330.655391 3820335.945913 863941.047617 4878317.747637 397384.366667 6233339.365692
127.706330 2750081.523674 1882921.061046 3706727.153046 867493.755286 4739992.182946 400700.906680 6040567.593761
129.486487 2675883.010748 1849906.802953 3589184.488214 870981.201821 4605615.961351 404043.340303 5852167.518931
131.291459 2603254.263233 1812245.488945 3486791.599993 874401.581847 4472231.839365 407411.810298 5668104.565722
133.121590 2530485.830923 1783599.738475 3373058.535337 876172.509390 4341141.305600 410806.458055 5488342.553761
134.977233 2461483.844930 1751826.006158 3295493.013934 872541.000004 4240219.031584 414227.423507 5312843.706783
136.858742 2400940.304744 1715251.915993 3195296.562597 858761.874907 4110747.835670 417674.844997 5141568.664956
138.766479 2336350.724900 1683233.834142 3092368.337513 844403.854540 3984870.702055 421148.859204 4974476.500593
140.700809 2274920.530177 1638130.641482 2991148.990575 838503.751703 3876207.734646 424649.601010 4882635.483575
142.662102 2219468.590271 1596072.452946 2893491.758952 839897.430452 3771685.810995 428177.203396 4859775.942068
144.650734 2160190.218712 1571753.250422 2813285.308885 841201.717144 3653088.170366 431731.797339 4788071.885475
146.667087 2103932.028691 1541760.320742 2729330.080963 842415.210683 3537913.551360 435313.511660 4614801.695625
148.711546 2042576.236017 1518485.206210 2656148.515327 843536.517500 3418844.954692 438922.472918 4446363.669120
150.784505 1986147.716043 1486947.404684 2580721.871355 840482.514160 3317487.101702 442558.805260 4282701.324265
152.886359 1939971.074446 1450081.195837 2501658.341429 836106.106919 3224323.372384 446222.630316 4123755.501200
155.017512 1884563.301807 1413863.936946 2430703.515999 831649.290875 3128854.360214 449914.067027 3988785.345286
157.178372 1834464.208437 1381415.302568 2366787.175978 830311.175113 3020277.115057 453633.231511 3885101.111034
159.369353 1780039.698962 1348163.937143 2299835.661868 824740.330764 2948343.800397 457380.236920 3783162.024281
161.590875 1731431.338503 1326715.496712 2229859.855587 824025.486741 2860551.398052 461155.193263 3682961.591370
163.843365 1686441.388241 1291348.676948 2162838.895602 823235.448681 2774845.912831 464958.207257 3584493.109878
166.127252 1637626.706649 1257167.945182 2098704.688499 822370.176851 2705125.785191 468789.382162 3487749.661290
168.442976 1591026.127099 1227150.206981 2041489.332698 819946.924441 2615832.825918 472648.817598 3392724.103236
170.790980 1543459.871784 1201776.386246 1997940.845515 811701.784643 2542252.477799 476536.609370 3339766.433625
173.171713 1497441.678302 1175316.934790 1946516.970681 793512.444247 2480168.937606 480452.849281 3291807.780469
175.585633 1463048.781745 1147961.377912 1897639.323690 788534.909853 2402702.950237 484397.624929 3180674.921138
178.033202 1423725.843708 1125998.865650 1852359.772798 781394.127624 2364072.873599 488371.019526 3063577.214733
180.514888 1387703.270820 1097275.109149 1798868.196528 766512.291232 2312282.703341 492373.111681 2950790.503066
183.031168 1349698.405085 1068165.924672 1751031.967235 754775.749540 2268713.015137 496403.975180 2858216.152875
185.582523 1313480.584408 1037371.280486 1702511.386308 740299.320824 2218875.022793 495485.004754 2778647.640926
188.169442 1277209.202831 1011224.604409 1651699.373240 730197.567660 2165709.424802 491820.249870 2756292.081100
190.792422 1241733.703815 982198.512422 1613167.753198 716655.374889 2100904.653765 488133.464028 2733583.849380
193.451965 1206591.593804 957512.043898 1563569.209670 702026.706918 2069060.678631 478145.787447 2669825.447639
196.148581 1173721.226657 929986.313145 1520731.325478 688869.681520 2006626.416905 458019.285535 2574761.110084
198.882786 1140218.832280 906967.417339 1477632.350195 670478.315105 1953871.185534 438794.438518 2483081.723513
201.655104 1108428.489641 882719.549772 1440131.948525 653824.221593 1927392.900447 420430.611599 2394666.760149
204.466067 1075646.550187 860493.047369 1400933.534710 649634.993962 1904177.281426 402888.929965 2343210.051545
207.316213 1043834.141528 836108.156552 1364209.676435 633093.173710 1881102.744393 386132.207198 2314505.420375
210.206088 1012032.718089 812262.691300 1320278.976318 616842.468208 1824508.383332 370124.876377 2227977.780257
213.136247 985631.251595 793986.880127 1281916.284597 602191.944352 1766155.836039 354832.923774 2180584.459163
216.107251 958718.513316 773105.861719 1248019.007521 586592.552889 1739370.992074 340473.275355 2165851.238128
219.119669 931613.440298 753056.203322 1217913.431726 570920.696876 1683224.845946 332054.664019 2151025.646082
222.174078 904343.790237 730445.454572 1184383.771551 557723.403858 1643484.038691 323844.212976 2109676.626497
225.271064 876358.827531 710601.431463 1151284.769383 551612.993490 1602723.465258 315836.775213 2030509.280865
228.411221 851453.893938 690139.072180 1119615.267112 537045.004107 1555333.647124 308027.330982 1954312.754805
231.595149 828166.315712 670166.941811 1088064.901262 529366.990238 1508041.803217 300410.984655 1880975.565877
234.823460 803752.691225 650973.240999 1054415.990115 515078.825262 1455369.375554 292982.961653 1810390.415111
238.096772 781021.906961 632190.728929 1032172.425657 501176.312702 1404104.560707 285738.605456 1742454.030016
241.415712 757902.716412 613637.159082 1002070.098237 487649.043398 1370947.781154 283111.339295 1692257.120408
244.780916 736448.320525 596889.141460 976781.485606 474697.451003 1337670.422139 280774.593909 1651151.610176
248.193029 716071.879650 581576.951012 951506.190582 465216.115311 1301832.943177 278433.451426 1610482.277057
251.652705 695691.566080 564947.414335 925021.527529 456443.092224 1284110.354519 276088.236815 1570258.859301
255.160607 676350.071437 547982.418701 899726.885284 446276.486295 1239849.271823 273739.270624 1530490.988840
258.717408 657224.995681 531287.528705 879853.036865 431444.317925 1218551.456675 266760.830864 1491188.173747
262.323788 637953.674217 515363.971171 856181.501798 419463.147377 1190208.116345 255244.272521 1452359.780221
265.980440 618251.135370 500353.535287 829548.077368 408192.731132 1148673.848590 244250.773443 1397398.675932
269.688063 598887.603615 486527.117021 807033.774216 396489.714924 1115468.901037 233756.617021 1343812.659311
273.447368 580143.929183 471220.660654 783319.874356 386585.473584 1080217.636902 223739.121385 1292281.504503
277.259076 561897.099609 457354.414085 760719.889365 378076.417203 1040132.710524 216950.690683 1245882.735757
281.123917 544267.652585 443784.035422 738955.788575 365698.234165 1025218.763185 211586.323856 1211314.604426
285.042632 527469.903118 431346.470838 723370.757336 357220.882480 988901.739834 206354.597452 1177207.493456
289.015972 511506.661513 418393.326085 703034.828634 347228.579899 961466.776664 201252.231777 1143573.669088
293.044698 495800.682753 405814.149491 683792.786790 335417.428812 944772.482848 196276.028232 1110424.923413
297.129582 480937.432884 394036.705077 664493.046547 326466.724949 915883.671675 191422.867307 1077772.549058
301.271407 466916.404152 382298.816331 644853.258657 317407.527267 888541.023236 186689.706623 1072561.649612
305.470967 453494.060588 370910.585448 623850.197215 306262.382943 857959.427473 182073.579032 1059039.107121
309.729067 439871.820367 359738.901368 607450.220042 298048.494647 832556.725401 177571.590749 1026556.702098
314.046522 426708.647836 348944.414871 591614.662898 290179.477896 810153.975386 173180.919542 994648.859429
318.424160 413151.386383 338741.223166 574145.784303 282590.042144 780426.789011 168898.812963 963320.944212
322.862820 401161.191816 328791.234546 557618.087538 274511.799988 755713.144982 164722.586620 932577.895975
327.363353 389643.589298 319067.159695 541527.918274 265753.969085 729229.322982 160649.622498 921695.290056
331.926620 379112.402768 309639.089601 527561.246050 258238.812003 707104.948197 156677.367314 917770.004490
336.553498 367013.883439 300489.608209 512171.671314 250284.396338 696225.516526 152803.330918 904334.246686
341.244871 356484.968810 291610.483541 496395.987820 242574.997014 671918.240074 149025.084733 867669.732705
346.001639 345943.263627 282885.609295 484114.214455 235103.066900 653724.751334 145340.260230 832491.711788
350.824714 335179.105277 274510.520446 470891.108059 227357.884926 631284.390446 141746.547446 798739.916898
355.715021 323929.000279 266376.410545 458052.112338 220842.580977 615606.545571 138241.693534 766356.524411
360.673495 313384.406066 258640.773738 443837.242923 214577.909096 601882.663740 134823.501351 735286.055050
365.701088 302122.180237 251304.825910 430964.515237 208744.791867 587994.945676 131489.828082 705622.589747
370.798763 293227.443171 244176.950960 419951.308407 203363.658059 573344.104787 128238.583895 677679.311218
375.967497 283982.806129 236779.130791 407731.938843 196861.421897 551573.088260 125067.730632 655593.618045
381.208280 275325.707808 229399.537320 394477.824441 189169.262117 545371.813110 121975.280531 636830.873919
386.522116 266559.699072 222632.925281 382987.101008 183044.368837 531840.236660 118959.294979 618323.702182
391.910025 258852.951049 216189.274362 371122.310182 178041.126333 515618.928062 116017.883298 600080.938355
397.373038 250905.925941 209814.938140 360690.734901 173287.804073 499719.206199 113149.201559 582110.995374
402.912203 242629.732013 203349.880740 349878.000313 167034.549604 484140.841116 110351.451428 564421.846552
408.528580 235440.131625 197215.034157 340185.687874 161771.144673 474996.688122 107622.879034 546552.783521
414.223247 228054.927083 191199.206273 328507.467403 157362.704272 460171.570071 104961.773875 524443.457878
419.997295 221401.006419 185495.002390 318935.496386 152532.887282 445164.420413 102366.467743 503228.505652
425.851829 214816.882431 179887.752561 308762.369568 148659.871288 431489.472338 99835.333677 487438.667869
431.787973 208208.182419 174223.096686 297651.149909 144885.196401 420839.567625 97366.784946 467781.537887
437.806863 201467.677724 169207.848987 290065.118140 141137.184459 409068.978215 94959.274053 448917.128680
443.909653 195071.751854 164267.170901 281683.162550 137337.623369 396211.549433 92611.291762 432949.409143
450.097513 188619.568493 159519.253443 272725.628569 133640.350450 384036.457881 90321.366158 419651.289818
456.371628 182279.144821 154655.393112 262545.568901 130042.611998 369872.111471 88088.061720 406610.647200
462.733201 176547.521844 150088.546604 253928.870479 126218.654924 357650.895224 85909.978420 393827.948552
469.183451 171439.143030 145178.447935 244708.186053 121578.455194 343144.825520 83625.947524 381303.519689
475.723614 166107.145679 140639.442187 236249.229167 117402.853975 331973.866382 81172.886654 375031.733298
482.354943 160729.056119 135985.618565 229399.055698 113726.922885 322414.861899 78066.141908 362763.427735
489.078709 155454.619736 132015.158534 221615.902259 110640.621597 312980.239237 74960.084584 349568.062285
495.896201 150603.721637 128055.664818 214488.944967 107638.075812 303720.796339 72747.116997 336713.215822
502.808725 145768.019199 124087.604123 207574.009330 104629.125576 295036.625963 70996.893740 325735.011595
509.817606 141399.285394 120166.098709 201499.728132 101387.682363 284075.084235 69288.779113 315847.079179
516.924187 136968.605187 116403.146873 195390.655241 98116.790649 272788.966416 67621.760024 304670.561847
524.129830 132676.861259 113050.330703 189338.302363 94386.986763 264119.127392 65994.847757 296574.502238
531.435916 128539.042372 109538.766430 183572.135071 90795.847008 254118.436799 63888.746961 287194.559572
538.843844 124652.379589 106335.987387 177956.204757 88178.619290 246316.852357 61344.609083 281386.883095
546.355035 120779.105327 102999.460289 172487.054210 85775.794195 238652.512830 58901.110271 273943.199521
553.970928 116883.894517 99895.917416 166478.791291 83455.020932 231126.765728 56554.300512 266568.978734
561.692982 113035.929051 96897.628554 160457.097807 80581.282376 223776.049499 54850.540011 259298.990965
569.522678 109654.687265 93850.860700 155642.533934 77509.879594 216495.921857 53492.663674 252134.388853
577.461515 106285.565423 90958.068831 150682.540921 74553.098804 209625.537727 52168.402834 245076.291164
585.511016 103063.331673 88118.136083 145028.054993 71731.900064 203059.997257 50847.147467 238125.779638
593.672722 99860.996507 85411.954180 139937.454699 69722.868708 196441.208716 48826.521268 231283.895806
601.948197 96817.670288 82779.512111 135045.221365 67258.733645 189968.274393 46885.623598 222365.621899
610.339029 93927.799840 80339.552697 130315.633724 65238.964001 183569.981256 45021.332671 213430.184821
618.846824 90943.586393 78067.842095 125743.657872 63442.998707 176036.205874 43230.648661 204853.805205
627.473213 88122.426286 75673.206825 121957.091795 61773.089915 169800.278788 41510.688795 196622.054852
636.219849 85409.871220 73438.451304 117486.902364 60147.135466 163710.191151 39858.682679 188721.085339
645.088409 82851.586172 71274.780100 112927.348506 58095.322519 157548.070352 38295.511303 181137.604723
654.080591 80401.682139 69130.941023 108936.019675 56421.826663 150840.803962 37349.393635 173934.081134
663.198120 77997.232132 66948.620683 105811.962017 54772.811033 144350.045055 36426.650472 168009.832683
672.442742 75596.965969 64981.567624 102165.653679 52699.441668 140267.052965 35526.704332 162227.054498
681.816229 73215.303929 62937.619302 98282.589403 51004.674578 134790.109350 34648.991996 156584.655139
691.320378 70903.505859 61079.193872 95029.302699 49737.834349 130065.718700 33664.123067 151081.497351
700.957009 68602.203752 59144.058848 91506.291073 48083.990892 125351.264303 32316.104162 145716.397136
710.727970 66503.952682 57270.233532 88195.172633 46205.726551 120450.035125 31021.895393 140488.122973
720.635132 64363.099607 55585.983446 85124.191401 44478.526286 115433.912012 29779.345606 135395.395162
730.680395 62368.649272 53881.923161 82122.678716 42999.250179 110702.003497 28586.391456 130436.885324
740.865683 60405.186887 52192.463095 79067.626504 41848.149077 106118.748055 27441.053530 125611.216051
751.192949 58551.416854 50482.451255 76003.526678 40280.739160 102800.569951 26341.432678 120916.960709
761.664172 56770.934116 48950.881298 73166.340754 38770.461735 99116.892964 25285.706534 116352.643414
772.281357 54924.823065 47319.586931 70552.229776 37448.119884 95514.547824 24272.126213 111916.739165
783.046540 53200.287987 45933.051445 68360.616591 36342.077840 91958.106353 23299.013176 107607.674153
793.961785 51499.323314 44501.606475 66053.896451 35077.991846 88575.005789 22364.756259 103423.826243
805.029181 49865.072720 43126.543422 63775.275084 33820.277751 85316.368090 21467.808835 99363.525625
816.250851 48285.731204 41805.284680 61376.840629 32787.877157 82177.614320 20606.686123 95425.055646
827.628946 46790.835551 40506.580124 59058.267203 31608.500265 79238.393982 19808.927298 92231.981658
839.165644 45331.332399 39147.683948 57083.759764 30368.915191 76278.119365 19317.936289 89583.842558
850.863158 43882.872826 37979.410896 54994.632270 29260.361203 73418.310049 18839.115155 86977.943548
862.723729 42560.770564 36832.463606 53168.343087 28331.001790 70735.627222 18372.162250 84196.781505
874.749630 41224.603127 35590.964860 51398.309801 27645.888879 67884.338081 17916.783402 81061.544730
886.943166 39886.886133 34490.337253 49613.921890 26543.194908 65177.353596 17472.691735 78043.054812
899.306672 38616.627247 33420.431918 47878.151407 25829.636777 62523.021342 17039.607479 75214.483253
911.842520 37446.238667 32356.100351 46107.431026 24941.584242 60041.144838 16617.257801 73495.151003
924.553110 36281.172681 31314.077766 44401.327915 24208.082423 57626.877158 16205.376629 71793.104643
937.440879 35176.776244 30282.613099 42854.101313 23385.712006 55445.385535 15803.704489 69639.051235
950.508296 34100.330407 29309.053457 41276.342847 22572.837620 53266.288897 15411.988336 66644.185285
963.757866 33039.083793 28374.009826 39852.893689 21932.312067 51477.203651 15029.981396 64640.760420
977.192128 31950.517996 27486.978747 38617.555909 21275.985117 49834.221258 14657.443013 62847.626837
990.813657 30914.869539 26618.869890 37403.934946 20450.760351 48007.560272 14294.138498 61088.373563
1004.625062 29955.691797 25650.551856 36137.122205 19852.421518 45858.893019 13939.838975 59362.757385
1018.628990 28979.958721 24857.601937 34808.322001 19082.589535 44389.310919 13594.321245 57670.533369
1032.828126 28063.888379 24067.534948 33555.994471 18569.675323 42638.589257 13257.367638 56011.454689
1047.225190 27204.216071 23272.227298 32340.331306 18086.811554 40955.871623 12928.765881 54385.272450
1061.822941 26366.011786 22524.876781 31230.966594 17463.050932 39340.716688 12608.308962 52791.735502
1076.624177 25527.014228 21804.421639 30165.923064 16885.222436 37790.590322 12295.795001 51230.590252
1091.631734 24708.304290 21109.679760 29246.473881 16467.212988 36303.019998 11991.027120 49701.580477
1106.848489 23949.839860 20431.950273 28229.410992 15929.704432 34877.943211 11693.813323 48204.447127
1122.277356 23173.835826 19725.257953 27377.583130 15486.037332 33656.398567 11403.966371 46738.928135
1137.921294 22451.632343 19072.025431 26516.355278 15054.727053 32323.588156 11030.291069 45304.758219
1153.783300 21746.423344 18396.696491 25661.859477 14565.268213 31023.621066 10546.095766 43901.668691
1169.866413 21047.157800 17802.025492 24835.517836 13862.430994 29891.660219 10084.513928 42529.387266
1186.173716 20369.368821 17156.158912 24044.251718 13331.607051 28866.186500 9644.448656 41187.637873
1202.708335 19693.639938 16573.329712 23235.874918 12684.592917 27909.891605 9164.631520 39876.140472
1219.473437 19041.596442 16006.080995 22391.234058 12245.676603 26833.968455 8702.696979 38594.610876
1236.472235 18397.823476 15505.744023 21689.785116 11855.761252 25850.793488 8266.218107 37342.760581
1253.707987 17805.045600 14984.263509 21007.424972 11478.261220 24897.690745 7853.771242 36120.296602
1271.183997 17242.138760 14483.450865 20320.129680 11046.037351 23973.951164 7598.179773 34926.921319
1288.903612 16719.305864 13995.289853 19652.555773 10649.399708 23119.746283 7400.593746 33762.332335
1306.870230 16175.437225 13533.938622 19024.331780 10129.988810 22344.625108 7084.435892 32626.222343
1325.087292 15623.726092 13063.915580 18419.923676 9820.538743 21537.278713 6782.684476 31518.279008
1343.558290 15154.841109 12595.945860 17833.982620 9567.855719 20864.714065 6532.138937 30438.184860
1362.286764 14686.168497 12187.509851 17233.948907 9297.450809 20105.623079 6387.897462 29385.617209
1381.276303 14214.376640 11763.708104 16702.263738 9006.183687 19437.999292 6246.841101 28360.248066
1400.530545 13744.333277 11360.545853 16168.872287 8729.267454 18838.419279 6108.899520 27361.744087
1420.053182 13294.051405 10979.479705 15676.768350 8310.231984 18206.285874 5974.003939 26389.766539
1439.847953 12866.140153 10613.967845 15173.066682 7895.238139 17595.364049 5842.087097 25443.971273
1459.918652 12472.834037 10258.958165 14654.101695 7588.619722 17023.257373 5597.534551 24524.008730
1480.269127 12062.405579 9890.099362 14209.817093 7295.154209 16483.437722 5339.894918 23629.523955
1500.903276 11676.638657 9607.437262 13723.385509 6955.569247 15978.833317 5094.013381 22760.156644
1521.825053 11304.318028 9297.361261 13303.791300 6636.601440 15471.433958 4859.391452 21915.541201
1543.038469 10931.489909 8980.976062 12874.676416 6479.568382 15003.516533 4635.548435 21095.306827
1564.547589 10599.776081 8659.845584 12494.647291 6253.491671 14557.621311 4422.020973 20299.077622
1586.356534 10255.304925 8369.117205 12125.896806 6007.894891 14085.579871 4218.362600 19526.472715
1608.469483 9927.577185 8108.332542 11725.019185 5790.963171 13680.216297 4024.143299 18777.106414
1630.890676 9628.861410 7829.687917 11355.978354 5606.957554 13237.296276 3838.949065 18050.588382
1653.624407 9317.100271 7557.228963 10974.159136 5423.432374 12800.107509 3662.381478 17346.523826
1676.675035 9021.758395 7323.050129 10659.685307 5223.582327 12427.440527 3494.057275 16664.513719
1700.046975 8738.690468 7067.429263 10307.325457 4999.377579 12085.255457 3333.607935 16004.155032
1723.744708 8463.569043 6844.117301 10006.868568 4834.913738 11752.492329 3226.342397 15365.040998
1747.772774 8184.647959 6583.798280 9717.689173 4637.067545 11422.177497 3156.049930 14746.761386
1772.135779 7926.219285 6352.510940 9416.662321 4465.121442 11063.491928 3087.288928 14148.902795
1796.838391 7666.872787 6128.512108 9135.306787 4286.638640 10749.088990 3020.026025 13571.048978
1821.885343 7410.158361 5917.134337 8856.859767 4115.547475 10419.109704 2954.228582 13012.781162
1847.281437 7163.918623 5699.396897 8596.525555 3959.582357 10099.260237 2839.423302 12473.678404
1873.031539 6937.378746 5497.093323 8344.618052 3814.938768 9789.229621 2717.123267 12057.409763
1899.140582 6707.040725 5293.933712 8092.792773 3652.967874 9488.716434 2600.596920 11667.975747
1925.613572 6496.192877 5100.688102 7841.909577 3509.168532 9208.314656 2489.528544 11290.205953
1952.455581 6279.827905 4927.898068 7608.277186 3389.082277 8963.694010 2383.622185 10923.785511
1979.671753 6078.143135 4748.018203 7381.652586 3239.936364 8703.785555 2282.600381 10568.407060
2007.267304 5887.442199 4593.078317 7166.034982 3113.070739 8467.336783 2186.202968 10223.770564
2035.247521 5699.901194 4430.848727 6948.408431 3013.585295 8215.947344 2094.185955 9889.583132
2063.617768 5501.734900 4273.106290 6740.430852 2884.060513 7976.781836 2006.320454 9441.004973
2092.383480 5327.564336 4131.219408 6531.600539 2761.171378 7758.506026 1922.391680 9001.165392
2121.550171 5156.449808 3989.083802 6337.588868 2650.521293 7545.798557 1842.198011 8578.508760
2151.123430 4996.305987 3842.161123 6150.300277 2540.147916 7330.946059 1765.550100 8172.619338
2181.108924 4840.732276 3715.785576 5970.365501 2448.613609 7122.211084 1692.270047 7813.329316
2211.512400 4684.827362 3579.747350 5793.841330 2345.778509 6919.419447 1654.882694 7600.897677
2242.339683 4531.028189 3458.050071 5625.640449 2246.895376 6700.962439 1617.608390 7394.241706
2273.596682 4389.637678 3336.154206 5463.966880 2150.320676 6483.341273 1546.606891 7193.204372
2305.289387 4252.263490 3213.202311 5307.951321 2069.224701 6292.394131 1479.041698 6997.632915
2337.423871 4114.486049 3088.673797 5143.257662 1992.285996 6098.379366 1414.723045 6807.378726
2370.006292 3986.000637 2981.012807 4991.803113 1924.580635 5927.205520 1353.472662 6622.297237
2403.042894 3857.385115 2880.671617 4847.466542 1848.831722 5748.144052 1295.123105 6442.247810
2436.540009 3729.044624 2790.116690 4707.303422 1775.964825 5583.211182 1239.517104 6267.093633
2470.504055 3615.718310 2699.302951 4571.193079 1705.940296 5427.841255 1186.506956 6096.701612
2504.941542 3500.981716 2611.147523 4440.158856 1638.648791 5279.665251 1135.953939 5930.942270
2539.859069 3381.148272 2515.911192 4315.566757 1573.985092 5127.637729 1087.727758 5751.906633
2575.263327 3274.160086 2427.687842 4185.898614 1511.847956 4982.472045 1041.706017 5599.237156
2611.161101 3171.410123 2340.334880 4048.426431 1456.020804 4843.269293 997.773729 5450.619895
2647.559271 3074.935791 2258.876316 3926.274875 1396.505232 4708.397632 955.822840 5305.947294
2684.464811 2982.184403 2187.971205 3808.134390 1339.640115 4577.585927 915.751787 5165.114653
2721.884795 2887.174604 2102.993470 3698.706597 1297.760436 4454.140131 877.465083 5026.853601
2759.826392 2796.697679 2034.021546 3588.980444 1246.152869 4326.764428 840.872920 4893.374609
2798.296876 2709.899892 1963.966324 3480.789468 1198.690464 4206.555500 805.890800 4764.650727
2837.303617 2625.701840 1890.134159 3379.197009 1157.939400 4089.686293 772.439191 4638.185403
2876.854090 2536.670306 1826.297736 3284.496722 1111.385572 3976.064020 740.443195 4515.076773
2916.955876 2446.527593 1767.639966 3190.901265 1073.571541 3865.598474 709.832248 4395.235744
2957.616659 2364.079193 1707.449831 3106.813559 1029.910529 3757.693598 680.539831 4278.575585
2998.844231 2286.782123 1658.672415 3023.201532 988.071841 3652.702313 652.503207 4165.011868
3040.646493 2216.833527 1596.588267 2934.183064 944.821598 3550.644522 627.469966 4054.462405
3083.031457 2150.747102 1539.522061 2847.785754 905.161526 3451.438261 616.199313 3946.847193
3126.007243 2080.313509 1485.035816 2763.932421 868.742980 3355.003858 605.131105 3842.088347
3169.582089 2015.247211 1435.900115 2685.390040 833.785055 3261.263867 589.551866 3740.110054
3213.764344 1950.542246 1383.987624 2606.456996 800.229331 3166.834349 565.680509 3640.838511
3258.562476 1891.966005 1337.118319 2529.844072 771.006129 3077.786998 542.774321 3544.201874
3303.985070 1837.713493 1290.847563 2455.483071 739.851755 2991.609134 520.794341 3450.130207
3350.040830 1776.443362 1244.989927 2383.307800 712.237347 2908.134291 499.703183 3358.555429
3396.738582 1720.574079 1202.162263 2318.998378 684.895443 2825.979341 479.464965 3269.411266
3444.087276 1667.636397 1153.642974 2253.198200 656.349892 2745.514866 460.045255 3182.633204
3492.095985 1612.007392 1112.581831 2187.942450 629.063367 2667.341466 441.411007 3098.158441
3540.773909 1560.650239 1074.549206 2124.250199 602.973626 2591.393908 423.530508 3015.925842
3590.130377 1510.933959 1042.250012 2064.086826 578.021991 2517.608814 406.373320 2935.875895
3640.174847 1464.956750 1006.684285 2003.937144 554.548401 2446.775016 389.910237 2857.950667
3690.916911 1419.446851 968.800665 1944.083825 532.193516 2378.542595 374.113225 2782.093762
3742.366291 1376.206671 936.207802 1888.216923 516.084475 2313.088648 358.955384 2708.250282
3794.532847 1334.485657 904.711444 1834.416776 502.161000 2253.563354 344.410895 2636.366787
3847.426577 1294.926273 873.608808 1779.304676 481.726966 2191.285028 330.454981 2566.391252
3901.057617 1253.960420 841.584039 1728.113665 470.764094 2130.198786 317.063865 2498.273038
3955.436245 1214.382254 813.544025 1678.105373 454.740330 2070.759869 304.214726 2431.962845
4010.572881 1178.385346 785.777027 1629.019561 438.171978 2014.491735 291.885666 2367.412684
4066.478092 1141.569349 759.781099 1581.369546 428.929682 1958.206125 280.055668 2304.575841
4123.162591 1105.903585 735.324816 1536.865148 416.975469 1905.654985 268.704562 2243.406839
4180.637241 1071.352117 709.975785 1494.748506 401.681159 1854.923693 259.382930 2183.861409
4238.913057 1038.938513 684.862116 1451.497060 384.121673 1805.542942 254.981201 2125.896459
4298.001206 1006.262174 660.308858 1409.552797 368.675994 1756.269565 250.654169 2069.470039
4357.913012 974.892064 637.736784 1370.859811 356.858954 1707.475764 240.599527 2014.541312
4418.659956 948.348675 614.833400 1331.336681 346.189912 1660.037583 230.845867 1961.070526
4480.253680 919.831063 592.093005 1292.637724 332.362427 1613.917360 224.779297 1909.018984
4542.705986 890.167588 570.193694 1255.903289 322.106934 1566.956000 220.957832 1858.349015
4606.028844 860.543900 553.802085 1220.445444 314.389383 1520.646167 217.780707 1809.023949
4670.234388 833.673884 536.341101 1185.536531 307.586149 1475.704975 214.649266 1761.008089
4735.334923 809.526218 517.615808 1153.272402 297.198706 1433.773229 211.514210 1714.266687
4801.342924 784.439122 499.447358 1120.967329 287.481861 1393.713099 208.084937 1668.765913
4868.271040 762.995445 484.804332 1089.468682 282.157280 1354.772263 204.711264 1624.472841
4936.132098 738.794873 469.079229 1057.607995 276.931319 1316.919448 201.392287 1581.355413
5004.939103 715.200756 453.892841 1026.679050 271.802149 1280.480820 198.127121 1539.382425
5074.705239 692.860101 440.621994 996.898727 266.767980 1245.290193 194.914893 1498.523502
5145.443878 672.471337 426.130182 967.508190 261.827050 1211.066687 191.754744 1458.749074
5217.168576 652.073701 411.841142 939.214146 255.054764 1177.783724 188.645831 1420.030354
5289.893076 632.294772 398.914233 911.747539 249.131927 1146.674839 185.587323 1382.339323
5363.631317 613.943558 386.248335 885.084173 242.896678 1114.678561 182.578402 1345.648703
5438.397428 594.704162 375.691535 859.200556 237.904235 1083.323138 179.618265 1309.931940
5514.205739 577.225170 362.978820 838.817339 233.470636 1053.550868 176.706120 1275.827942
5591.070777 559.452261 351.043695 814.979661 226.102978 1025.507850 173.129925 1243.432947
5669.007271 542.478894 339.187725 791.819407 219.507982 999.674532 166.214786 1211.860505
5748.030158 525.837299 329.838420 769.170621 212.355059 971.900937 159.575851 1181.089731
5828.154581 509.706218 317.919256 746.701122 206.288430 944.898965 153.202087 1151.100267
5909.395895 494.200117 306.127202 725.569200 198.886788 918.647180 147.082904 1121.872277
5991.769669 479.209866 296.379787 704.406156 192.692841 893.124738 141.208132 1093.386425
6075.291689 465.287579 286.496564 683.860384 187.651933 868.311377 136.618067 1065.623867
6159.977960 450.688652 276.582032 663.913882 181.751520 844.187397 134.473513 1038.566238
6245.844712 436.912501 267.308607 644.549170 177.556250 820.733644 132.362624 1012.195639
6332.908400 423.315943 260.062856 625.749278 172.168217 797.931499 130.284870 986.494625
6421.185709 410.809316 252.190534 607.497732 165.378674 775.762857 127.914489 961.446194
6510.693555 398.348504 243.523372 590.190460 158.964847 754.210119 123.149922 937.033777
6601.449093 386.992890 235.200661 573.473280 153.335893 733.369564 118.562825 913.241224
6693.469713 375.313016 229.177385 557.276368 147.815778 713.214842 114.146589 890.052796
6786.773051 364.049294 221.497339 540.794836 145.177569 693.302587 109.894850 867.453153
6881.376986 352.723887 214.877488 525.142285 142.772469 673.823022 105.801479 845.427346
6977.299650 342.048111 207.616484 510.202038 137.693010 655.218763 101.860579 823.960804
7074.559423 331.628402 202.934766 496.078289 132.158349 637.984802 98.066469 803.039327
7173.174944 321.526107 197.768467 483.136114 127.952795 620.675796 94.413683 782.649074
7273.165113 312.060412 191.438379 470.074021 124.637522 604.093346 90.896955 762.776557
7374.549090 302.424618 185.266957 457.458580 119.605784 587.953925 87.511220 743.408630
7477.346305 293.028466 179.636848 444.482933 114.777182 571.910892 84.251596 724.532481
7581.576458 284.667151 174.081246 431.689876 111.158763 556.021556 81.113387 706.135623
7687.259522 275.543679 168.297816 419.446622 106.951888 540.573672 78.092070 688.205886
7794.415750 267.702679 163.248817 407.755701 102.904224 525.554974 75.181459 670.731409
7903.065679 259.307157 158.506913 396.359998 99.009748 510.953539 72.133370 653.700633
8013.230128 252.218989 154.280599 385.206457 95.262660 496.757775 69.208859 637.102291
8124.930211 244.702208 149.739320 374.403859 91.657383 482.956409 66.402918 622.370161
8238.187331 237.184793 144.819488 363.904205 87.993823 470.291644 63.710738 608.186797
8353.023195 229.780471 140.461058 353.842653 84.455572 458.663118 61.127707 594.326661
8469.459808 222.607294 136.417268 343.779987 81.059595 446.481105 58.649400 580.782388
8587.519485 215.890494 132.068970 334.139139 77.800171 435.037973 56.271571 567.546779
8707.224849 209.522081 127.737501 324.779537 74.671809 424.829044 53.990148 554.612800
8828.598841 203.765867 123.855500 315.920701 71.977642 413.478986 51.801220 541.973577
8951.664721 197.997011 120.274179 306.811376 69.564300 402.432164 49.701038 529.622393
9076.446073 192.096185 116.856756 299.216752 67.193910 391.680478 47.686003 517.552683
9202.966809 186.875306 112.912194 290.513085 64.478448 381.216043 45.752665 505.758034
9331.251175 181.131128 109.275758 282.062591 61.872725 371.254170 43.897710 494.232175
9461.323756 176.093597 106.194028 273.857907 59.455141 363.374559 42.117961 482.968983
9593.209478 171.019849 102.612085 266.134646 57.251754 355.662187 40.410368 471.200407
9726.933615 165.712447 99.623002 258.671257 55.130023 348.113505 38.772007 459.105285
9862.521795 160.569755 96.508177 251.417169 53.086924 339.635041 37.200069 447.320630
10000.000000 156.040159 93.203622 244.366512 51.045341 331.237156 35.691863 435.838472
