0.001000 212323346464011517952.000000 12464024988757036.000000 1047678394098438155272192.000000 66240500972220.187500 421109273397515719932903424.000000 -832191561513854697472.000000 2724709480452216623133097984.000000
0.001038 206679410401032241152.000000 10478528263994682.000000 1015716096456426937909248.000000 54933801758812.226562 398963948005834985262022656.000000 -1299130128728438341632.000000 2581124950227914676307492864.000000
0.001077 207531336400201908224.000000 10715315135580410.000000 984728977897626607288320.000000 56844444328654.992188 378044793904460105364013056.000000 -8687333653940957872128.000000 2445106396684042605869137920.000000
0.001117 208583783816753053696.000000 12127350731627650.000000 954687345743210450255872.000000 60974334999944.976562 358218116451161272309776384.000000 -3915394636768571555840.000000 2316255299617473936998006784.000000
0.001159 210289640628101513216.000000 13574151419978470.000000 925561685322000117006336.000000 76173045903269.406250 339428694999253191774699520.000000 -561515436517258625024.000000 2194193823975384419519168512.000000
0.001203 210519164485563777024.000000 13450018357068698.000000 897324460413274673905664.000000 76585189369996.843750 321673418983879441075142656.000000 -404527634178107375616.000000 2078564297708675391148785664.000000
0.001248 217046613620111671296.000000 14165829116580528.000000 869949377827744029605888.000000 81502083523537.796875 304772716379945748978991104.000000 -8666761676123262681088.000000 1969027794222887194815627264.000000
0.001296 210979657430928162816.000000 13499871820894234.000000 843409046384449446477824.000000 69287542832650.765625 288808236172346583215505408.000000 -9620932480766538940416.000000 1865263256982710949882363904.000000
0.001344 202496605880623104000.000000 12449694546687302.000000 817677946746122966925312.000000 69771375204516.468750 273660851743209215053791232.000000 -4764176557964051611648.000000 1766966544099808243538198528.000000
0.001395 212837323680055001088.000000 15101957112135642.000000 792732391928063175163904.000000 90203974963413.046875 259312784644777009586634752.000000 -1876773648456337588224.000000 1673849477179081138009800704.000000
0.001448 213309899950593769472.000000 15724142685137110.000000 768547425886760821850112.000000 94709845651306.218750 245709776607186432720633856.000000 -689244485303333814272.000000 1585639181479702982337495040.000000
0.001502 211334232254057021440.000000 15027686377028232.000000 745100729091442203426816.000000 78729960588416.500000 232835875496464735069536256.000000 -1892352139052431179776.000000 1502077110954966339509288960.000000
0.001559 215183467762473566208.000000 16099963054194814.000000 722368776036850136514560.000000 99833562883504.453125 220638989737249463586521088.000000 -424410133585749737472.000000 1422918300103672913652088832.000000
0.001617 179705283620237869056.000000 13656427154321114.000000 702379745017770268426240.000000 81055086659303.109375 209053916966154566226673664.000000 -4921013909346087600128.000000 1347930752427021021967548416.000000
0.001678 191584731314892865536.000000 16396304442922174.000000 682840299134531491856384.000000 104084496057275.453125 198196753643423895216193536.000000 -3929905402764669222912.000000 1276894648442175826790711296.000000
0.001742 194271280814336966656.000000 16761157632453690.000000 661219105331663094153216.000000 107693973754087.000000 188774608849772822061383680.000000 -949435458104460836864.000000 1209601801502323965696147456.000000
0.001807 189720156711075545088.000000 14841993086210572.000000 643983435371999832047616.000000 91687353978509.578125 179800344876433636866392064.000000 -741704691115748098048.000000 1145854954800270297429704704.000000
0.001875 213296170931801096192.000000 17912014617260760.000000 619535027167392193052672.000000 121642128053633.625000 171252672403492553367748608.000000 -88105183795987759104.000000 1085467252731702923942166528.000000
0.001946 190848957759969460224.000000 15689087048727020.000000 599823225007275518197760.000000 98166624547380.343750 162746423073168976041213952.000000 -577241352527366324224.000000 1028261688032261559436705792.000000
0.002019 196134033849607847936.000000 16651686505476738.000000 581523441741452277710848.000000 101577609692165.031250 154187891629297199159967744.000000 -1077586858503301627904.000000 974070599651716060747399168.000000
0.002095 194314656690124161024.000000 18698821406204124.000000 563781821275674043744256.000000 105570517517174.765625 146080956908342304909033472.000000 -953996839872697335808.000000 922735127581769400299028480.000000
0.002174 196105623115193221120.000000 19127204067933140.000000 546581528407223690067968.000000 132135193712053.250000 138399690527816124760850432.000000 -204947061385687105536.000000 874104804701010939204337664.000000
0.002256 190723089075888062464.000000 19552817877560920.000000 529905981816435873153024.000000 136717134196922.406250 131115679762640706746712064.000000 -467007702235665465344.000000 828037096530566945051770880.000000
0.002341 185278111970614018048.000000 20357666447854096.000000 513527550477905709498368.000000 144813509752378.656250 124222782518305905692377088.000000 -162095227613460725760.000000 784396956216696190300848128.000000
0.002430 187198755951610953728.000000 20040689098604152.000000 496092290491224556568576.000000 121185684802415.015625 117688737632719335820623872.000000 -1189685356268109692928.000000 743056477204394719615909888.000000
0.002521 183279805961330032640.000000 20887309977251208.000000 479251082646085622038528.000000 151438023725684.156250 111500027810659897513607168.000000 -1129334260548938104832.000000 703894478133837644357959680.000000
0.002616 188792686670703558656.000000 21533382327011940.000000 462980805932693223112704.000000 160274153935731.250000 105638187623138099827048448.000000 -125821279110934577152.000000 666796167450465896935456768.000000
0.002715 182032606953690759168.000000 21827193878853856.000000 447941493474328970264576.000000 162122855785856.062500 100081062675098984664530944.000000 -142675344619208130560.000000 631652796950272958961549312.000000
0.002817 194760238717953409024.000000 23701657718520120.000000 433647249404417821114368.000000 202050882022183.437500 94819196637653605936005120.000000 34135612446221.128906 598361361967513315240312832.000000
0.002923 192420826744899960832.000000 23137186370171276.000000 419809128641392998875136.000000 186812685992311.625000 89829925929720512207912960.000000 -137615296807417413632.000000 566824269734968833519648768.000000
0.003033 191057207001623134208.000000 23636024618073220.000000 406412701504364280283136.000000 203714062078347.031250 85105759527655286335602688.000000 27066431054041.191406 536949082699445083582758912.000000
0.003148 180923712843695128576.000000 23835707626905420.000000 393774641249079296786432.000000 185806551805508.531250 80630146663369717716090880.000000 -142806531140518051840.000000 508648224814097541262999552.000000
0.003266 175655626797410549760.000000 24499810719209708.000000 383115573108569599377408.000000 196322999283563.562500 76391423420381381313691648.000000 -136599027432384069632.000000 481838740408263158112714752.000000
0.003389 174617645809827610624.000000 24484721656232788.000000 372744944612714479616000.000000 168407710861051.000000 72372465956301261179453440.000000 -939797726528195264512.000000 456442042893263713557544960.000000
0.003517 179756745889860190208.000000 25462452463956228.000000 362654970686842649706496.000000 220444165905954.343750 68567531650330053526421504.000000 -100496111839602311168.000000 432383686287099862118825984.000000
0.003650 184380182129152688128.000000 26029001589760428.000000 352838041673730764046336.000000 227411362871626.812500 64961234046430091252072448.000000 -61996500573114908672.000000 409593148994772443523448832.000000
0.003787 184708466057132834816.000000 28270343576903644.000000 343286767004068863803392.000000 250080893443088.406250 61544547481727469940113408.000000 33709468170429.949219 388003622864673904212836352.000000
0.003930 170526385204219117568.000000 28774050808520892.000000 332928569162535601700864.000000 258775784396757.937500 58308386913233833602056192.000000 34967445606417.500000 367551823407935327586746368.000000
0.004078 180487324521617424384.000000 29682422430389788.000000 322770725677885523230720.000000 279335060685866.781250 55241348537613238182871040.000000 48301717584881.593750 348177797503039600991404032.000000
0.004232 167595414011359264768.000000 28098952825801484.000000 312922732399850436952064.000000 244059067306379.250000 52336461218957203689439232.000000 -43306499905926103040.000000 329824752825466170558644224.000000
0.004391 177444632797228564480.000000 30339647419231484.000000 303375164129074000953344.000000 286716459958943.812500 49584030365370139296137216.000000 39011615947967.164062 312438889156549533264510976.000000
0.004557 166906345905974444032.000000 30880225445033432.000000 294118873542653602955264.000000 296684944996766.375000 46976603162369044022034432.000000 40488550563858.750000 295969242214068933468618752.000000
0.004728 163819386759970816000.000000 30587847787212684.000000 285144939080421543510016.000000 297338327835503.250000 44505806541247059102531584.000000 -158082888526873067520.000000 280367532016805682587107328.000000
0.004906 170491610057855074304.000000 32685282251165360.000000 276444751063341166755840.000000 325360306682208.875000 42165421307139445632270336.000000 57456614690637.398438 265588022937496736629784576.000000
0.005091 166779141554092310528.000000 32281189806066224.000000 268009984312671823986688.000000 319376796037801.187500 39947741493142735057584128.000000 -120510675565082738688.000000 251587389299069431859642368.000000
0.005283 175539751423610454016.000000 33969807381096860.000000 259832525134869657812992.000000 345828045479405.062500 37846900676304476380856320.000000 61587293157461.406250 238324588362358978015920128.000000
0.005482 166694157503579160576.000000 34630870715967276.000000 251904523083106651996160.000000 356539553746742.437500 35856386187160476423553024.000000 63762628261654.546875 225760740247689083402321920.000000
0.005689 162864355488117358592.000000 34910740909373836.000000 244218368598838750478336.000000 355534436699543.625000 33970740620845673808396288.000000 -102065434899764183040.000000 213859013534712259424550912.000000
0.005903 166609006053211078656.000000 36070860714715064.000000 236766687712007809925120.000000 378968403235653.812500 32184323966239010178727936.000000 68346607138217.984375 202584517931010586258178048.000000
0.006126 159179563748634460160.000000 36985530321822248.000000 229542326302842277593088.000000 390706527027050.562500 30491659080063663237758976.000000 70760779044248.437500 191904200919607232966950912.000000
0.006356 162165813116067315712.000000 37792387991543624.000000 222538345429399850975232.000000 403532777626407.250000 28887965493853151119278080.000000 73260189370108.359375 181786752380279651081125888.000000
0.006596 164544864883850903552.000000 38804923111597024.000000 215748025050217899360256.000000 417562095913008.625000 27368789343257033690841088.000000 75847845529749.375000 172202511783812062586601472.000000
0.006844 163378340606257725440.000000 39844506963979640.000000 209164849755659113070592.000000 432079066885759.375000 25929423162763252338786304.000000 78526931443630.656250 163123381578811028843528192.000000
0.007102 162220332549898862592.000000 40911986451231448.000000 202782494613401243746304.000000 447100644579407.062500 24565823918541181156327424.000000 81300654140943.125000 154522744399230690876456960.000000
0.007370 161345432738426945536.000000 42008032498559608.000000 196594834751967417335808.000000 462644362611347.062500 23273875743225428899266560.000000 84172386908283.343750 146375385900550662226182144.000000
0.007648 161140844020255129600.000000 43361336015766496.000000 190595931023403510661120.000000 478728382917810.562500 22049912112066031402352640.000000 87145435404636.046875 138657420084861201813602304.000000
0.007936 160936614148847304704.000000 44860659436760376.000000 184780028779414704619520.000000 495371465429565.687500 20890272083831171418423296.000000 90223578714875.109375 131346219741757067772297216.000000
0.008235 160732803995516207104.000000 46115444299757800.000000 179141539938996320206848.000000 512593027526692.625000 19791609751971889181360128.000000 93410468698690.656250 124420349984331417782321152.000000
0.008545 160528955121640439808.000000 47108928926196152.000000 173966421507849249095680.000000 530413170597804.812500 18750764923589786236616704.000000 96709870063253.109375 117859505247681290132520960.000000
0.008867 160325543514899087360.000000 48123801954497240.000000 169220050795687011418112.000000 548852692179039.312500 17764632432617253836423168.000000 100125781096387.046875 111644450110751980514181120.000000
0.009201 157157535379461996544.000000 49229308343290728.000000 164603033682342718734336.000000 567933111106684.000000 16830393164025602796158976.000000 103662420186194.531250 105756962602406394200064000.000000
0.009548 159919274881823309824.000000 50548170645193984.000000 159928770049516628869120.000000 587676701221668.500000 15945265616271723257135104.000000 107323911670006.390625 100179781092081370549714944.000000
0.009908 153860266718319509504.000000 51902384362363208.000000 155088987838004145946624.000000 608106493984410.625000 15106676823186339916677120.000000 111114712759009.187500 94896553335119234654535680.000000
0.010281 157534868641582383104.000000 53292858163295184.000000 150756714067639415078912.000000 629246321488644.875000 14312214302224236203212800.000000 115039480051206.625000 89891788964662805608267776.000000
0.010669 155744758067950452736.000000 54720600070121224.000000 146545339237614166736896.000000 651120850990570.625000 13559518904762735228092416.000000 119102810148646.359375 85150813663931689045327872.000000
0.011071 153974903480074502144.000000 56186567036523072.000000 142451487969329952063488.000000 673755603613416.875000 12846408906458313030369280.000000 123309676003742.593750 80659726486919535648571392.000000
0.011488 152225248201510748160.000000 57691833873196496.000000 138471879630856241807360.000000 697176997835856.375000 12170792453928697240485888.000000 127665097790789.687500 76405358950895051629133824.000000
0.011921 150495420024613240832.000000 59237414808065248.000000 134603325199324662464512.000000 721412327509045.625000 11530723726137156079452160.000000 132174401918542.203125 72375236478658477018841088.000000
0.012370 148785281510273089536.000000 60824365595676888.000000 130842724695943220822016.000000 746489889328999.500000 10924299381464330781327360.000000 136842893972014.890625 68557541835736224639221760.000000
0.012836 147094522231725391872.000000 62453866211679472.000000 127187064266565181505536.000000 772438921197255.875000 10407607937682026931421184.000000 141676369467106.375000 64941080461330804373454848.000000
0.013320 145422996605628760064.000000 64126990598679848.000000 123633414735379147259904.000000 799289688140454.500000 9928085244819946596204544.000000 146680487559020.406250 61515247713820915768754176.000000
0.013822 143770405981600088064.000000 65568407197270392.000000 120178928137014689660928.000000 827073501852363.625000 9470650844608556515196928.000000 151861393138050.312500 58269997737352682581000192.000000
0.014343 142136642557294444544.000000 66686141668213736.000000 116820836619312607264768.000000 853449115351839.000000 9034287311948895437717504.000000 157225243577305.062500 55195814055415487326584832.000000
0.014883 140705779851682037760.000000 67822916897756336.000000 113556448856483550986240.000000 879535775868579.875000 8618024102132190256562176.000000 162778551599273.781250 52360170778374161702060032.000000
0.015444 139220687445174370304.000000 68979058932430904.000000 110383149360219110244352.000000 906419626954810.250000 8220935409622024126988288.000000 168527993814148.312500 49695833887801750981705728.000000
0.016026 137628888657832787968.000000 70154900186423600.000000 107298395115056946741248.000000 934124982120596.875000 7841733936672496286695424.000000 174480498976923.437500 47166998079140048886824960.000000
0.016630 136055279376443047936.000000 71350772353325680.000000 104299714429861073256448.000000 962676955938795.500000 7450099753557472195903488.000000 180643233668262.625000 44766773214847259648196608.000000
0.017256 135091775060872511488.000000 72567015238939376.000000 101384704379512168644608.000000 992101380763059.500000 7116236944950712692899840.000000 187023621528517.187500 42488619555679980226609152.000000
0.017907 135657379401110814720.000000 73803980678427552.000000 98551029220894010507264.000000 1022424949815331.750000 6797322915169340437299200.000000 193629366009400.718750 40326329857619667617579008.000000
0.018581 134825560792330911744.000000 75062014289043856.000000 95796418380032993394688.000000 1055683345894891.750000 6492688438755076022992896.000000 200468364012489.093750 38274012461624605292888064.000000
0.019281 133869669370317291520.000000 76341479876416896.000000 93118664687934154735616.000000 1090466999032468.875000 6194354202264547568386048.000000 207548956834700.281250 36326075350959867385872384.000000
0.020008 132920534011010564096.000000 77642739651658688.000000 90382230517504907673600.000000 1126396544202359.750000 5908909345740424677949440.000000 214879568627546.250000 34477210792919504041017344.000000
0.020762 133063060661837283328.000000 78966161176462576.000000 87159506244019979026432.000000 1163509701761008.250000 5636613401597593564217344.000000 222469094372381.125000 32722380965654236934176768.000000
0.021544 134027879513185566720.000000 80312126494108560.000000 84051685488532622671872.000000 1201845507375040.750000 5376860721300313659670528.000000 230326660257505.812500 31056804166116085436776448.000000
0.022356 134999381641763553280.000000 81981475564384672.000000 81054663137211222851584.000000 1241444151140214.250000 5129073544681093951651840.000000 238461733985728.031250 29475941884941153635139584.000000
0.023199 135977599188560723968.000000 84223014327152832.000000 78164492976491176394752.000000 1282347330179708.750000 4892700738563822046937088.000000 246884097551434.406250 27975486324418865855987712.000000
0.024073 136962563723814273024.000000 86631705426033952.000000 75377368254021244026880.000000 1324597891190752.250000 4667216536230731366531072.000000 255603919567190.218750 26551348766625797769265152.000000
0.024980 137954306262248538112.000000 89109126580412384.000000 72689610288510147756032.000000 1368240258868157.750000 4452119398216300146720768.000000 264631657231396.906250 25199648377779213823901696.000000
0.025921 136364981594260717568.000000 91657228469333104.000000 70097675854323050872832.000000 1413320251555033.000000 4246930892092732929474560.000000 273978233381296.625000 23916701657178677991964672.000000
0.026898 136106395187137724416.000000 94278016372696160.000000 67598153058165859549184.000000 1459885190969632.750000 4051194606733387584503808.000000 283654897851282.437500 22699012389093922626863104.000000
0.027911 135179879504878043136.000000 96973551751656848.000000 65187746163905991278592.000000 1507984017865365.000000 3864475163746713888358400.000000 293673266334502.187500 21543262147587047526760448.000000
0.028963 134259614626076262400.000000 99745953730882688.000000 62863274582880148258816.000000 1557667175264880.250000 3686357234912393330425856.000000 304045449181651.437500 20446301227642418200838144.000000
0.030055 133345557550546010112.000000 102597400583448928.000000 60621677056844252577792.000000 1608986850918993.250000 3516444623786315935121408.000000 314783918204391.437500 19405140087229451375476736.000000
0.031187 132437665825574715392.000000 105530131472528112.000000 58951867973597472489472.000000 1661996936733297.000000 3354359385549914056425472.000000 325901595966908.812500 18416941188183910997032960.000000
0.032362 131535894504298315776.000000 107492060619171696.000000 56894390049302648979456.000000 1716753052514973.000000 3199740974316577850654720.000000 337411895349278.000000 17479011281074905075941376.000000
0.033582 131170204802850521088.000000 109248418411594064.000000 55156902930943678873600.000000 1773312705536356.000000 3052245461220646837026816.000000 349328650532945.812500 16588794055621198395473920.000000
0.034847 132005026471593230336.000000 111033413466332704.000000 53692369770952232271872.000000 1831735227804671.000000 2911689898200667284045824.000000 361666221856031.125000 15743863191223367096074240.000000
0.036160 132844785392631693312.000000 112847509949339440.000000 52269857782852243947520.000000 1892082003155358.500000 2781565789926155614158848.000000 374439455885599.437500 14941915732262125844824064.000000
0.037523 132772636887655268352.000000 114691179443563088.000000 50884751184801984151552.000000 1954416289254413.250000 2657240903344182026829824.000000 387663759376014.375000 14180765829576351809536000.000000
0.038937 132063881053823877120.000000 116564899708889296.000000 49536063642242593587200.000000 2018803581174646.750000 2538456930737605847285760.000000 401355021487783.125000 13458338777867501390790656.000000
0.040404 131064693334968942592.000000 118469156551415440.000000 48222834796197515886592.000000 2085311385108123.750000 2424967069170362306527232.000000 415529746704377.000000 12772665367299288591237120.000000
0.041927 129681594526250237952.000000 120404444237500352.000000 46847225281735450165248.000000 2154009545589836.500000 2316535507565310732402688.000000 430204997044726.125000 12121876518644464247373824.000000
0.043507 128312927602091065344.000000 122371263816726576.000000 45172527466367774883840.000000 2224970117962286.000000 2212936937590764720881664.000000 445398432967184.937500 11504198192908247033184256.000000
0.045146 126463279620149395456.000000 124370124527003264.000000 43557679832624181280768.000000 2298267554932170.000000 2113956085718984672935936.000000 461128364239450.437500 10917946556909140762951680.000000
0.046847 124311149136288219136.000000 126401543553723120.000000 42000544157409610825728.000000 2373978770829916.000000 2019387266262551983292416.000000 477413698052091.625000 10361523397430646795141120.000000
0.048612 124291977183703744512.000000 128466046295421008.000000 40499057661517110444032.000000 2452183188771607.500000 1929033954364997003902976.000000 494274058406391.437500 9833411770223699442008064.000000
0.050444 122979504245644804096.000000 131716433770766000.000000 39209739772717816610816.000000 2532962822649591.000000 1842708378210695108362240.000000 511729737315202.437500 9332171863903281392648192.000000
0.052345 121680703851845517312.000000 136518683189096672.000000 38011618692215605297152.000000 2616402405279339.000000 1760231128919745595703296.000000 529801738889663.000000 8856437080497806393737216.000000
0.054317 120226886674292359168.000000 141495738843366128.000000 36850036722353194401792.000000 2702589460993327.000000 1681430788279071043223552.000000 548511813299018.687500 8404910312027192714854400.000000
0.056364 118256515439322791936.000000 146653942797245568.000000 35611947671689237626880.000000 2791614379709215.000000 1606143572814730396434432.000000 567882486910799.375000 7976360407494796251234304.000000
0.058488 116318415606551625728.000000 151999865448414720.000000 34327260051111619330048.000000 2860942876303011.000000 1529239886538376986230784.000000 587937061575384.125000 7569618818751500858163200.000000
0.060692 116175266878819172352.000000 157540313978327168.000000 33088884821214571266048.000000 2930944827314645.000000 1446913926387800962236416.000000 608699685801874.000000 7183576417471091009650688.000000
0.062979 115386683003739897856.000000 163282340439351488.000000 31895152431501827637248.000000 3003763009847969.000000 1369019554772219959705600.000000 630195328180431.000000 6817180474057923867181056.000000
0.065352 114308194774168174592.000000 169233250566617472.000000 30744453521293155762176.000000 3078135980035683.000000 1304879252516535269326848.000000 652449863936248.000000 6469431789793008630628352.000000
0.067815 113323409789159522304.000000 175400612742303360.000000 29635236771081721217024.000000 3153695807855741.000000 1244681361433846618259456.000000 675490072001159.875000 6139381975153030377504768.000000
0.070370 113938392288181665792.000000 181792267322000640.000000 28619734468953173393408.000000 3254337531553039.500000 1187257154725244643049472.000000 699343661625273.500000 5826130865817927251132416.000000
0.073022 113160785355911118848.000000 185945819892275808.000000 27873746713374269374464.000000 3367130232572996.000000 1129969333670940608823296.000000 724039338112008.875000 5528824071208175790981120.000000
0.075774 112675651756200935424.000000 188856500203150560.000000 27188879284940719521792.000000 3483830042135350.000000 1069413090696486321127424.000000 749606801017617.250000 5246650646765520415621120.000000
0.078629 114114058073969819648.000000 191812507583098368.000000 26601440532486628048896.000000 3604572141283241.500000 1012102321458886398181376.000000 776076817318656.625000 4978840884674631974256640.000000
0.081592 115436436065610727424.000000 194814535017255552.000000 25778271593599156092928.000000 3729496361614547.000000 957862590924729807273984.000000 803481219309422.750000 4724664217325330482855936.000000
0.084666 113642555982012825600.000000 197863285511853984.000000 25140058308854692184064.000000 3858747392351778.000000 906529551261909267775488.000000 831852967049979.750000 4483427227198725524815872.000000
0.087857 111876469831851638784.000000 203559709160970176.000000 24502596283359972818944.000000 3992474867582307.000000 857947572689232057073664.000000 861226179796914.250000 4254471757572681297297408.000000
0.091167 110698089936457105408.000000 211056669709741504.000000 23701166122329209569280.000000 4130833631304157.500000 816126735351442827116544.000000 891636182771986.000000 4037173119840540535291904.000000
0.094603 111229924506930921472.000000 215532188960894176.000000 22925913067468823199744.000000 4273983831793915.000000 781519181353167607562240.000000 923119545587433.750000 3830938391919052984418304.000000
0.098168 111538871279356854272.000000 220099752844226592.000000 22175981972834754756608.000000 4422091149342287.000000 748372793449725963534336.000000 955714114329209.125000 3635204802630296862195712.000000
0.101867 110591079761246666752.000000 228206204890698976.000000 21186075592897700298752.000000 4575326993462273.000000 716625923443080598388736.000000 989459078331175.125000 3449438198862541366493184.000000
0.105705 111316754774588375040.000000 236639404220192320.000000 20197540210749302898688.000000 4733868645718798.000000 686219524042020456759296.000000 1024395005302850.500000 3273131590270368908050432.000000
0.109688 112243905570114551808.000000 243858037117677728.000000 19372442205292039503872.000000 4897899533782201.000000 657097039090922582704128.000000 1060563888392009.500000 3105803768267561081241600.000000
0.113822 113037722883163340800.000000 247458186952026624.000000 18835432494976877985792.000000 5067609361708430.000000 629204298538500015259648.000000 1098009191067851.000000 2946997994931240170422272.000000
0.118111 112431024128804995072.000000 255908489023409504.000000 18313212150538425073664.000000 5243194403730193.000000 602489417736981800026112.000000 1136775924869359.500000 2796280758907359276826624.000000
0.122561 111827396710690455552.000000 264805326181864384.000000 17805373047274083450880.000000 5424857664791161.000000 576902701041096966799360.000000 1176910668090631.000000 2653240594209663082299392.000000
0.127180 111226819037015719936.000000 274011084861167392.000000 17307552299318050291712.000000 5612809156251461.000000 552396549451559483736064.000000 1218461648787066.250000 2517486959363956492206080.000000
0.131972 110629269574189137920.000000 283536462995706144.000000 16741727557181144825856.000000 5807266103857656.000000 528925372177760328351744.000000 1261478774961504.250000 2388649173444365048086528.000000
0.136945 110034726577956028416.000000 293392526922685312.000000 16145811497761185464320.000000 6008453205636286.000000 506445501910598941671424.000000 1306013732668659.000000 2266375406158926766407680.000000
0.142105 109046036452554096640.000000 303590723523047744.000000 15485349715139541073920.000000 6216602883352797.000000 483590940845048619597824.000000 1352120000783221.000000 2150331719363655492435968.000000
0.147460 108504545458833293312.000000 314142893945788032.000000 14969417685258718937088.000000 6431955565163272.000000 461240133744967798489088.000000 1399852959009486.500000 2043968539126256084451328.000000
0.153017 108455243300571480064.000000 325061285974688768.000000 14557205146250827005952.000000 6654759926540117.000000 439919599650838191013888.000000 1449269922703577.250000 1944598225390021331910656.000000
0.158783 108405930109371514880.000000 332884933463986176.000000 14156152948834030321664.000000 6885273181872007.000000 419581876806120648998912.000000 1500430219173964.500000 1850028375899747364372480.000000
0.164766 108356608689793761280.000000 337646943131347136.000000 13765957390493481435136.000000 7123761386398570.000000 400181689684374350462976.000000 1553395265149094.000000 1760027506366813495623680.000000
0.170975 108307277059179118592.000000 342476919610516224.000000 13386323029318357221376.000000 7370499732929963.000000 381675848187574940073984.000000 1608228633235303.000000 1674375290908843020648448.000000
0.177417 108257932597080227840.000000 347376093208512960.000000 13016962460365277364224.000000 7599094844297101.000000 364023151660927039832064.000000 1664996130874064.000000 1592862024171983772581888.000000
0.184103 107956329450008723456.000000 356468587618766976.000000 12657596097136854827008.000000 7822086683032660.000000 347184297236513026998272.000000 1723765873127605.500000 1515288109522890426155008.000000
0.191040 107538857942585524224.000000 368845819584297536.000000 12259815555060805402624.000000 8087108394930856.000000 331121792413171001065472.000000 1784608361072852.500000 1441463571781006395441152.000000
0.198239 108109814225216274432.000000 376113680016460416.000000 11860352301033836249088.000000 8364855384371482.000000 315799871692034535325696.000000 1847596581152925.000000 1371207593530440598683648.000000
0.205709 108060407684811358208.000000 382136430009434944.000000 11473865032043501453312.000000 8652126653544544.000000 301184417001449092808704.000000 1912806073726777.750000 1304348073721000059994112.000000
0.213460 108010983637939961856.000000 388254647140839616.000000 11099932080260492820480.000000 8949247727926887.000000 287242881838561141719040.000000 1980315027396921.500000 1240721207564310851616768.000000
0.221504 108112746207681773568.000000 395036765488809344.000000 10738145481229581942784.000000 9255741202458970.000000 273944218875429990170624.000000 2050204373215140.750000 1180171086673761250836480.000000
0.229851 109259239708170240000.000000 406976021237433344.000000 10388110524039716405248.000000 9560271076399098.000000 259797003599722414342144.000000 2122557884249839.500000 1122549318482313665839104.000000
0.238512 110416647190054060032.000000 419273493617261440.000000 10049445328259450404864.000000 9874801979924430.000000 246069381834955850514432.000000 2197462264061585.500000 1067714663992399709077504.000000
0.247499 111585010019421356032.000000 431939748460801664.000000 9841779969015439949824.000000 10180458640031538.000000 233066321220130960310272.000000 2275007257301927.500000 1015532692990909608886272.000000
0.256826 112764366221649379328.000000 444985650641111488.000000 9653389172016693641216.000000 10492023663326866.000000 220749592591727608201216.000000 2355285748473057.500000 965875455882221032833024.000000
0.266503 113894975664968744960.000000 455148564117463424.000000 9228206585499205238784.000000 10813088082137904.000000 210609493041354756849664.000000 2438393878499259.000000 918621171332002852372480.000000
0.276546 114964901615635955712.000000 460500686007889920.000000 8933255042702970454016.000000 11143939040400440.000000 201192254191330700296192.000000 2524431151397092.500000 873653928970244365221888.000000
0.286967 114871284186754744320.000000 465914400027744512.000000 8741171458559862374400.000000 11484872192762854.000000 192193432616612023762944.000000 2613500550303449.000000 830863406420548439244800.000000
0.297780 115536798363973074944.000000 471390347750536064.000000 8303345619846219956224.000000 11836191936786028.000000 183594463173767038238720.000000 2705708664093897.500000 790144599968865459372032.000000
0.309001 114609476427672862720.000000 477558261683144384.000000 8085864028827282309120.000000 12198211668918858.000000 175377604333425022468096.000000 2801165806869249.000000 751397568212259332685824.000000
0.320645 112992005137376673792.000000 494859395458284608.000000 7932341180948719599616.000000 12571254025477432.000000 167525901647940627202048.000000 2899986149014248.000000 714527188057712769368064.000000
0.332727 114596109919465979904.000000 508063017861777216.000000 7663837262011632189440.000000 12955651149785670.000000 160023152837996641779712.000000 3002287850030195.000000 679442922491411905380352.000000
0.345265 116246185804797345792.000000 515028531031298240.000000 7391394004702744018944.000000 13351744951426308.000000 152853874424447443664896.000000 3108193195488424.500000 646058599526675584647168.000000
0.358275 117917649765011423232.000000 522089504908773888.000000 7156818720894943756288.000000 13759887378573092.000000 146003269843160884314112.000000 3217828735810573.000000 614292201818692545150976.000000
0.371776 118889347711982452736.000000 529247255840376704.000000 6968730047404005392384.000000 14180440693988478.000000 139457198974372639932416.000000 3331325445189058.000000 584065666409436517761024.000000
0.385785 117222912081190436864.000000 536503040736474624.000000 6785451066562570092544.000000 14613777757045118.000000 133202149024002700476416.000000 3448818856141173.000000 555304694128623570911232.000000
0.400322 115578584073893003264.000000 543858212488442112.000000 6606857603423192219648.000000 15060282317273552.000000 127225206695859880722432.000000 3570449233644120.500000 527938568176815747104768.000000
0.415407 114746118826562076672.000000 551314186345497984.000000 6408328043034518224896.000000 15520349303913450.000000 121514031596015003369472.000000 3696361724550973.500000 501899981456102777683968.000000
0.431060 115774470697769254912.000000 558872264847290752.000000 6245133276427405230080.000000 15994385135215300.000000 116056830822775594680320.000000 3826706531148694.000000 477124872218804278525952.000000
0.447304 114294759528845836288.000000 566533923751116800.000000 6055992087001148948480.000000 16482808023836540.000000 110842334677477040848896.000000 3961639085989301.000000 453552267638158458355712.000000
0.464159 112833670512272605184.000000 574300489290231936.000000 5891634648089813319680.000000 16986048290991118.000000 105859773457694539644928.000000 4101320224854303.000000 431124134918067182370816.000000
0.481649 112817020695904600064.000000 582173467336125440.000000 5731552408015441231872.000000 17504548692322838.000000 100952007315536620814336.000000 4245916377208097.500000 409785239578125271040000.000000
0.499799 113750465530806616064.000000 590154295825276032.000000 5575632859868276195328.000000 18038764743190420.000000 96248351004712568356864.000000 4395599753071238.000000 389483010567438218559488.000000
0.518632 114690032337391599616.000000 598244408860363392.000000 5419607422555365834752.000000 18589165055634232.000000 91761940950740033863680.000000 4550548543438361.000000 370167411880801689665536.000000
0.538175 114167671925520203776.000000 606445342261274368.000000 5251263770564727144448.000000 19156231679041548.000000 87482766126167422402560.000000 4710947120399054.000000 351790820359282674892800.000000
0.558455 112494425254820429824.000000 614758576673918208.000000 5128490676908866928640.000000 19740460448521580.000000 83401276689646866137088.000000 4876986249213437.000000 334307909381881673547776.000000
0.579498 111430171716313415680.000000 623185681031189760.000000 4991433880370044469248.000000 20342361338893612.000000 79508362742799267790848.000000 5048863308705293.000000 317675538161368867799040.000000
0.601335 111745950074187956224.000000 631728174370096640.000000 4846625705119028609024.000000 20962458825166452.000000 75795334067501360218112.000000 5226782507719820.000000 301852646374477362364416.000000
0.623994 112958824808428208128.000000 640387659954571136.000000 4673693117979003191296.000000 21601292248800256.000000 72253900793879763877888.000000 5410955121707568.000000 286800153870376298872832.000000
0.647508 112129934566803668992.000000 649165707958640512.000000 4486718972469741879296.000000 22259416192582788.000000 69111626764828106817536.000000 5601599731999570.000000 272480865212190607540224.000000
0.671907 112710300152774000640.000000 658063970980759808.000000 4352350785316716019712.000000 22937400854523844.000000 66548124218904870387712.000000 5798942468681144.000000 258859378817395310198784.000000
0.697226 112309554477301940224.000000 676207233267345536.000000 4241305694913197244416.000000 23635832437364748.000000 63717716363325189652480.000000 6003217266660413.000000 245902000477703115898880.000000
0.723499 111874028155228831744.000000 700636283251021056.000000 4062626244519192428544.000000 24355313533655712.000000 60832808975760927752192.000000 6214666128168252.000000 233576661044914198413312.000000
0.750762 113797345309089972224.000000 712820761343446144.000000 3891455939653126324224.000000 25096463522554344.000000 58076459427469222477824.000000 6433539392913542.000000 221852838084025117573120.000000
0.779052 113250540992863272960.000000 720957880119198336.000000 3727479324032575209472.000000 25859918969515716.000000 55442962610938890420224.000000 6660096016316544.000000 210701481300381170401280.000000
0.808408 111970052701836607488.000000 729181855505949312.000000 3576718303429099782144.000000 26646334029409280.000000 52926866574077069361152.000000 6894603857951028.000000 200094941560653968572416.000000
0.838870 110699688439440949248.000000 737493314168097664.000000 3513327967852291948544.000000 27456380854773784.000000 50522961290525650452480.000000 7137339979379567.000000 190006903333203776372736.000000
0.870480 109439277462288728064.000000 749371033789698816.000000 3357020140156010102784.000000 28290750009513160.000000 48226267927844908695552.000000 7388590948361753.000000 180412320383655577911296.000000
0.903282 109741100266326458368.000000 768837845627185152.000000 3207644997444716462080.000000 29150150882956692.000000 46032028591861207662592.000000 7648653153419032.000000 171287354568322211381248.000000
0.937319 110056740294120210432.000000 778144438513824640.000000 3106089448343667212288.000000 30035312107953468.000000 43935696525927934590976.000000 7917833132103992.000000 162609317576418166571008.000000
0.972639 110331382669678706688.000000 797932125158624640.000000 3074089506178884698112.000000 30946981983706484.000000 41845733412962866036736.000000 8196447902149876.000000 154356615478816440057856.000000
1.009290 109488061500303228928.000000 821715771031405056.000000 2926153854399512838144.000000 31885928895354948.000000 39730634089301729607680.000000 8484825308012017.000000 146508695947836173320192.000000
1.047322 109023703306481631232.000000 846201780657803392.000000 2857726707982017232896.000000 32852941739631120.000000 37718216073861989924864.000000 8783304377224429.000000 139045998019756173557760.000000
1.086787 107930890227333644288.000000 871410398589295616.000000 2780697435714187952128.000000 33848830348081480.000000 35803585458269446995968.000000 9092235683866020.000000 131949904276984797593600.000000
1.127740 106985707250276483072.000000 896616636376791168.000000 2685388805297653415936.000000 34874425910502672.000000 33982081128107100602368.000000 9413973448766064.000000 125202695333474465742848.000000
1.170235 107028508304992550912.000000 919867666053141760.000000 2625030962927514943488.000000 35993165065747904.000000 32249263682629641699328.000000 9764547184847484.000000 118787506512334476541952.000000
1.214332 106157641556147011584.000000 943714733412965888.000000 2558500516509205921792.000000 37239305423182984.000000 30600904880573265215488.000000 10128171614795212.000000 112688286609916687286272.000000
1.260090 107248077137627054080.000000 968172675140406144.000000 2488302985756752740352.000000 38528426355363352.000000 29032977587138337964032.000000 10505332369591198.000000 107007760459493856509952.000000
1.307573 106454323249281089536.000000 993256668736034816.000000 2419953280532118765568.000000 39861998133734840.000000 27557177390730640883712.000000 10896532772361972.000000 101676307086413060374528.000000
1.356845 105661195386546421760.000000 1018982238687226880.000000 2358255086705274519552.000000 41241540407875480.000000 26248761668655432859648.000000 11302295009129424.000000 96594550223792114761728.000000
1.407973 105404626925250838528.000000 1042880635705884288.000000 2288599904773815664640.000000 42668623789165184.000000 25001108138770749718528.000000 11723160777815130.000000 91751180578556525674496.000000
1.461028 105349859208027144192.000000 1055185885957123968.000000 2240725801071442395136.000000 44144871485113160.000000 23811415436404325351424.000000 12159691602956656.000000 87135399865940292141056.000000
1.516083 106130864438965501952.000000 1067634780145575296.000000 2164058438829555580928.000000 45671960984149384.000000 22677011295107689742336.000000 12612470004632944.000000 82736897588761561399296.000000
1.573212 105716244294059704320.000000 1080390019070435840.000000 2058313494245508907008.000000 47251625774567784.000000 21595346599497712009216.000000 13082100222435838.000000 78545828863812518805504.000000
1.632493 105183935312608034816.000000 1092969937110815360.000000 2012331909182429593600.000000 48885657123225888.000000 20563989711959439179776.000000 13569208705355740.000000 74552793248195879632896.000000
1.694009 105991699497160720384.000000 1106236398008906368.000000 1962984910535426572288.000000 50575905901109736.000000 19580621060558490173440.000000 14074445282684396.000000 70748814520561166188544.000000
1.757842 105373729222061015040.000000 1119129053422138496.000000 1904661368292472258560.000000 52324284451818224.000000 18643027976204050235392.000000 14598483662355162.000000 67125321374313310322688.000000
1.824081 105015341883656568832.000000 1132139623801587072.000000 1852234880038282461184.000000 54132768517314760.000000 17749099767491817635840.000000 15142022877320686.000000 63674128981758096441344.000000
1.892816 104450263293720969216.000000 1145435603415458560.000000 1792497890958657454080.000000 56003399208848368.000000 16896823022350315290624.000000 15705787543143472.000000 60387421390137429327872.000000
1.964141 103854839604004028416.000000 1158512154448947456.000000 1734574059067301953536.000000 57938285029258072.000000 16084277125975073882112.000000 16290529325990524.000000 57257734712226840838144.000000
2.038154 102933308744605761536.000000 1172592866835356928.000000 1678408417489060888576.000000 59939603956548480.000000 15309629985142553444352.000000 16897027580736494.000000 54277941075928091197440.000000
2.114955 102804834910988517376.000000 1186408576335177216.000000 1627222435622972555264.000000 62009605558947128.000000 14571133949336958795776.000000 17526090654398346.000000 51441233298941018112000.000000
2.194651 102249153599497388032.000000 1200384651901609728.000000 1576156265552898686976.000000 64150613187516104.000000 13829815865535188959232.000000 18178556740298696.000000 48741110256140923437056.000000
2.277350 101135213135225896960.000000 1217163653344227072.000000 1510977228321513275392.000000 66365026194872624.000000 13095662976879256666112.000000 18855295093925764.000000 46171362908811602952192.000000
2.363165 101017354355168935936.000000 1248769557445788928.000000 1469634149670549979136.000000 68655322229599864.000000 12398850182451302498304.000000 19557207171907764.000000 43726060966306564276224.000000
2.452213 99951384475866824704.000000 1286005617098373632.000000 1409649264766304911360.000000 71024059561937528.000000 11737519666046636654592.000000 20285227573253208.000000 41399540152073254338560.000000
2.544617 99363851414997991424.000000 1318411456625683456.000000 1361392268567661772800.000000 73473879478941264.000000 11109905669334694363136.000000 21040325697651828.000000 39186390047285393227776.000000
2.640503 100326812840892137472.000000 1357791270604079360.000000 1313947590225099751424.000000 76007508712550576.000000 10514329926314701619200.000000 21823506601167288.000000 37081442486566925631488.000000
2.740003 98402456108251037696.000000 1403114496890712576.000000 1275773669267601620992.000000 78627761936427232.000000 9991276684301863747584.000000 22635812515043688.000000 35079760481467351695360.000000
2.843251 98256843010398502912.000000 1443971634410823936.000000 1234699733889585512448.000000 81337544296485552.000000 9450702383079246266368.000000 23478324178050260.000000 33176627648499741097984.000000
2.950391 97042224582687342592.000000 1485746776973950976.000000 1211399328391884177408.000000 84139853996694208.000000 8934692236600914477056.000000 24352162140645164.000000 31367538119593638756352.000000
3.061567 96468792001684684800.000000 1519567187502823680.000000 1171081112347158642688.000000 87037784933298672.000000 8444160235898760331264.000000 25258488339385384.000000 29648186913863273283584.000000
3.176933 95898087617608908800.000000 1542107675221952512.000000 1141696491883583242240.000000 90034529367916368.000000 7977954617113874268160.000000 26198507543897804.000000 28014460750551618420736.000000
3.296646 95330080417312276480.000000 1564849781267069696.000000 1119494415228794568704.000000 93133380642855472.000000 7534973771875313778688.000000 27173468846403244.000000 26462429283933394829312.000000
3.420870 94764739220587560960.000000 1586575048013448960.000000 1097723880322691104768.000000 96337735945116576.000000 7117860719953408163840.000000 28184667417039364.000000 24988336741836562366464.000000
3.549775 94030489245436182528.000000 1602921416077144576.000000 1055805321849058099200.000000 99651099096427120.000000 6727334874602497114112.000000 29233446037721012.000000 23588593950276431380480.000000
3.683537 92596783962406748160.000000 1634228625623792128.000000 1027631427399918157824.000000 101752135422084000.000000 6357030178410108813312.000000 30321196860255492.000000 22259770727476439810048.000000
3.822340 92186691023357640704.000000 1657717599740055808.000000 1002409180986891173888.000000 103801321460834368.000000 6056467139310023344128.000000 31343064655073732.000000 20998588631298795896832.000000
3.966373 91850448692490207232.000000 1697222368910156544.000000 975309953758434951168.000000 106845667385443232.000000 5787213583004591980544.000000 32354552876100176.000000 19801914044810811932672.000000
4.115834 91189583379633848320.000000 1751490412388792576.000000 945429036806278348800.000000 109555250500811920.000000 5528099891996857991168.000000 33398417168009648.000000 18666751585378640068608.000000
4.270926 90684892496402579456.000000 1790594151175410176.000000 916200716174671085568.000000 112118137359594272.000000 5278801698307921936384.000000 34475675354079000.000000 17590237823302442680320.000000
4.431863 88630210780072230912.000000 1830397083226700288.000000 886568321012999127040.000000 114741052912366672.000000 4965286784339468615680.000000 35587375989417192.000000 16569635296606240636928.000000
4.598864 88299103627415830528.000000 1870901186161006848.000000 856124229600306003968.000000 117425412568212416.000000 4659830052176469164032.000000 36734599202383744.000000 15602326809143305830400.000000
4.772158 89144202489173360640.000000 1912107715376483840.000000 831140254754864758784.000000 120172665545323664.000000 4371420383684721115136.000000 37918457556895504.000000 14685809999708449406976.000000
4.951983 89250983392206815232.000000 1954017156239106560.000000 792202852582458523648.000000 122984296787594864.000000 4099197468325968871424.000000 39140096926471616.000000 13817692170335528419328.000000
5.138583 87912267388962471936.000000 1990046871362869504.000000 756279230177478311936.000000 125861828566780736.000000 3842341288614844432384.000000 40400697392483200.000000 12995685362423979573248.000000
5.332215 87012934615712432128.000000 1999034040605385728.000000 726809253929258582016.000000 128806820086763040.000000 3600070230661083955200.000000 41701474154760376.000000 12217601669771099635712.000000
5.533143 87416094994576719872.000000 2041108401493846272.000000 701472261979192033280.000000 131860294825557120.000000 3371639289318208438272.000000 43043678462590112.000000 11481348777995476664320.000000
5.741642 87662583548498673664.000000 2094667589933079552.000000 675371379429884690432.000000 134905610726014576.000000 3168432998184422211584.000000 44428598560261336.000000 10784925720219196850176.000000
5.957999 87270053310078959616.000000 2149537717877036032.000000 650104930328980226048.000000 138062725299684448.000000 2985039090063951527936.000000 45857560651425696.000000 10126418839240280375296.000000
6.182508 86737471578023837696.000000 2194908777750174720.000000 625648448687294119936.000000 141293930863893344.000000 2811483791198165401600.000000 47331929879623248.000000 9503997946763589713920.000000
6.415476 87217548767393759232.000000 2213018757648002560.000000 607697029141799239680.000000 144600991642018432.000000 2647270170478780088320.000000 48853111327192080.000000 8915912670582775218176.000000
6.657224 85713804651159535616.000000 2261867925093838336.000000 586488894419363823616.000000 147985714560450016.000000 2525608659424289226752.000000 50422551026390624.000000 8360488980908619071488.000000
6.908081 84042961538680045568.000000 2311580943286778368.000000 568192454757230837760.000000 151449954033752992.000000 2440837685450491559936.000000 52041736991625528.000000 7836125887329573273600.000000
7.168391 83968431447344660480.000000 2362159762487202816.000000 552933386391590535168.000000 154622177326741472.000000 2287509192296504754176.000000 53712200264857496.000000 7341292298166601777152.000000
7.438510 82883416865024524288.000000 2413605368061278208.000000 534150383251658637312.000000 157701694321985792.000000 2171947919649884340224.000000 55435515975445504.000000 6874524034249455042560.000000
7.718807 79138368986569539584.000000 2465917711807903744.000000 514482574366142627840.000000 160829674639602784.000000 2027794983200967622656.000000 57213304417551344.000000 6434420989398470361088.000000
8.009667 77721238705761501184.000000 2537440663716170240.000000 498509312915503054848.000000 165893141844845984.000000 1892349591044827643904.000000 59047232142519672.000000 6019644430143295848448.000000
8.311487 77745209409002700800.000000 2596662433444622336.000000 487521201754689961984.000000 170032197551194784.000000 1795186936665746964480.000000 60453819764147088.000000 5628914427453814865920.000000
8.624680 77305990787463397376.000000 2628037663194310144.000000 471333765327300591616.000000 174015240570153888.000000 1719283566189816053760.000000 61847568460461784.000000 5261007413495850860544.000000
8.949674 75809592902352650240.000000 2656040761430283776.000000 460664158972392570880.000000 178549584218409088.000000 1645956988689170038784.000000 63928138400857608.000000 4914753856660747321344.000000
9.286915 74884203473632722944.000000 2682483462303883776.000000 449924789512276279296.000000 184524781798406560.000000 1575139698437883428864.000000 66107663648141784.000000 4589036048351036964864.000000
9.636864 73585543975352532992.000000 2707064841721602048.000000 437306288282065502208.000000 190615277568692064.000000 1474269692537435848704.000000 68358590784110032.000000 4282785995238806126592.000000
10.000000 74104846614447587328.000000 2738970861897650176.000000 425665345772303155200.000000 194380211061287424.000000 1376117714510075658240.000000 70683055359394784.000000 3994983410947059089408.000000
