10.000000 -0.408446 -1.197657 0.452972 -1.827911 0.803042 -2.621401 0.977460
10.139395 -0.414928 -1.203000 0.450766 -1.875104 0.802040 -2.630270 0.977079
10.280732 -0.425626 -1.228898 0.448515 -2.078187 0.801026 -2.639161 0.976688
10.424040 -0.429920 -1.233034 0.444992 -2.085214 0.799998 -2.648073 0.976289
10.569346 -0.433422 -1.236800 0.443867 -2.133003 0.798956 -2.657006 0.973993
10.716676 -0.445041 -1.247140 0.435093 -2.146681 0.797900 -2.665959 0.975456
10.866061 -0.450333 -1.256736 0.433500 -2.149469 0.796831 -2.674932 0.975024
11.017528 -0.459014 -1.268379 0.425394 -2.158467 0.795746 -2.683924 0.974579
11.171107 -0.461723 -1.265958 0.422655 -2.158467 0.794648 -2.692936 0.974125
11.326826 -0.473354 -1.280420 0.416454 -2.176732 0.793535 -2.701966 0.973657
11.484715 -0.473738 -1.283374 0.412410 -2.178710 0.791590 -2.711015 0.973177
11.644806 -0.488571 -1.289594 0.410341 -2.196973 0.789183 -2.720081 0.970974
11.807128 -0.497412 -1.297538 0.409166 -2.203377 0.786751 -2.729166 0.970491
11.971713 -0.505981 -1.299214 0.405616 -2.209770 0.784293 -2.738267 0.971660
12.138593 -0.510378 -1.322530 0.401510 -2.216149 0.781810 -2.747386 0.971125
12.307798 -0.517515 -1.326326 0.395893 -2.222513 0.779301 -2.756521 0.970578
12.479362 -0.522904 -1.323000 0.392982 -2.225460 0.778568 -2.765672 0.968421
12.653318 -0.524493 -1.337458 0.389012 -2.235731 0.777859 -2.774839 0.967866
12.829698 -0.530342 -1.350732 0.384785 -2.241497 0.777141 -2.784022 0.967297
13.008537 -0.546186 -1.365979 0.379324 -2.247276 0.776414 -2.793220 0.966709
13.189869 -0.552064 -1.366592 0.376241 -2.247276 0.775678 -2.802433 0.967617
13.373729 -0.557408 -1.384284 0.371386 -2.248467 0.774930 -2.811661 0.965488
13.560151 -0.564157 -1.394841 0.364414 -2.266497 0.774174 -2.820903 0.966319
13.749172 -0.581650 -1.399007 0.362945 -2.272680 0.773408 -2.830160 0.965643
13.940828 -0.586112 -1.412377 0.361458 -2.269918 0.772631 -2.839430 0.963520
14.135156 -0.599108 -1.420305 0.359656 -2.272821 0.771846 -2.848715 0.962828
14.332192 -0.595530 -1.429147 0.356641 -2.275117 0.771048 -2.858012 0.963506
14.531975 -0.624643 -1.443784 0.353593 -2.296938 0.769372 -2.867324 0.961385
14.734543 -0.638358 -1.441482 0.350511 -2.296938 0.767623 -2.876648 0.961983
14.939935 -0.644568 -1.464149 0.347395 -2.296938 0.765830 -2.885985 0.959860
15.148189 -0.651960 -1.475379 0.344999 -2.302824 0.763990 -2.895335 0.960380
15.359347 -0.663956 -1.505039 0.341060 -2.303301 0.762103 -2.904698 0.959544
15.573448 -0.687881 -1.532149 0.337840 -2.303301 0.759986 -2.914073 0.958687
15.790533 -0.698321 -1.552290 0.334282 -2.305825 0.757436 -2.923461 0.956548
16.010645 -0.703560 -1.573987 0.325264 -2.305825 0.754859 -2.932861 0.956900
16.233824 -0.707110 -1.600813 0.322132 -2.305825 0.752255 -2.942273 0.955973
16.460115 -0.712578 -1.618960 0.321020 -2.308152 0.749624 -2.951697 0.953813
16.689560 -0.729618 -1.632726 0.319895 -2.308152 0.746965 -2.961134 0.954041
16.922204 -0.736708 -1.675346 0.317769 -2.308152 0.744280 -2.970582 0.951863
17.158090 -0.759099 -1.686087 0.314296 -2.308152 0.741567 -2.980043 0.950846
17.397264 -0.763297 -1.696920 0.310785 -2.308152 0.739317 -2.989516 0.949802
17.639773 -0.773725 -1.717516 0.307236 -2.308152 0.737551 -2.999001 0.949856
17.885662 -0.791465 -1.761335 0.303650 -2.313586 0.735763 -3.008498 0.948737
18.134978 -0.797616 -1.782458 0.299588 -2.314981 0.733953 -3.018007 0.947589
18.387770 -0.806864 -1.799168 0.296360 -2.314981 0.732121 -3.027528 0.945331
18.644085 -0.816187 -1.820767 0.292657 -2.314981 0.730008 -3.037062 0.945201
18.903974 -0.825998 -1.832976 0.288915 -2.316181 0.727253 -3.046609 0.942908
19.167485 -0.842193 -1.863764 0.285811 -2.335917 0.724428 -3.056168 0.941646
19.434669 -0.851590 -1.903926 0.282426 -2.331803 0.721531 -3.065741 0.940350
19.705578 -0.860553 -1.919120 0.278387 -2.337200 0.718560 -3.075326 0.940025
19.980263 -0.864410 -1.929664 0.274311 -2.337200 0.715515 -3.084925 0.938642
20.258777 -0.877560 -1.949132 0.264297 -2.339108 0.712392 -3.094171 0.937223
20.541173 -0.884739 -1.950779 0.257787 -2.335917 0.709435 -3.103404 0.935766
20.827506 -0.897396 -1.966299 0.256246 -2.335917 0.707586 -3.112645 0.934269
21.117830 -0.904692 -1.985244 0.251681 -2.335917 0.705716 -3.121895 0.931793
21.412202 -0.918010 -2.006998 0.240597 -2.335917 0.703823 -3.131153 0.930230
21.710676 -0.921898 -2.010222 0.240245 -2.332696 0.701908 -3.111677 0.929535
22.013311 -0.935940 -2.016154 0.239880 -2.337200 0.699971 -3.120848 0.927871
22.320165 -0.945075 -2.031676 0.234382 -2.337200 0.698010 -3.130027 0.925276
22.631296 -0.950035 -2.034045 0.219977 -2.335917 0.696026 -3.139212 0.923536
22.946764 -0.960548 -2.045380 0.214468 -2.335917 0.694018 -3.148406 0.921747
23.266629 -0.973160 -2.062824 0.214113 -2.347616 0.691988 -3.157608 0.919912
23.590953 -0.980503 -2.065283 0.210161 -2.347616 0.689933 -3.166819 0.918863
23.919798 -0.993095 -2.071370 0.203167 -2.347616 0.687854 -3.176039 0.916914
24.253227 -1.004014 -2.078498 0.197100 -2.349595 0.685751 -3.185269 0.914914
24.591304 -1.009578 -2.085648 0.195288 -2.349595 0.683624 -3.194509 0.912056
24.934094 -1.015168 -2.092541 0.193975 -2.355809 0.680334 -3.203760 0.910751
25.281661 -1.025977 -2.094119 0.193398 -2.363721 0.678161 -3.213021 0.908586
25.634074 -1.038878 -2.101369 0.192808 -2.364877 0.674711 -3.222295 0.906364
25.991399 -1.047810 -2.109028 0.187796 -2.368735 0.671228 -3.231581 0.903324
26.353705 -1.070693 -2.119297 0.184517 -2.368735 0.669114 -3.240881 0.900994
26.721062 -1.075537 -2.128957 0.175509 -2.368735 0.667014 -3.250194 0.899338
27.093539 -1.076937 -2.133977 0.174161 -2.368735 0.664269 -3.259521 0.896870
27.471208 -1.081914 -2.134094 0.163251 -2.368735 0.662730 -3.268864 0.893620
27.854142 -1.092827 -2.141629 0.160101 -2.371524 0.660546 -3.278223 0.891739
28.242413 -1.095662 -2.143511 0.156922 -2.371524 0.658440 -3.287599 0.889070
28.636097 -1.105253 -2.149263 0.142448 -2.371524 0.658407 -3.202428 0.886332
29.035269 -1.121878 -2.154019 0.132878 -2.371524 0.656094 -3.178369 0.883521
29.440005 -1.127898 -2.154019 0.114730 -2.371524 0.653626 -3.186293 0.880637
29.850382 -1.133913 -2.156574 0.114316 -2.369893 0.651130 -2.814346 0.877020
30.266481 -1.139923 -2.159315 0.113914 -2.369893 0.648925 -2.821182 0.874639
30.688379 -1.156159 -2.164715 0.113498 -2.377639 0.646290 -2.827991 0.870883
31.116158 -1.164403 -2.164715 0.105211 -2.381070 0.643472 -2.834773 0.868325
31.549901 -1.170463 -2.175387 0.054820 -2.394880 0.640862 -2.841528 0.865045
31.989689 -1.178467 -2.175439 0.050253 -2.394880 0.638156 -2.848255 0.861064
32.435608 -1.198545 -2.180475 0.042407 -2.394880 0.634968 -2.854955 0.857619
32.887743 -1.200951 -2.180475 0.039706 -2.394951 0.631957 -2.861628 0.854680
33.346180 -1.215985 -2.181054 0.027358 -2.399991 0.630953 -2.868272 0.850458
33.811008 -1.223888 -2.185691 0.022236 -2.403033 0.630883 -2.874889 0.847316
34.282315 -1.236016 -2.191045 0.017827 -2.403033 0.630806 -2.881477 0.843488
34.760192 -1.241307 -2.193388 0.012477 -2.403033 0.630732 -2.888037 0.839004
35.244730 -1.249030 -2.193888 0.006041 -2.404356 0.629091 -2.894568 0.835540
35.736022 -1.262458 -2.200391 0.001060 -2.404356 0.625816 -2.901070 0.830865
36.234163 -1.272612 -2.205504 -0.003954 -2.404356 0.622499 -2.907544 0.826640
36.739248 -1.283672 -2.207184 -0.009000 -2.413007 0.619139 -2.913989 0.822837
37.251373 -1.288456 -2.210580 -0.014078 -2.413249 0.616205 -2.920404 0.817861
37.770637 -1.293259 -2.212883 -0.019188 -2.414276 0.613948 -2.926791 0.813305
38.297139 -1.304052 -2.216332 -0.026238 -2.414276 0.612394 -2.933148 0.809138
38.830980 -1.310509 -2.218887 -0.033915 -2.421168 0.612350 -2.939476 0.803839
39.372263 -1.318205 -2.219582 -0.036837 -2.421168 0.612302 -2.945774 0.799420
39.921091 -1.324591 -2.222952 -0.042182 -2.421168 0.612247 -2.952043 0.793892
40.477570 -1.330977 -2.222965 -0.047559 -2.421168 0.612193 -2.958282 0.789207
41.041805 -1.337364 -2.225057 -0.052782 -2.421168 0.612146 -2.964492 0.783438
41.613906 -1.350998 -2.228664 -0.061756 -2.432770 0.612089 -2.970671 0.778478
42.193981 -1.360432 -2.231971 -0.067369 -2.415935 0.606094 -2.976821 0.772913
42.782142 -1.370659 -2.231971 -0.072996 -2.417378 0.599539 -2.982942 0.766760
43.378502 -1.376469 -2.232909 -0.078637 -2.421168 0.592697 -2.989032 0.761457
43.983175 -1.382262 -2.232909 -0.088611 -2.422217 0.585759 -2.995092 0.759509
44.596276 -1.392284 -2.233044 -0.102552 -2.426170 0.578658 -3.001123 0.757522
45.217924 -1.398781 -2.233044 -0.108542 -2.431676 0.571392 -3.007123 0.755493
45.848238 -1.417483 -2.234333 -0.123438 -2.434383 0.565235 -3.013093 0.753421
46.487337 -1.430344 -2.234732 -0.129580 -2.439078 0.562771 -3.019034 0.751308
47.135345 -1.444605 -2.234732 -0.153841 -2.436633 0.560279 -3.024944 0.749144
47.792386 -1.453106 -2.234766 -0.160306 -2.439351 0.557761 -3.030825 0.746936
48.458586 -1.466563 -2.235731 -0.166797 -2.442258 0.555214 -3.036675 0.744685
49.134073 -1.479651 -2.239323 -0.175066 -2.447151 0.554839 -3.042495 0.742379
49.818975 -1.491809 -2.239836 -0.190523 -2.448506 0.554715 -3.048286 0.740027
50.513425 -1.509137 -2.241799 -0.197921 -2.457096 0.554586 -3.054046 0.737624
51.217554 -1.530010 -2.241859 -0.223822 -2.451685 0.553938 -3.059777 0.735170
51.931499 -1.537841 -2.242633 -0.229173 -2.465276 0.549323 -3.065477 0.732662
52.655396 -1.550608 -2.245282 -0.236104 -2.465276 0.548300 -3.071148 0.730101
53.389384 -1.570803 -2.245282 -0.250933 -2.465276 0.544472 -3.076789 0.727484
54.133603 -1.588564 -2.245722 -0.262789 -2.465276 0.539605 -3.082400 0.724813
54.888196 -1.598825 -2.245722 -0.268649 -2.469998 0.532202 -3.087981 0.722079
55.653308 -1.626300 -2.246951 -0.276588 -2.471062 0.528180 -3.093532 0.719288
56.429085 -1.644346 -2.248467 -0.282263 -2.477265 0.525116 -3.099054 0.716439
57.215676 -1.650795 -2.248467 -0.287951 -2.473524 0.522419 -3.104546 0.713523
58.013231 -1.665780 -2.248829 -0.293653 -2.477265 0.519492 -3.110008 0.710546
58.821904 -1.671940 -2.249205 -0.299367 -2.478312 0.516535 -3.115440 0.707504
59.641849 -1.677474 -2.249205 -0.305094 -2.483460 0.517652 -3.120843 0.704399
60.473224 -1.686727 -2.248863 -0.325762 -2.478293 0.517418 -3.126217 0.701220
61.316188 -1.691283 -2.248829 -0.332009 -2.481587 0.515160 -3.131561 0.697975
62.170903 -1.717109 -2.249205 -0.338519 -2.486871 0.510781 -3.136875 0.694660
63.037532 -1.722852 -2.249205 -0.345133 -2.491708 0.511960 -3.142161 0.691271
63.916241 -1.728588 -2.249546 -0.351194 -2.496716 0.510570 -3.147416 0.687805
64.807198 -1.734316 -2.250732 -0.357259 -2.498814 0.510462 -3.152643 0.684265
65.710575 -1.741294 -2.250732 -0.363477 -2.500691 0.506089 -3.157840 0.680649
66.626545 -1.746650 -2.253342 -0.372925 -2.500691 0.505999 -3.163008 0.676950
67.555283 -1.751906 -2.253342 -0.378589 -2.500691 0.505909 -3.168147 0.673172
68.496967 -1.775882 -2.255309 -0.384250 -2.502986 0.505810 -3.173256 0.669310
69.451778 -1.794091 -2.265068 -0.413478 -2.509743 0.505713 -3.178336 0.665363
70.419898 -1.808159 -2.268938 -0.422254 -2.516366 0.504429 -3.183388 0.661329
71.401513 -1.816683 -2.268938 -0.428811 -2.520773 0.505512 -3.188410 0.657209
72.396811 -1.826930 -2.269676 -0.435384 -2.523945 0.505409 -3.193403 0.656976
73.405984 -1.844739 -2.269888 -0.441974 -2.523972 0.505306 -3.076012 0.656814
74.429223 -1.860893 -2.270715 -0.448580 -2.530610 0.503567 -3.082139 0.654553
75.466726 -1.882240 -2.275848 -0.459923 -2.534102 0.499203 -3.088185 0.654444
76.518692 -1.891311 -2.278520 -0.470689 -2.553260 0.495870 -3.094148 0.654335
77.585321 -1.909458 -2.286602 -0.485858 -2.561702 0.494294 -3.100026 0.654226
78.666818 -1.925508 -2.286602 -0.492855 -2.568378 0.493927 -3.105815 0.654115
79.763391 -1.932118 -2.288078 -0.499919 -2.571960 0.493549 -3.111514 0.653999
80.875249 -1.943267 -2.290092 -0.520502 -2.578811 0.493163 -3.117119 0.651068
82.002606 -1.945423 -2.288078 -0.527513 -2.580722 0.492768 -3.102705 0.653766
83.145678 -1.953126 -2.288078 -0.534552 -2.585312 0.487166 -3.108904 0.653640
84.304684 -1.960036 -2.290092 -0.541620 -2.589343 0.480398 -3.118203 0.653515
85.479845 -1.972215 -2.291030 -0.548718 -2.595179 0.479934 -3.131332 0.653389
86.671388 -1.985361 -2.291030 -0.555848 -2.610783 0.479463 -3.143540 0.653257
87.879540 -1.991217 -2.292993 -0.566655 -2.604119 0.478978 -3.148632 0.653128
89.104533 -1.996570 -2.294468 -0.573822 -2.608520 0.478481 -3.153502 0.652988
90.346602 -1.999546 -2.295524 -0.582952 -2.612807 0.476644 -3.158256 0.652846
91.605985 -2.007592 -2.296497 -0.596902 -2.616981 0.471657 -3.162888 0.652707
92.882923 -2.013051 -2.298710 -0.607875 -2.621047 0.467878 -3.167396 0.652560
94.177660 -2.020113 -2.299739 -0.617025 -2.625007 0.462828 -3.171775 0.652413
95.490446 -2.023225 -2.299739 -0.626382 -2.628866 0.457734 -3.176024 0.652254
96.821531 -2.029233 -2.300895 -0.647083 -2.632626 0.451469 -3.180136 0.652098
98.171170 -2.033841 -2.301903 -0.655872 -2.634263 0.446082 -3.113664 0.651936
99.539623 -2.033841 -2.301903 -0.664934 -2.638142 0.440837 -3.119703 0.651776
100.927151 -2.035378 -2.301903 -0.672514 -2.641987 0.435549 -3.125671 0.651606
102.334021 -2.040629 -2.301903 -0.680137 -2.641694 0.430216 -3.131567 0.651433
103.760502 -2.044069 -2.302858 -0.687805 -2.649081 0.426248 -3.137388 0.651262
105.206867 -2.048027 -2.305146 -0.706107 -2.653336 0.419417 -3.143132 0.648909
106.673394 -2.053009 -2.305146 -0.780692 -2.657035 0.373361 -3.148798 0.650864
108.160363 -2.057894 -2.305146 -0.783741 -2.660715 0.367588 -3.154383 0.650571
109.668060 -2.065051 -2.308152 -0.795517 -2.662677 0.361751 -3.159885 0.650263
111.196773 -2.066009 -2.310556 -0.819883 -2.665667 0.313251 -3.165302 0.649955
112.746796 -2.069070 -2.313586 -0.828728 -2.668602 0.298003 -3.170631 0.649640
114.318425 -2.070814 -2.313220 -0.835969 -2.666530 0.282491 -3.179022 0.649312
115.911962 -2.072739 -2.314397 -0.849212 -2.671088 0.269038 -3.189509 0.648978
117.527712 -2.075911 -2.313586 -0.854216 -2.672830 0.257743 -3.199088 0.649125
119.165984 -2.078012 -2.314397 -0.859232 -2.676600 0.246242 -3.207755 0.648291
120.827094 -2.079381 -2.315791 -0.864261 -2.680335 0.234533 -3.215508 0.647935
122.511358 -2.082363 -2.314981 -0.874637 -2.655040 0.222612 -3.222346 0.647569
124.219100 -2.082598 -2.315791 -0.898266 -2.661157 0.210475 -3.226160 0.647195
125.950646 -2.084955 -2.317559 -0.904091 -2.667261 0.198119 -3.226864 0.646817
127.706330 -2.088352 -2.319757 -0.915034 -2.673345 0.185539 -3.227338 0.646872
129.486487 -2.091208 -2.320337 -0.922513 -2.679403 0.172733 -3.227579 0.646021
131.291459 -2.092526 -2.321853 -0.930030 -2.685427 0.161841 -3.227579 0.645612
133.121590 -2.094119 -2.322029 -0.937586 -2.691412 0.154405 -3.227335 0.645195
134.977233 -2.094903 -2.325072 -0.945182 -2.697352 0.146891 -3.230713 0.644768
136.858742 -2.095577 -2.325701 -0.952410 -2.703240 0.139299 -3.234523 0.644328
138.766479 -2.096093 -2.327356 -0.961624 -2.708430 0.131628 -3.238199 0.643878
140.700809 -2.100315 -2.327948 -0.972842 -2.713141 0.090925 -3.241740 0.643420
142.662102 -2.101798 -2.327948 -0.976681 -2.713447 0.076427 -3.239735 0.642947
144.650734 -2.102168 -2.334580 -0.997151 -2.715949 0.056471 -3.236519 0.596212
146.667087 -2.102588 -2.337200 -1.003424 -2.718449 0.046659 -3.232617 0.596661
148.711546 -2.102661 -2.337683 -1.011370 -2.720948 0.035573 -3.231651 0.596249
150.784505 -2.105945 -2.338188 -1.016700 -2.723447 0.028449 -3.233088 0.595829
152.886359 -2.107917 -2.338887 -1.031931 -2.734309 0.021271 -3.243061 0.595393
155.017512 -2.108159 -2.340052 -1.041871 -2.736943 0.014039 -3.253011 0.594949
157.178372 -2.110678 -2.340815 -1.049640 -2.743813 0.006752 -3.263281 0.594494
159.369353 -2.110739 -2.340834 -1.085449 -2.747898 -0.000592 -3.269959 0.594033
161.590875 -2.112117 -2.346806 -1.120264 -2.750932 -0.007991 -3.276955 0.593555
163.843365 -2.113507 -2.347799 -1.131546 -2.753935 -0.015449 -3.282965 0.593073
166.127252 -2.114662 -2.348364 -1.145789 -2.756557 -0.022965 -3.287996 0.592568
168.442976 -2.119297 -2.347799 -1.154533 -2.759847 -0.030540 -3.292054 0.592057
170.790980 -2.121724 -2.349509 -1.167689 -2.762757 -0.038175 -3.295149 0.591534
173.171713 -2.122735 -2.349755 -1.178192 -2.765637 -0.045872 -3.297296 0.590992
175.585633 -2.125330 -2.349755 -1.204381 -2.760548 -0.053920 -3.298509 0.590445
178.033202 -2.125330 -2.349595 -1.203422 -2.753601 -0.061745 -3.298809 0.589875
180.514888 -2.125641 -2.349755 -1.234779 -2.756126 -0.090427 -3.298215 0.589297
183.031168 -2.130544 -2.352926 -1.240501 -2.758650 -0.106292 -3.296754 0.588707
185.582523 -2.133977 -2.356896 -1.257181 -2.761174 -0.112338 -3.294451 0.588098
188.169442 -2.134094 -2.362193 -1.273209 -2.763695 -0.118404 -3.291337 0.587472
190.792422 -2.140115 -2.364877 -1.289004 -2.761100 -0.147521 -3.287444 0.586835
193.451965 -2.141629 -2.366100 -1.299671 -2.768730 -0.154488 -3.282807 0.586182
196.148581 -2.142403 -2.367162 -1.315028 -2.771241 -0.182238 -3.277462 0.585509
198.882786 -2.148125 -2.370643 -1.348025 -2.773746 -0.227435 -3.272997 0.584820
201.655104 -2.149469 -2.371004 -1.354727 -2.776245 -0.248190 -3.271378 0.584114
204.466067 -2.150433 -2.371524 -1.361496 -2.778737 -0.269238 -3.269490 0.583394
207.316213 -2.151191 -2.372002 -1.384899 -2.781221 -0.290576 -3.249809 0.582649
210.206088 -2.152483 -2.377639 -1.404272 -2.783695 -0.312204 -3.241542 0.581895
213.136247 -2.154430 -2.378281 -1.415164 -2.786160 -0.326560 -3.232824 0.581112
216.107251 -2.157313 -2.383087 -1.446631 -2.785173 -0.352614 -3.245209 0.580313
219.119669 -2.158562 -2.382564 -1.455183 -2.777615 -0.367488 -3.255839 0.579497
222.174078 -2.161714 -2.393791 -1.521634 -2.780336 -0.401539 -3.264781 0.578658
225.271064 -2.164247 -2.394880 -1.544597 -2.783028 -0.431988 -3.283692 0.577799
228.411221 -2.166712 -2.395372 -1.554570 -2.785692 -0.447851 -3.301900 0.576915
231.595149 -2.168669 -2.396861 -1.571487 -2.788326 -0.454625 -3.319350 0.576012
234.823460 -2.172603 -2.399598 -1.591249 -2.790932 -0.460359 -3.331890 0.575085
238.096772 -2.175439 -2.404356 -1.614742 -2.793509 -0.491845 -3.343621 0.574132
241.415712 -2.180475 -2.406889 -1.623891 -2.799589 -0.519535 -3.354528 0.573160
244.780916 -2.182019 -2.411066 -1.651609 -2.805909 -0.537811 -3.364593 0.572161
248.193029 -2.184379 -2.417466 -1.672916 -2.811584 -0.592874 -3.373805 0.571135
251.652705 -2.187992 -2.421168 -1.684207 -2.807692 -0.605022 -3.382151 0.570087
255.160607 -2.191045 -2.426396 -1.725014 -2.807896 -0.620341 -3.389621 0.569007
258.717408 -2.196694 -2.430967 -1.757019 -2.819150 -0.662820 -3.396208 0.567902
262.323788 -2.197705 -2.432770 -1.770361 -2.821373 -0.677038 -3.401907 0.566773
265.980440 -2.198753 -2.435603 -1.783934 -2.813134 -0.691456 -3.406714 0.565609
269.688063 -2.200168 -2.438741 -1.797741 -2.815466 -0.745808 -3.410628 0.564418
273.447368 -2.201725 -2.440693 -1.809856 -2.824606 -0.756032 -3.413652 0.563198
277.259076 -2.202340 -2.440917 -1.826073 -2.830057 -0.765069 -3.415789 0.561948
281.123917 -2.203110 -2.440917 -1.831964 -2.824606 -0.774202 -3.417047 0.560666
285.042632 -2.204449 -2.440917 -1.837523 -2.824606 -0.783437 -3.417434 0.559351
289.015972 -2.205733 -2.441776 -1.848685 -2.826737 -0.812168 -3.416962 -0.245280
293.044698 -2.205504 -2.443063 -1.851673 -2.828916 -0.823218 -3.415648 -0.251827
297.129582 -2.207827 -2.444661 -1.865755 -2.831069 -0.834401 -3.413506 -0.258393
301.271407 -2.213392 -2.448506 -1.882240 -2.832698 -0.870835 -3.410560 -0.264979
305.470967 -2.216914 -2.448506 -1.890358 -2.831720 -0.985208 -3.406829 -0.271586
309.729067 -2.217015 -2.449869 -1.900683 -2.824606 -1.006028 -3.402340 -0.278213
314.046522 -2.218667 -2.452932 -1.915346 -2.827604 -1.039210 -3.397121 -0.284861
318.424160 -2.218887 -2.451930 -1.922884 -2.827042 -1.063334 -3.153967 -0.291531
322.862820 -2.221111 -2.459064 -1.933427 -2.843008 -1.093233 -3.146361 -0.298222
327.363353 -2.222965 -2.461756 -1.944957 -2.844999 -1.122893 -3.138562 -0.304935
331.926620 -2.225792 -2.465210 -1.949988 -2.846966 -1.147137 -3.130604 -0.311670
336.553498 -2.227667 -2.467691 -1.954491 -2.840336 -1.157173 -3.122520 -0.391130
341.244871 -2.230229 -2.472075 -1.962891 -2.850834 -1.170934 -3.126708 -0.407419
346.001639 -2.230229 -2.476387 -1.967403 -2.850630 -1.181146 -3.141830 -0.413007
350.824714 -2.231982 -2.482873 -1.975878 -2.854611 -1.203032 -3.156391 -0.527489
355.715021 -2.233735 -2.485617 -1.975878 -2.856466 -1.226475 -3.170371 -0.533107
360.673495 -2.234308 -2.488739 -1.987772 -2.858729 -1.244402 -3.183751 -0.538736
365.701088 -2.234643 -2.492295 -1.991217 -2.864851 -1.263413 -3.196514 -0.544376
370.798763 -2.234885 -2.493217 -1.991451 -2.861902 -1.284972 -3.205258 -0.550029
375.967497 -2.236399 -2.495390 -1.995758 -2.863671 -1.285845 -3.217386 -0.555695
381.208280 -2.239836 -2.501576 -2.012362 -2.865759 -1.291733 -3.230929 -0.561376
386.522116 -2.241799 -2.502600 -2.017501 -2.865759 -1.356608 -3.242347 -0.567073
391.910025 -2.245282 -2.506559 -2.024027 -2.873319 -1.399468 -3.254511 -0.649865
397.373038 -2.245791 -2.506048 -2.034045 -2.865759 -1.445375 -3.265980 -0.655001
402.912203 -2.247276 -2.509293 -2.037548 -2.878166 -1.471821 -3.276738 -0.660147
408.528580 -2.248000 -2.513405 -2.044302 -2.887594 -1.499654 -3.286770 -0.696467
414.223247 -2.248711 -2.520025 -2.047847 -2.909297 -1.554713 -3.296063 -0.720927
419.997295 -2.248377 -2.519041 -2.048833 -2.915681 -1.561953 -3.304606 -0.727489
425.851829 -2.248711 -2.522487 -2.050156 -2.922440 -1.593780 -3.312389 -0.734083
431.787973 -2.251729 -2.528522 -2.057894 -2.925754 -1.624188 -3.319404 -0.740710
437.806863 -2.252328 -2.528309 -2.061051 -2.930771 -1.647461 -3.325644 -0.747374
443.909653 -2.252328 -2.531220 -2.062776 -2.944514 -1.667606 -3.331105 -0.754074
450.097513 -2.252342 -2.536086 -2.063826 -2.944514 -1.688632 -3.329157 -0.760812
456.371628 -2.253342 -2.538833 -2.065472 -2.967025 -1.709182 -3.342345 -0.767591
462.733201 -2.255309 -2.543911 -2.067737 -2.962531 -1.736348 -3.354837 -0.774411
469.183451 -2.256287 -2.546600 -2.071285 -2.971588 -1.760842 -3.366611 -0.781275
475.723614 -2.260094 -2.550271 -2.075911 -2.971736 -1.775534 -3.377650 -0.788185
482.354943 -2.264257 -2.558187 -2.075912 -2.969132 -1.786362 -3.387935 -0.795142
489.078709 -2.266858 -2.562933 -2.078012 -2.962320 -1.804343 -3.397451 -0.802148
495.896201 -2.270326 -2.565281 -2.078528 -2.973524 -1.814475 -3.406182 -0.809205
502.808725 -2.270700 -2.564102 -2.082363 -2.983500 -1.819979 -3.414116 -0.816315
509.817606 -2.270763 -2.565887 -2.082363 -2.987518 -1.833081 -3.421241 -0.823481
516.924187 -2.272221 -2.569063 -2.084955 -2.987518 -1.837606 -3.427548 -0.830704
524.129830 -2.273344 -2.573724 -2.087391 -2.987518 -1.850809 -3.433028 -0.837986
531.435916 -2.273577 -2.575190 -2.087586 -2.987519 -1.857900 -3.437676 -0.845330
538.843844 -2.276594 -2.578339 -2.091208 -2.989763 -1.876741 -3.441489 -0.852738
546.355035 -2.277402 -2.580084 -2.092526 -2.990983 -1.876741 -3.453792 -0.860213
553.970928 -2.279378 -2.582415 -2.094903 -3.012578 -1.883142 -3.482216 -1.084934
561.692982 -2.283414 -2.588059 -2.095663 -3.030257 -1.885358 -3.509893 -1.096970
569.522678 -2.286602 -2.591585 -2.098680 -3.024878 -1.903920 -3.536780 -1.454558
577.461515 -2.288768 -2.602669 -2.098959 -3.033081 -1.914025 -3.562836 -1.467516
585.511016 -2.290092 -2.608837 -2.098680 -3.053252 -1.924299 -3.588015 -1.472274
593.672722 -2.291088 -2.605707 -2.101424 -3.047322 -1.926868 -3.612276 -1.477054
601.948197 -2.292280 -2.614153 -2.100724 -3.041091 -1.917507 -3.635574 -1.481857
610.339029 -2.292911 -2.622456 -2.101798 -3.061721 -1.926868 -3.657869 -1.486683
618.846824 -2.292911 -2.625942 -2.101798 -3.069595 -1.916908 -3.679117 -1.491534
627.473213 -2.293779 -2.628917 -2.102661 -3.063646 -1.926868 -3.699037 -1.496410
636.219849 -2.297092 -2.635651 -2.103968 -3.090602 -1.926868 -3.710739 -1.501313
645.088409 -2.298710 -2.640343 -2.105945 -3.125409 -1.926868 -3.721211 -1.506243
654.080591 -2.299189 -2.644477 -2.107917 -3.156741 -1.926868 -3.730432 -1.511201
663.198120 -2.298710 -2.648076 -2.108159 -3.150338 -1.929163 -3.738383 -1.516188
672.442742 -2.299251 -2.654991 -2.110677 -3.155542 -1.933426 -3.745049 -1.521205
681.816229 -2.299189 -2.659035 -2.110678 -3.181583 -1.933427 -3.750416 -1.526252
691.320378 -2.299189 -2.663619 -2.108159 -3.179488 -1.929163 -3.754477 -1.531332
700.957009 -2.299189 -2.668692 -2.108159 -3.193790 -1.929163 -3.757226 -1.536443
710.727970 -2.299689 -2.675173 -2.108159 -3.207292 -1.929163 -3.758662 -1.541588
720.635132 -2.299969 -2.680971 -2.110678 -3.232423 -1.934634 -3.758787 -1.685082
730.680395 -2.300610 -2.685801 -2.111318 -3.260907 -1.943266 -3.764336 -1.698982
740.865683 -2.300610 -2.686207 -2.110677 -3.273033 -1.940024 -3.779577 -1.713084
751.192949 -2.301903 -2.686806 -2.110678 -3.289124 -1.943267 -3.793566 -1.727392
761.664172 -2.302858 -2.689850 -2.110678 -3.308564 -1.943267 -3.806273 -1.741909
772.281357 -2.302858 -2.692433 -2.108840 -3.304527 -1.944160 -3.817666 -1.756636
783.046540 -2.303438 -2.693159 -2.108495 -3.331459 -1.943267 -3.827718 -1.759214
793.961785 -2.303780 -2.697228 -2.109455 -3.352418 -1.943267 -3.836408 -1.759214
805.029181 -2.303301 -2.700350 -2.108840 -3.355771 -1.944159 -3.840507 -1.759214
816.250851 -2.303301 -2.704274 -2.108840 -3.364026 -1.944159 -3.835031 -1.759214
827.628946 -2.304108 -2.707745 -2.108840 -3.388968 -1.944160 -3.828187 -1.759214
839.165644 -2.306925 -2.711183 -2.110678 -3.405780 -1.944160 -3.820007 -1.759214
850.863158 -2.306925 -2.714008 -2.110678 -3.420751 -1.944160 -3.831357 -1.759214
862.723729 -2.308885 -2.717957 -2.111318 -3.434830 -1.944159 -3.843612 -1.759214
874.749630 -2.309199 -2.721294 -2.110740 -3.454046 -1.944159 -3.854630 -1.759214
886.943166 -2.309199 -2.724037 -2.110740 -3.471596 -1.944160 -3.855138 -1.759214
899.306672 -2.308885 -2.727313 -2.110677 -3.471499 -1.944159 -3.851090 -1.759214
911.842520 -2.307594 -2.726172 -2.108159 -3.484475 -1.944957 -3.845657 -1.759214
924.553110 -2.307594 -2.723975 -2.107917 -3.498440 -1.944957 -3.859244 -1.759214
937.440879 -2.307519 -2.726334 -2.107917 -3.520297 -1.944957 -3.875516 -1.759214
950.508296 -2.307519 -2.729587 -2.107917 -3.532020 -1.944159 -3.890498 -1.759214
963.757866 -2.307594 -2.731235 -2.107917 -3.546281 -1.944160 -3.904152 -1.768352
977.192128 -2.307519 -2.731623 -2.107917 -3.553409 -1.943266 -3.916442 -1.768352
990.813657 -2.306925 -2.731974 -2.107917 -3.571732 -1.933427 -3.927339 -1.768352
1004.625062 -2.303780 -2.730478 -2.106964 -3.594332 -1.926868 -3.936808 -1.768352
1018.628990 -2.305825 -2.732551 -2.106964 -3.594365 -1.926868 -3.944828 -1.768352
1032.828126 -2.305146 -2.734926 -2.106964 -3.592427 -1.926868 -3.951371 -1.768352
1047.225190 -2.303781 -2.735703 -2.105945 -3.588431 -1.920790 -3.956420 -1.759215
1061.822941 -2.303781 -2.740078 -2.105945 -3.587962 -1.926868 -3.959957 -1.759214
1076.624177 -2.302858 -2.736786 -2.105945 -3.589573 -1.926868 -3.961974 -1.759215
1091.631734 -2.302858 -2.743377 -2.105945 -3.598843 -1.926868 -3.962462 -1.759215
1106.848489 -2.302763 -2.749507 -2.105945 -3.616054 -1.926868 -3.961420 -1.759215
1122.277356 -2.300896 -2.752352 -2.103964 -3.626054 -1.926868 -3.958851 -1.759215
1137.921294 -2.300611 -2.754209 -2.103843 -3.628916 -1.926868 -3.954764 -1.759215
1153.783300 -2.299969 -2.758291 -2.103843 -3.631918 -1.926868 -3.949176 -1.759215
1169.866413 -2.299969 -2.755405 -2.103843 -3.642130 -1.926868 -3.942102 -1.759215
1186.173716 -2.300611 -2.757828 -2.102881 -3.634988 -1.926868 -3.933571 -1.759215
1202.708335 -2.299739 -2.752376 -2.102662 -3.635379 -1.909626 -3.923616 -1.759215
1219.473437 -2.299740 -2.762949 -2.102661 -3.631421 -1.909627 -3.912271 -1.759215
1236.472235 -2.299969 -2.762949 -2.102662 -3.628954 -1.909627 -3.899583 -1.759215
1253.707987 -2.299739 -2.762949 -2.102588 -3.619365 -1.909627 -3.885598 -1.759214
1271.183997 -2.299739 -2.762949 -2.102588 -3.608923 -1.909627 -3.870372 -1.759215
1288.903612 -2.299969 -2.769156 -2.102588 -3.597672 -1.909627 -3.853965 -1.759215
1306.870230 -2.299969 -2.770502 -2.102168 -3.585655 -1.887998 -3.860784 -1.759215
1325.087292 -2.299969 -2.771204 -2.102168 -3.573960 -1.887998 -3.862076 -1.759214
1343.558290 -2.299739 -2.774677 -2.101798 -3.559086 -1.886603 -3.862085 -1.613014
1362.286764 -2.299739 -2.785782 -2.101798 -3.544848 -1.886603 -3.867546 -1.613014
1381.276303 -2.299739 -2.786957 -2.101798 -3.527454 -1.886603 -3.874449 -1.613014
1400.530545 -2.299740 -2.791021 -2.100724 -3.512504 -1.885359 -3.879963 -1.613014
1420.053182 -2.299739 -2.794061 -2.100724 -3.500364 -1.885358 -3.884074 -1.613014
1439.847953 -2.299252 -2.796146 -2.098959 -3.485598 -1.883009 -3.886770 -1.613014
1459.918652 -2.299252 -2.796443 -2.098680 -3.490427 -1.882926 -3.888043 -1.613014
1480.269127 -2.299189 -2.796443 -2.097584 -3.494103 -1.882926 -3.887892 -1.613014
1500.903276 -2.298710 -2.796443 -2.096093 -3.474533 -1.882240 -3.886321 -1.613014
1521.825053 -2.298710 -2.800183 -2.096093 -3.476406 -1.882240 -3.883336 -1.613014
1543.038469 -2.298495 -2.800294 -2.095663 -3.490691 -1.878463 -3.878950 -1.591243
1564.547589 -2.297339 -2.800487 -2.095577 -3.499786 -1.878463 -3.873178 -1.591243
1586.356534 -2.297339 -2.801718 -2.094903 -3.481136 -1.878463 -3.866046 -1.591243
1608.469483 -2.297339 -2.803331 -2.094903 -3.463214 -1.878463 -3.857579 -1.591243
1630.890676 -2.297339 -2.807823 -2.094903 -3.449361 -1.878463 -3.847813 -1.591243
1653.624407 -2.297287 -2.801718 -2.094130 -3.433812 -1.877612 -3.836787 -1.549698
1676.675035 -2.296938 -2.801719 -2.094119 -3.440783 -1.876742 -3.824541 -1.477296
1700.046975 -2.296938 -2.801719 -2.094119 -3.448995 -1.876741 -3.811412 -1.477296
1723.744708 -2.295524 -2.803852 -2.092542 -3.444616 -1.857900 -3.800637 -1.477296
1747.772774 -2.293053 -2.804241 -2.091886 -3.426559 -1.857900 -3.788696 -1.477296
1772.135779 -2.292280 -2.806400 -2.091208 -3.409309 -1.836209 -3.779596 -1.477296
1796.838391 -2.292280 -2.808807 -2.091208 -3.411118 -1.836208 -3.793758 -1.477296
1821.885343 -2.291030 -2.800473 -2.090137 -3.408547 -1.816877 -3.778775 -1.477296
1847.281437 -2.290092 -2.796781 -2.088031 -3.415569 -1.813072 -3.759412 -1.477296
1873.031539 -2.290092 -2.796444 -2.088031 -3.400967 -1.813072 -3.739239 -1.477296
1899.140582 -2.288768 -2.800195 -2.087012 -3.405474 -1.812019 -3.718331 -1.477296
1925.613572 -2.288768 -2.801719 -2.087012 -3.386180 -1.812019 -3.696775 -1.477296
1952.455581 -2.288768 -2.801719 -2.087012 -3.367125 -1.812019 -3.674654 -1.477296
1979.671753 -2.288769 -2.801719 -2.087012 -3.356329 -1.812019 -3.661787 -1.477296
2007.267304 -2.288078 -2.796443 -2.084955 -3.351594 -1.810464 -3.670556 -1.477296
2035.247521 -2.288078 -2.798486 -2.084955 -3.359461 -1.810464 -3.678338 -1.477296
2063.617768 -2.288078 -2.800472 -2.084955 -3.349680 -1.810463 -3.685115 -1.477295
2092.383480 -2.287491 -2.801718 -2.084955 -3.355773 -1.810463 -3.690870 -1.477296
2121.550171 -2.286602 -2.801718 -2.083230 -3.352471 -1.810463 -3.695592 -1.477296
2151.123430 -2.286601 -2.801718 -2.083229 -3.332951 -1.810463 -3.699269 -1.477296
2181.108924 -2.284778 -2.801718 -2.083230 -3.343032 -1.810463 -3.701892 -1.477296
2211.512400 -2.283729 -2.786956 -2.082598 -3.352594 -1.808616 -3.703456 -1.477296
2242.339683 -2.283414 -2.769156 -2.082363 -3.347690 -1.807935 -3.703960 -1.477296
2273.596682 -2.282802 -2.764911 -2.082363 -3.343926 -1.807935 -3.703403 -1.477295
2305.289387 -2.282802 -2.767767 -2.082363 -3.355183 -1.807936 -3.701791 -1.477295
2337.423871 -2.282802 -2.762948 -2.082363 -3.342473 -1.807935 -3.699129 -1.477296
2370.006292 -2.280139 -2.752352 -2.078749 -3.301992 -1.807098 -3.695431 -1.477296
2403.042894 -2.280139 -2.741276 -2.078750 -3.288062 -1.807098 -3.700852 -1.477296
2436.540009 -2.277402 -2.741275 -2.078012 -3.277621 -1.778476 -3.719872 -1.477295
2470.504055 -2.276815 -2.735182 -2.072839 -3.278251 -1.777942 -3.737816 -1.477295
2504.941542 -2.276593 -2.735183 -2.072739 -3.267058 -1.777943 -3.754646 -1.477296
2539.859069 -2.276407 -2.729974 -2.072739 -3.269312 -1.777942 -3.770330 -1.477296
2575.263327 -2.276407 -2.727969 -2.072503 -3.277349 -1.768352 -3.770798 -1.477295
2611.161101 -2.275914 -2.723076 -2.070967 -3.277276 -1.764070 -3.755039 -1.477295
2647.559271 -2.274856 -2.714075 -2.070322 -3.261732 -1.741203 -3.738451 -1.477296
2684.464811 -2.274856 -2.714075 -2.070322 -3.275152 -1.741202 -3.721108 -1.477296
2721.884795 -2.272221 -2.693159 -2.067512 -3.266091 -1.733751 -3.703054 -1.477295
2759.826392 -2.272221 -2.692433 -2.067513 -3.262029 -1.733751 -3.684359 -1.477295
2798.296876 -2.270715 -2.677357 -2.065826 -3.189795 -1.718185 -3.635587 -1.396205
2837.303617 -2.270715 -2.681085 -2.065826 -3.208901 -1.718185 -3.629728 -1.396205
2876.854090 -2.269888 -2.663618 -2.065283 -3.152447 -1.717045 -3.617081 -1.396205
2916.955876 -2.269821 -2.659489 -2.065100 -3.151259 -1.713640 -3.610139 -1.393969
2957.616659 -2.266616 -2.647050 -2.061051 -3.090052 -1.713429 -3.602495 -1.257581
2998.844231 -2.266296 -2.629234 -2.061051 -3.061289 -1.713429 -3.594168 -1.257581
3040.646493 -2.265714 -2.623100 -2.059226 -3.054853 -1.710653 -3.585184 -1.257581
3083.031457 -2.264427 -2.619646 -2.057894 -3.060452 -1.677534 -3.575570 -1.257581
3126.007243 -2.264317 -2.619072 -2.056257 -3.065849 -1.672659 -3.565357 -1.257581
3169.582089 -2.264257 -2.613592 -2.054755 -3.065785 -1.672659 -3.554570 -1.257581
3213.764344 -2.261577 -2.605346 -2.053942 -3.058702 -1.669246 -3.543247 -1.257581
3258.562476 -2.261577 -2.598345 -2.053941 -3.052031 -1.669245 -3.537069 -1.257581
3303.985070 -2.260093 -2.591818 -2.051295 -3.045759 -1.665292 -3.533325 -1.257581
3350.040830 -2.257298 -2.590488 -2.049574 -3.039862 -1.655359 -3.528974 -1.257581
3396.738582 -2.257024 -2.590489 -2.049456 -3.011856 -1.655359 -3.524022 -1.257581
3444.087276 -2.257023 -2.590488 -2.049455 -3.008217 -1.655359 -3.518490 -1.257581
3492.095985 -2.257024 -2.590487 -2.049455 -3.004880 -1.655359 -3.512386 -1.257580
3540.773909 -2.255952 -2.588515 -2.049154 -2.992454 -1.644999 -3.505732 -1.257581
3590.130377 -2.255952 -2.588515 -2.049154 -2.990982 -1.644998 -3.509191 -1.257581
3640.174847 -2.254112 -2.582079 -2.046940 -2.989744 -1.599831 -3.524110 -1.207890
3690.916911 -2.252811 -2.578338 -2.043524 -2.988929 -1.599831 -3.538567 -1.207889
3742.366291 -2.252340 -2.578229 -2.043090 -2.989015 -1.595350 -3.552533 -1.207889
3794.532847 -2.249545 -2.574360 -2.040480 -2.987811 -1.591243 -3.565983 -1.207889
3847.426577 -2.248829 -2.569160 -2.037547 -2.987518 -1.588220 -3.578891 -1.207890
3901.057617 -2.248711 -2.568093 -2.035377 -2.987436 -1.584707 -3.591230 -1.207890
3955.436245 -2.248533 -2.567106 -2.035359 -2.986296 -1.569811 -3.602977 -1.207890
4010.572881 -2.248000 -2.557296 -2.034045 -2.982929 -1.551849 -3.614103 -1.207890
4066.478092 -2.247645 -2.544143 -2.031383 -2.981721 -1.549698 -3.555198 -1.207890
4123.162591 -2.246948 -2.540115 -2.020114 -2.979918 -1.498849 -3.557568 -1.167807
4180.637241 -2.246263 -2.536871 -2.018817 -2.977301 -1.489695 -3.559333 -1.158480
4238.913057 -2.245792 -2.532058 -2.018394 -2.976806 -1.489695 -3.560489 -1.158479
4298.001206 -2.245722 -2.531221 -2.017298 -2.976806 -1.477296 -3.561027 -1.158479
4357.913012 -2.243608 -2.526050 -2.013051 -2.976427 -1.439201 -3.560944 -1.095330
4418.659956 -2.241800 -2.523496 -2.011014 -2.973525 -1.396205 -3.360630 -1.095329
4480.253680 -2.241755 -2.522379 -2.010676 -2.969808 -1.363534 -3.371266 -1.095330
4542.705986 -2.239837 -2.519340 -2.001858 -2.962697 -1.362963 -3.381454 -0.957302
4606.028844 -2.239837 -2.519340 -2.001858 -2.963201 -1.362963 -3.391177 -0.957302
4670.234388 -2.236955 -2.514795 -2.000016 -2.963697 -1.362963 -3.400416 -0.957302
4735.334923 -2.235732 -2.506559 -1.991368 -2.937757 -1.350491 -3.409151 -0.957302
4801.342924 -2.234768 -2.502600 -1.987890 -2.937367 -1.350492 -3.217226 -0.957301
4868.271040 -2.234767 -2.501870 -1.987847 -2.933538 -1.346490 -3.215359 -0.957302
4936.132098 -2.234333 -2.498050 -1.981546 -2.888390 -1.323654 -2.990984 -0.957301
5004.939103 -2.233736 -2.492296 -1.976566 -2.881612 -1.319662 -2.989764 -0.957302
5074.705239 -2.233735 -2.492295 -1.976567 -2.881613 -1.319663 -2.989764 -0.957302
5145.443878 -2.233736 -2.492296 -1.976567 -2.881612 -1.319663 -2.989765 -0.957302
5217.168576 -2.233736 -2.492295 -1.976567 -2.881612 -1.319663 -2.989764 -0.957302
5289.893076 -2.233736 -2.492296 -1.976567 -2.881612 -1.319663 -2.989764 -0.957301
5363.631317 -2.233735 -2.492296 -1.976566 -2.881612 -1.319664 -2.989764 -0.957301
5438.397428 -2.233735 -2.492296 -1.976566 -2.881613 -1.319663 -2.989764 -0.957302
5514.205739 -2.233736 -2.492295 -1.976566 -2.881613 -1.319664 -2.989764 -0.957302
5591.070777 -2.233735 -2.492296 -1.976566 -2.881612 -1.319663 -2.989764 -0.957302
5669.007271 -2.233736 -2.492296 -1.976567 -2.881613 -1.319663 -2.989764 -0.957302
5748.030158 -2.233736 -2.492296 -1.976567 -2.881612 -1.319663 -2.989763 -0.957302
5828.154581 -2.233736 -2.492295 -1.976566 -2.881612 -1.319664 -2.989765 -0.957302
5909.395895 -2.233735 -2.492295 -1.976567 -2.881612 -1.319664 -2.989764 -0.957301
5991.769669 -2.233735 -2.492296 -1.976566 -2.881613 -1.319662 -2.989764 -0.957301
6075.291689 -2.233735 -2.492296 -1.976566 -2.881613 -1.319664 -2.989766 -0.957302
6159.977960 -2.233736 -2.492295 -1.976566 -2.881612 -1.319664 -2.989763 -0.957302
6245.844712 -2.233735 -2.492296 -1.976566 -2.881615 -1.319662 -2.989764 -0.957302
6332.908400 -2.233736 -2.492295 -1.976567 -2.881612 -1.319662 -2.989764 -0.957302
6421.185709 -2.233735 -2.492296 -1.976566 -2.881612 -1.319663 -2.989766 -0.957303
6510.693555 -2.233734 -2.492295 -1.976566 -2.881613 -1.319664 -2.989766 -0.957301
6601.449093 -2.233735 -2.492296 -1.976567 -2.881613 -1.319663 -2.989765 -0.957301
6693.469713 -2.233736 -2.492295 -1.976566 -2.881612 -1.319663 -2.989764 -0.957302
6786.773051 -2.233736 -2.492295 -1.976567 -2.881612 -1.319663 -2.989764 -0.957302
6881.376986 -2.233734 -2.492296 -1.976566 -2.881612 -1.319664 -2.989765 -0.957302
6977.299650 -2.233736 -2.492295 -1.976567 -2.881613 -1.319662 -2.989765 -0.957303
7074.559423 -2.233735 -2.492295 -1.976566 -2.881612 -1.319663 -2.989764 -0.957301
7173.174944 -2.233735 -2.492295 -1.976566 -2.881612 -1.319663 -2.989765 -0.957302
7273.165113 -2.233736 -2.492296 -1.976566 -2.881613 -1.319663 -2.989765 -0.957302
7374.549090 -2.233736 -2.492295 -1.976566 -2.881612 -1.319663 -2.989765 -0.957302
7477.346305 -2.233735 -2.492296 -1.976566 -2.881614 -1.319663 -2.989766 -0.957302
7581.576458 -2.233736 -2.492296 -1.976567 -2.881613 -1.319663 -2.989764 -0.957302
7687.259522 -2.233736 -2.492296 -1.976567 -2.881613 -1.319663 -2.989765 -0.957301
7794.415750 -2.233735 -2.492296 -1.976566 -2.881613 -1.319663 -2.989766 -0.957302
7903.065679 -2.233736 -2.492295 -1.976566 -2.881613 -1.319663 -2.989764 -0.957301
8013.230128 -2.233735 -2.492295 -1.976566 -2.881612 -1.319664 -2.989763 -0.957302
8124.930211 -2.233736 -2.492295 -1.976566 -2.881613 -1.319663 -2.989763 -0.957301
8238.187331 -2.233736 -2.492296 -1.976566 -2.881612 -1.319663 -2.989766 -0.957301
8353.023195 -2.233736 -2.492295 -1.976566 -2.881612 -1.319663 -2.989765 -0.957302
8469.459808 -2.233737 -2.492296 -1.976566 -2.881615 -1.319664 -2.989764 -0.957302
8587.519485 -2.233736 -2.492296 -1.976567 -2.881612 -1.319664 -2.989764 -0.957302
8707.224849 -2.233736 -2.492296 -1.976565 -2.881612 -1.319663 -2.989765 -0.957301
8828.598841 -2.233736 -2.492295 -1.976567 -2.881613 -1.319664 -2.989766 -0.957303
8951.664721 -2.233734 -2.492296 -1.976567 -2.881615 -1.319663 -2.989763 -0.957300
9076.446073 -2.233737 -2.492295 -1.976566 -2.881612 -1.319662 -2.989764 -0.957303
9202.966809 -2.233736 -2.492296 -1.976567 -2.881612 -1.319664 -2.989766 -0.957303
9331.251175 -2.233736 -2.492296 -1.976566 -2.881615 -1.319664 -2.989764 -0.957301
9461.323756 -2.233737 -2.492296 -1.976567 -2.881613 -1.319664 -2.989766 -0.957302
9593.209478 -2.233736 -2.492296 -1.976565 -2.881612 -1.319662 -2.989765 -0.957301
9726.933615 -2.233736 -2.492296 -1.976566 -2.881613 -1.319664 -2.989764 -0.957301
9862.521795 -2.233735 -2.492295 -1.976568 -2.881612 -1.319663 -2.989765 -0.957302
10000.000000 -2.233734 -2.492296 -1.976565 -2.881613 -1.319664 -2.989764 -0.957301
