10.000000 0.336915 0.128996 0.555701 0.021132 0.640662 0.000978 0.667906
10.139395 0.338050 0.129215 0.557073 0.021171 0.641998 0.000974 0.668997
10.280732 0.339131 0.129574 0.558587 0.021209 0.643172 0.000969 0.670048
10.424040 0.339960 0.129927 0.560074 0.021245 0.644245 0.000965 0.671060
10.569346 0.340771 0.130274 0.561453 0.021280 0.645280 0.000961 0.672035
10.716676 0.341562 0.130614 0.562736 0.021314 0.646279 0.000957 0.672972
10.866061 0.342335 0.130863 0.563818 0.021346 0.647243 0.000954 0.673875
11.017528 0.343149 0.131070 0.565180 0.021377 0.648174 0.000950 0.674744
11.171107 0.343828 0.131271 0.565962 0.021407 0.649072 0.000946 0.675580
11.326826 0.344548 0.131466 0.566722 0.021436 0.649939 0.000943 0.676384
11.484715 0.345252 0.131655 0.567622 0.021464 0.650775 0.000939 0.677158
11.644806 0.345938 0.131839 0.568200 0.021490 0.651582 0.000936 0.677902
11.807128 0.346608 0.132017 0.569133 0.021516 0.652360 0.000932 0.678618
11.971713 0.347263 0.132189 0.570350 0.021540 0.653111 0.000929 0.679307
12.138593 0.347901 0.132356 0.571053 0.021564 0.653818 0.000926 0.679969
12.307798 0.348273 0.132662 0.571940 0.021587 0.654533 0.000923 0.680606
12.479362 0.348588 0.132967 0.573073 0.021609 0.655206 0.000920 0.681219
12.653318 0.348891 0.133268 0.574032 0.021629 0.655856 0.000917 0.681808
12.829698 0.349184 0.133563 0.574497 0.021650 0.656482 0.000914 0.682374
13.008537 0.349694 0.133854 0.574973 0.021669 0.657085 0.000911 0.682918
13.189869 0.350233 0.134141 0.575949 0.021687 0.657667 0.000909 0.683442
13.373729 0.350759 0.134422 0.576867 0.021705 0.658228 0.000906 0.683945
13.560151 0.351272 0.134699 0.577749 0.021722 0.658768 0.000903 0.684429
13.749172 0.351771 0.134972 0.578612 0.021739 0.659289 0.000901 0.684894
13.940828 0.352258 0.135240 0.579454 0.021755 0.659792 0.000898 0.685340
14.135156 0.352733 0.135504 0.580277 0.021770 0.660276 0.000896 0.685770
14.332192 0.353196 0.135739 0.581080 0.021784 0.660742 0.000894 0.686183
14.531975 0.353647 0.135798 0.581864 0.021798 0.661192 0.000891 0.686579
14.734543 0.354247 0.135855 0.582631 0.021812 0.661625 0.000889 0.686960
14.939935 0.355062 0.135910 0.583378 0.021825 0.662042 0.000887 0.687327
15.148189 0.355871 0.135963 0.584109 0.021837 0.662444 0.000885 0.687678
15.359347 0.356649 0.136015 0.584920 0.021849 0.662832 0.000883 0.688016
15.573448 0.357440 0.136064 0.585980 0.021861 0.663205 0.000881 0.688341
15.790533 0.358225 0.136111 0.586865 0.021872 0.663846 0.000879 0.688653
16.010645 0.359002 0.136157 0.587230 0.021882 0.664555 0.000877 0.688953
16.233824 0.359772 0.136207 0.588327 0.021892 0.665247 0.000875 0.689241
16.460115 0.360046 0.136421 0.589409 0.021902 0.665921 0.000873 0.689518
16.689560 0.360298 0.136630 0.590477 0.021911 0.666499 0.000871 0.689784
16.922204 0.360544 0.136835 0.590805 0.021920 0.666789 0.000870 0.690039
17.158090 0.360782 0.137035 0.591074 0.021929 0.667444 0.000868 0.690284
17.397264 0.361012 0.137231 0.591334 0.021937 0.668093 0.000866 0.690520
17.639773 0.361236 0.137423 0.591584 0.021945 0.668725 0.000865 0.690746
17.885662 0.361454 0.137611 0.591826 0.021953 0.669218 0.000863 0.690963
18.134978 0.361664 0.137795 0.592154 0.021960 0.669779 0.000862 0.691172
18.387770 0.361869 0.137975 0.593009 0.021967 0.670453 0.000860 0.691373
18.644085 0.362067 0.138151 0.593925 0.021974 0.671111 0.000859 0.691565
18.903974 0.362259 0.138323 0.594247 0.021980 0.671754 0.000857 0.691750
19.167485 0.362446 0.138492 0.594559 0.021986 0.672299 0.000856 0.691928
19.434669 0.362627 0.138657 0.594833 0.021992 0.672794 0.000855 0.692098
19.705578 0.362802 0.138818 0.595157 0.021998 0.673276 0.000853 0.692262
19.980263 0.362972 0.138976 0.595531 0.022003 0.673774 0.000852 0.692476
20.258777 0.363137 0.139130 0.595967 0.022009 0.674268 0.000851 0.692713
20.541173 0.363413 0.139281 0.596392 0.022014 0.674751 0.000850 0.692941
20.827506 0.363715 0.139429 0.596751 0.022019 0.675222 0.000848 0.693162
21.117830 0.364137 0.139573 0.596874 0.022023 0.675681 0.000847 0.693375
21.412202 0.364191 0.139715 0.596992 0.022028 0.676129 0.000846 0.693580
21.710676 0.364518 0.139853 0.597107 0.022032 0.676566 0.000845 0.693779
22.013311 0.364589 0.139988 0.597234 0.022036 0.676992 0.000844 0.693971
22.320165 0.364675 0.140120 0.597397 0.022040 0.677408 0.000843 0.694157
22.631296 0.364912 0.140249 0.597478 0.022044 0.677813 0.000842 0.694336
22.946764 0.365013 0.140375 0.597734 0.022047 0.678208 0.000841 0.694509
23.266629 0.365202 0.140499 0.598105 0.022051 0.678541 0.000840 0.694676
23.590953 0.365385 0.140619 0.598614 0.022054 0.678657 0.000839 0.694837
23.919798 0.365564 0.140737 0.599209 0.022058 0.678855 0.000838 0.694993
24.253227 0.365738 0.140853 0.599794 0.022061 0.679181 0.000837 0.695144
24.591304 0.365907 0.140929 0.600368 0.022064 0.679497 0.000837 0.695289
24.934094 0.366019 0.140948 0.600932 0.022066 0.679813 0.000836 0.695430
25.281661 0.366053 0.140967 0.601415 0.022069 0.680112 0.000835 0.695565
25.634074 0.366085 0.140985 0.601509 0.022072 0.680399 0.000834 0.695696
25.991399 0.366116 0.141002 0.601599 0.022074 0.680750 0.000833 0.695823
26.353705 0.366146 0.141019 0.601687 0.022077 0.680961 0.000833 0.695945
26.721062 0.366198 0.141035 0.601771 0.022079 0.681231 0.000832 0.696063
27.093539 0.366492 0.141050 0.601852 0.022081 0.681494 0.000831 0.696177
27.471208 0.366779 0.141065 0.601931 0.022083 0.681750 0.000831 0.696287
27.854142 0.367061 0.141079 0.602007 0.022085 0.681989 0.000830 0.696393
28.242413 0.367337 0.141093 0.602377 0.022087 0.682242 0.000829 0.696474
28.636097 0.367516 0.141107 0.602819 0.022089 0.682478 0.000829 0.696528
29.035269 0.367731 0.141119 0.603253 0.022091 0.682708 0.000828 0.696580
29.440005 0.367833 0.141132 0.603678 0.022093 0.682932 0.000827 0.696630
29.850382 0.368294 0.141144 0.604095 0.022094 0.683150 0.000827 0.696678
30.266481 0.368637 0.141155 0.604400 0.022096 0.683362 0.000826 0.696724
30.688379 0.368882 0.141166 0.604472 0.022098 0.683569 0.000826 0.696768
31.116158 0.369121 0.141177 0.604542 0.022099 0.683770 0.000825 0.696856
31.549901 0.369356 0.141187 0.604609 0.022100 0.683966 0.000825 0.696951
31.989689 0.369586 0.141197 0.604674 0.022102 0.684156 0.000824 0.697044
32.435608 0.369812 0.141207 0.604737 0.022103 0.684342 0.000824 0.697134
32.887743 0.370033 0.141216 0.604798 0.022104 0.684523 0.000823 0.697220
33.346180 0.370244 0.141225 0.604856 0.022106 0.684699 0.000823 0.697305
33.811008 0.370263 0.141234 0.604912 0.022107 0.684870 0.000822 0.697386
34.282315 0.370280 0.141242 0.604966 0.022108 0.685008 0.000822 0.697465
34.760192 0.370559 0.141250 0.605019 0.022109 0.685113 0.000821 0.697542
35.244730 0.370894 0.141257 0.605069 0.022110 0.685216 0.000821 0.697616
35.736022 0.371223 0.141265 0.605118 0.022111 0.685315 0.000820 0.697688
36.234163 0.371459 0.141272 0.605165 0.022112 0.685411 0.000820 0.697758
36.739248 0.371646 0.141279 0.605211 0.022113 0.685505 0.000820 0.697825
37.251373 0.371830 0.141286 0.605255 0.022113 0.685598 0.000819 0.697891
37.770637 0.372175 0.141292 0.605297 0.022114 0.685825 0.000819 0.697954
38.297139 0.372363 0.141298 0.605338 0.022115 0.686046 0.000818 0.698016
38.830980 0.372482 0.141304 0.605377 0.022116 0.686263 0.000816 0.698075
39.372263 0.372599 0.141310 0.605415 0.022117 0.686475 0.000815 0.698131
39.921091 0.372712 0.141315 0.605452 0.022117 0.686601 0.000814 0.698174
40.477570 0.372855 0.141321 0.605518 0.022118 0.686722 0.000813 0.698215
41.041805 0.373014 0.141326 0.605591 0.022119 0.686839 0.000812 0.698255
41.613906 0.373170 0.141331 0.605618 0.022119 0.686963 0.000811 0.698294
42.193981 0.373322 0.141335 0.605644 0.022120 0.687128 0.000810 0.698331
42.782142 0.373471 0.141340 0.605669 0.022120 0.687290 0.000809 0.698367
43.378502 0.373618 0.141344 0.605693 0.022121 0.687447 0.000808 0.698401
43.983175 0.373761 0.141349 0.605717 0.022121 0.687601 0.000807 0.698434
44.596276 0.373901 0.141353 0.605739 0.022122 0.687751 0.000806 0.698467
45.217924 0.374038 0.141357 0.605761 0.022122 0.687876 0.000806 0.698498
45.848238 0.374130 0.141360 0.605782 0.022123 0.687921 0.000805 0.698528
46.487337 0.374138 0.141364 0.605802 0.022123 0.687963 0.000804 0.698557
47.135345 0.374146 0.141368 0.605822 0.022124 0.688005 0.000803 0.698585
47.792386 0.374154 0.141371 0.605841 0.022124 0.688045 0.000802 0.698612
48.458586 0.374162 0.141374 0.605859 0.022125 0.688178 0.000801 0.698638
49.134073 0.374169 0.141378 0.605877 0.022125 0.688365 0.000800 0.698663
49.818975 0.374211 0.141381 0.605894 0.022125 0.688549 0.000800 0.698688
50.513425 0.374253 0.141384 0.605910 0.022143 0.688728 0.000799 0.698711
51.217554 0.374257 0.141386 0.605930 0.022161 0.688904 0.000798 0.698734
51.931499 0.374261 0.141389 0.606224 0.022178 0.689076 0.000797 0.698756
52.655396 0.374265 0.141392 0.606649 0.022196 0.689245 0.000796 0.698777
53.389384 0.374321 0.141394 0.607068 0.022213 0.689400 0.000796 0.698797
54.133603 0.374519 0.141397 0.607481 0.022230 0.689506 0.000795 0.698817
54.888196 0.374707 0.141399 0.607889 0.022247 0.689610 0.000794 0.698836
55.653308 0.374771 0.141401 0.608291 0.022264 0.689711 0.000794 0.698854
56.429085 0.374834 0.141404 0.608688 0.022280 0.689810 0.000793 0.698872
57.215676 0.374895 0.141406 0.609079 0.022296 0.689907 0.000792 0.698889
58.013231 0.374955 0.141408 0.609294 0.022312 0.690001 0.000792 0.698906
58.821904 0.375014 0.141410 0.609400 0.022328 0.690092 0.000791 0.698921
59.641849 0.375071 0.141412 0.609503 0.022343 0.690182 0.000790 0.698937
60.473224 0.375126 0.141413 0.609604 0.022359 0.690269 0.000790 0.698952
61.316188 0.375181 0.141415 0.609703 0.022374 0.690354 0.000789 0.698966
62.170903 0.375234 0.141417 0.609800 0.022389 0.690438 0.000788 0.698980
63.037532 0.375286 0.141418 0.609894 0.022403 0.690519 0.000788 0.698993
63.916241 0.375336 0.141420 0.609986 0.022418 0.690598 0.000787 0.699006
64.807198 0.375386 0.141422 0.610077 0.022432 0.690675 0.000787 0.699019
65.710575 0.375434 0.141423 0.610165 0.022446 0.690750 0.000786 0.699031
66.626545 0.375481 0.141424 0.610251 0.022460 0.690768 0.000786 0.699042
67.555283 0.375527 0.141426 0.610335 0.022474 0.690775 0.000785 0.699054
68.496967 0.375572 0.141427 0.610418 0.022487 0.690781 0.000784 0.699064
69.451778 0.375616 0.141428 0.610498 0.022501 0.690788 0.000784 0.699075
70.419898 0.375659 0.141430 0.610577 0.022514 0.690794 0.000783 0.699085
71.401513 0.375700 0.141431 0.610654 0.022527 0.690800 0.000783 0.699095
72.396811 0.375741 0.141432 0.610729 0.022540 0.690805 0.000782 0.699104
73.405984 0.375769 0.141433 0.610803 0.022552 0.690811 0.000782 0.699113
74.429223 0.375772 0.141434 0.610875 0.022565 0.690816 0.000781 0.699122
75.466726 0.375775 0.141435 0.610893 0.022577 0.690821 0.000781 0.699130
76.518692 0.375778 0.141436 0.610905 0.022589 0.690826 0.000780 0.699139
77.585321 0.375781 0.141437 0.610917 0.022601 0.690830 0.000780 0.699146
78.666818 0.375783 0.141438 0.610928 0.022613 0.690835 0.000780 0.699154
79.763391 0.375786 0.141439 0.610939 0.022625 0.690839 0.000779 0.699161
80.875249 0.375789 0.141439 0.610950 0.022636 0.690843 0.000779 0.699168
82.002606 0.375791 0.141440 0.610961 0.022648 0.690847 0.000778 0.699175
83.145678 0.375794 0.141441 0.610971 0.022659 0.690851 0.000778 0.699182
84.304684 0.375796 0.141442 0.610981 0.022670 0.690855 0.000777 0.699188
85.479845 0.375798 0.141443 0.610990 0.022681 0.690859 0.000777 0.699194
86.671388 0.375800 0.141443 0.611000 0.022692 0.690862 0.000777 0.699200
87.879540 0.375802 0.141444 0.611009 0.022702 0.690865 0.000776 0.699206
89.104533 0.375804 0.141445 0.611017 0.022713 0.690869 0.000776 0.699212
90.346602 0.375806 0.141445 0.611026 0.022723 0.690872 0.000775 0.699217
91.605985 0.375808 0.141446 0.611034 0.022733 0.690875 0.000775 0.699222
92.882923 0.375810 0.141446 0.611042 0.022743 0.690878 0.000775 0.699227
94.177660 0.375811 0.141447 0.611049 0.022753 0.690880 0.000774 0.699232
95.490446 0.375813 0.141447 0.611057 0.022763 0.690883 0.000774 0.699237
96.821531 0.375815 0.141448 0.611064 0.022772 0.690886 0.000774 0.699241
98.171170 0.375816 0.141448 0.611071 0.022782 0.690909 0.000773 0.699245
99.539623 0.375818 0.141449 0.611078 0.022791 0.690961 0.000773 0.699250
100.927151 0.375819 0.141449 0.611084 0.022800 0.691011 0.000773 0.699254
102.334021 0.375820 0.141450 0.611091 0.022810 0.691061 0.000772 0.699258
103.760502 0.375903 0.141450 0.611097 0.022819 0.691109 0.000772 0.699261
105.206867 0.375950 0.141451 0.611103 0.022827 0.691156 0.000772 0.699265
106.673394 0.375950 0.141451 0.611109 0.022836 0.691202 0.000771 0.699268
108.160363 0.375951 0.141452 0.611114 0.022845 0.691247 0.000771 0.699272
109.668060 0.375952 0.141452 0.611120 0.022853 0.691292 0.000771 0.699275
111.196773 0.375952 0.141452 0.611125 0.022862 0.691335 0.000771 0.699278
112.746796 0.375953 0.141453 0.611130 0.022870 0.691377 0.000770 0.699281
114.318425 0.375953 0.141453 0.611135 0.022878 0.691418 0.000770 0.699284
115.911962 0.375954 0.141453 0.611140 0.022886 0.691458 0.000770 0.699287
117.527712 0.375954 0.141454 0.611145 0.022894 0.691497 0.000770 0.699290
119.165984 0.375955 0.141454 0.611149 0.022902 0.691536 0.000769 0.699293
120.827094 0.375955 0.141454 0.611153 0.022909 0.691573 0.000769 0.699299
122.511358 0.375956 0.141454 0.611158 0.022917 0.691610 0.000769 0.699308
124.219100 0.375960 0.141455 0.611162 0.022924 0.691646 0.000768 0.699317
125.950646 0.376016 0.141455 0.611166 0.022932 0.691681 0.000768 0.699325
127.706330 0.376071 0.141455 0.611170 0.022939 0.691715 0.000768 0.699333
129.486487 0.376125 0.141455 0.611173 0.022946 0.691749 0.000768 0.699341
131.291459 0.376178 0.141456 0.611177 0.022953 0.691781 0.000768 0.699349
133.121590 0.376231 0.141456 0.611180 0.022960 0.691813 0.000767 0.699357
134.977233 0.376282 0.141456 0.611184 0.022967 0.691845 0.000767 0.699364
136.858742 0.376333 0.141456 0.611187 0.022974 0.691875 0.000767 0.699371
138.766479 0.376382 0.141456 0.611190 0.022980 0.691896 0.000767 0.699378
140.700809 0.376431 0.141457 0.611193 0.022987 0.691897 0.000766 0.699385
142.662102 0.376434 0.141457 0.611196 0.022994 0.691897 0.000766 0.699391
144.650734 0.376436 0.141457 0.611226 0.023000 0.691898 0.000766 0.699398
146.667087 0.376438 0.141457 0.611301 0.023006 0.691898 0.000766 0.699404
148.711546 0.376439 0.141457 0.611374 0.023012 0.691899 0.000766 0.699410
150.784505 0.376441 0.141458 0.611446 0.023019 0.691899 0.000765 0.699416
152.886359 0.376442 0.141458 0.611516 0.023025 0.691900 0.000765 0.699421
155.017512 0.376444 0.141458 0.611586 0.023031 0.691900 0.000765 0.699427
157.178372 0.376445 0.141458 0.611654 0.023037 0.691900 0.000765 0.699432
159.369353 0.376447 0.141458 0.611721 0.023042 0.691901 0.000765 0.699437
161.590875 0.376448 0.141458 0.611786 0.023048 0.691901 0.000765 0.699442
163.843365 0.376449 0.141458 0.611851 0.023054 0.691902 0.000764 0.699447
166.127252 0.376450 0.141458 0.611914 0.023059 0.691902 0.000764 0.699452
168.442976 0.376452 0.141459 0.611976 0.023065 0.691902 0.000764 0.699457
170.790980 0.376453 0.141459 0.612037 0.023070 0.691902 0.000764 0.699461
173.171713 0.376454 0.141459 0.612097 0.023075 0.691903 0.000764 0.699466
175.585633 0.376455 0.141459 0.612156 0.023081 0.691903 0.000764 0.699470
178.033202 0.376456 0.141459 0.612214 0.023086 0.691903 0.000763 0.699474
180.514888 0.376457 0.141459 0.612271 0.023091 0.691904 0.000763 0.699478
183.031168 0.376458 0.141459 0.612327 0.023096 0.691904 0.000763 0.699482
185.582523 0.376459 0.141459 0.612382 0.023101 0.691904 0.000763 0.699486
188.169442 0.376490 0.141459 0.612436 0.023106 0.691904 0.000763 0.699489
190.792422 0.376535 0.141460 0.612463 0.023111 0.691905 0.000763 0.699493
193.451965 0.376580 0.141460 0.612470 0.023115 0.691905 0.000763 0.699496
196.148581 0.376625 0.141460 0.612476 0.023120 0.691905 0.000762 0.699500
198.882786 0.376668 0.141460 0.612481 0.023125 0.691905 0.000762 0.699503
201.655104 0.376711 0.141460 0.612487 0.023129 0.691905 0.000762 0.699506
204.466067 0.376753 0.141460 0.612493 0.023134 0.691905 0.000762 0.699509
207.316213 0.376795 0.141460 0.612498 0.023138 0.691906 0.000762 0.699513
210.206088 0.376836 0.141460 0.612503 0.023142 0.691906 0.000762 0.699515
213.136247 0.376876 0.141460 0.612508 0.023147 0.691906 0.000762 0.699518
216.107251 0.376915 0.141460 0.612513 0.023151 0.691906 0.000762 0.699521
219.119669 0.376954 0.141460 0.612518 0.023155 0.691906 0.000761 0.699524
222.174078 0.376992 0.141460 0.612523 0.023159 0.691906 0.000761 0.699526
225.271064 0.377030 0.141460 0.612528 0.023163 0.691907 0.000761 0.699529
228.411221 0.377067 0.141460 0.612532 0.023167 0.691907 0.000761 0.699531
231.595149 0.377103 0.141460 0.612537 0.023171 0.691907 0.000761 0.699534
234.823460 0.377139 0.141460 0.612541 0.023175 0.691907 0.000761 0.699536
238.096772 0.377174 0.141461 0.612545 0.023179 0.691907 0.000761 0.699538
241.415712 0.377207 0.141461 0.612549 0.023183 0.691907 0.000761 0.699541
244.780916 0.377211 0.141461 0.612553 0.023186 0.691907 0.000761 0.699543
248.193029 0.377216 0.141461 0.612557 0.023190 0.691907 0.000760 0.699545
251.652705 0.377221 0.141461 0.612561 0.023194 0.691907 0.000760 0.699547
255.160607 0.377225 0.141461 0.612564 0.023197 0.691908 0.000760 0.699549
258.717408 0.377230 0.141461 0.612568 0.023201 0.691908 0.000760 0.699551
262.323788 0.377234 0.141461 0.612571 0.023204 0.691908 0.000760 0.699553
265.980440 0.377238 0.141461 0.612575 0.023208 0.691919 0.000760 0.699554
269.688063 0.377242 0.141461 0.612578 0.023211 0.691934 0.000760 0.699556
273.447368 0.377246 0.141461 0.612581 0.023214 0.691949 0.000760 0.699558
277.259076 0.377250 0.141461 0.612584 0.023218 0.691963 0.000760 0.699560
281.123917 0.377254 0.141461 0.612587 0.023221 0.691977 0.000760 0.699561
285.042632 0.377258 0.141461 0.612590 0.023224 0.691990 0.000760 0.699563
289.015972 0.377261 0.141461 0.612593 0.023227 0.692004 0.000759 0.699564
293.044698 0.377265 0.141461 0.612596 0.023230 0.692017 0.000759 0.699566
297.129582 0.377268 0.141461 0.612598 0.023233 0.692029 0.000759 0.699567
301.271407 0.377272 0.141461 0.612601 0.023236 0.692042 0.000759 0.699569
305.470967 0.377275 0.141461 0.612604 0.023239 0.692054 0.000759 0.699570
309.729067 0.377278 0.141461 0.612606 0.023242 0.692066 0.000759 0.699571
314.046522 0.377281 0.141461 0.612609 0.023245 0.692078 0.000759 0.699573
318.424160 0.377285 0.141461 0.612611 0.023248 0.692089 0.000759 0.699574
322.862820 0.377288 0.141461 0.612613 0.023251 0.692100 0.000759 0.699575
327.363353 0.377290 0.141461 0.612616 0.023253 0.692111 0.000759 0.699576
331.926620 0.377293 0.141461 0.612618 0.023256 0.692122 0.000759 0.699577
336.553498 0.377296 0.141461 0.612620 0.023259 0.692132 0.000759 0.699578
341.244871 0.377299 0.141461 0.612622 0.023261 0.692142 0.000759 0.699580
346.001639 0.377301 0.141461 0.612624 0.023264 0.692152 0.000759 0.699581
350.824714 0.377304 0.141461 0.612626 0.023266 0.692162 0.000759 0.699582
355.715021 0.377307 0.141461 0.612628 0.023269 0.692172 0.000758 0.699583
360.673495 0.377309 0.141461 0.612630 0.023271 0.692181 0.000758 0.699584
365.701088 0.377311 0.141461 0.612632 0.023274 0.692190 0.000758 0.699585
370.798763 0.377314 0.141461 0.612633 0.023276 0.692199 0.000758 0.699585
375.967497 0.377316 0.141461 0.612635 0.023279 0.692208 0.000758 0.699586
381.208280 0.377318 0.141461 0.612637 0.023281 0.692217 0.000758 0.699587
386.522116 0.377321 0.141461 0.612639 0.023283 0.692225 0.000758 0.699588
391.910025 0.377323 0.141461 0.612640 0.023286 0.692233 0.000758 0.699589
397.373038 0.377325 0.141467 0.612642 0.023288 0.692241 0.000758 0.699590
402.912203 0.377327 0.141480 0.612643 0.023290 0.692249 0.000758 0.699590
408.528580 0.377329 0.141494 0.612645 0.023292 0.692257 0.000758 0.699591
414.223247 0.377331 0.141508 0.612646 0.023294 0.692265 0.000758 0.699592
419.997295 0.377333 0.141521 0.612648 0.023297 0.692272 0.000758 0.699593
425.851829 0.377334 0.141534 0.612649 0.023299 0.692279 0.000758 0.699593
431.787973 0.377336 0.141547 0.612650 0.023301 0.692286 0.000758 0.699594
437.806863 0.377338 0.141560 0.612652 0.023303 0.692293 0.000758 0.699595
443.909653 0.377340 0.141572 0.612653 0.023305 0.692300 0.000758 0.699595
450.097513 0.377341 0.141585 0.612654 0.023307 0.692307 0.000758 0.699596
456.371628 0.377343 0.141597 0.612655 0.023309 0.692313 0.000758 0.699596
462.733201 0.377345 0.141609 0.612656 0.023310 0.692315 0.000757 0.699597
469.183451 0.377346 0.141621 0.612658 0.023312 0.692316 0.000757 0.699597
475.723614 0.377348 0.141633 0.612659 0.023314 0.692316 0.000757 0.699598
482.354943 0.377349 0.141635 0.612660 0.023316 0.692317 0.000757 0.699599
489.078709 0.377351 0.141635 0.612661 0.023318 0.692317 0.000757 0.699599
495.896201 0.377352 0.141635 0.612662 0.023320 0.692318 0.000757 0.699600
502.808725 0.377353 0.141635 0.612663 0.023321 0.692319 0.000757 0.699600
509.817606 0.377355 0.141635 0.612664 0.023323 0.692319 0.000757 0.699601
516.924187 0.377356 0.141635 0.612665 0.023325 0.692320 0.000757 0.699601
524.129830 0.377357 0.141635 0.612666 0.023327 0.692320 0.000757 0.699601
531.435916 0.377359 0.141635 0.612667 0.023328 0.692321 0.000757 0.699602
538.843844 0.377360 0.141635 0.612667 0.023330 0.692321 0.000757 0.699602
546.355035 0.377361 0.141635 0.612668 0.023331 0.692321 0.000757 0.699603
553.970928 0.377362 0.141635 0.612669 0.023333 0.692322 0.000757 0.699603
561.692982 0.377363 0.141635 0.612670 0.023335 0.692322 0.000757 0.699603
569.522678 0.377364 0.141635 0.612671 0.023335 0.692323 0.000757 0.699604
577.461515 0.377365 0.141635 0.612671 0.023335 0.692323 0.000757 0.699604
585.511016 0.377367 0.141635 0.612672 0.023335 0.692324 0.000757 0.699605
593.672722 0.377368 0.141635 0.612673 0.023335 0.692324 0.000757 0.699605
601.948197 0.377369 0.141635 0.612674 0.023335 0.692324 0.000757 0.699605
610.339029 0.377370 0.141635 0.612674 0.023335 0.692325 0.000757 0.699606
618.846824 0.377371 0.141635 0.612675 0.023335 0.692325 0.000757 0.699606
627.473213 0.377371 0.141635 0.612676 0.023335 0.692325 0.000757 0.699606
636.219849 0.377372 0.141635 0.612676 0.023335 0.692326 0.000757 0.699607
645.088409 0.377373 0.141635 0.612677 0.023335 0.692326 0.000757 0.699607
654.080591 0.377374 0.141635 0.612677 0.023335 0.692326 0.000757 0.699607
663.198120 0.377375 0.141635 0.612678 0.023335 0.692327 0.000757 0.699607
672.442742 0.377376 0.141635 0.612679 0.023335 0.692327 0.000757 0.699608
681.816229 0.377377 0.141635 0.612679 0.023335 0.692327 0.000757 0.699608
691.320378 0.377377 0.141635 0.612680 0.023335 0.692328 0.000757 0.699608
700.957009 0.377378 0.141635 0.612680 0.023335 0.692328 0.000757 0.699608
710.727970 0.377379 0.141635 0.612681 0.023335 0.692328 0.000756 0.699609
720.635132 0.377380 0.141635 0.612681 0.023335 0.692328 0.000756 0.699609
730.680395 0.377380 0.141635 0.612682 0.023335 0.692329 0.000756 0.699609
740.865683 0.377381 0.141635 0.612682 0.023335 0.692329 0.000756 0.699609
751.192949 0.377382 0.141635 0.612683 0.023335 0.692329 0.000756 0.699610
761.664172 0.377382 0.141635 0.612683 0.023335 0.692329 0.000756 0.699610
772.281357 0.377383 0.141635 0.612684 0.023335 0.692329 0.000756 0.699610
783.046540 0.377384 0.141635 0.612684 0.023335 0.692330 0.000756 0.699610
793.961785 0.377384 0.141635 0.612684 0.023335 0.692330 0.000756 0.699610
805.029181 0.377385 0.141635 0.612685 0.023335 0.692330 0.000756 0.699610
816.250851 0.377386 0.141635 0.612685 0.023335 0.692330 0.000756 0.699611
827.628946 0.377386 0.141635 0.612686 0.023335 0.692331 0.000756 0.699611
839.165644 0.377387 0.141635 0.612686 0.023335 0.692331 0.000756 0.699611
850.863158 0.377387 0.141635 0.612686 0.023335 0.692331 0.000756 0.699611
862.723729 0.377388 0.141635 0.612687 0.023335 0.692331 0.000756 0.699611
874.749630 0.377388 0.141635 0.612687 0.023335 0.692331 0.000756 0.699611
886.943166 0.377389 0.141635 0.612687 0.023335 0.692331 0.000756 0.699612
899.306672 0.377389 0.141635 0.612688 0.023335 0.692332 0.000756 0.699612
911.842520 0.377390 0.141635 0.612688 0.023335 0.692332 0.000756 0.699612
924.553110 0.377390 0.141635 0.612688 0.023335 0.692332 0.000756 0.699612
937.440879 0.377391 0.141635 0.612689 0.023335 0.692332 0.000756 0.699612
950.508296 0.377391 0.141635 0.612689 0.023335 0.692332 0.000756 0.699612
963.757866 0.377392 0.141635 0.612689 0.023335 0.692332 0.000756 0.699612
977.192128 0.377392 0.141635 0.612689 0.023335 0.692332 0.000756 0.699613
990.813657 0.377392 0.141635 0.612690 0.023335 0.692333 0.000756 0.699613
1004.625062 0.377393 0.141635 0.612690 0.023335 0.692333 0.000756 0.699613
1018.628990 0.377393 0.141635 0.612690 0.023335 0.692333 0.000756 0.699613
1032.828126 0.377394 0.141635 0.612691 0.023335 0.692333 0.000756 0.699613
1047.225190 0.377394 0.141635 0.612691 0.023335 0.692333 0.000756 0.699613
1061.822941 0.377394 0.141635 0.612691 0.023335 0.692333 0.000756 0.699613
1076.624177 0.377395 0.141635 0.612691 0.023335 0.692333 0.000756 0.699613
1091.631734 0.377395 0.141635 0.612691 0.023335 0.692333 0.000756 0.699613
1106.848489 0.377395 0.141635 0.612692 0.023335 0.692334 0.000756 0.699614
1122.277356 0.377396 0.141635 0.612692 0.023335 0.692334 0.000756 0.699614
1137.921294 0.377396 0.141635 0.612692 0.023335 0.692334 0.000756 0.699614
1153.783300 0.377396 0.141635 0.612692 0.023335 0.692334 0.000756 0.699614
1169.866413 0.377397 0.141635 0.612693 0.023335 0.692334 0.000756 0.699614
1186.173716 0.377397 0.141635 0.612693 0.023335 0.692334 0.000756 0.699614
1202.708335 0.377397 0.141635 0.612693 0.023335 0.692334 0.000756 0.699614
1219.473437 0.377398 0.141635 0.612693 0.023335 0.692334 0.000756 0.699614
1236.472235 0.377398 0.141635 0.612693 0.023335 0.692334 0.000756 0.699614
1253.707987 0.377398 0.141635 0.612693 0.023335 0.692334 0.000756 0.699614
1271.183997 0.377398 0.141635 0.612694 0.023335 0.692334 0.000756 0.699614
1288.903612 0.377399 0.141635 0.612694 0.023335 0.692335 0.000756 0.699614
1306.870230 0.377399 0.141635 0.612694 0.023335 0.692335 0.000756 0.699614
1325.087292 0.377399 0.141635 0.612694 0.023335 0.692335 0.000756 0.699615
1343.558290 0.377400 0.141635 0.612694 0.023335 0.692335 0.000756 0.699615
1362.286764 0.377400 0.141635 0.612694 0.023335 0.692335 0.000756 0.699615
1381.276303 0.377400 0.141635 0.612695 0.023335 0.692335 0.000756 0.699615
1400.530545 0.377400 0.141635 0.612695 0.023335 0.692335 0.000756 0.699615
1420.053182 0.377400 0.141635 0.612695 0.023335 0.692335 0.000756 0.699615
1439.847953 0.377401 0.141635 0.612695 0.023335 0.692335 0.000756 0.699615
1459.918652 0.377401 0.141635 0.612695 0.023335 0.692335 0.000756 0.699615
1480.269127 0.377401 0.141635 0.612695 0.023335 0.692335 0.000756 0.699615
1500.903276 0.377401 0.141635 0.612695 0.023335 0.692335 0.000756 0.699615
1521.825053 0.377401 0.141635 0.612695 0.023335 0.692335 0.000756 0.699615
1543.038469 0.377402 0.141635 0.612696 0.023335 0.692335 0.000756 0.699615
1564.547589 0.377402 0.141635 0.612696 0.023335 0.692335 0.000756 0.699615
1586.356534 0.377402 0.141635 0.612696 0.023335 0.692336 0.000756 0.699615
1608.469483 0.377402 0.141635 0.612696 0.023335 0.692336 0.000756 0.699615
1630.890676 0.377402 0.141635 0.612696 0.023335 0.692336 0.000756 0.699615
1653.624407 0.377403 0.141635 0.612696 0.023335 0.692336 0.000756 0.699615
1676.675035 0.377403 0.141635 0.612696 0.023335 0.692336 0.000756 0.699615
1700.046975 0.377403 0.141635 0.612696 0.023335 0.692336 0.000756 0.699615
1723.744708 0.377403 0.141635 0.612696 0.023335 0.692336 0.000756 0.699616
1747.772774 0.377403 0.141635 0.612696 0.023335 0.692336 0.000756 0.699616
1772.135779 0.377403 0.141635 0.612697 0.023335 0.692336 0.000756 0.699616
1796.838391 0.377404 0.141635 0.612697 0.023335 0.692336 0.000756 0.699616
1821.885343 0.377404 0.141635 0.612697 0.023335 0.692336 0.000756 0.699616
1847.281437 0.377404 0.141635 0.612697 0.023335 0.692336 0.000756 0.699616
1873.031539 0.377404 0.141635 0.612697 0.023335 0.692336 0.000756 0.699616
1899.140582 0.377404 0.141635 0.612697 0.023335 0.692336 0.000756 0.699616
1925.613572 0.377404 0.141635 0.612697 0.023335 0.692336 0.000756 0.699616
1952.455581 0.377404 0.141635 0.612697 0.023335 0.692336 0.000756 0.699616
1979.671753 0.377404 0.141635 0.612697 0.023335 0.692336 0.000756 0.699616
2007.267304 0.377405 0.141635 0.612697 0.023335 0.692336 0.000756 0.699616
2035.247521 0.377405 0.141635 0.612697 0.023335 0.692336 0.000755 0.699616
2063.617768 0.377405 0.141635 0.612697 0.023335 0.692336 0.000755 0.699616
2092.383480 0.377405 0.141635 0.612697 0.023335 0.692336 0.000755 0.699616
2121.550171 0.377405 0.141635 0.612698 0.023335 0.692336 0.000755 0.699616
2151.123430 0.377405 0.141635 0.612698 0.023335 0.692336 0.000755 0.699616
2181.108924 0.377405 0.141635 0.612698 0.023335 0.692336 0.000755 0.699616
2211.512400 0.377405 0.141635 0.612698 0.023335 0.692336 0.000755 0.699616
2242.339683 0.377405 0.141635 0.612698 0.023335 0.692336 0.000755 0.699616
2273.596682 0.377406 0.141635 0.612698 0.023335 0.692336 0.000755 0.699616
2305.289387 0.377406 0.141635 0.612698 0.023335 0.692336 0.000755 0.699616
2337.423871 0.377406 0.141635 0.612698 0.023335 0.692336 0.000755 0.699616
2370.006292 0.377406 0.141635 0.612698 0.023335 0.692337 0.000755 0.699616
2403.042894 0.377406 0.141635 0.612698 0.023335 0.692337 0.000755 0.699616
2436.540009 0.377406 0.141635 0.612698 0.023335 0.692337 0.000755 0.699616
2470.504055 0.377406 0.141635 0.612698 0.023335 0.692337 0.000755 0.699616
2504.941542 0.377406 0.141635 0.612698 0.023335 0.692337 0.000755 0.699616
2539.859069 0.377406 0.141635 0.612698 0.023335 0.692337 0.000755 0.699616
2575.263327 0.377406 0.141635 0.612698 0.023335 0.692337 0.000755 0.699616
2611.161101 0.377406 0.141635 0.612698 0.023335 0.692337 0.000755 0.699616
2647.559271 0.377406 0.141635 0.612698 0.023335 0.692337 0.000755 0.699616
2684.464811 0.377407 0.141635 0.612698 0.023335 0.692337 0.000755 0.699616
2721.884795 0.377407 0.141635 0.612698 0.023335 0.692337 0.000755 0.699616
2759.826392 0.377407 0.141635 0.612698 0.023335 0.692337 0.000755 0.699616
2798.296876 0.377407 0.141635 0.612699 0.023335 0.692337 0.000755 0.699616
2837.303617 0.377407 0.141635 0.612699 0.023335 0.692337 0.000755 0.699616
2876.854090 0.377407 0.141635 0.612699 0.023335 0.692337 0.000755 0.699616
2916.955876 0.377407 0.141635 0.612699 0.023335 0.692337 0.000755 0.699616
2957.616659 0.377407 0.141635 0.612699 0.023335 0.692337 0.000755 0.699616
2998.844231 0.377407 0.141635 0.612699 0.023335 0.692337 0.000755 0.699616
3040.646493 0.377407 0.141635 0.612699 0.023335 0.692337 0.000755 0.699616
3083.031457 0.377407 0.141635 0.612699 0.023335 0.692337 0.000755 0.699616
3126.007243 0.377407 0.141635 0.612699 0.023335 0.692337 0.000755 0.699616
3169.582089 0.377407 0.141635 0.612699 0.023335 0.692337 0.000755 0.699616
3213.764344 0.377407 0.141635 0.612699 0.023335 0.692337 0.000755 0.699616
3258.562476 0.377407 0.141635 0.612699 0.023335 0.692337 0.000755 0.699616
3303.985070 0.377408 0.141635 0.612699 0.023335 0.692337 0.000755 0.699616
3350.040830 0.377410 0.141635 0.612699 0.023335 0.692337 0.000755 0.699616
3396.738582 0.377412 0.141635 0.612699 0.023335 0.692337 0.000755 0.699616
3444.087276 0.377413 0.141635 0.612699 0.023335 0.692337 0.000755 0.699617
3492.095985 0.377415 0.141635 0.612699 0.023335 0.692337 0.000755 0.699617
3540.773909 0.377417 0.141635 0.612699 0.023335 0.692337 0.000755 0.699617
3590.130377 0.377419 0.141635 0.612699 0.023335 0.692337 0.000755 0.699617
3640.174847 0.377420 0.141635 0.612699 0.023335 0.692337 0.000755 0.699617
3690.916911 0.377422 0.141635 0.612699 0.023335 0.692337 0.000755 0.699617
3742.366291 0.377424 0.141635 0.612699 0.023335 0.692337 0.000755 0.699617
3794.532847 0.377425 0.141635 0.612699 0.023335 0.692337 0.000755 0.699617
3847.426577 0.377427 0.141635 0.612699 0.023335 0.692337 0.000755 0.699617
3901.057617 0.377429 0.141635 0.612699 0.023335 0.692337 0.000755 0.699617
3955.436245 0.377430 0.141635 0.612699 0.023335 0.692337 0.000755 0.699617
4010.572881 0.377432 0.141635 0.612699 0.023335 0.692337 0.000755 0.699617
4066.478092 0.377433 0.141635 0.612699 0.023335 0.692337 0.000755 0.699617
4123.162591 0.377435 0.141635 0.612699 0.023335 0.692337 0.000755 0.699617
4180.637241 0.377436 0.141635 0.612699 0.023335 0.692337 0.000755 0.699617
4238.913057 0.377437 0.141635 0.612699 0.023335 0.692337 0.000755 0.699617
4298.001206 0.377439 0.141635 0.612699 0.023335 0.692337 0.000755 0.699617
4357.913012 0.377440 0.141635 0.612699 0.023335 0.692337 0.000755 0.699617
4418.659956 0.377442 0.141635 0.612699 0.023335 0.692337 0.000755 0.699617
4480.253680 0.377443 0.141635 0.612699 0.023335 0.692337 0.000755 0.699617
4542.705986 0.377444 0.141635 0.612699 0.023335 0.692337 0.000755 0.699617
4606.028844 0.377446 0.141635 0.612699 0.023335 0.692337 0.000755 0.699617
4670.234388 0.377447 0.141635 0.612699 0.023335 0.692337 0.000755 0.699617
4735.334923 0.377448 0.141635 0.612699 0.023335 0.692337 0.000755 0.699617
4801.342924 0.377449 0.141635 0.612699 0.023335 0.692337 0.000755 0.699617
4868.271040 0.377450 0.141635 0.612699 0.023335 0.692337 0.000755 0.699617
4936.132098 0.377452 0.141635 0.612699 0.023335 0.692337 0.000755 0.699617
5004.939103 0.377453 0.141635 0.612699 0.023335 0.692337 0.000755 0.699617
5074.705239 0.377454 0.141635 0.612699 0.023335 0.692337 0.000755 0.699617
5145.443878 0.377455 0.141635 0.612699 0.023335 0.692337 0.000755 0.699617
5217.168576 0.377456 0.141635 0.612699 0.023335 0.692337 0.000755 0.699617
5289.893076 0.377457 0.141635 0.612700 0.023335 0.692337 0.000755 0.699617
5363.631317 0.377458 0.141635 0.612700 0.023335 0.692337 0.000755 0.699617
5438.397428 0.377460 0.141635 0.612700 0.023335 0.692337 0.000755 0.699617
5514.205739 0.377461 0.141635 0.612700 0.023335 0.692337 0.000755 0.699617
5591.070777 0.377462 0.141635 0.612700 0.023335 0.692337 0.000755 0.699617
5669.007271 0.377463 0.141635 0.612700 0.023335 0.692337 0.000755 0.699617
5748.030158 0.377464 0.141635 0.612700 0.023335 0.692337 0.000755 0.699617
5828.154581 0.377465 0.141635 0.612700 0.023335 0.692337 0.000755 0.699617
5909.395895 0.377466 0.141635 0.612700 0.023335 0.692337 0.000755 0.699617
5991.769669 0.377466 0.141635 0.612700 0.023335 0.692337 0.000755 0.699617
6075.291689 0.377467 0.141635 0.612700 0.023335 0.692337 0.000755 0.699617
6159.977960 0.377468 0.141635 0.612700 0.023335 0.692337 0.000755 0.699617
6245.844712 0.377469 0.141635 0.612700 0.023335 0.692337 0.000755 0.699617
6332.908400 0.377470 0.141635 0.612700 0.023335 0.692337 0.000755 0.699617
6421.185709 0.377471 0.141635 0.612700 0.023335 0.692337 0.000755 0.699617
6510.693555 0.377472 0.141635 0.612700 0.023335 0.692337 0.000755 0.699617
6601.449093 0.377473 0.141635 0.612700 0.023335 0.692337 0.000755 0.699617
6693.469713 0.377474 0.141635 0.612700 0.023335 0.692337 0.000755 0.699617
6786.773051 0.377474 0.141635 0.612700 0.023335 0.692337 0.000755 0.699617
6881.376986 0.377475 0.141635 0.612700 0.023335 0.692337 0.000755 0.699617
6977.299650 0.377476 0.141635 0.612700 0.023335 0.692337 0.000755 0.699617
7074.559423 0.377477 0.141635 0.612700 0.023335 0.692337 0.000755 0.699617
7173.174944 0.377478 0.141635 0.612700 0.023335 0.692337 0.000755 0.699617
7273.165113 0.377478 0.141635 0.612700 0.023335 0.692337 0.000755 0.699617
7374.549090 0.377479 0.141635 0.612700 0.023335 0.692337 0.000755 0.699617
7477.346305 0.377480 0.141635 0.612700 0.023335 0.692337 0.000755 0.699617
7581.576458 0.377480 0.141635 0.612700 0.023335 0.692337 0.000755 0.699617
7687.259522 0.377481 0.141635 0.612700 0.023335 0.692337 0.000755 0.699617
7794.415750 0.377482 0.141635 0.612700 0.023335 0.692337 0.000755 0.699617
7903.065679 0.377483 0.141635 0.612700 0.023335 0.692337 0.000755 0.699617
8013.230128 0.377483 0.141635 0.612700 0.023335 0.692337 0.000755 0.699617
8124.930211 0.377484 0.141635 0.612700 0.023335 0.692337 0.000755 0.699617
8238.187331 0.377485 0.141635 0.612700 0.023335 0.692337 0.000755 0.699617
8353.023195 0.377485 0.141635 0.612700 0.023335 0.692337 0.000755 0.699617
8469.459808 0.377486 0.141635 0.612700 0.023335 0.692337 0.000755 0.699617
8587.519485 0.377486 0.141635 0.612700 0.023335 0.692337 0.000755 0.699617
8707.224849 0.377487 0.141635 0.612700 0.023335 0.692337 0.000755 0.699617
8828.598841 0.377488 0.141635 0.612700 0.023335 0.692337 0.000755 0.699617
8951.664721 0.377488 0.141635 0.612700 0.023335 0.692337 0.000755 0.699617
9076.446073 0.377489 0.141635 0.612700 0.023335 0.692337 0.000755 0.699617
9202.966809 0.377489 0.141635 0.612700 0.023335 0.692337 0.000755 0.699617
9331.251175 0.377490 0.141635 0.612700 0.023335 0.692337 0.000755 0.699617
9461.323756 0.377491 0.141635 0.612700 0.023335 0.692337 0.000755 0.699617
9593.209478 0.377491 0.141635 0.612700 0.023335 0.692337 0.000755 0.699617
9726.933615 0.377492 0.141635 0.612700 0.023335 0.692337 0.000755 0.699617
9862.521795 0.377492 0.141635 0.612700 0.023335 0.692337 0.000755 0.699617
10000.000000 0.377493 0.141635 0.612700 0.023335 0.692337 0.000755 0.699617
