10.000000 0.000358 0.000146 0.000780 0.000106 0.000963 0.000101 0.000997
10.139395 0.000358 0.000146 0.000780 0.000106 0.000963 0.000101 0.000997
10.280732 0.000358 0.000146 0.000780 0.000106 0.000963 0.000101 0.000997
10.424040 0.000358 0.000146 0.000780 0.000106 0.000963 0.000101 0.000997
10.569346 0.000358 0.000146 0.000780 0.000106 0.000963 0.000101 0.000997
10.716676 0.000358 0.000146 0.000780 0.000106 0.000963 0.000101 0.000997
10.866061 0.000358 0.000146 0.000780 0.000106 0.000963 0.000101 0.000997
11.017528 0.000358 0.000146 0.000780 0.000106 0.000963 0.000101 0.000997
11.171107 0.000358 0.000146 0.000780 0.000106 0.000963 0.000101 0.000997
11.326826 0.000358 0.000146 0.000780 0.000106 0.000963 0.000101 0.000997
11.484715 0.000358 0.000146 0.000780 0.000106 0.000963 0.000101 0.000997
11.644806 0.000358 0.000146 0.000780 0.000106 0.000963 0.000101 0.000997
11.807128 0.000358 0.000146 0.000780 0.000106 0.000963 0.000101 0.000997
11.971713 0.000358 0.000146 0.000780 0.000106 0.000963 0.000101 0.000997
12.138593 0.000358 0.000146 0.000780 0.000106 0.000963 0.000101 0.000997
12.307798 0.000358 0.000146 0.000780 0.000106 0.000963 0.000101 0.000997
12.479362 0.000358 0.000146 0.000780 0.000106 0.000963 0.000101 0.000997
12.653318 0.000358 0.000146 0.000780 0.000106 0.000963 0.000101 0.000997
12.829698 0.000358 0.000146 0.000780 0.000106 0.000963 0.000101 0.000997
13.008537 0.000358 0.000146 0.000780 0.000106 0.000963 0.000101 0.000997
13.189869 0.000358 0.000146 0.000780 0.000106 0.000963 0.000101 0.000997
13.373729 0.000358 0.000146 0.000780 0.000106 0.000963 0.000101 0.000997
13.560151 0.000358 0.000146 0.000780 0.000106 0.000963 0.000101 0.000997
13.749172 0.000358 0.000146 0.000780 0.000106 0.000963 0.000101 0.000997
13.940828 0.000358 0.000146 0.000780 0.000106 0.000963 0.000101 0.000997
14.135156 0.000358 0.000146 0.000780 0.000106 0.000963 0.000101 0.000997
14.332192 0.000358 0.000146 0.000780 0.000106 0.000963 0.000101 0.000997
14.531975 0.000358 0.000146 0.000780 0.000106 0.000963 0.000101 0.000997
14.734543 0.000358 0.000146 0.000780 0.000106 0.000963 0.000101 0.000997
14.939935 0.000358 0.000146 0.000780 0.000106 0.000963 0.000101 0.000997
15.148189 0.000358 0.000146 0.000780 0.000106 0.000963 0.000101 0.000997
15.359347 0.000358 0.000146 0.000780 0.000106 0.000963 0.000101 0.000997
15.573448 0.000358 0.000146 0.000780 0.000106 0.000963 0.000101 0.000997
15.790533 0.000358 0.000146 0.000780 0.000106 0.000963 0.000101 0.000997
16.010645 0.000358 0.000146 0.000780 0.000106 0.000963 0.000101 0.000997
16.233824 0.000358 0.000146 0.000780 0.000106 0.000963 0.000101 0.000997
16.460115 0.000358 0.000146 0.000780 0.000106 0.000963 0.000101 0.000997
16.689560 0.000358 0.000146 0.000780 0.000106 0.000963 0.000101 0.000997
16.922204 0.000358 0.000146 0.000780 0.000106 0.000963 0.000101 0.000997
17.158090 0.000358 0.000146 0.000780 0.000106 0.000963 0.000101 0.000997
17.397264 0.000358 0.000146 0.000780 0.000106 0.000963 0.000101 0.000997
17.639773 0.000358 0.000146 0.000780 0.000106 0.000963 0.000101 0.000997
17.885662 0.000358 0.000146 0.000780 0.000106 0.000963 0.000101 0.000997
18.134978 0.000358 0.000146 0.000780 0.000106 0.000963 0.000101 0.000997
18.387770 0.000358 0.000146 0.000780 0.000106 0.000963 0.000101 0.000997
18.644085 0.000358 0.000146 0.000780 0.000106 0.000963 0.000101 0.000997
18.903974 0.000358 0.000146 0.000780 0.000106 0.000963 0.000101 0.000997
19.167485 0.000358 0.000146 0.000780 0.000106 0.000963 0.000101 0.000997
19.434669 0.000358 0.000146 0.000780 0.000106 0.000963 0.000101 0.000997
19.705578 0.000358 0.000146 0.000780 0.000106 0.000963 0.000101 0.000997
19.980263 0.000358 0.000146 0.000780 0.000106 0.000963 0.000101 0.000997
20.258777 0.000358 0.000146 0.000780 0.000106 0.000963 0.000101 0.000997
20.541173 0.000358 0.000146 0.000780 0.000106 0.000963 0.000101 0.000997
20.827506 0.000358 0.000146 0.000780 0.000106 0.000963 0.000101 0.000997
21.117830 0.000358 0.000146 0.000780 0.000106 0.000963 0.000101 0.000997
21.412202 0.000358 0.000146 0.000780 0.000106 0.000963 0.000101 0.000997
21.710676 0.000358 0.000146 0.000780 0.000106 0.000963 0.000101 0.000997
22.013311 0.000358 0.000146 0.000780 0.000106 0.000963 0.000101 0.000997
22.320165 0.000358 0.000146 0.000780 0.000106 0.000963 0.000101 0.000997
22.631296 0.000358 0.000146 0.000780 0.000106 0.000963 0.000101 0.000997
22.946764 0.000358 0.000146 0.000780 0.000106 0.000963 0.000101 0.000997
23.266629 0.000358 0.000146 0.000780 0.000106 0.000963 0.000101 0.000997
23.590953 0.000358 0.000146 0.000780 0.000106 0.000963 0.000101 0.000997
23.919798 0.000358 0.000146 0.000780 0.000106 0.000963 0.000101 0.000997
24.253227 0.000358 0.000146 0.000780 0.000106 0.000963 0.000101 0.000997
24.591304 0.000358 0.000146 0.000780 0.000106 0.000963 0.000101 0.000997
24.934094 0.000358 0.000146 0.000780 0.000106 0.000963 0.000101 0.000997
25.281661 0.000358 0.000146 0.000780 0.000106 0.000963 0.000101 0.000997
25.634074 0.000358 0.000146 0.000780 0.000106 0.000963 0.000101 0.000997
25.991399 0.000358 0.000146 0.000780 0.000106 0.000963 0.000101 0.000997
26.353705 0.000358 0.000146 0.000780 0.000106 0.000963 0.000101 0.000997
26.721062 0.000358 0.000146 0.000780 0.000106 0.000963 0.000101 0.000997
27.093539 0.000358 0.000146 0.000780 0.000106 0.000963 0.000101 0.000997
27.471208 0.000358 0.000146 0.000780 0.000106 0.000963 0.000101 0.000997
27.854142 0.000358 0.000146 0.000780 0.000106 0.000963 0.000101 0.000997
28.242413 0.000358 0.000146 0.000780 0.000106 0.000963 0.000101 0.000997
28.636097 0.000358 0.000146 0.000780 0.000106 0.000963 0.000101 0.000997
29.035269 0.000358 0.000146 0.000780 0.000106 0.000963 0.000101 0.000997
29.440005 0.000358 0.000146 0.000780 0.000106 0.000963 0.000101 0.000997
29.850382 0.000358 0.000146 0.000780 0.000106 0.000963 0.000101 0.000997
30.266481 0.000358 0.000146 0.000780 0.000106 0.000963 0.000101 0.000997
30.688379 0.000358 0.000146 0.000780 0.000106 0.000963 0.000101 0.000997
31.116158 0.000358 0.000146 0.000780 0.000106 0.000963 0.000101 0.000997
31.549901 0.000358 0.000146 0.000780 0.000106 0.000963 0.000101 0.000997
31.989689 0.000358 0.000146 0.000780 0.000106 0.000963 0.000101 0.000997
32.435608 0.000358 0.000146 0.000780 0.000106 0.000963 0.000101 0.000997
32.887743 0.000358 0.000146 0.000780 0.000106 0.000963 0.000101 0.000997
33.346180 0.000358 0.000146 0.000780 0.000106 0.000963 0.000101 0.000997
33.811008 0.000358 0.000146 0.000780 0.000106 0.000963 0.000101 0.000997
34.282315 0.000358 0.000146 0.000780 0.000106 0.000963 0.000101 0.000997
34.760192 0.000358 0.000146 0.000780 0.000106 0.000963 0.000101 0.000997
35.244730 0.000358 0.000146 0.000780 0.000106 0.000963 0.000101 0.000997
35.736022 0.000358 0.000146 0.000780 0.000106 0.000963 0.000101 0.000997
36.234163 0.000358 0.000146 0.000780 0.000106 0.000963 0.000101 0.000997
36.739248 0.000358 0.000146 0.000780 0.000106 0.000963 0.000101 0.000997
37.251373 0.000358 0.000146 0.000780 0.000106 0.000963 0.000101 0.000997
37.770637 0.000358 0.000146 0.000780 0.000106 0.000963 0.000101 0.000997
38.297139 0.000358 0.000146 0.000780 0.000106 0.000963 0.000101 0.000997
38.830980 0.000358 0.000146 0.000780 0.000106 0.000963 0.000101 0.000997
39.372263 0.000358 0.000146 0.000780 0.000106 0.000963 0.000101 0.000997
39.921091 0.000358 0.000146 0.000780 0.000106 0.000963 0.000101 0.000997
40.477570 0.000358 0.000146 0.000780 0.000106 0.000963 0.000101 0.000997
41.041805 0.000358 0.000146 0.000780 0.000106 0.000963 0.000101 0.000997
41.613906 0.000358 0.000146 0.000780 0.000106 0.000963 0.000101 0.000997
42.193981 0.000358 0.000146 0.000780 0.000106 0.000963 0.000101 0.000997
42.782142 0.000358 0.000146 0.000780 0.000106 0.000963 0.000101 0.000997
43.378502 0.000358 0.000146 0.000780 0.000106 0.000963 0.000101 0.000997
43.983175 0.000358 0.000146 0.000780 0.000106 0.000963 0.000101 0.000997
44.596276 0.000358 0.000146 0.000780 0.000106 0.000963 0.000101 0.000997
45.217924 0.000358 0.000146 0.000780 0.000106 0.000963 0.000101 0.000997
45.848238 0.000358 0.000146 0.000780 0.000106 0.000963 0.000101 0.000997
46.487337 0.000358 0.000146 0.000780 0.000106 0.000963 0.000101 0.000997
47.135345 0.000358 0.000146 0.000780 0.000106 0.000963 0.000101 0.000997
47.792386 0.000358 0.000146 0.000780 0.000106 0.000963 0.000101 0.000997
48.458586 0.000358 0.000146 0.000780 0.000106 0.000963 0.000101 0.000997
49.134073 0.000358 0.000146 0.000780 0.000106 0.000963 0.000101 0.000997
49.818975 0.000358 0.000146 0.000780 0.000106 0.000963 0.000101 0.000997
50.513425 0.000358 0.000146 0.000780 0.000106 0.000963 0.000101 0.000997
51.217554 0.000358 0.000146 0.000780 0.000106 0.000963 0.000101 0.000997
51.931499 0.000358 0.000146 0.000780 0.000106 0.000963 0.000101 0.000997
52.655396 0.000358 0.000146 0.000780 0.000106 0.000963 0.000101 0.000997
53.389384 0.000358 0.000146 0.000780 0.000106 0.000963 0.000101 0.000997
54.133603 0.000358 0.000146 0.000780 0.000106 0.000963 0.000101 0.000997
54.888196 0.000358 0.000146 0.000780 0.000106 0.000963 0.000101 0.000997
55.653308 0.000358 0.000146 0.000780 0.000106 0.000963 0.000101 0.000997
56.429085 0.000358 0.000146 0.000780 0.000106 0.000963 0.000101 0.000997
57.215676 0.000358 0.000146 0.000780 0.000106 0.000963 0.000101 0.000997
58.013231 0.000358 0.000146 0.000780 0.000106 0.000963 0.000101 0.000997
58.821904 0.000358 0.000146 0.000780 0.000106 0.000963 0.000101 0.000997
59.641849 0.000358 0.000146 0.000780 0.000106 0.000963 0.000101 0.000997
60.473224 0.000358 0.000146 0.000780 0.000106 0.000963 0.000101 0.000997
61.316188 0.000358 0.000146 0.000780 0.000106 0.000963 0.000101 0.000997
62.170903 0.000358 0.000146 0.000780 0.000106 0.000963 0.000101 0.000997
63.037532 0.000358 0.000146 0.000780 0.000106 0.000963 0.000101 0.000997
63.916241 0.000358 0.000146 0.000780 0.000106 0.000963 0.000101 0.000997
64.807198 0.000358 0.000146 0.000780 0.000106 0.000963 0.000101 0.000997
65.710575 0.000358 0.000146 0.000780 0.000106 0.000963 0.000101 0.000997
66.626545 0.000358 0.000146 0.000780 0.000106 0.000963 0.000101 0.000997
67.555283 0.000358 0.000146 0.000780 0.000106 0.000963 0.000101 0.000997
68.496967 0.000358 0.000146 0.000780 0.000106 0.000963 0.000101 0.000997
69.451778 0.000358 0.000146 0.000780 0.000106 0.000963 0.000101 0.000997
70.419898 0.000358 0.000146 0.000780 0.000106 0.000963 0.000101 0.000997
71.401513 0.000358 0.000146 0.000780 0.000106 0.000963 0.000101 0.000997
72.396811 0.000358 0.000146 0.000780 0.000106 0.000963 0.000101 0.000997
73.405984 0.000358 0.000146 0.000780 0.000106 0.000963 0.000101 0.000997
74.429223 0.000358 0.000146 0.000780 0.000106 0.000963 0.000101 0.000997
75.466726 0.000358 0.000146 0.000780 0.000106 0.000963 0.000101 0.000997
76.518692 0.000358 0.000146 0.000780 0.000106 0.000963 0.000101 0.000997
77.585321 0.000358 0.000146 0.000780 0.000106 0.000963 0.000101 0.000997
78.666818 0.000358 0.000146 0.000780 0.000106 0.000963 0.000101 0.000997
79.763391 0.000358 0.000146 0.000780 0.000106 0.000963 0.000101 0.000997
80.875249 0.000358 0.000146 0.000780 0.000106 0.000963 0.000101 0.000997
82.002606 0.000358 0.000146 0.000780 0.000106 0.000963 0.000101 0.000997
83.145678 0.000358 0.000146 0.000780 0.000106 0.000963 0.000101 0.000997
84.304684 0.000358 0.000146 0.000780 0.000106 0.000963 0.000101 0.000997
85.479845 0.000358 0.000146 0.000780 0.000106 0.000963 0.000101 0.000997
86.671388 0.000358 0.000146 0.000780 0.000106 0.000963 0.000101 0.000997
87.879540 0.000358 0.000146 0.000780 0.000106 0.000963 0.000101 0.000997
89.104533 0.000358 0.000146 0.000780 0.000106 0.000963 0.000101 0.000997
90.346602 0.000358 0.000146 0.000780 0.000106 0.000963 0.000101 0.000997
91.605985 0.000358 0.000146 0.000780 0.000106 0.000963 0.000101 0.000997
92.882923 0.000358 0.000146 0.000780 0.000106 0.000963 0.000101 0.000997
94.177660 0.000358 0.000146 0.000780 0.000106 0.000963 0.000101 0.000997
95.490446 0.000358 0.000146 0.000780 0.000106 0.000963 0.000101 0.000997
96.821531 0.000358 0.000146 0.000780 0.000106 0.000963 0.000101 0.000997
98.171170 0.000358 0.000146 0.000780 0.000106 0.000963 0.000101 0.000997
99.539623 0.000358 0.000146 0.000780 0.000106 0.000963 0.000101 0.000997
100.927151 0.000358 0.000146 0.000780 0.000106 0.000963 0.000101 0.000997
102.334021 0.000358 0.000146 0.000780 0.000106 0.000963 0.000101 0.000997
103.760502 0.000358 0.000146 0.000780 0.000106 0.000963 0.000101 0.000997
105.206867 0.000358 0.000146 0.000780 0.000106 0.000963 0.000101 0.000997
106.673394 0.000358 0.000146 0.000780 0.000106 0.000963 0.000101 0.000997
108.160363 0.000358 0.000146 0.000780 0.000106 0.000963 0.000101 0.000997
109.668060 0.000358 0.000146 0.000780 0.000106 0.000963 0.000101 0.000997
111.196773 0.000358 0.000146 0.000780 0.000106 0.000963 0.000101 0.000997
112.746796 0.000358 0.000146 0.000780 0.000106 0.000963 0.000101 0.000997
114.318425 0.000358 0.000146 0.000780 0.000106 0.000963 0.000101 0.000997
115.911962 0.000358 0.000146 0.000780 0.000106 0.000963 0.000101 0.000997
117.527712 0.000358 0.000146 0.000780 0.000106 0.000963 0.000101 0.000997
119.165984 0.000358 0.000146 0.000780 0.000106 0.000963 0.000101 0.000997
120.827094 0.000358 0.000146 0.000780 0.000106 0.000963 0.000101 0.000997
122.511358 0.000358 0.000146 0.000780 0.000106 0.000963 0.000101 0.000997
124.219100 0.000358 0.000146 0.000780 0.000106 0.000963 0.000101 0.000997
125.950646 0.000358 0.000146 0.000780 0.000106 0.000963 0.000101 0.000997
127.706330 0.000358 0.000146 0.000780 0.000106 0.000963 0.000101 0.000997
129.486487 0.000358 0.000146 0.000780 0.000106 0.000963 0.000101 0.000997
131.291459 0.000358 0.000146 0.000780 0.000106 0.000963 0.000101 0.000997
133.121590 0.000358 0.000146 0.000780 0.000106 0.000963 0.000101 0.000997
134.977233 0.000358 0.000146 0.000780 0.000106 0.000963 0.000101 0.000997
136.858742 0.000358 0.000146 0.000780 0.000106 0.000963 0.000101 0.000997
138.766479 0.000358 0.000146 0.000780 0.000106 0.000963 0.000101 0.000997
140.700809 0.000358 0.000146 0.000780 0.000106 0.000963 0.000101 0.000997
142.662102 0.000358 0.000146 0.000780 0.000106 0.000963 0.000101 0.000997
144.650734 0.000358 0.000146 0.000780 0.000106 0.000963 0.000101 0.000997
146.667087 0.000358 0.000146 0.000780 0.000106 0.000963 0.000101 0.000997
148.711546 0.000358 0.000146 0.000780 0.000106 0.000963 0.000101 0.000997
150.784505 0.000358 0.000146 0.000780 0.000106 0.000963 0.000101 0.000997
152.886359 0.000358 0.000146 0.000780 0.000106 0.000963 0.000101 0.000997
155.017512 0.000358 0.000146 0.000780 0.000106 0.000963 0.000101 0.000997
157.178372 0.000358 0.000146 0.000780 0.000106 0.000963 0.000101 0.000997
159.369353 0.000358 0.000146 0.000780 0.000106 0.000963 0.000101 0.000997
161.590875 0.000358 0.000146 0.000780 0.000106 0.000963 0.000101 0.000997
163.843365 0.000358 0.000146 0.000780 0.000106 0.000963 0.000101 0.000997
166.127252 0.000358 0.000146 0.000780 0.000106 0.000963 0.000101 0.000997
168.442976 0.000358 0.000146 0.000780 0.000106 0.000963 0.000101 0.000997
170.790980 0.000358 0.000146 0.000780 0.000106 0.000963 0.000101 0.000997
173.171713 0.000358 0.000146 0.000780 0.000106 0.000963 0.000101 0.000997
175.585633 0.000358 0.000146 0.000780 0.000106 0.000963 0.000101 0.000997
178.033202 0.000358 0.000146 0.000780 0.000106 0.000963 0.000101 0.000997
180.514888 0.000358 0.000146 0.000780 0.000106 0.000963 0.000101 0.000997
183.031168 0.000358 0.000146 0.000780 0.000106 0.000963 0.000101 0.000997
185.582523 0.000358 0.000146 0.000780 0.000106 0.000963 0.000101 0.000997
188.169442 0.000358 0.000146 0.000780 0.000106 0.000963 0.000101 0.000997
190.792422 0.000358 0.000146 0.000780 0.000106 0.000963 0.000101 0.000997
193.451965 0.000358 0.000146 0.000780 0.000106 0.000963 0.000101 0.000997
196.148581 0.000358 0.000146 0.000780 0.000106 0.000963 0.000101 0.000997
198.882786 0.000358 0.000146 0.000780 0.000106 0.000963 0.000101 0.000997
201.655104 0.000358 0.000146 0.000780 0.000106 0.000963 0.000101 0.000997
204.466067 0.000358 0.000146 0.000780 0.000106 0.000963 0.000101 0.000997
207.316213 0.000358 0.000146 0.000780 0.000106 0.000963 0.000101 0.000997
210.206088 0.000358 0.000146 0.000780 0.000106 0.000963 0.000101 0.000997
213.136247 0.000358 0.000146 0.000780 0.000106 0.000963 0.000101 0.000997
216.107251 0.000358 0.000146 0.000780 0.000106 0.000963 0.000101 0.000997
219.119669 0.000358 0.000146 0.000780 0.000106 0.000963 0.000101 0.000997
222.174078 0.000358 0.000146 0.000780 0.000106 0.000963 0.000101 0.000997
225.271064 0.000358 0.000146 0.000780 0.000106 0.000963 0.000101 0.000997
228.411221 0.000358 0.000146 0.000780 0.000106 0.000963 0.000101 0.000997
231.595149 0.000358 0.000146 0.000780 0.000106 0.000963 0.000101 0.000997
234.823460 0.000358 0.000146 0.000780 0.000106 0.000963 0.000101 0.000997
238.096772 0.000358 0.000146 0.000780 0.000106 0.000963 0.000101 0.000997
241.415712 0.000358 0.000146 0.000780 0.000106 0.000963 0.000101 0.000997
244.780916 0.000358 0.000146 0.000780 0.000106 0.000963 0.000101 0.000997
248.193029 0.000358 0.000146 0.000780 0.000106 0.000963 0.000101 0.000997
251.652705 0.000358 0.000146 0.000780 0.000106 0.000963 0.000101 0.000997
255.160607 0.000358 0.000146 0.000780 0.000106 0.000963 0.000101 0.000997
258.717408 0.000358 0.000146 0.000780 0.000106 0.000963 0.000101 0.000997
262.323788 0.000358 0.000146 0.000780 0.000106 0.000963 0.000101 0.000997
265.980440 0.000358 0.000146 0.000780 0.000106 0.000963 0.000101 0.000997
269.688063 0.000358 0.000146 0.000780 0.000106 0.000963 0.000101 0.000997
273.447368 0.000358 0.000146 0.000780 0.000106 0.000963 0.000101 0.000997
277.259076 0.000358 0.000146 0.000780 0.000106 0.000963 0.000101 0.000997
281.123917 0.000358 0.000146 0.000780 0.000106 0.000963 0.000101 0.000997
285.042632 0.000358 0.000146 0.000780 0.000106 0.000963 0.000101 0.000997
289.015972 0.000358 0.000146 0.000780 0.000106 0.000963 0.000101 0.000997
293.044698 0.000358 0.000146 0.000780 0.000106 0.000963 0.000101 0.000997
297.129582 0.000358 0.000146 0.000780 0.000106 0.000963 0.000101 0.000997
301.271407 0.000358 0.000146 0.000780 0.000106 0.000963 0.000101 0.000997
305.470967 0.000358 0.000146 0.000780 0.000106 0.000963 0.000101 0.000997
309.729067 0.000358 0.000146 0.000780 0.000106 0.000963 0.000101 0.000997
314.046522 0.000358 0.000146 0.000780 0.000106 0.000963 0.000101 0.000997
318.424160 0.000358 0.000146 0.000780 0.000106 0.000963 0.000101 0.000997
322.862820 0.000358 0.000146 0.000780 0.000106 0.000963 0.000101 0.000997
327.363353 0.000358 0.000146 0.000780 0.000106 0.000963 0.000101 0.000997
331.926620 0.000358 0.000146 0.000780 0.000106 0.000963 0.000101 0.000997
336.553498 0.000358 0.000146 0.000780 0.000106 0.000963 0.000101 0.000997
341.244871 0.000358 0.000146 0.000780 0.000106 0.000963 0.000101 0.000997
346.001639 0.000358 0.000146 0.000780 0.000106 0.000963 0.000101 0.000997
350.824714 0.000358 0.000146 0.000780 0.000106 0.000963 0.000101 0.000997
355.715021 0.000358 0.000146 0.000780 0.000106 0.000963 0.000101 0.000997
360.673495 0.000358 0.000146 0.000780 0.000106 0.000963 0.000101 0.000997
365.701088 0.000358 0.000146 0.000780 0.000106 0.000963 0.000101 0.000997
370.798763 0.000358 0.000146 0.000780 0.000106 0.000963 0.000101 0.000997
375.967497 0.000358 0.000146 0.000780 0.000106 0.000963 0.000101 0.000997
381.208280 0.000358 0.000146 0.000780 0.000106 0.000963 0.000101 0.000997
386.522116 0.000358 0.000146 0.000780 0.000106 0.000963 0.000101 0.000997
391.910025 0.000358 0.000146 0.000780 0.000106 0.000963 0.000101 0.000997
397.373038 0.000358 0.000146 0.000780 0.000106 0.000963 0.000101 0.000997
402.912203 0.000358 0.000146 0.000780 0.000106 0.000963 0.000101 0.000997
408.528580 0.000358 0.000146 0.000780 0.000106 0.000963 0.000101 0.000997
414.223247 0.000358 0.000146 0.000780 0.000106 0.000963 0.000101 0.000997
419.997295 0.000358 0.000146 0.000780 0.000106 0.000963 0.000101 0.000997
425.851829 0.000358 0.000146 0.000780 0.000106 0.000963 0.000101 0.000997
431.787973 0.000358 0.000146 0.000780 0.000106 0.000963 0.000101 0.000997
437.806863 0.000358 0.000146 0.000780 0.000106 0.000963 0.000101 0.000997
443.909653 0.000358 0.000146 0.000780 0.000106 0.000963 0.000101 0.000997
450.097513 0.000358 0.000146 0.000780 0.000106 0.000963 0.000101 0.000997
456.371628 0.000358 0.000146 0.000780 0.000106 0.000963 0.000101 0.000997
462.733201 0.000358 0.000146 0.000780 0.000106 0.000963 0.000101 0.000997
469.183451 0.000358 0.000146 0.000780 0.000106 0.000963 0.000101 0.000997
475.723614 0.000358 0.000146 0.000780 0.000106 0.000963 0.000101 0.000997
482.354943 0.000358 0.000146 0.000780 0.000106 0.000963 0.000101 0.000997
489.078709 0.000358 0.000146 0.000780 0.000106 0.000963 0.000101 0.000997
495.896201 0.000358 0.000146 0.000780 0.000106 0.000963 0.000101 0.000997
502.808725 0.000358 0.000146 0.000780 0.000106 0.000963 0.000101 0.000997
509.817606 0.000358 0.000146 0.000780 0.000106 0.000963 0.000101 0.000997
516.924187 0.000358 0.000146 0.000780 0.000106 0.000963 0.000101 0.000997
524.129830 0.000358 0.000146 0.000780 0.000106 0.000963 0.000101 0.000997
531.435916 0.000358 0.000146 0.000780 0.000106 0.000963 0.000101 0.000997
538.843844 0.000358 0.000146 0.000780 0.000106 0.000963 0.000101 0.000997
546.355035 0.000358 0.000146 0.000780 0.000106 0.000963 0.000101 0.000997
553.970928 0.000358 0.000146 0.000780 0.000106 0.000963 0.000101 0.000997
561.692982 0.000358 0.000146 0.000780 0.000106 0.000963 0.000101 0.000997
569.522678 0.000358 0.000146 0.000780 0.000106 0.000963 0.000101 0.000997
577.461515 0.000358 0.000146 0.000780 0.000106 0.000963 0.000101 0.000997
585.511016 0.000358 0.000146 0.000780 0.000106 0.000963 0.000101 0.000997
593.672722 0.000358 0.000146 0.000780 0.000106 0.000963 0.000101 0.000997
601.948197 0.000358 0.000146 0.000780 0.000106 0.000963 0.000101 0.000997
610.339029 0.000358 0.000146 0.000780 0.000106 0.000963 0.000101 0.000997
618.846824 0.000358 0.000146 0.000780 0.000106 0.000963 0.000101 0.000997
627.473213 0.000358 0.000146 0.000780 0.000106 0.000963 0.000101 0.000997
636.219849 0.000358 0.000146 0.000780 0.000106 0.000963 0.000101 0.000997
645.088409 0.000358 0.000146 0.000780 0.000106 0.000963 0.000101 0.000997
654.080591 0.000358 0.000146 0.000780 0.000106 0.000963 0.000101 0.000997
663.198120 0.000358 0.000146 0.000780 0.000106 0.000963 0.000101 0.000997
672.442742 0.000358 0.000146 0.000780 0.000106 0.000963 0.000101 0.000997
681.816229 0.000358 0.000146 0.000780 0.000106 0.000963 0.000101 0.000997
691.320378 0.000358 0.000146 0.000780 0.000106 0.000963 0.000101 0.000997
700.957009 0.000358 0.000146 0.000780 0.000106 0.000963 0.000101 0.000997
710.727970 0.000358 0.000146 0.000780 0.000106 0.000963 0.000101 0.000997
720.635132 0.000358 0.000146 0.000780 0.000106 0.000963 0.000101 0.000997
730.680395 0.000358 0.000146 0.000780 0.000106 0.000963 0.000101 0.000997
740.865683 0.000358 0.000146 0.000780 0.000106 0.000963 0.000101 0.000997
751.192949 0.000358 0.000146 0.000780 0.000106 0.000963 0.000101 0.000997
761.664172 0.000358 0.000146 0.000780 0.000106 0.000963 0.000101 0.000997
772.281357 0.000358 0.000146 0.000780 0.000106 0.000963 0.000101 0.000997
783.046540 0.000358 0.000146 0.000780 0.000106 0.000963 0.000101 0.000997
793.961785 0.000358 0.000146 0.000780 0.000106 0.000963 0.000101 0.000997
805.029181 0.000358 0.000146 0.000780 0.000106 0.000963 0.000101 0.000997
816.250851 0.000358 0.000146 0.000780 0.000106 0.000963 0.000101 0.000997
827.628946 0.000358 0.000146 0.000780 0.000106 0.000963 0.000101 0.000997
839.165644 0.000358 0.000146 0.000780 0.000106 0.000963 0.000101 0.000997
850.863158 0.000358 0.000146 0.000780 0.000106 0.000963 0.000101 0.000997
862.723729 0.000358 0.000146 0.000780 0.000106 0.000963 0.000101 0.000997
874.749630 0.000358 0.000146 0.000780 0.000106 0.000963 0.000101 0.000997
886.943166 0.000358 0.000146 0.000780 0.000106 0.000963 0.000101 0.000997
899.306672 0.000358 0.000146 0.000780 0.000106 0.000963 0.000101 0.000997
911.842520 0.000358 0.000146 0.000780 0.000106 0.000963 0.000101 0.000997
924.553110 0.000358 0.000146 0.000780 0.000106 0.000963 0.000101 0.000997
937.440879 0.000358 0.000146 0.000780 0.000106 0.000963 0.000101 0.000997
950.508296 0.000358 0.000146 0.000780 0.000106 0.000963 0.000101 0.000997
963.757866 0.000358 0.000146 0.000780 0.000106 0.000963 0.000101 0.000997
977.192128 0.000358 0.000146 0.000780 0.000106 0.000963 0.000101 0.000997
990.813657 0.000358 0.000146 0.000780 0.000106 0.000963 0.000101 0.000997
1004.625062 0.000358 0.000146 0.000780 0.000106 0.000963 0.000101 0.000997
1018.628990 0.000358 0.000146 0.000780 0.000106 0.000963 0.000101 0.000997
1032.828126 0.000358 0.000146 0.000780 0.000106 0.000963 0.000101 0.000997
1047.225190 0.000358 0.000146 0.000780 0.000106 0.000963 0.000101 0.000997
1061.822941 0.000358 0.000146 0.000780 0.000106 0.000963 0.000101 0.000997
1076.624177 0.000358 0.000146 0.000780 0.000106 0.000963 0.000101 0.000997
1091.631734 0.000358 0.000146 0.000780 0.000106 0.000963 0.000101 0.000997
1106.848489 0.000358 0.000146 0.000780 0.000106 0.000963 0.000101 0.000997
1122.277356 0.000358 0.000146 0.000780 0.000106 0.000963 0.000101 0.000997
1137.921294 0.000358 0.000146 0.000780 0.000106 0.000963 0.000101 0.000997
1153.783300 0.000358 0.000146 0.000780 0.000106 0.000963 0.000101 0.000997
1169.866413 0.000358 0.000146 0.000780 0.000106 0.000963 0.000101 0.000997
1186.173716 0.000358 0.000146 0.000780 0.000106 0.000963 0.000101 0.000997
1202.708335 0.000358 0.000146 0.000780 0.000106 0.000963 0.000101 0.000997
1219.473437 0.000358 0.000146 0.000780 0.000106 0.000963 0.000101 0.000997
1236.472235 0.000358 0.000146 0.000780 0.000106 0.000963 0.000101 0.000997
1253.707987 0.000358 0.000146 0.000780 0.000106 0.000963 0.000101 0.000997
1271.183997 0.000358 0.000146 0.000780 0.000106 0.000963 0.000101 0.000997
1288.903612 0.000358 0.000146 0.000780 0.000106 0.000963 0.000101 0.000997
1306.870230 0.000358 0.000146 0.000780 0.000106 0.000963 0.000101 0.000997
1325.087292 0.000358 0.000146 0.000780 0.000106 0.000963 0.000101 0.000997
1343.558290 0.000358 0.000146 0.000780 0.000106 0.000963 0.000101 0.000997
1362.286764 0.000358 0.000146 0.000780 0.000106 0.000963 0.000101 0.000997
1381.276303 0.000358 0.000146 0.000780 0.000106 0.000963 0.000101 0.000997
1400.530545 0.000358 0.000146 0.000780 0.000106 0.000963 0.000101 0.000997
1420.053182 0.000358 0.000146 0.000780 0.000106 0.000963 0.000101 0.000997
1439.847953 0.000358 0.000146 0.000780 0.000106 0.000963 0.000101 0.000997
1459.918652 0.000358 0.000146 0.000780 0.000106 0.000963 0.000101 0.000997
1480.269127 0.000358 0.000146 0.000780 0.000106 0.000963 0.000101 0.000997
1500.903276 0.000358 0.000146 0.000780 0.000106 0.000963 0.000101 0.000997
1521.825053 0.000358 0.000146 0.000780 0.000106 0.000963 0.000101 0.000997
1543.038469 0.000358 0.000146 0.000780 0.000106 0.000963 0.000101 0.000997
1564.547589 0.000358 0.000146 0.000780 0.000106 0.000963 0.000101 0.000997
1586.356534 0.000358 0.000146 0.000780 0.000106 0.000963 0.000101 0.000997
1608.469483 0.000358 0.000146 0.000780 0.000106 0.000963 0.000101 0.000997
1630.890676 0.000358 0.000146 0.000780 0.000106 0.000963 0.000101 0.000997
1653.624407 0.000358 0.000146 0.000780 0.000106 0.000963 0.000101 0.000997
1676.675035 0.000358 0.000146 0.000780 0.000106 0.000963 0.000101 0.000997
1700.046975 0.000358 0.000146 0.000780 0.000106 0.000963 0.000101 0.000997
1723.744708 0.000358 0.000146 0.000780 0.000106 0.000963 0.000101 0.000997
1747.772774 0.000358 0.000146 0.000780 0.000106 0.000963 0.000101 0.000997
1772.135779 0.000358 0.000146 0.000780 0.000106 0.000963 0.000101 0.000997
1796.838391 0.000358 0.000146 0.000780 0.000106 0.000963 0.000101 0.000997
1821.885343 0.000358 0.000146 0.000780 0.000106 0.000963 0.000101 0.000997
1847.281437 0.000358 0.000146 0.000780 0.000106 0.000963 0.000101 0.000997
1873.031539 0.000358 0.000146 0.000780 0.000106 0.000963 0.000101 0.000997
1899.140582 0.000358 0.000146 0.000780 0.000106 0.000963 0.000101 0.000997
1925.613572 0.000358 0.000146 0.000780 0.000106 0.000963 0.000101 0.000997
1952.455581 0.000358 0.000146 0.000780 0.000106 0.000963 0.000101 0.000997
1979.671753 0.000358 0.000146 0.000780 0.000106 0.000963 0.000101 0.000997
2007.267304 0.000358 0.000146 0.000780 0.000106 0.000963 0.000101 0.000997
2035.247521 0.000358 0.000146 0.000780 0.000106 0.000963 0.000101 0.000997
2063.617768 0.000358 0.000146 0.000780 0.000106 0.000963 0.000101 0.000997
2092.383480 0.000358 0.000146 0.000780 0.000106 0.000963 0.000101 0.000997
2121.550171 0.000358 0.000146 0.000780 0.000106 0.000963 0.000101 0.000997
2151.123430 0.000358 0.000146 0.000780 0.000106 0.000963 0.000101 0.000997
2181.108924 0.000358 0.000146 0.000780 0.000106 0.000963 0.000101 0.000997
2211.512400 0.000358 0.000146 0.000780 0.000106 0.000963 0.000101 0.000997
2242.339683 0.000358 0.000146 0.000780 0.000106 0.000963 0.000101 0.000997
2273.596682 0.000358 0.000146 0.000780 0.000106 0.000963 0.000101 0.000997
2305.289387 0.000358 0.000146 0.000780 0.000106 0.000963 0.000101 0.000997
2337.423871 0.000358 0.000146 0.000780 0.000106 0.000963 0.000101 0.000997
2370.006292 0.000358 0.000146 0.000780 0.000106 0.000963 0.000101 0.000997
2403.042894 0.000358 0.000146 0.000780 0.000106 0.000963 0.000101 0.000997
2436.540009 0.000358 0.000146 0.000780 0.000106 0.000963 0.000101 0.000997
2470.504055 0.000358 0.000146 0.000780 0.000106 0.000963 0.000101 0.000997
2504.941542 0.000358 0.000146 0.000780 0.000106 0.000963 0.000101 0.000997
2539.859069 0.000358 0.000146 0.000780 0.000106 0.000963 0.000101 0.000997
2575.263327 0.000358 0.000146 0.000780 0.000106 0.000963 0.000101 0.000997
2611.161101 0.000358 0.000146 0.000780 0.000106 0.000963 0.000101 0.000997
2647.559271 0.000358 0.000146 0.000780 0.000106 0.000963 0.000101 0.000997
2684.464811 0.000358 0.000146 0.000780 0.000106 0.000963 0.000101 0.000997
2721.884795 0.000358 0.000146 0.000780 0.000106 0.000963 0.000101 0.000997
2759.826392 0.000358 0.000146 0.000780 0.000106 0.000963 0.000101 0.000997
2798.296876 0.000358 0.000146 0.000780 0.000106 0.000963 0.000101 0.000997
2837.303617 0.000358 0.000146 0.000780 0.000106 0.000963 0.000101 0.000997
2876.854090 0.000358 0.000146 0.000780 0.000106 0.000963 0.000101 0.000997
2916.955876 0.000358 0.000146 0.000780 0.000106 0.000963 0.000101 0.000997
2957.616659 0.000358 0.000146 0.000780 0.000106 0.000963 0.000101 0.000997
2998.844231 0.000358 0.000146 0.000780 0.000106 0.000963 0.000101 0.000997
3040.646493 0.000358 0.000146 0.000780 0.000106 0.000963 0.000101 0.000997
3083.031457 0.000358 0.000146 0.000780 0.000106 0.000963 0.000101 0.000997
3126.007243 0.000358 0.000146 0.000780 0.000106 0.000963 0.000101 0.000997
3169.582089 0.000358 0.000146 0.000780 0.000106 0.000963 0.000101 0.000997
3213.764344 0.000358 0.000146 0.000780 0.000106 0.000963 0.000101 0.000997
3258.562476 0.000358 0.000146 0.000780 0.000106 0.000963 0.000101 0.000997
3303.985070 0.000358 0.000146 0.000780 0.000106 0.000963 0.000101 0.000997
3350.040830 0.000358 0.000146 0.000780 0.000106 0.000963 0.000101 0.000997
3396.738582 0.000358 0.000146 0.000780 0.000106 0.000963 0.000101 0.000997
3444.087276 0.000358 0.000146 0.000780 0.000106 0.000963 0.000101 0.000997
3492.095985 0.000358 0.000146 0.000780 0.000106 0.000963 0.000101 0.000997
3540.773909 0.000358 0.000146 0.000780 0.000106 0.000963 0.000101 0.000997
3590.130377 0.000358 0.000146 0.000780 0.000106 0.000963 0.000101 0.000997
3640.174847 0.000358 0.000146 0.000780 0.000106 0.000963 0.000101 0.000997
3690.916911 0.000358 0.000146 0.000780 0.000106 0.000963 0.000101 0.000997
3742.366291 0.000358 0.000146 0.000780 0.000106 0.000963 0.000101 0.000997
3794.532847 0.000358 0.000146 0.000780 0.000106 0.000963 0.000101 0.000997
3847.426577 0.000358 0.000146 0.000780 0.000106 0.000963 0.000101 0.000997
3901.057617 0.000358 0.000146 0.000780 0.000106 0.000963 0.000101 0.000997
3955.436245 0.000358 0.000146 0.000780 0.000106 0.000963 0.000101 0.000997
4010.572881 0.000358 0.000146 0.000780 0.000106 0.000963 0.000101 0.000997
4066.478092 0.000358 0.000146 0.000780 0.000106 0.000963 0.000101 0.000997
4123.162591 0.000358 0.000146 0.000780 0.000106 0.000963 0.000101 0.000997
4180.637241 0.000358 0.000146 0.000780 0.000106 0.000963 0.000101 0.000997
4238.913057 0.000358 0.000146 0.000780 0.000106 0.000963 0.000101 0.000997
4298.001206 0.000358 0.000146 0.000780 0.000106 0.000963 0.000101 0.000997
4357.913012 0.000358 0.000146 0.000780 0.000106 0.000963 0.000101 0.000997
4418.659956 0.000358 0.000146 0.000780 0.000106 0.000963 0.000101 0.000997
4480.253680 0.000358 0.000146 0.000780 0.000106 0.000963 0.000101 0.000997
4542.705986 0.000358 0.000146 0.000780 0.000106 0.000963 0.000101 0.000997
4606.028844 0.000358 0.000146 0.000780 0.000106 0.000963 0.000101 0.000997
4670.234388 0.000358 0.000146 0.000780 0.000106 0.000963 0.000101 0.000997
4735.334923 0.000358 0.000146 0.000780 0.000106 0.000963 0.000101 0.000997
4801.342924 0.000358 0.000146 0.000780 0.000106 0.000963 0.000101 0.000997
4868.271040 0.000358 0.000146 0.000780 0.000106 0.000963 0.000101 0.000997
4936.132098 0.000358 0.000146 0.000780 0.000106 0.000963 0.000101 0.000997
5004.939103 0.000358 0.000146 0.000780 0.000106 0.000963 0.000101 0.000997
5074.705239 0.000358 0.000146 0.000780 0.000106 0.000963 0.000101 0.000997
5145.443878 0.000358 0.000146 0.000780 0.000106 0.000963 0.000101 0.000997
5217.168576 0.000358 0.000146 0.000780 0.000106 0.000963 0.000101 0.000997
5289.893076 0.000358 0.000146 0.000780 0.000106 0.000963 0.000101 0.000997
5363.631317 0.000358 0.000146 0.000780 0.000106 0.000963 0.000101 0.000997
5438.397428 0.000358 0.000146 0.000780 0.000106 0.000963 0.000101 0.000997
5514.205739 0.000358 0.000146 0.000780 0.000106 0.000963 0.000101 0.000997
5591.070777 0.000358 0.000146 0.000780 0.000106 0.000963 0.000101 0.000997
5669.007271 0.000358 0.000146 0.000780 0.000106 0.000963 0.000101 0.000997
5748.030158 0.000358 0.000146 0.000780 0.000106 0.000963 0.000101 0.000997
5828.154581 0.000358 0.000146 0.000780 0.000106 0.000963 0.000101 0.000997
5909.395895 0.000358 0.000146 0.000780 0.000106 0.000963 0.000101 0.000997
5991.769669 0.000358 0.000146 0.000780 0.000106 0.000963 0.000101 0.000997
6075.291689 0.000358 0.000146 0.000780 0.000106 0.000963 0.000101 0.000997
6159.977960 0.000358 0.000146 0.000780 0.000106 0.000963 0.000101 0.000997
6245.844712 0.000358 0.000146 0.000780 0.000106 0.000963 0.000101 0.000997
6332.908400 0.000358 0.000146 0.000780 0.000106 0.000963 0.000101 0.000997
6421.185709 0.000358 0.000146 0.000780 0.000106 0.000963 0.000101 0.000997
6510.693555 0.000358 0.000146 0.000780 0.000106 0.000963 0.000101 0.000997
6601.449093 0.000358 0.000146 0.000780 0.000106 0.000963 0.000101 0.000997
6693.469713 0.000358 0.000146 0.000780 0.000106 0.000963 0.000101 0.000997
6786.773051 0.000358 0.000146 0.000780 0.000106 0.000963 0.000101 0.000997
6881.376986 0.000358 0.000146 0.000780 0.000106 0.000963 0.000101 0.000997
6977.299650 0.000358 0.000146 0.000780 0.000106 0.000963 0.000101 0.000997
7074.559423 0.000358 0.000146 0.000780 0.000106 0.000963 0.000101 0.000997
7173.174944 0.000358 0.000146 0.000780 0.000106 0.000963 0.000101 0.000997
7273.165113 0.000358 0.000146 0.000780 0.000106 0.000963 0.000101 0.000997
7374.549090 0.000358 0.000146 0.000780 0.000106 0.000963 0.000101 0.000997
7477.346305 0.000358 0.000146 0.000780 0.000106 0.000963 0.000101 0.000997
7581.576458 0.000358 0.000146 0.000780 0.000106 0.000963 0.000101 0.000997
7687.259522 0.000358 0.000146 0.000780 0.000106 0.000963 0.000101 0.000997
7794.415750 0.000358 0.000146 0.000780 0.000106 0.000963 0.000101 0.000997
7903.065679 0.000358 0.000146 0.000780 0.000106 0.000963 0.000101 0.000997
8013.230128 0.000358 0.000146 0.000780 0.000106 0.000963 0.000101 0.000997
8124.930211 0.000358 0.000146 0.000780 0.000106 0.000963 0.000101 0.000997
8238.187331 0.000358 0.000146 0.000780 0.000106 0.000963 0.000101 0.000997
8353.023195 0.000358 0.000146 0.000780 0.000106 0.000963 0.000101 0.000997
8469.459808 0.000358 0.000146 0.000780 0.000106 0.000963 0.000101 0.000997
8587.519485 0.000358 0.000146 0.000780 0.000106 0.000963 0.000101 0.000997
8707.224849 0.000358 0.000146 0.000780 0.000106 0.000963 0.000101 0.000997
8828.598841 0.000358 0.000146 0.000780 0.000106 0.000963 0.000101 0.000997
8951.664721 0.000358 0.000146 0.000780 0.000106 0.000963 0.000101 0.000997
9076.446073 0.000358 0.000146 0.000780 0.000106 0.000963 0.000101 0.000997
9202.966809 0.000358 0.000146 0.000780 0.000106 0.000963 0.000101 0.000997
9331.251175 0.000358 0.000146 0.000780 0.000106 0.000963 0.000101 0.000997
9461.323756 0.000358 0.000146 0.000780 0.000106 0.000963 0.000101 0.000997
9593.209478 0.000358 0.000146 0.000780 0.000106 0.000963 0.000101 0.000997
9726.933615 0.000358 0.000146 0.000780 0.000106 0.000963 0.000101 0.000997
9862.521795 0.000358 0.000146 0.000780 0.000106 0.000963 0.000101 0.000997
10000.000000 0.000358 0.000146 0.000780 0.000106 0.000963 0.000101 0.000997
